4.870530155948118001e+00
4.862340382984309706e+00
4.771986274079170087e+00
4.749548820677602201e+00
4.776943478836651380e+00
4.780364421254931884e+00
4.756325262216620331e+00
4.760756347472531402e+00
4.720440975163231911e+00
4.727437466535120869e+00
4.719378031054516143e+00
4.752537532729226299e+00
4.717006041971962382e+00
4.680029700760456102e+00
4.701219203568367533e+00
4.718917778474212454e+00
4.781466093155947839e+00
4.733819599435534542e+00
4.906758298510331073e+00
4.871070621536912171e+00
4.806050041354126279e+00
4.928376710439249742e+00
4.878368579761065860e+00
4.896412564316858784e+00
4.891635513813350933e+00
4.708805899588557331e+00
4.656820696569710094e+00
4.668660193246023660e+00
4.739483621661752188e+00
4.834964115688967112e+00
4.815678872184066428e+00
4.767128695556686502e+00
4.831402901849524589e+00
4.832266238526185198e+00
4.837648809080708823e+00
4.771173650161980362e+00
4.750810246684243232e+00
4.720589475902347232e+00
4.729929069235605077e+00
4.749013476502251585e+00
4.752731214785872460e+00
4.806025176796309140e+00
4.830473682776876387e+00
4.859377840835182205e+00
4.845454880607185544e+00
4.481719536070949417e+00
4.879813521027211998e+00
4.828263663057352773e+00
4.421769555279876585e+00
4.391104075286761166e+00
4.367487721791556865e+00
4.338750396139422705e+00
4.307870123390444839e+00
4.752296076634956457e+00
4.252865622142321556e+00
4.190986280101618000e+00
4.218562432867386747e+00
4.250196348405564706e+00
4.256752165677490041e+00
4.307315289133128111e+00
4.786749001148900895e+00
4.700713669220877300e+00
4.678544538635921235e+00
4.655300849569230515e+00
4.625277829493056103e+00
4.592449237607313606e+00
4.497488299039809512e+00
4.464069667915141260e+00
4.512789159710433040e+00
4.476925060797868561e+00
4.470604768932274986e+00
4.449461203336871229e+00
4.496723362627503384e+00
4.537123427900104922e+00
4.519598876006585719e+00
4.463627336595204831e+00
4.408349010684158742e+00
4.349944942180303364e+00
4.348183988747486239e+00
4.350151031860847617e+00
4.313908436673175473e+00
4.259794126480761278e+00
4.212874553081304541e+00
4.125694365800743668e+00
4.126877027487007688e+00
4.123120298996865607e+00
4.100601663170905908e+00
4.082717967237021739e+00
4.019751360469948409e+00
4.012720897346337523e+00
3.989708009366099262e+00
3.962641290856390164e+00
3.938533229515779777e+00
3.959663874623703617e+00
3.942368450563696225e+00
3.919820021378532804e+00
3.851901608296867785e+00
3.859213132233045851e+00
3.744818954235304531e+00
3.745361531281059086e+00
3.714028136673173108e+00
3.703669261691707515e+00
3.688565303746160318e+00
3.710205654677379616e+00
3.711311493259491279e+00
3.738571251159994002e+00
3.717079767774697174e+00
3.685558031017827307e+00
3.682621077439274249e+00
3.714769171832887906e+00
3.710865801938949105e+00
3.688996611546288218e+00
3.709153407450277662e+00
3.780584346367635185e+00
3.811069928510889770e+00
3.822763529176242514e+00
3.833621134123715191e+00
3.818458458592944194e+00
3.844509461556831376e+00
3.843002602132868262e+00
3.846666868861924549e+00
3.793417720209573574e+00
3.795771989990969431e+00
3.836832547818577854e+00
3.855128661925565581e+00
3.858303901975581596e+00
3.901437811884228779e+00
3.890301273680484950e+00
3.872776394268071076e+00
3.872630759574168025e+00
3.882453992000420406e+00
3.931136731277608654e+00
3.952924107543680066e+00
3.987752499842486476e+00
4.006031827132679801e+00
3.995637370933453614e+00
3.917183171617073967e+00
3.901758706019632594e+00
3.959593160919440358e+00
4.007645817683992640e+00
4.030748565713321518e+00
4.037534024624436668e+00
4.063165637775551176e+00
4.056360560896923317e+00
4.029188752093900483e+00
4.000934015951775002e+00
3.980332398179830200e+00
3.950888634218888917e+00
3.930122771619227962e+00
2.769491108489066988e+00
2.728182361939905487e+00
3.952950923044706855e+00
3.948170462378745693e+00
3.928715057114730680e+00
3.954054501394739241e+00
2.677466899888773622e+00
3.977838232004916819e+00
2.692936315622781240e+00
4.000630075375627648e+00
3.982718920536572504e+00
4.045547799742329254e+00
4.067853242190529350e+00
4.087080131340711020e+00
2.667223462704241044e+00
4.051336199329796273e+00
4.072004911588393838e+00
2.731301887378983828e+00
4.069105307066898547e+00
3.992070264912680688e+00
3.973613594701931095e+00
3.915992977521793428e+00
3.946024074939229465e+00
3.931502638940993943e+00
3.898593849069174055e+00
2.726092074747292759e+00
2.679481666292941711e+00
2.672228283661408632e+00
2.743876272720765730e+00
2.734731065388331661e+00
2.752165329336157207e+00
2.761693864279674671e+00
2.782722587682789239e+00
2.793354614079637699e+00
2.717110413656389944e+00
3.776975641965406805e+00
3.799489176191978679e+00
3.828840424985089363e+00
3.820345664988967993e+00
2.694528901310951241e+00
3.843025630931960812e+00
3.856376926598332311e+00
2.782899746667134355e+00
3.791274983432354251e+00
2.787626409689792251e+00
3.650361488948731470e+00
3.623589656680237248e+00
3.672948134673289733e+00
2.714706982346345221e+00
2.718191494357967031e+00
3.738346425894743419e+00
2.740538998080487065e+00
2.701983345618547361e+00
2.734434859344796909e+00
2.763683230762888687e+00
2.773979992718043963e+00
2.771130816110997319e+00
2.806660292946048685e+00
2.790455339187495554e+00
2.765881233892735214e+00
2.763931981796947657e+00
2.773589190922116643e+00
2.755712793452902876e+00
2.687986979135129406e+00
2.706588443040426561e+00
2.726659861442200405e+00
2.747677928724544305e+00
2.751087421366322339e+00
2.691871839445555636e+00
2.730928230474026552e+00
2.764544808824772826e+00
2.730928596649865092e+00
2.745172125750951597e+00
2.789783862595810682e+00
2.736273012694456774e+00
2.757043887935046733e+00
2.790841091857434897e+00
2.793783098237943019e+00
2.767965678977974964e+00
2.755857398342664411e+00
2.730189920133762271e+00
2.724787881652441346e+00
2.725509310202406610e+00
2.747284113447315157e+00
2.729138325552590505e+00
2.714471771818598000e+00
2.732332520027531686e+00
2.778302179389420257e+00
2.777722268334255062e+00
2.777169242232096824e+00
2.727786465249800507e+00
2.752018531914347310e+00
2.712317274951439039e+00
2.713896276573590782e+00
2.729899265540763231e+00
2.744230857635705512e+00
2.766959703356736355e+00
2.717094219934229837e+00
2.691171120534701089e+00
2.720589090619897288e+00
2.725909389543240025e+00
2.751928414766634301e+00
2.757446644996055074e+00
2.706555375380300887e+00
2.704472776716379201e+00
2.785867907852057179e+00
2.726146547784986662e+00
2.775889587141390447e+00
2.806951549279039337e+00
2.791193293199164760e+00
2.756220056526691664e+00
2.693163567256916302e+00
2.759318212892452937e+00
2.796343326560599696e+00
2.812516488840554274e+00
2.795007871187485282e+00
2.783374390914740371e+00
2.744736963718017009e+00
2.748496316169989129e+00
2.768087606995125238e+00
2.796756871807057898e+00
2.799558000827987669e+00
2.759984601406319626e+00
2.706900441464369145e+00
2.738143349059723786e+00
2.712075773277730306e+00
2.704342249050589508e+00
2.716873570853086672e+00
2.720904445216700385e+00
2.712490552978940705e+00
2.710333743286977626e+00
2.697430629321169615e+00
2.715907399010503820e+00
2.693426442284994060e+00
2.775848338796627957e+00
2.780303220873579395e+00
2.734517507715026330e+00
2.730967777180829614e+00
2.692312203292924089e+00
2.766696586183602591e+00
2.733493186382581985e+00
2.718280522683411693e+00
2.759889309374562671e+00
2.708259957980399868e+00
2.685481148695704867e+00
2.744980327798361319e+00
2.766656827291740672e+00
2.739637384764633143e+00
2.708248696113412457e+00
2.719166968025317654e+00
2.773771079234910619e+00
2.815015097650454656e+00
2.731909405525739576e+00
2.697857853927815519e+00
2.737867966137154330e+00
2.746066277423034219e+00
2.746855292875836962e+00
2.724540511719361735e+00
2.747698855406101259e+00
2.714652095573206303e+00
2.705334360111518066e+00
2.726511690787333020e+00
2.723815338821631293e+00
2.695673199777747886e+00
2.691279621295416646e+00
2.760558276870821892e+00
2.784573575971732495e+00
2.779044620008826350e+00
2.736117687527347631e+00
2.719178000793621930e+00
2.682548415220124216e+00
2.737833267384995217e+00
2.750986186806469558e+00
2.737962381041784798e+00
2.722750080341564960e+00
2.742999270871211870e+00
2.766195582383863538e+00
2.756259421752604410e+00
2.725107520814545659e+00
2.744038447252516111e+00
2.793916605770473183e+00
2.747387304331153413e+00
2.747183466752812553e+00
2.727698480404313397e+00
2.727145944022798307e+00
2.712153941058656148e+00
2.734137889719536307e+00
2.749805265832473644e+00
2.753886344786218299e+00
2.733841619406654377e+00
2.760584901791647283e+00
2.729144554617801699e+00
2.757727143863221375e+00
2.751492140639329342e+00
2.728932575202252853e+00
2.765428538219710131e+00
2.742372877637174522e+00
2.714599233772823528e+00
2.723150748673308641e+00
2.778023038061419481e+00
2.699491989245383916e+00
2.713513220900166889e+00
2.778023398029613400e+00
2.762392260342473094e+00
2.735632285231331728e+00
2.665998124530472690e+00
2.732277072333623824e+00
2.751166298136119792e+00
2.743737232316535213e+00
2.745953204262592262e+00
2.801204919315972042e+00
2.730001648351150667e+00
2.726677281967926803e+00
2.714336198778625864e+00
2.699085771145481871e+00
2.700230545712717589e+00
2.708016986652779678e+00
2.744221200996741938e+00
2.810559374928770726e+00
2.774719625475698059e+00
2.725903886786912977e+00
2.740132296076231100e+00
2.758662900754639491e+00
2.694231615878635022e+00
2.725732745520000666e+00
2.777416245361865599e+00
2.755914367319856062e+00
2.685774562393500986e+00
2.722568823739815347e+00
2.689334676086262199e+00
2.764105822865687401e+00
2.770401775916265574e+00
2.761111732617859804e+00
2.780222473112538228e+00
2.743859690290303632e+00
2.771391527734758942e+00
2.756472746101437554e+00
2.802139539708898841e+00
2.806638024398586673e+00
2.713263348810800668e+00
2.704342064162741810e+00
2.782974308181805689e+00
2.804173496772266017e+00
2.740280460098929449e+00
2.721480479444965184e+00
2.757382998424411813e+00
2.746198463330718820e+00
2.763995296667488777e+00
2.760703714635092787e+00
2.689694592328281342e+00
2.735796776078222692e+00
2.726977447651520503e+00
2.729899998168431541e+00
2.753185972650594948e+00
2.768034862497219084e+00
2.705989837379290552e+00
2.685730068342683907e+00
2.740102552825350202e+00
2.728619797626631538e+00
2.701594159010564766e+00
2.739093463173536858e+00
2.798372026732685924e+00
2.794030243214987497e+00
2.760959434689325587e+00
2.840948609179687168e+00
2.867315643594196661e+00
2.880357443096255743e+00
2.789111148735381462e+00
2.745843950409418088e+00
2.744023870158567302e+00
2.811107610889344688e+00
2.836463467065987398e+00
2.882599347810930634e+00
2.880528076585957997e+00
2.900800751516725118e+00
2.866037334020616001e+00
2.817548757342097865e+00
2.804158519057009080e+00
2.742913779177173161e+00
2.761732427299936621e+00
2.814868558210134264e+00
2.892702196908627066e+00
2.932978008782200163e+00
2.875134431639675192e+00
2.783848774628391975e+00
2.755678137954431062e+00
2.716554803422894793e+00
2.774523742915169233e+00
2.757456980625446086e+00
2.770151439903601798e+00
2.757254068815566672e+00
2.753359765813396809e+00
2.759055816760509039e+00
2.738127462336258588e+00
2.816852321297657280e+00
2.789123338972301802e+00
2.759708136741999773e+00
2.687340692952793209e+00
2.787748374584765099e+00
2.846607454497370959e+00
2.873394160222367155e+00
2.867567784726283264e+00
2.846445502727919852e+00
2.862511834036673086e+00
2.852784779824794281e+00
2.815196440747963269e+00
2.780442231012901111e+00
2.762652710711210879e+00
2.738267700572754038e+00
2.785871138441259554e+00
2.754871684852127967e+00
2.752249443636967996e+00
2.788697366155029389e+00
2.823183663880194594e+00
2.799373679950570626e+00
2.733292520020496941e+00
2.740002007298534714e+00
2.817468367169363663e+00
2.832308775539842394e+00
2.843227215682911257e+00
2.814521273680481439e+00
2.841193763191803168e+00
2.922038671886462602e+00
2.897178109816516134e+00
2.859814504474022634e+00
2.874820690060511996e+00
2.743649758988927267e+00
2.678407362594420693e+00
2.797403617642616691e+00
2.804405284547866195e+00
2.758456271177775587e+00
2.708306851152579409e+00
2.749057474844787574e+00
2.786134777788037642e+00
2.763912625247042953e+00
2.823726969804269071e+00
2.860871195982091386e+00
2.904045626363332744e+00
2.881476878269197961e+00
2.876518903118837844e+00
2.875567943902560319e+00
2.891761746755773466e+00
2.881128424766934870e+00
2.874057062759889369e+00
2.805410665125517955e+00
2.765535933594065465e+00
2.749979272649158979e+00
2.733382519882645134e+00
2.734767266148986131e+00
2.781454475629612233e+00
2.815486281266524227e+00
2.837676161932506602e+00
2.798421876701224331e+00
2.851096280380583714e+00
2.822171327187631640e+00
2.815147065430152473e+00
2.880544913727262291e+00
2.903037547121979589e+00
2.835067018608202538e+00
2.771830442144684881e+00
2.730407295624592390e+00
2.736877600478326400e+00
2.797138001600921964e+00
2.770818290685983953e+00
2.735044058146047785e+00
2.746756632830801514e+00
2.751874452078074018e+00
2.777291126259542775e+00
2.880882677236267675e+00
2.947455003897430537e+00
2.902847395231103356e+00
2.872061628865230976e+00
2.885705806211021240e+00
2.900333256713786945e+00
2.874089421016680745e+00
2.796529456308300521e+00
2.759649434257909650e+00
2.725717703651645341e+00
2.740617813559562688e+00
2.772282453142175918e+00
2.772347200478324059e+00
2.735087018725363972e+00
2.868101462640399557e+00
2.904058195009184384e+00
2.940350149216925946e+00
2.991527703364954771e+00
2.991500626775799532e+00
2.954080059849427897e+00
2.909146610262192123e+00
2.960330049166815414e+00
3.016908682741325620e+00
2.989036968657296178e+00
2.954548019579305684e+00
2.995034557396625274e+00
2.987802704329721948e+00
3.015101324997221166e+00
2.938698521454693235e+00
2.968969181382656419e+00
2.973560828367229014e+00
2.979158606049701952e+00
3.001899398714087397e+00
2.985640634771706825e+00
2.949691000766012206e+00
2.859398188430565479e+00
2.744740607051967096e+00
2.742432132250495869e+00
2.759708136741999773e+00
2.786302747369711508e+00
2.811709977931578841e+00
2.830386192730596218e+00
2.819999290780052625e+00
2.795921851554510340e+00
2.779688471753624324e+00
2.776848213352685057e+00
2.802302267779120282e+00
2.874076895283074862e+00
2.931379538715517263e+00
2.920912357466412868e+00
2.862389735867566731e+00
2.834695750869923092e+00
2.772433768370310414e+00
2.735094879524291756e+00
2.797261875477517368e+00
2.858990381236005351e+00
2.898833041070147942e+00
2.901833385982041769e+00
2.848694262289303669e+00
2.856965873089841512e+00
2.911832584473220908e+00
2.879384309188337543e+00
2.835821926708375074e+00
2.830962027297434513e+00
2.879634351788435076e+00
2.923813605550121597e+00
2.885374152514713408e+00
2.863057107359194386e+00
2.873048207044218927e+00
2.755909650188118842e+00
2.774830445270485058e+00
2.798480659214924948e+00
2.782011861944517328e+00
2.812556666095813895e+00
2.839537638419325383e+00
2.779017632185877495e+00
2.796046494606267974e+00
2.736572673984742021e+00
2.750705000540770495e+00
2.779185132372437028e+00
2.724637957600972715e+00
2.726632721875096976e+00
2.734309053490479702e+00
2.768847774797307260e+00
2.778466123601293969e+00
2.779652316387788868e+00
2.790563025627624150e+00
2.765806392356485954e+00
2.705468166510188510e+00
2.732341486710619716e+00
2.765033453685506348e+00
2.829260504089363693e+00
2.834016584284573259e+00
2.829353459714781138e+00
2.847675192152363088e+00
2.881556697342601669e+00
2.946145617582403009e+00
2.852837359542250706e+00
2.802522792057184908e+00
2.778935947444633570e+00
2.780112407799367968e+00
2.743350688482972366e+00
2.788267203838254549e+00
2.733664390520533782e+00
2.792537376652280301e+00
2.796675705190002414e+00
2.717127343353638036e+00
2.745126955169833405e+00
2.839071855378091591e+00
2.846636436217312216e+00
2.880239573368854167e+00
2.912384761668691535e+00
2.900814713145257073e+00
2.828057460519499688e+00
2.816637001816173491e+00
2.813337697468969001e+00
2.762526560958283195e+00
2.750039999709094740e+00
2.751910063937409667e+00
2.845394348767846804e+00
2.844811944575598606e+00
2.857573446125226013e+00
2.863612753149419987e+00
2.811069191606638373e+00
2.762734333952506560e+00
2.746087034309000252e+00
2.777240536935898785e+00
2.789957168130005272e+00
2.759975905691931963e+00
2.791033679481492946e+00
2.756183774714596080e+00
2.765052259903960863e+00
2.723805242670628068e+00
2.751213005203341666e+00
2.739309036965343669e+00
2.776507518448311007e+00
2.778333313337332466e+00
2.794302417420133189e+00
2.746745528803132608e+00
2.792917112984200312e+00
2.781523862921186474e+00
2.844157520250944149e+00
2.836461528031008150e+00
2.850759372518136381e+00
2.824224849405585047e+00
2.836250517849224995e+00
2.861266502792076505e+00
2.877739738058326058e+00
2.929879349051765391e+00
2.925567466321705279e+00
2.841432033324041928e+00
2.798266248947730350e+00
2.860019930000488486e+00
2.834071452874820984e+00
2.784271897642182303e+00
2.835818400391675542e+00
2.904759026150018020e+00
2.916651161863550890e+00
2.914836187506940846e+00
2.853324727401352234e+00
2.838172827718565383e+00
2.852594958980331885e+00
2.912215136283718753e+00
2.895190839996562460e+00
2.872704300828750501e+00
2.871806051947102034e+00
2.831243719639832790e+00
2.819105177179453747e+00
2.821029067556731107e+00
2.938382548273795081e+00
2.954244742738826979e+00
2.904675369124749107e+00
2.903912188755024992e+00
2.928597787337824609e+00
2.925758363228241787e+00
2.882750249327888259e+00
2.924177320204778940e+00
2.920487972925073006e+00
2.850600813863632066e+00
2.854000000000000092e+00
2.831058812529333668e+00
2.814860209672942037e+00
2.811833209847269810e+00
2.772006132749349039e+00
2.802046573488741643e+00
2.827284562968503501e+00
2.863411077718321707e+00
2.823573622202899092e+00
2.773729799385657557e+00
2.736126641805894266e+00
2.719020779619015560e+00
2.833709229966970167e+00
2.883933771777708266e+00
2.913904253746166351e+00
2.833625416317407275e+00
2.851718779964111494e+00
2.779338590384410335e+00
2.767786841503514506e+00
2.696715965762801925e+00
2.747564921889927181e+00
2.768084897541981171e+00
2.767575292562064693e+00
2.796638339149343455e+00
2.687539767147641534e+00
2.705235849237548340e+00
2.738323026963765727e+00
2.705469090564518009e+00
2.734315636498464208e+00
2.778569775981881484e+00
2.794395462349593906e+00
2.811266440592210980e+00
2.773519424846345061e+00
2.792674345497519806e+00
2.842702587327770036e+00
2.852583741102090453e+00
2.838590143011139766e+00
2.862555850983522721e+00
2.769333132723472257e+00
2.776830027207282559e+00
2.814239861845468482e+00
2.787978658454903336e+00
2.769314897226387906e+00
2.745678240435320827e+00
2.777007922206921275e+00
2.822115518542783086e+00
2.894478536800713986e+00
2.872486379428107917e+00
2.908491877244975043e+00
2.903529576222704911e+00
2.879414871115310692e+00
2.841965165163007345e+00
2.834840559890449807e+00
2.745742340424534689e+00
2.756812289583749909e+00
2.810368303265605494e+00
2.746991627216945009e+00
2.743329546372436312e+00
2.790086916208883494e+00
2.783641679527018464e+00
2.810196078568184319e+00
2.715447292804630930e+00
2.714805886246749900e+00
2.764285441122171783e+00
2.787345870178296270e+00
2.777553239813775665e+00
2.807849711077855748e+00
2.820435959209143473e+00
2.801864557754353502e+00
2.798504064674553593e+00
2.793525550267975888e+00
2.752580789005111050e+00
2.764227740255856602e+00
2.754406106586317904e+00
2.731440279413042571e+00
2.770113535579362907e+00
2.814669785250127898e+00
2.791774704377127936e+00
2.788150820884695236e+00
2.753351957160580898e+00
2.710793426286850050e+00
2.765021880564419998e+00
2.849595234414880718e+00
2.856970773389185592e+00
2.836692616410878998e+00
2.836346593771643221e+00
2.819592346421730511e+00
2.777118110559937847e+00
2.750563760395312585e+00
2.801107816561155150e+00
2.797371802245815164e+00
2.752748989646531808e+00
2.781637467392183094e+00
2.783150193575618214e+00
2.812099038085252189e+00
2.770947491382685257e+00
2.705531555905419161e+00
2.746226866083718576e+00
2.756246723354061068e+00
2.738105184246945711e+00
2.756048076503746280e+00
2.761710701720945682e+00
2.723653612337662899e+00
2.754648797941400051e+00
2.795172624365085401e+00
2.794126339305365025e+00
2.813265362528035496e+00
2.846342741132908305e+00
2.911180688311874487e+00
2.905748956809586669e+00
2.858685537095676743e+00
2.898869607277981153e+00
2.939882480644421925e+00
2.909041079118684259e+00
2.916173348756894601e+00
2.889371731016969758e+00
2.926271347636784093e+00
2.923535359799843469e+00
2.954766319017461562e+00
2.938562573776505538e+00
2.946288173278370781e+00
2.952934811336004106e+00
2.951165363038811495e+00
2.976391607299012421e+00
3.030376874251782038e+00
2.981651052688761627e+00
2.979138466066993729e+00
3.004563362620265465e+00
3.046722008979487306e+00
2.977091869593546658e+00
2.939298215560986804e+00
2.955351417344474818e+00
2.940237745489299392e+00
2.880473745757805126e+00
2.778555559998755697e+00
2.765814346625601328e+00
2.817725501179985326e+00
2.826753968777615977e+00
2.788149924232913524e+00
2.746570588934499124e+00
2.775397088706407001e+00
2.771564540110873498e+00
2.777147097292471667e+00
2.815146354987605459e+00
2.813192847993183587e+00
2.754629920697152734e+00
2.699559964142304480e+00
2.739515468107453611e+00
2.766899166937602850e+00
2.739569674237178454e+00
2.718940602514148264e+00
2.750403243162718336e+00
2.791238255685100089e+00
2.943309871556170965e+00
2.919332971759131201e+00
2.893673962283933587e+00
2.902293403500066926e+00
2.772857371016403061e+00
2.763003619252062837e+00
2.692002971766561892e+00
2.752294497324005551e+00
2.848326350683853647e+00
2.816403735262400509e+00
2.820188823465549000e+00
2.735987755820555201e+00
2.757727143863220931e+00
2.782442991329741488e+00
2.765875810661064360e+00
2.755119416649666864e+00
2.813118020986677070e+00
2.786466041422360540e+00
2.768184061799359608e+00
2.760458476412930739e+00
2.722666891119807531e+00
2.714035556141444427e+00
2.764091713384344562e+00
2.746873313423828122e+00
2.774137163155419916e+00
2.807761207795278047e+00
2.833346431342274485e+00
2.764945388249106184e+00
2.775628397318344653e+00
2.813663981359536770e+00
2.844610342384348289e+00
2.897673204486661991e+00
2.873254774641468945e+00
2.822001771792498559e+00
2.867979602437924935e+00
2.908193081623020593e+00
2.908469872630624398e+00
2.896691561074461241e+00
2.915337716286056313e+00
2.918037868157300263e+00
2.876335515895181327e+00
2.776050071594530877e+00
2.760430038961320776e+00
2.841292839536256221e+00
2.814671206375622070e+00
2.862589212583600773e+00
2.901482035098614798e+00
3.017493827665600925e+00
2.972720807610428562e+00
2.860145800479409139e+00
2.866568331646744294e+00
2.865861476066140501e+00
2.838365374647880301e+00
2.803336940148293710e+00
2.792073423103339280e+00
2.773634619051327022e+00
2.814459273110911486e+00
2.914478512530157772e+00
2.915163460253987537e+00
2.874266515130424970e+00
2.818329647149175887e+00
2.887355883849442861e+00
2.915419695344051210e+00
2.833329666664294422e+00
2.774282069292882902e+00
2.775854643168478297e+00
2.735186648110142560e+00
2.744481371771358980e+00
2.732812470697541407e+00
2.837861871198102737e+00
2.833551305341055482e+00
2.892847386226933715e+00
2.894298878830588340e+00
2.940764016373976553e+00
2.946827107246028810e+00
2.936149519353535631e+00
2.928671200391057994e+00
2.907867603588581762e+00
2.810087009329070185e+00
2.799352960953655600e+00
2.763884946954195954e+00
2.704200621255752779e+00
2.763708740080980331e+00
2.774158611182857559e+00
2.751496138467215857e+00
2.728676419072074477e+00
2.732692628159998360e+00
2.707498845798461229e+00
2.714488902169246654e+00
2.764728919803892904e+00
2.801453194326116503e+00
2.772495987373110538e+00
2.787818143279794381e+00
2.799969642692577310e+00
2.806820443134900867e+00
2.813240124838261913e+00
2.784073274897771011e+00
2.821652175587912481e+00
2.873466721575177907e+00
2.879873955575139366e+00
2.878470427153977607e+00
2.896228236862557814e+00
2.919900169526348677e+00
2.921719014552905058e+00
2.919799479416352206e+00
2.892916521436454946e+00
2.886282903666929300e+00
2.777298867604997223e+00
2.758653294634902053e+00
2.772887303876593101e+00
2.736894042523386084e+00
2.710166415554586816e+00
2.781523683163600325e+00
2.834880244384231585e+00
2.859626024500406150e+00
2.811421348713138091e+00
2.713408188975628299e+00
2.730392279508569331e+00
2.753901595918052614e+00
2.821825118606749783e+00
2.817827886866052456e+00
2.777771408881587245e+00
2.734847344917079592e+00
2.792103687186419769e+00
2.892371172584874195e+00
2.907960969476722557e+00
2.870388301258210983e+00
2.895081346007397194e+00
2.893980304010378646e+00
2.850882144179236022e+00
2.876515079049647650e+00
2.898615876586616569e+00
2.861901989936063817e+00
2.906232612851215258e+00
2.850240867014575574e+00
2.874622931794707181e+00
2.864808196022903264e+00
2.909574711190623830e+00
2.872435377863181483e+00
2.823258578309822742e+00
2.811181602102574839e+00
2.854115800033348194e+00
2.900728356809717301e+00
2.879504471258900189e+00
2.855573847758100303e+00
2.828150278892548553e+00
2.806060227436324883e+00
2.860162582791404784e+00
2.878129079801668322e+00
2.879586949546756980e+00
2.860330225690733030e+00
2.823422922624239106e+00
2.763292963114841516e+00
2.749700347310593429e+00
2.795290503686512995e+00
2.797759639425803524e+00
2.754473633927179144e+00
2.758137233714087699e+00
2.857046901960133667e+00
2.882989767585032226e+00
2.839813022013949251e+00
2.823300373676169706e+00
2.801677176264246061e+00
2.891308700225557082e+00
2.815397307663698001e+00
2.848939100788221435e+00
2.783168877377009132e+00
2.759515537191265633e+00
2.797262054223736971e+00
2.816535993024055440e+00
2.796252134554392921e+00
2.754928129734059095e+00
2.784000718390712059e+00
2.811809915339228638e+00
2.857963435735314306e+00
2.879951909320709547e+00
2.838695475037785521e+00
2.784280158317405718e+00
2.824212102516381329e+00
2.825465271419912661e+00
2.882154402525999526e+00
2.888880405970451370e+00
2.874296087740440431e+00
2.917725998101946328e+00
2.912735312382503494e+00
2.893880612603084046e+00
2.940549608491582756e+00
2.932365938964644592e+00
2.879369549050625032e+00
2.905746203645459769e+00
2.900291364673555972e+00
2.865805645887383069e+00
2.871402096537508886e+00
2.875042608379917652e+00
2.867477811596804482e+00
2.882592409620202023e+00
2.889331583601992826e+00
2.855479294269177792e+00
2.821797476786737757e+00
2.852550087202676998e+00
2.899929826737192240e+00
2.920938718973748127e+00
2.902888905900464778e+00
2.893549031898371204e+00
2.806439381137600719e+00
2.775425192650668116e+00
2.739958028875625118e+00
2.802042290901405774e+00
2.727240730115330081e+00
2.777243417491524369e+00
2.798709345394765791e+00
2.812428310197435444e+00
2.809732015691175810e+00
2.820410431125229156e+00
2.831752460932982274e+00
2.854518698484912242e+00
2.883758831802687439e+00
2.928608201859715710e+00
3.021835369440234675e+00
3.027742062990174787e+00
2.991564473649197975e+00
2.978417532851967309e+00
2.976653322105212940e+00
2.943057253945291940e+00
2.942990655778573661e+00
2.933617902863288940e+00
2.923276586298326762e+00
2.920203075130221038e+00
2.939520539135591637e+00
2.932328255840400022e+00
3.007819475965936462e+00
2.965970161684031048e+00
2.927317885027179489e+00
2.864609921088733024e+00
2.829876675758150384e+00
2.853421805481972218e+00
2.836995241448247551e+00
2.821053172132705900e+00
2.860436679949409200e+00
2.857666880516341656e+00
2.894072217481796105e+00
2.897252836740348947e+00
2.860023426477482644e+00
2.846400182686896763e+00
2.858208005026925846e+00
2.951840950999901292e+00
2.989292558449239579e+00
2.959857766852995287e+00
3.014456003991433874e+00
3.000867041373209698e+00
2.934289351785198452e+00
2.924113027911198870e+00
2.959038019356966753e+00
2.955317072667499545e+00
2.971407747179777736e+00
2.982748732293754479e+00
2.986333370539866028e+00
2.948270170795071365e+00
2.923479604854462011e+00
2.918185395070025390e+00
2.934995059621055002e+00
2.970235849221404933e+00
2.939868874626893724e+00
2.947293334569873302e+00
2.960806309098925393e+00
2.969857235625982028e+00
2.929893001459268120e+00
2.875433532530355496e+00
2.847925911957682743e+00
2.791453743123822662e+00
2.798552661644943651e+00
2.743953534592012744e+00
2.773351943046536316e+00
2.714746028636933151e+00
2.719826832722995302e+00
2.770408995076358849e+00
2.816097654556744878e+00
2.809343161666085997e+00
2.805174860859835917e+00
2.850663957747387567e+00
2.820274277441823241e+00
2.827285624057109370e+00
2.864504494672682089e+00
2.869095502070295289e+00
2.949907795169198099e+00
2.887444891249008716e+00
2.868986929213864556e+00
2.857786031178681796e+00
2.926350286619836538e+00
2.944999490662094654e+00
2.890022145243873464e+00
2.907506491824222827e+00
2.855106477874336690e+00
2.878080784133760339e+00
2.910163912909374595e+00
2.888151138704482701e+00
2.863838158835096959e+00
2.834525709885165057e+00
2.838174237075659523e+00
2.798641813451660632e+00
2.814498712026708205e+00
2.867071502421940199e+00
2.905905366662858480e+00
2.904364646527704874e+00
2.861913345997743274e+00
2.889455658078178502e+00
2.868404608837463066e+00
2.835516355093019136e+00
2.774004506124674752e+00
2.818971088890413146e+00
2.811952702304929996e+00
2.819561136063554407e+00
2.812182248717177036e+00
2.820724375049784793e+00
2.825846598808930299e+00
2.803050481172252972e+00
2.810129890236392924e+00
2.878914552396440563e+00
2.867085105119832278e+00
2.839288819405310527e+00
2.786662878785304720e+00
2.785260310994288613e+00
2.855597660735839760e+00
2.829903885293633348e+00
2.814240394849025773e+00
2.719074107118082839e+00
2.715604352625764939e+00
2.749589969431805780e+00
2.734132586397375331e+00
2.784361686275689252e+00
2.806401254275660673e+00
2.777568180981341950e+00
2.711149202828940563e+00
2.748030203618584633e+00
2.892031465942236146e+00
2.881697589963248873e+00
2.885600284169655971e+00
2.895995511046244530e+00
2.829408772164248909e+00
2.829430331356473260e+00
2.862662397140117054e+00
2.854001051156077828e+00
2.837422069414418324e+00
2.852483304070331904e+00
2.857708522575387100e+00
2.815958451398031581e+00
2.830833446177998258e+00
2.849416782431099637e+00
2.871338363899315738e+00
2.885968468296214784e+00
2.907071722541430869e+00
2.840583214764179409e+00
2.814943338683746799e+00
2.797272063993776037e+00
2.775382856472238036e+00
2.843353653698393213e+00
2.860163282052267775e+00
2.857422264909406096e+00
2.865768308848431811e+00
2.893189589363268865e+00
2.867881796727334009e+00
2.753397900776420215e+00
2.716349204354992608e+00
2.829357700963241573e+00
2.882508976568849857e+00
2.858461824128494477e+00
2.862510960677705274e+00
2.898601559373071623e+00
2.890296005602194462e+00
2.851861497338186169e+00
2.876761721102393032e+00
2.874813733096459600e+00
2.876244774006551541e+00
2.840780526545477969e+00
2.819728710354951762e+00
2.893177491962772407e+00
2.853283371836734084e+00
2.887147554247963654e+00
2.808188740095651337e+00
2.790588468405902578e+00
2.789818811320906811e+00
2.772145198217437656e+00
2.831519380120856688e+00
2.881140225674550859e+00
2.809666528255622353e+00
2.749302093259305746e+00
2.735134731599158098e+00
2.711375112373793250e+00
2.772212113096686803e+00
2.853909949525387901e+00
2.910679302156113479e+00
2.913914377602746519e+00
2.860209258078855843e+00
2.937512723376700219e+00
2.907191944127528682e+00
2.839983802770712717e+00
2.786189871491173253e+00
2.823096526865491729e+00
2.901418101549654516e+00
2.963473131310625064e+00
2.823100777513973370e+00
2.732805518144312273e+00
2.734098388866062823e+00
2.828001591230103973e+00
2.851877276461944888e+00
2.888870713618039154e+00
2.859724811935581812e+00
2.726656193948918006e+00
2.713828660766924639e+00
2.758868064986073509e+00
2.771015156941585733e+00
2.794152107527434037e+00
2.840028873092666384e+00
2.831039031875046241e+00
2.828521875467821634e+00
2.874559618445927889e+00
2.867795494800840839e+00
2.833759869854889590e+00
2.800460854930844956e+00
2.801419997072913226e+00
2.914466331937975774e+00
2.901257313648688108e+00
2.910969769681575059e+00
2.913295899835785630e+00
2.922412701861255346e+00
2.819677463824541874e+00
2.828358180994762439e+00
2.884817845202708675e+00
2.871778020669425224e+00
2.941132604967005459e+00
2.927996926227895091e+00
2.960587272822742033e+00
2.930833499194384739e+00
2.903175847240397900e+00
2.858783307632811965e+00
2.800510132100936023e+00
2.766395669458727724e+00
2.738851766708085389e+00
2.736766340044396451e+00
2.759906882487160651e+00
2.713581765858548600e+00
2.795671654540282880e+00
2.758208295252554176e+00
2.709472642415863497e+00
2.761733151482959503e+00
2.755381280331271832e+00
2.785488287535957230e+00
2.900730425254990141e+00
2.955785682352494170e+00
2.706647742134169921e+00
2.997953635398653116e+00
2.909914259905263645e+00
2.851119253907138607e+00
2.876396878040302418e+00
2.915680023596553649e+00
2.874011308258893393e+00
2.901757053924397756e+00
2.856090509770304653e+00
2.778632217476793453e+00
2.864471504483855124e+00
2.850257883069530429e+00
2.898110246350197095e+00
2.889592531828665933e+00
2.889481614407678034e+00
2.922529555025919823e+00
2.959005576202924370e+00
2.933770781775562941e+00
2.940419187802990830e+00
2.844268271454013508e+00
2.723888580687543914e+00
2.692826210508208362e+00
2.781601517112039623e+00
2.817309709634352455e+00
2.816521436098081477e+00
2.738366301282572746e+00
2.749319552180138793e+00
2.740016605789096893e+00
2.826758921450501116e+00
2.748145192670867321e+00
2.793615936380661413e+00
2.801292915780140280e+00
2.777872927259272817e+00
2.744925682054069949e+00
2.778506613272676784e+00
2.855549859484159292e+00
2.844019338893460702e+00
2.798296088693974948e+00
2.725183480061480257e+00
2.742138216793603256e+00
2.788713144086354845e+00
2.815434957515446257e+00
2.851796276033756516e+00
2.823559809885386240e+00
2.802949339535054651e+00
2.815902164493645721e+00
2.808364114569191994e+00
2.838637877574383239e+00
2.937550510204037568e+00
2.941782622832625371e+00
2.939729409316442776e+00
2.895909011001553957e+00
2.893048565095304614e+00
2.841915903048505054e+00
2.804483196597904460e+00
2.935834123379589045e+00
2.936050919176981466e+00
2.936195838155214233e+00
2.887680903424060475e+00
2.835893333678120243e+00
2.807400577046318180e+00
2.763755958835728777e+00
2.804749721454661504e+00
2.831684657584597975e+00
2.788379278362253189e+00
2.734111555880630373e+00
2.762662845878953721e+00
2.779126661381233099e+00
2.766001084598485704e+00
2.733461175872084592e+00
2.753751259645649263e+00
2.780845554862765301e+00
2.786327511259220291e+00
2.778566716852413521e+00
2.787723443959245984e+00
2.809203801791532396e+00
2.817048455387304973e+00
2.847632349865410806e+00
2.889017306974813071e+00
2.850670272058836385e+00
2.828515688483979496e+00
2.854909630793941666e+00
2.832461297176009030e+00
2.863498908677982957e+00
2.877966990776648970e+00
2.820911909294581577e+00
2.730667500813674042e+00
2.701189552771149138e+00
2.787584258816224292e+00
2.796530171480365201e+00
2.742592569084952636e+00
2.750998364230702542e+00
2.735162518023380507e+00
2.741428459763267433e+00
2.758611607312634995e+00
2.755845786686911048e+00
2.792917471032755117e+00
2.809460090480019545e+00
2.726465477500127577e+00
2.782705518016594048e+00
2.803944542960862929e+00
2.753694427491910179e+00
2.736307365776001088e+00
2.690525970883760110e+00
2.804415090531356736e+00
2.879652930476171324e+00
2.911688513560473535e+00
2.990237114343944569e+00
2.902919392611513771e+00
2.844198832711946068e+00
2.790891434649509950e+00
2.781295561424567353e+00
2.805790263009693142e+00
2.896682412692147324e+00
2.896759914110936140e+00
2.890641105360539420e+00
2.875710173157232763e+00
2.863969622743928412e+00
2.917730282257083196e+00
2.794014316355590832e+00
2.772198044873417810e+00
2.757275648171578997e+00
2.803143592468998246e+00
2.797679395499062416e+00
2.823797620227058935e+00
2.839586061382891380e+00
2.894474909202013002e+00
2.792301380581974524e+00
2.835546684503713166e+00
2.789793899197573257e+00
2.736970040026013962e+00
2.797126382557641566e+00
2.795891986468719281e+00
2.901628163635030511e+00
2.889004845963398349e+00
2.854320409484541354e+00
2.857137553566505783e+00
2.787104949584783942e+00
2.759928259937203698e+00
2.750507044164766768e+00
2.752946603187210073e+00
2.723026808534943388e+00
2.694421644806172633e+00
2.774799812599100246e+00
2.794904470639381078e+00
2.782103520719529044e+00
2.776845152326646637e+00
2.783806566555945050e+00
