4.862473239000909331e+00
4.053052429959425496e+00
3.715485970906093893e+00
2.665249894475187897e+00
2.698277042855310892e+00
2.580082556818676931e+00
2.760841538371951120e+00
3.297413228577819932e+00
2.763643066678473925e+00
2.874784339737503913e+00
2.837434052097070225e+00
2.881634432054142714e+00
2.768254504195739596e+00
2.827984441258473591e+00
2.749328281598980350e+00
2.746192090877840108e+00
2.822813844375856362e+00
2.930347931560346453e+00
2.702975212612945821e+00
2.700454406206481917e+00
2.818772427848690754e+00
2.782580816436424964e+00
2.719711197903189159e+00
2.835176537713304246e+00
2.874676329606518088e+00
2.804652741428072193e+00
2.833525895417226881e+00
2.748632023389089074e+00
2.950810905496995762e+00
2.887978185513179863e+00
2.739791232922684117e+00
2.833274607234533615e+00
2.741433931357821319e+00
2.692891568556000870e+00
2.939077576383447798e+00
2.892482324924388948e+00
2.757592790823184981e+00
2.991008191229171498e+00
2.919253500468913298e+00
2.828205261292044082e+00
2.724323402241371372e+00
2.881063171816959034e+00
2.629974524591445206e+00
2.715356698483644582e+00
2.883488685602910717e+00
2.637368006175854429e+00
2.809086328328127546e+00
2.934039195375549358e+00
2.857369769560810457e+00
2.945285385153703750e+00
2.812686616031014442e+00
2.648272078167196231e+00
2.995632320562722661e+00
2.850301387572900413e+00
2.782154920201246107e+00
2.779880213246606946e+00
2.879127298331908946e+00
2.773443707739531749e+00
6.034385967105518667e+00
2.860546800875664708e+00
2.957597166620227647e+00
2.851653029384885851e+00
2.830667412466536970e+00
2.997765334378259539e+00
2.666959504754431443e+00
2.691427316499555467e+00
2.744833328273321715e+00
2.740335928312439773e+00
3.015809178313508809e+00
2.927333769832200172e+00
2.763920584966217842e+00
2.875545339583432725e+00
2.904194552711646615e+00
2.728247422797279942e+00
6.271794240885139260e+00
2.840740748466849652e+00
2.753112057290803882e+00
2.680196074916908255e+00
2.699164685601825209e+00
2.908342139432703810e+00
2.934089807759810320e+00
2.841114921998052267e+00
2.835780139573588432e+00
2.799024472919091622e+00
2.931429344193715814e+00
2.726542682592737687e+00
2.877928595361601172e+00
2.864017108887445318e+00
2.719458218101539426e+00
2.788286391316358692e+00
5.725454916423671214e+00
2.805977904403382794e+00
6.027685708462245273e+00
7.700557577214781624e+00
6.290146023742215320e+00
5.931336611591016883e+00
7.799504727865737230e+00
2.788899783068584437e+00
5.982120527037213975e+00
2.761602071262259095e+00
2.916619104374103877e+00
6.109622328753227194e+00
2.869132970079985689e+00
2.767840493959143888e+00
2.782181338446506835e+00
2.888432446847251089e+00
3.163728496568566140e+00
2.751799956392178892e+00
2.714661857395870737e+00
2.806832022049057240e+00
2.872789759101769480e+00
2.782949873785009132e+00
2.856634558357088682e+00
2.947102644971837826e+00
2.770419823781225865e+00
2.940955797015656792e+00
2.863181971164250328e+00
2.735947733418896632e+00
2.776999279798250786e+00
6.129067628930195077e+00
6.022266184751384976e+00
2.892979433041306780e+00
5.909258921387688268e+00
2.756365904592494420e+00
2.871013932393919887e+00
6.137234719317813614e+00
6.104323795474811298e+00
2.843637283480437095e+00
2.836677281609594647e+00
2.705787870473219225e+00
2.811629776481960441e+00
2.954637033545745251e+00
2.853839869368987259e+00
2.897375536584790190e+00
2.925081366389659987e+00
2.920603362320874030e+00
5.507313501154624369e+00
5.600364363146383084e+00
2.891219292962746490e+00
2.879534337353871543e+00
2.774300993043111951e+00
2.965453928153327645e+00
5.620790424842399879e+00
2.861007864372274501e+00
2.838794462443521294e+00
2.737968042180185968e+00
5.939397780920216974e+00
6.173205488237046623e+00
6.122016497854281702e+00
6.058837182166227464e+00
6.026590578428237421e+00
5.932455646694713813e+00
2.876925268407228398e+00
2.755769583981940940e+00
2.727459257257566883e+00
2.777356476939897956e+00
2.752675970760088742e+00
3.112595380064681283e+00
2.844510854259480581e+00
2.769140299804255356e+00
2.887222540782057756e+00
2.778830689336794002e+00
2.766954643647054901e+00
2.733769741583954360e+00
2.935547989728663598e+00
2.775880761127898388e+00
3.391348699264054467e+00
3.001329038942581739e+00
2.802466948957650583e+00
2.753578217519887517e+00
2.921453063117736004e+00
2.923641222858919697e+00
2.775435281176630298e+00
2.913548695319850168e+00
2.794382579390302546e+00
2.729780027767804818e+00
2.838194848843187401e+00
2.882811128048453408e+00
2.742429944410613274e+00
2.733873991243927382e+00
3.031348544789925548e+00
2.940115133800035085e+00
2.962851835647540621e+00
2.912477639399142060e+00
2.839754566859608254e+00
5.914293279843332307e+00
2.876695500048623622e+00
2.886854343398710387e+00
2.766630802980404980e+00
2.904541444014872464e+00
2.782277664073087742e+00
2.720070219681837820e+00
2.963058048705761838e+00
3.034089814095818571e+00
3.133627291175515861e+00
2.772880271486672044e+00
2.918374033601587314e+00
2.795076027588516254e+00
3.081134369027096032e+00
2.866234812432506107e+00
2.800557801581678330e+00
3.096413086136925674e+00
2.891535232363596108e+00
2.747642807935558373e+00
2.888820866720538394e+00
3.034888136323973917e+00
2.737839659293436423e+00
2.746347756566891452e+00
2.842994372136532721e+00
2.732692994099410466e+00
2.962190236969935331e+00
2.730861219469052248e+00
2.847919591561530961e+00
2.889703444992236747e+00
2.860099823432741939e+00
2.797669923346926879e+00
2.761628505067254657e+00
2.894251716765491977e+00
2.757414912558500131e+00
2.709049464295548937e+00
3.016416416876158024e+00
3.024534509639458246e+00
2.904782435914951222e+00
2.953773180188350445e+00
3.070922174201097921e+00
2.873757296641453962e+00
2.907011179889062991e+00
3.342523747110856647e+00
2.908288328209567286e+00
2.777677627083459999e+00
2.741561234041654416e+00
2.927404652589046918e+00
6.202100370035944721e+00
2.711433015953003345e+00
6.166591440982610806e+00
2.936482419494453211e+00
2.748770998100788177e+00
2.705193708406109288e+00
2.761674492042825779e+00
2.793591237099658287e+00
2.769656657421637913e+00
2.756853641381783238e+00
2.876217133667067660e+00
6.094086149702841126e+00
6.192395739937815335e+00
2.894271929173207525e+00
5.931679441777008677e+00
6.262204084825087058e+00
6.008671234141538697e+00
3.038298372444681039e+00
5.778676059444758373e+00
2.795085866301784794e+00
2.831089013083127881e+00
2.919113050226043615e+00
2.685196082225653313e+00
2.713752752186536110e+00
2.945881531901783923e+00
2.755476002435877092e+00
2.854387149634751264e+00
2.822350970379127411e+00
2.911186871363636630e+00
3.114681685180686443e+00
2.772845830550267010e+00
2.777349455866150230e+00
2.894592199257090215e+00
2.648678160894599731e+00
2.906116996956592313e+00
2.875942454222615297e+00
2.959477487665686191e+00
3.021508398134944873e+00
2.989221470550484039e+00
2.803608210859712901e+00
2.872435377863181927e+00
3.055587341248814148e+00
5.949766381968287554e+00
2.735070200195965917e+00
2.811054784240250459e+00
2.941644778011104133e+00
5.266865861211960542e+00
2.878976727936508162e+00
3.051304311274115388e+00
2.790166661688866956e+00
2.900455481471831742e+00
2.871053813497754792e+00
2.762222655761117807e+00
2.643025917390898094e+00
2.938206936211266829e+00
2.786515027772145547e+00
2.737261039798725371e+00
2.852732374408788019e+00
2.971225504737060152e+00
3.028335681525414991e+00
2.968723799884388281e+00
3.105085345042869704e+00
2.737293553859359019e+00
2.835842731887648682e+00
2.886048163146276657e+00
2.864467489778859122e+00
2.821255394323597621e+00
2.877306553010992918e+00
2.793961703388219142e+00
2.835409317893979431e+00
2.795822061576880735e+00
2.734099303244123202e+00
2.961710654334754445e+00
2.938392417632471609e+00
2.792691354231613410e+00
2.714938857506739467e+00
2.793833745948388181e+00
2.910334345053846139e+00
2.783091446575192585e+00
2.753239728029508004e+00
2.948866053248265118e+00
2.711672177826811136e+00
2.967334662622333585e+00
2.734820835082254487e+00
2.896454902117414409e+00
2.936837414635001142e+00
2.724062040409505503e+00
2.761034769791934629e+00
2.972031964834833673e+00
2.792315705646480239e+00
2.782494025150818118e+00
2.888045013499616065e+00
2.701147533919611377e+00
2.796487260832775767e+00
2.861470426196992545e+00
2.917658307615886848e+00
2.754564575391181602e+00
2.756186677277140173e+00
3.062049150487300420e+00
2.933162457144165902e+00
2.851474881530609018e+00
2.777809748704903825e+00
2.815521798885599392e+00
2.888796635279125891e+00
2.840837904562666161e+00
2.621103584370522377e+00
2.880086283429716953e+00
2.866985350503207908e+00
2.770451226785989984e+00
2.865606742035620158e+00
2.801314155891837743e+00
2.790247300867792379e+00
2.915068781349764215e+00
5.669125505754833760e+00
5.838605484188840400e+00
5.902328438845130698e+00
6.101544558552367548e+00
2.885166719619509212e+00
2.885054245590539690e+00
2.777237836412286498e+00
2.917089131308812089e+00
2.697085463977736186e+00
2.901997070984048577e+00
3.095766464060233591e+00
5.846977766333647075e+00
2.837604799826783264e+00
2.791773987986849725e+00
5.905740004436362156e+00
5.924905822036330427e+00
2.927234531089027314e+00
3.019393978930209332e+00
2.930700940048301728e+00
2.889136376151184571e+00
2.777786888873947202e+00
2.833532424377741332e+00
2.942206314995602146e+00
2.880036805320376647e+00
2.698641695371950977e+00
2.800166780747175288e+00
2.799980892791949394e+00
2.826924477236701705e+00
2.784319485978576036e+00
2.737021008322734872e+00
2.987277857849851781e+00
2.939428685986445355e+00
2.701861210351116593e+00
2.693295564916706297e+00
3.100584622293028225e+00
2.798688264169483908e+00
2.727470256483102151e+00
2.880677350902040690e+00
2.956225634149057591e+00
2.800172316126276595e+00
2.744134289716886776e+00
2.777416245361865599e+00
3.013724937680942517e+00
2.829443231450314844e+00
2.708381989306530624e+00
2.743097701504632724e+00
2.960267893282633178e+00
2.931317451249523032e+00
2.739540289902668846e+00
2.869829611666867120e+00
2.872912981626837059e+00
2.849504167394741661e+00
2.877286568974317227e+00
3.009878070620136903e+00
2.765541719085069072e+00
2.888139020199685270e+00
2.757886509630155025e+00
2.827288630472665876e+00
2.890941715081782881e+00
2.879859718805761748e+00
2.888346758960911309e+00
2.745793327983735654e+00
2.718029065333923189e+00
2.713004423144200761e+00
2.759922643843482515e+00
3.045480750226472910e+00
2.765410276975190484e+00
2.674944672325017869e+00
2.804440407639285038e+00
2.803732690539524341e+00
2.846345903083460360e+00
2.851242185434271104e+00
2.786133162646753370e+00
2.835798829254289277e+00
2.751327134311730482e+00
3.081719974300065612e+00
2.845546871868393612e+00
2.726707538405980014e+00
2.721108230115075965e+00
2.986314953249238346e+00
3.002305447485315248e+00
2.740377711192382382e+00
2.793472033151576106e+00
2.906867386036040113e+00
2.914115474719559451e+00
2.758201950546768977e+00
2.881279403320683663e+00
2.786584647915796076e+00
2.754612858461239266e+00
2.768523974972946000e+00
2.876771454252144533e+00
2.735507265572511670e+00
2.753388639476817445e+00
2.758507204993309259e+00
2.791020243566857850e+00
2.935379532530674407e+00
2.943146955216473515e+00
2.719477891066592434e+00
2.986712071827480219e+00
2.831097843593541441e+00
2.950628577100140149e+00
2.785349708743948938e+00
2.733995062175497814e+00
3.007970245863479164e+00
2.863307353393973020e+00
2.716128862922376097e+00
2.760756780304994606e+00
6.064445316762284044e+00
2.969127481264487667e+00
2.738839352718592579e+00
2.837832095103584695e+00
2.724084249798452539e+00
2.682818853370462442e+00
3.061510248227172326e+00
2.722494628093873992e+00
2.948780764994237469e+00
2.904934594788666669e+00
3.010663215970859952e+00
2.689272392302423320e+00
3.115339146866677567e+00
2.774017303478836904e+00
3.021935968878228795e+00
3.009171646815781198e+00
3.054247534172696898e+00
2.861805374234942523e+00
6.075499403341259708e+00
2.893212747103122595e+00
2.773647598380154733e+00
2.927870898793182519e+00
2.732277072333624268e+00
2.738063001466548130e+00
3.016533938148218574e+00
6.155771032129119469e+00
2.704481096254880423e+00
2.862263789380706136e+00
6.301883051913927503e+00
2.830922464498100588e+00
2.834094740829953274e+00
3.213104417848881678e+00
2.800216598765174147e+00
2.950098472932725535e+00
2.738993428250604101e+00
3.014700814342942792e+00
2.725301084284083242e+00
2.654318368244472648e+00
3.095580397922172988e+00
2.776906552262787820e+00
2.785425640723514285e+00
2.970986536489184537e+00
2.860293866021461628e+00
2.778397739705386282e+00
3.026108226749334218e+00
2.842152353411055543e+00
2.844631786365328541e+00
3.033567866390992407e+00
2.883088274749838753e+00
2.800429609899166561e+00
2.794076770598832304e+00
2.828246276405221415e+00
2.889221521448294361e+00
2.806524006667321824e+00
2.903228031002731413e+00
2.895977037201780124e+00
2.863023925851825524e+00
2.533199360492576879e+00
2.854006657315291129e+00
2.899105724184614541e+00
2.778365886631924297e+00
2.730008791194636686e+00
3.070671913441747058e+00
5.822884766161871894e+00
2.613741571005060660e+00
2.822640253379803621e+00
2.862163167955313892e+00
2.787207563135548405e+00
2.981071116226515105e+00
2.962289148614631884e+00
2.712492211970386258e+00
2.751832298669379728e+00
3.045932697877614448e+00
3.299165500547069918e+00
3.077006987317383757e+00
3.025518302704513829e+00
2.769182911979633399e+00
2.902324757844993997e+00
2.872331457196401594e+00
2.896397417482621695e+00
2.785692732517353942e+00
