-5.953915082519999942e+02
-5.792463263739999775e+02
-5.847227748860000247e+02
-5.945906670949999580e+02
-5.874425341989999652e+02
-5.874303057529999705e+02
-5.970064307650000046e+02
-5.877053594100000282e+02
-5.956026891330000126e+02
-5.895508182739999938e+02
-5.931419031030000042e+02
-5.892954852130000063e+02
-5.869697331339999664e+02
-5.763994199380000509e+02
-5.846967595139999503e+02
-5.970536891650000371e+02
-5.981239097459999812e+02
-5.992466863409999860e+02
-5.920934150189999627e+02
-5.776755514599999515e+02
-5.856240399649999517e+02
-5.926766743900000165e+02
-5.848355676800000538e+02
-6.041502387929999713e+02
-5.922051492970000481e+02
-5.928508971769999789e+02
-5.942621649129999923e+02
-5.891715963530000408e+02
-5.863009625070000084e+02
-5.943890502550000292e+02
-5.962658065010000428e+02
-5.972606709750000391e+02
-5.969172122520000130e+02
-5.962447464440000431e+02
-5.988807757660000561e+02
-5.943155885060000401e+02
-5.747903904800000419e+02
-5.886140157239999553e+02
-5.892568647650000457e+02
-5.893424051949999694e+02
-5.812317873969999482e+02
-5.935704515930000298e+02
-5.809007879170000024e+02
-5.932565716520000478e+02
-6.023892910549999442e+02
-5.983533970160000308e+02
-5.848375703970000359e+02
-5.938048542779999934e+02
-5.879483674199999541e+02
-5.957355499069999496e+02
-5.974151967389999527e+02
-5.892325247090000175e+02
-5.884971096210000496e+02
-5.915536403170000312e+02
-5.850538387840000496e+02
-5.989894564139999602e+02
-5.969986061719999952e+02
-5.856626032469999927e+02
-5.954073476109999774e+02
-5.980406902920000221e+02
-5.902516905259999476e+02
-5.974158846369999765e+02
-5.971152574420000292e+02
-5.854173693459999868e+02
-5.975394997810000177e+02
-5.941203713280000329e+02
-5.848236278309999534e+02
-5.820142761979999477e+02
-6.003535004929999559e+02
-5.944603262599999880e+02
-5.804035630990000527e+02
-6.015365477689999807e+02
-6.007465330280000444e+02
-5.955661881900000481e+02
-5.951103286100000105e+02
-5.981694411680000485e+02
-5.831541906850000032e+02
-5.948182936660000451e+02
-5.700372515020000037e+02
-5.890564603489999627e+02
-6.004754677639999727e+02
-5.992722580089999838e+02
-5.918250060999999960e+02
-5.987373179600000412e+02
-5.962309530310000127e+02
-5.851848025880000250e+02
-5.826113525440000558e+02
-5.838201561629999787e+02
-5.814309554999999818e+02
-5.852482874749999837e+02
-5.981784665200000290e+02
-5.946025917030000301e+02
-5.898110413399999743e+02
-5.747870676840000215e+02
-5.920872126310000567e+02
-5.974790653740000153e+02
-5.902183361549999745e+02
-5.806135771880000220e+02
-5.823653226200000290e+02
-5.978534205959999781e+02
-5.947425825750000286e+02
-6.028086556880000444e+02
-6.017683643569999958e+02
-5.930862252690000105e+02
-5.836037204179999662e+02
-5.803119882070000131e+02
-5.910404948479999803e+02
-5.912981285060000118e+02
-5.954269100819999494e+02
-5.969579510109999774e+02
-6.034610760829999663e+02
-5.849733635610000420e+02
-5.908400033660000190e+02
-5.748037984170000527e+02
-5.936247503529999676e+02
-5.947139150829999608e+02
-5.785561493769999970e+02
-5.959256425810000337e+02
-5.926985915899999782e+02
-5.893718524930000058e+02
-5.984132593929999757e+02
-6.027521768719999500e+02
-5.937768140719999792e+02
-5.985331457879999562e+02
-5.994919497890000457e+02
-5.947300690690000238e+02
-5.940656316930000003e+02
-5.807264716829999998e+02
-5.917007153150000249e+02
-5.930208022360000086e+02
-6.026968187620000208e+02
-5.714728038199999673e+02
-5.944061278960000436e+02
-5.853014558109999825e+02
-5.986591688470000463e+02
-5.936180443299999752e+02
-5.853537374119999868e+02
-5.915065779599999587e+02
-6.014958540760000005e+02
-5.921196081049999975e+02
-5.873291473020000240e+02
-5.980333623919999582e+02
-5.902369834549999723e+02
-5.880112710939999943e+02
-5.969976148729999750e+02
-5.948557002610000382e+02
-5.972641727489999539e+02
-5.971709302159999879e+02
-5.913391642709999587e+02
-5.826551921720000564e+02
-6.013620353610000393e+02
-5.860673026729999719e+02
-6.011406031530000291e+02
-5.881249117019999630e+02
-6.022815585250000368e+02
-5.930928758170000492e+02
-5.952529701209999757e+02
-5.673049053050000339e+02
-5.762066862589999801e+02
-5.959923430899999630e+02
-6.037637246069999719e+02
-5.866872673740000437e+02
-5.958021925650000412e+02
-6.043909730069999569e+02
-5.847662683290000132e+02
-5.716044376800000464e+02
-5.910898356510000440e+02
-5.939550177989999611e+02
-5.996933048910000252e+02
-5.916091676559999541e+02
-5.783249832440000091e+02
-5.961114798459999520e+02
-5.987057655629999999e+02
-5.874921111039999460e+02
-5.912850534430000380e+02
-6.036321674660000554e+02
-5.979602372529999457e+02
-6.036012126589999980e+02
-5.983988657659999717e+02
-5.806049510960000362e+02
-5.917236309090000077e+02
-5.971583287470000414e+02
-6.030910602310000286e+02
-5.917277657719999979e+02
-5.986316849700000375e+02
-5.988387187419999691e+02
-5.867362462019999612e+02
-5.975236658129999796e+02
-5.879019012920000478e+02
-5.886634058920000143e+02
-5.894858490589999747e+02
-5.950646030059999703e+02
-5.923985633810000309e+02
-6.017819160770000053e+02
-5.909096254429999817e+02
-5.953018603079999593e+02
-5.776992546230000016e+02
-5.845917857639999511e+02
-5.949572190210000144e+02
-5.928013514210000494e+02
-5.891901242659999980e+02
-5.855637102389999882e+02
-6.014576312369999869e+02
-5.998830636569999797e+02
-5.996872563470000159e+02
-5.874128536580000173e+02
-5.961955619950000482e+02
-5.950298365720000220e+02
-5.954414745289999473e+02
-5.892972293300000501e+02
-5.924512415189999501e+02
-5.849608108979999770e+02
-5.933456435269999929e+02
-5.895130612189999511e+02
-5.932741490150000345e+02
-5.875715689070000280e+02
-5.820074078530000179e+02
-5.654525716440000451e+02
-5.672879685200000495e+02
-5.904109376290000455e+02
-5.827771555130000252e+02
-5.797010999980000179e+02
-5.846572837090000121e+02
-5.926818858020000107e+02
-5.981720011610000256e+02
-5.936252949089999902e+02
-5.890080819309999924e+02
-5.961498081449999518e+02
-5.907283208589999504e+02
-5.931026684329999625e+02
-5.826193720649999932e+02
-5.765843207919999713e+02
-5.939566659590000199e+02
-5.986141185530000257e+02
-5.947947484699999450e+02
-6.008127748470000142e+02
-5.889181416530000206e+02
-5.901118640590000268e+02
-5.840075258809999923e+02
-5.914164330170000312e+02
-5.926171023189999687e+02
-6.028634706999999935e+02
-5.926776246870000477e+02
-5.920743217149999964e+02
-5.967650122579999561e+02
-5.926734626740000067e+02
-5.988609988169999951e+02
-5.880012407079999548e+02
-6.035775762289999875e+02
-5.822996435139999676e+02
-5.958836986699999443e+02
-5.914993297600000233e+02
-5.875035994500000243e+02
-5.830355448069999511e+02
-5.954593868800000109e+02
-5.930192359200000283e+02
-6.010791406179999967e+02
-5.927829610249999632e+02
-5.983964821250000341e+02
-5.882243332919999830e+02
-5.759759923200000458e+02
-5.761392737989999659e+02
-5.800229613699999618e+02
-5.894796460960000104e+02
-5.965438817939999581e+02
-5.641055513280000469e+02
-5.909421412389999659e+02
-5.987190858379999554e+02
-5.916618110839999645e+02
-5.890056963990000440e+02
-5.975646244240000442e+02
-5.978443164149999802e+02
-5.804018691259999514e+02
-5.891825722439999709e+02
-5.933564381149999463e+02
-5.770786107789999733e+02
-5.873453592219999564e+02
-5.993736192459999756e+02
-6.001124099720000231e+02
-5.949523628389999885e+02
-5.965688499719999527e+02
-5.983602163040000050e+02
-5.925817041560000007e+02
-5.971767886659999931e+02
-5.966669768149999982e+02
-6.010429289679999556e+02
-5.988926025969999500e+02
-5.978316343320000215e+02
-5.914728625860000193e+02
-5.860592054590000544e+02
-5.993725354040000184e+02
-5.878674120020000373e+02
-5.973196837220000361e+02
-5.813601882279999700e+02
-5.864096005300000343e+02
-5.722222866179999983e+02
-5.727326023330000453e+02
-5.799509687959999837e+02
-5.804368908090000332e+02
-5.928971450469999809e+02
-5.948619155459999774e+02
-5.825129045559999668e+02
-5.912814119500000061e+02
-5.830984883669999590e+02
-5.877881976239999631e+02
-5.819336945999999671e+02
-5.872588517299999467e+02
-6.027127249549999988e+02
-5.933633725890000505e+02
-5.991259139710000454e+02
-5.836861101160000089e+02
-5.881335183429999915e+02
-5.923435823859999800e+02
-5.942841666980000355e+02
-5.851290180920000239e+02
-5.954092876559999468e+02
-5.919802455830000554e+02
-5.955388600249999627e+02
-5.993507803449999756e+02
-5.783899461830000064e+02
-6.019588890459999675e+02
-5.924709916010000370e+02
-5.935633155499999702e+02
-6.007978351750000456e+02
-5.716129430160000311e+02
-5.936006674579999753e+02
-5.784780841169999803e+02
-5.921687020890000213e+02
-5.943927876469999774e+02
-5.960887266319999753e+02
-5.939049025260000008e+02
-5.940817669530000558e+02
-5.902301433300000326e+02
-5.914849500999999918e+02
-5.978173832280000397e+02
-5.936927838990000055e+02
-5.964707967560000270e+02
-5.905627151410000124e+02
-5.909498787679999623e+02
-5.737935823880000044e+02
-5.624828083200000037e+02
-5.973567595370000163e+02
-5.936195120200000019e+02
-5.884883394290000069e+02
-5.884402256849999731e+02
-5.955893789399999605e+02
-5.980319138590000421e+02
-5.811602270189999899e+02
-5.670467951460000222e+02
-5.571382940140000528e+02
-5.744165085790000376e+02
-5.761100818810000419e+02
-6.004726548090000051e+02
-5.970862535720000324e+02
-5.996417141130000346e+02
-5.908219622609999533e+02
-6.012615919769999664e+02
-5.942854597880000256e+02
-5.818644744219999438e+02
-5.939849582680000140e+02
-5.951258739899999455e+02
-6.029888822750000372e+02
-5.967151314029999867e+02
-5.805602896860000328e+02
-5.896384266129999787e+02
-6.016860998600000130e+02
-5.861381001920000244e+02
-5.883107359910000014e+02
-5.980424693549999802e+02
-5.999424463809999679e+02
-5.864877692080000315e+02
-5.873664866310000434e+02
-5.954857228629999781e+02
-5.929382751770000368e+02
-5.951296492070000568e+02
-5.995926055999999562e+02
-6.019133739149999656e+02
-5.948751583490000030e+02
-5.884027545789999749e+02
-5.930218144929999653e+02
-5.943673891979999553e+02
-5.971547416040000371e+02
-5.770890204989999575e+02
-5.930492215309999438e+02
-5.931430852460000551e+02
-5.847911115690000088e+02
-5.955855030449999958e+02
-5.933566482329999872e+02
-5.912254392190000090e+02
-5.857252716860000419e+02
-5.828842051049999782e+02
-5.953312444529999539e+02
-5.876768538840000247e+02
-5.936034845530000439e+02
-5.952808754129999897e+02
-5.757324223910000001e+02
-6.017447477380000009e+02
-5.979442777189999561e+02
-5.962148868140000104e+02
-5.907585575709999830e+02
-5.887958437080000067e+02
-5.718447224459999916e+02
-5.935108707470000127e+02
-5.908927878729999748e+02
-5.761163937679999663e+02
-5.943070808319999969e+02
-5.957772413620000407e+02
-5.895982259180000256e+02
-5.996381915949999666e+02
-5.994712157469999738e+02
-5.920468507440000394e+02
-5.991466799119999678e+02
-5.925593389199999592e+02
-5.933568124549999538e+02
-5.950881416890000537e+02
-5.936464711529999931e+02
-5.995613294779999478e+02
-5.817157327170000372e+02
-5.927102004810000153e+02
-5.944814467810000451e+02
-5.996356015070000467e+02
-5.870725407270000460e+02
-5.796288718230000541e+02
-6.000372342209999488e+02
-5.668870672269999886e+02
-5.881944891870000447e+02
-5.887420039300000099e+02
-5.920532665859999497e+02
-5.942286437200000364e+02
-5.811032339439999532e+02
-6.037287390530000266e+02
-5.979410651079999752e+02
-5.916935886850000088e+02
-5.636772756079999454e+02
-5.746950761159999956e+02
-5.895877678670000250e+02
-5.945109206260000292e+02
-5.943608794040000021e+02
-5.905171864520000327e+02
-5.764915942119999954e+02
-5.942731199910000441e+02
-6.009669495780000261e+02
-6.059255675849999534e+02
-5.833761560039999949e+02
-5.960621674650000159e+02
-5.909727647820000129e+02
-5.765005370930000481e+02
-6.033735216290000380e+02
-5.858080982989999939e+02
-5.958234431289999975e+02
-5.945399142270000539e+02
-5.929670253900000034e+02
-5.943142969780000158e+02
-5.908933475269999462e+02
-5.914568998879999526e+02
-5.896412156559999858e+02
-5.695709624480000457e+02
-5.888325780110000096e+02
-5.978760595139999623e+02
-5.868823806719999538e+02
-5.844786131659999455e+02
-5.955323037770000383e+02
-5.658012327180000511e+02
-5.813129481129999476e+02
-5.887778317309999920e+02
-6.045320506929999738e+02
-5.980821010290000004e+02
-6.001286503960000118e+02
-5.928881107800000336e+02
-5.937985566700000390e+02
-5.816698096110000051e+02
-5.959473199860000250e+02
-5.899485710159999599e+02
-5.920506496049999896e+02
-5.978316160639999453e+02
-5.938141398689999733e+02
-6.001135463949999576e+02
-5.922674269049999793e+02
-5.769795412969999688e+02
-5.845682094210000059e+02
-5.905759666970000126e+02
-6.008115161099999568e+02
-5.792994130979999454e+02
-5.646973898359999566e+02
-6.013616048650000039e+02
-6.010187313500000528e+02
-5.966324275140000282e+02
-5.830475109640000255e+02
-5.902188563890000523e+02
-5.953069424430000254e+02
-5.911852923379999538e+02
-5.854339498650000451e+02
-5.682588432860000012e+02
-5.806140172799999846e+02
-6.027116089889999557e+02
-5.987192914949999931e+02
-5.965360378990000072e+02
-5.999196604270000535e+02
-5.608607171810000409e+02
-5.776735488970000461e+02
-5.952582480969999779e+02
-5.963793506880000450e+02
-5.989801405020000402e+02
-5.968171441299999742e+02
-5.999644729619999453e+02
-5.897140726400000403e+02
-5.833986558049999758e+02
-6.025012955019999481e+02
-5.926345204259999946e+02
-5.903133066860000326e+02
-6.000174078720000352e+02
-5.861404936129999896e+02
-5.905708118649999960e+02
-5.885183108940000238e+02
-5.954494842120000158e+02
-5.928595172589999720e+02
-5.870199994939999897e+02
-5.929795207610000034e+02
-5.888185492080000358e+02
-5.984377316909999536e+02
-5.946231138729999657e+02
-5.983183876670000245e+02
-5.919717339530000118e+02
-5.923119949250000218e+02
-6.000377640699999802e+02
-6.012775169310000365e+02
-5.972747821020000174e+02
-5.861576075790000004e+02
-6.000149610910000320e+02
-5.863025100099999918e+02
-5.964646845400000075e+02
-5.967829175000000532e+02
-5.592552197559999740e+02
-5.738566954770000166e+02
-5.923288784390000501e+02
-5.898961929560000499e+02
-5.942391447449999760e+02
-6.001925042430000303e+02
-6.033167069459999539e+02
-5.894980708079999658e+02
-5.976725381659999812e+02
-5.824132795320000469e+02
-5.765321573559999706e+02
-5.922005450430000337e+02
-6.033310584119999476e+02
-5.943405927339999835e+02
-6.019869037959999787e+02
-5.869604352100000142e+02
-5.635306626200000437e+02
-5.986857670470000130e+02
-5.984068546839999954e+02
-5.945892522069999586e+02
-6.003863111309999567e+02
-5.924897913680000556e+02
-5.879817611710000165e+02
-5.909685115219999716e+02
-6.000197389180000300e+02
-5.684657440449999513e+02
-5.503866044850000208e+02
-5.895748474120000537e+02
-6.011064357510000491e+02
-5.945614801980000266e+02
-5.745033582190000061e+02
-5.855903664810000464e+02
-5.952356622480000397e+02
-6.017831053649999831e+02
-5.992824093200000561e+02
-5.910997629940000024e+02
-5.935062388259999580e+02
-5.998849546569999802e+02
-5.821665876549999439e+02
-5.938749838840000166e+02
-5.935795315929999560e+02
-5.921596807040000385e+02
-5.950279322659999934e+02
-5.808397200519999615e+02
-5.923132087120000051e+02
-5.931376174480000145e+02
-5.973606066470000542e+02
-5.873481233909999446e+02
-5.920299244269999690e+02
-5.957740323279999757e+02
-5.975793592469999567e+02
-5.877019800479999958e+02
-5.950489647269999978e+02
-5.908996496160000333e+02
-5.989541327260000116e+02
-5.922751577980000093e+02
-5.906427451710000014e+02
-5.932304028270000344e+02
-5.916792502409999770e+02
-5.734028664869999830e+02
-6.012206473840000172e+02
-5.886965790420000531e+02
-6.015877870660000326e+02
-5.898041093279999814e+02
-5.957780566540000109e+02
-5.802344247300000006e+02
-5.982067458970000189e+02
-5.890525959079999438e+02
-5.742893662400000494e+02
-5.940120419580000544e+02
-5.982041245299999446e+02
-5.994295106979999446e+02
-5.969519204409999702e+02
-5.944959520419999990e+02
-5.991606964579999612e+02
-5.892372375579999471e+02
-5.980961122700000487e+02
-6.003641588389999697e+02
-5.905634963239999706e+02
-5.980835694959999955e+02
-6.004245102830000178e+02
-5.941518409660000088e+02
-5.694619795300000078e+02
-5.822812605990000066e+02
-5.927308986169999798e+02
-5.855105207279999604e+02
-5.941968616990000100e+02
-5.872696995129999777e+02
-5.944297904860000017e+02
-5.951698281679999809e+02
-6.012460924199999681e+02
-5.872085129170000073e+02
-5.879792090820000112e+02
-5.975277394680000498e+02
-5.833756697339999846e+02
-5.984989609320000454e+02
-6.026622143700000152e+02
-5.987667302559999598e+02
-5.861178077340000527e+02
-5.971222108539999454e+02
-6.000175493000000415e+02
-5.981726145579999638e+02
-5.954841158499999665e+02
-5.973623843389999593e+02
-5.880539460859999963e+02
-6.017303735640000468e+02
-5.859069626220000373e+02
-5.972024904039999456e+02
-5.989516988660000152e+02
-5.921951541189999944e+02
-5.897235317639999721e+02
-5.962482280020000189e+02
-5.832084169900000461e+02
-5.922234967819999838e+02
-5.932841902669999854e+02
-5.936154641609999771e+02
-6.009075542230000337e+02
-5.749101086939999732e+02
-5.976451356779999742e+02
-5.886129936080000107e+02
-5.697282120549999718e+02
-5.905696390230000361e+02
-5.978453797460000487e+02
-5.899886579799999708e+02
-5.915986923689999912e+02
-5.994087458919999563e+02
-6.009413107289999516e+02
-5.967241667539999526e+02
-5.951149470110000266e+02
-5.968391460379999671e+02
-5.913911695900000041e+02
-5.858215184790000194e+02
-6.055448966259999679e+02
-5.932703220500000043e+02
-5.993765257860000020e+02
-5.963734536399999797e+02
-5.996028414999999541e+02
-5.978662800619999871e+02
-6.027273356550000472e+02
-5.921130221470000379e+02
-5.977500142659999938e+02
-5.850056797439999627e+02
-6.007120346540000355e+02
-6.029867525990000559e+02
-5.978584692160000031e+02
-5.973970727549999538e+02
-5.865120843610000065e+02
-5.976220108530000061e+02
-5.943889485780000541e+02
-6.022101455590000114e+02
-5.928899105250000048e+02
-5.815537642699999878e+02
-5.960352236620000212e+02
-5.971985872879999988e+02
-5.961053612150000163e+02
-5.869744985280000265e+02
-5.925641274729999850e+02
-5.996868246340000042e+02
-5.943944289040000513e+02
-5.887718170540000528e+02
-5.987756754660000524e+02
-5.910941212630000337e+02
-5.971434113770000067e+02
-5.833065484649999917e+02
-5.961009238279999636e+02
-5.950285725740000089e+02
-5.815271967559999666e+02
-5.958701656219999450e+02
-5.883731217849999666e+02
-5.845175243469999486e+02
-5.903538624220000202e+02
-5.842115114580000181e+02
-5.990979594000000361e+02
-5.907360109850000072e+02
-5.862496630560000312e+02
-5.974676605229999495e+02
-5.980498360589999720e+02
-5.900121079609999697e+02
-5.956035963790000096e+02
-5.996759331539999494e+02
-5.893806281240000544e+02
-5.918497201200000291e+02
-5.897195757690000164e+02
-5.972642605500000172e+02
-5.940625209449999602e+02
-5.900092953729999863e+02
-5.761755047789999935e+02
-5.635023213450000412e+02
-5.896275864039999988e+02
-5.835587276710000424e+02
-5.854397355769999649e+02
-5.775391548759999978e+02
-6.028916320140000380e+02
-5.960960041280000041e+02
-5.818281517630000508e+02
-5.906632972559999644e+02
-5.948916878579999548e+02
-6.022187859919999937e+02
-5.819769163849999813e+02
-5.972592961349999996e+02
-5.874221396189999496e+02
-5.730045364620000328e+02
-5.716908187929999485e+02
-5.603189871429999585e+02
-5.709831256930000336e+02
-5.773210031779999554e+02
-5.676957119209999973e+02
-5.908807337020000432e+02
-5.948554786199999853e+02
-5.815312608030000092e+02
-5.891750719499999605e+02
-5.815800529910000023e+02
-5.907012270779999881e+02
-6.005617835599999808e+02
-5.917663793130000158e+02
-5.909882089789999782e+02
-6.013134256089999781e+02
-5.856461895940000204e+02
-5.950209334469999476e+02
-5.841337899290000450e+02
-5.886136729080000123e+02
-5.855774287729999514e+02
-5.789332922490000328e+02
-5.853846932850000258e+02
-5.836355416110000078e+02
-5.675560114779999594e+02
-5.929900416740000537e+02
-5.947891865599999619e+02
-5.965852097690000164e+02
-5.898529266790000065e+02
-5.983205687629999829e+02
-5.862377401420000069e+02
-5.939323551180000322e+02
-5.943760660389999657e+02
-5.956426569410000411e+02
-5.754111854830000539e+02
-5.967797506949999615e+02
-5.904399049630000036e+02
-5.938372447279999733e+02
-5.850796053960000336e+02
-5.794620793469999853e+02
-5.976249143109999977e+02
-5.989292176540000128e+02
-5.920439799890000359e+02
-5.932907815790000541e+02
-5.939497403740000436e+02
-5.887227357929999698e+02
-5.730776651080000192e+02
-5.938608324709999806e+02
-5.819453402230000165e+02
-5.908288646009999638e+02
-5.843838153079999529e+02
-5.915664790600000060e+02
-5.863893940650000332e+02
-5.937367435359999490e+02
-5.960211050139999998e+02
-5.868723441130000538e+02
-5.964817877970000382e+02
-5.867663713890000281e+02
-5.831756257629999709e+02
-5.803176811759999509e+02
-5.866578557530000353e+02
-5.919620805179999934e+02
-5.933668538690000105e+02
-5.950485636759999579e+02
-5.984494012669999847e+02
-5.925642842879999534e+02
-5.975000508189999664e+02
-5.992333563820000109e+02
-5.975056714920000331e+02
-5.857328646439999602e+02
-5.986501499700000295e+02
-6.009616600360000120e+02
-5.808685019629999715e+02
-5.896064425209999627e+02
-5.914310273249999454e+02
-5.924491793769999504e+02
-5.846666028700000197e+02
-6.028694337199999609e+02
-5.983261800540000195e+02
-5.774584679839999808e+02
-6.004072673980000445e+02
-5.941181390509999574e+02
-5.972453031090000195e+02
-6.004791106610000497e+02
-5.988911360590000186e+02
-5.907469889000000194e+02
-5.989025834579999810e+02
-5.908733982390000392e+02
-5.902736130709999998e+02
-5.908331829049999442e+02
-5.934508321800000203e+02
-5.969830242220000400e+02
-5.965438767929999813e+02
-6.010845440069999768e+02
-5.826000953479999680e+02
-5.851308935350000411e+02
-5.944283360800000082e+02
-5.694922760020000396e+02
-5.990182461099999500e+02
-6.002461776280000549e+02
-6.008321042070000431e+02
-5.976230548009999666e+02
-5.982364151210000500e+02
-5.936884139860000005e+02
-5.985020626780000157e+02
-5.979657257979999940e+02
-5.763504742899999655e+02
-5.784269490860000360e+02
-5.880458876999999802e+02
-5.887227163469999596e+02
-5.912213610100000096e+02
-6.035301044689999799e+02
-5.912680439719999868e+02
-5.919277619319999530e+02
-5.927307004010000355e+02
-5.929456793760000437e+02
-5.879660987610000120e+02
-5.784891201189999492e+02
-6.000370649559999947e+02
-5.981324808819999816e+02
-5.911769807870000477e+02
-5.998710848040000201e+02
-5.949492963059999511e+02
-6.021727862449999975e+02
-5.988842833549999796e+02
-5.842633032600000433e+02
-5.780504520360000242e+02
-5.928953698950000444e+02
-5.891026976230000400e+02
-5.969948688340000444e+02
-5.861838645689999794e+02
-5.898406894500000135e+02
-5.971413909520000516e+02
-6.009612746850000349e+02
-5.977259412629999815e+02
-5.772484192709999888e+02
-6.004834483859999636e+02
-5.968352533570000560e+02
-5.908749850210000432e+02
-5.994446697580000318e+02
-5.952056555079999498e+02
-5.980141909689999693e+02
-6.007415504350000219e+02
-6.017702218069999844e+02
-6.004795249210000065e+02
-5.961184164879999798e+02
-5.856245400269999664e+02
-5.938081748780000453e+02
-5.886225229770000169e+02
-5.928447026759999972e+02
-5.980820242439999674e+02
-6.000698547150000195e+02
-5.840182533539999667e+02
-5.905951224560000128e+02
-5.988024399749999702e+02
-5.971761639799999557e+02
-5.878901733320000176e+02
-5.783364741430000322e+02
-5.990366848009999785e+02
-5.963815923700000212e+02
-5.971449191010000277e+02
-6.003059090030000107e+02
-5.853475682099999631e+02
-5.900170141349999540e+02
-6.023234603990000551e+02
-5.938514939220000315e+02
-5.945906513679999534e+02
-5.988922755459999507e+02
-5.891862438489999931e+02
-5.940271876430000475e+02
-5.872056545750000396e+02
-5.886607548670000369e+02
-5.972144849830000339e+02
-5.920886175990000311e+02
-5.877164062990000275e+02
-5.919239320159999806e+02
-5.897501457109999592e+02
-5.737053950990000430e+02
-5.744166425290000006e+02
-5.646850757690000364e+02
-5.808332465769999544e+02
-5.707380391650000320e+02
-5.739930281839999680e+02
-6.005844594830000460e+02
-5.995612990780000473e+02
-5.930721755619999840e+02
-5.825917906519999860e+02
-5.978817148870000437e+02
-5.832547531010000057e+02
-5.826723345139999992e+02
-5.970031468129999439e+02
-5.964192048200000045e+02
-5.875929367820000380e+02
-5.984202862250000408e+02
-5.726000233580000440e+02
-5.976157846190000100e+02
-6.006466173100000105e+02
-5.925838930480000499e+02
-5.762828096289999849e+02
-5.954744113819999711e+02
-5.952915897699999732e+02
-5.953967044199999918e+02
-5.899466380720000416e+02
-6.010597755589999451e+02
-6.005920397830000184e+02
-5.966016311419999738e+02
-5.933513674749999609e+02
-5.837634485749999840e+02
-5.945371815580000430e+02
-5.859448750999999902e+02
-5.999895886350000183e+02
-5.869328627029999552e+02
-5.966545480380000299e+02
-5.846987441219999937e+02
-5.988520838870000489e+02
-5.942780604800000219e+02
-5.904445283479999489e+02
-5.794105154339999899e+02
-5.963227151019999610e+02
-5.937916952049999963e+02
-5.957150425690000475e+02
-5.849202990750000026e+02
-5.925082426090000354e+02
-5.836163501940000060e+02
-5.961301601320000145e+02
-5.946399561900000208e+02
-5.916730285889999550e+02
-5.929861909869999863e+02
-5.956149539570000115e+02
-5.818396503589999611e+02
-5.768746001240000396e+02
-5.850590992859999915e+02
-5.931946720030000506e+02
-5.989621304360000522e+02
-5.853261402319999434e+02
-5.947498522350000485e+02
-5.986560356050000564e+02
-5.827596320730000343e+02
-5.833110940719999462e+02
-5.819120748369999774e+02
-5.764681306400000267e+02
-5.975526229219999550e+02
-5.946782878129999972e+02
-5.914226816000000326e+02
-6.003344353259999480e+02
-5.945624685499999487e+02
-5.949444677779999893e+02
-5.877956462040000361e+02
-5.959635956350000470e+02
-6.005437258330000532e+02
-5.879744232570000122e+02
-5.923713484370000515e+02
-5.889044826629999534e+02
-5.887191391930000464e+02
-5.621124796770000103e+02
-5.784989432889999534e+02
-5.835209991110000374e+02
-5.990178221290000238e+02
-5.975532106780000277e+02
-5.838667506020000246e+02
-5.737227812989999620e+02
-5.971587163709999686e+02
-5.969112827709999465e+02
-5.944036402189999535e+02
-5.877212957970000389e+02
-5.889945139899999731e+02
-5.931071206049999773e+02
-6.010900135860000546e+02
-5.921882659760000251e+02
-5.900599665280000181e+02
-5.887688963419999482e+02
-5.970924146439999731e+02
-5.925159399699999767e+02
-5.931615301760000420e+02
-5.904427063709999857e+02
-5.823921009350000304e+02
-5.962594710209999675e+02
-5.856583471210000198e+02
-5.916211782560000074e+02
-5.980206718079999746e+02
-5.824553747620000195e+02
-5.829854115580000098e+02
-5.986248188340000524e+02
-5.910195215349999671e+02
-5.704697822619999670e+02
-5.841961439579999933e+02
-6.033528443809999544e+02
-5.922089269419999482e+02
-6.004249222229999532e+02
-5.730470962849999523e+02
-5.922273589320000156e+02
-5.972975145440000233e+02
-5.924354701989999512e+02
-5.909565490910000563e+02
-5.917117808330000344e+02
-5.603773419240000067e+02
-6.026494918470000357e+02
-5.801779637079999929e+02
-5.988476986739999575e+02
-5.855248608699999977e+02
-5.933556549859999905e+02
-5.892688695829999688e+02
-5.916269607120000273e+02
-5.775283651570000529e+02
-5.811535675059999448e+02
-5.798786347340000020e+02
-5.796315165260000413e+02
-5.919297642169999563e+02
-5.975685921929999722e+02
-6.006022315039999739e+02
-5.708208674449999762e+02
-5.836721157330000551e+02
-5.917891731590000290e+02
-5.779876500560000068e+02
-5.885583212789999834e+02
-5.993285252760000503e+02
-5.979248547920000192e+02
-5.842763976899999534e+02
-5.801458657399999765e+02
-5.937493029820000174e+02
-5.847671469680000200e+02
-5.783481311040000037e+02
-5.960489567759999545e+02
-5.802700383100000181e+02
-5.600984353820000479e+02
-5.900968977889999678e+02
-5.638633300180000560e+02
-5.846383023339999454e+02
-5.910801021180000134e+02
-5.975704629140000179e+02
-5.973235974250000027e+02
-5.914956002830000443e+02
-5.956101956090000158e+02
-5.930886447599999656e+02
-5.978586993469999697e+02
-5.863957669320000150e+02
-6.001911779050000177e+02
-5.946384797900000194e+02
-5.933285028789999842e+02
-6.006223328549999678e+02
-5.934163430559999597e+02
-5.969393290670000169e+02
-6.029582122159999926e+02
-5.940955548560000352e+02
-5.980075007489999734e+02
-5.878036768209999536e+02
-5.935663261920000195e+02
-5.836647450640000443e+02
-5.772180428489999713e+02
-5.865783066499999450e+02
-5.879360717089999753e+02
-5.889613376060000292e+02
-5.893580167039999651e+02
-5.619712321629999678e+02
-5.798955653680000069e+02
-5.824460663339999655e+02
-5.926146770320000314e+02
-6.017041099079999640e+02
-5.895829615850000209e+02
-5.994422962200000029e+02
-5.696507967869999902e+02
-5.880883353929999657e+02
-5.934600934479999523e+02
-5.972439819449999732e+02
-5.900239486909999869e+02
-5.838587640910000118e+02
-5.800441950160000033e+02
-5.958053002350000042e+02
-5.723496053999999731e+02
-5.831417627280000033e+02
-5.967224527350000471e+02
-6.023663469819999818e+02
-5.828411853019999853e+02
-5.866094184930000210e+02
-5.986190712420000182e+02
-5.954608742589999792e+02
-5.855705801870000187e+02
-5.851456008149999661e+02
-5.961368276270000024e+02
-5.917482218439999997e+02
-5.931805368200000430e+02
-5.770976846730000034e+02
-5.943260504419999961e+02
-5.857360707970000249e+02
-5.912373602300000357e+02
-5.982633752970000387e+02
-5.708189728029999515e+02
-5.912597969280000143e+02
-5.940478166090000514e+02
-5.972152535330000092e+02
-5.871902825019999455e+02
-5.903529624709999553e+02
-5.857876802739999675e+02
-5.964872894449999876e+02
-5.933315775610000173e+02
-5.989851806509999506e+02
-5.951968134590000545e+02
-5.844774529789999633e+02
-5.881494292490000362e+02
-5.960571805570000379e+02
-5.918336811509999507e+02
-5.997319709719999992e+02
-5.927700832059999811e+02
-5.937229132789999539e+02
-5.912868744209999932e+02
-5.820113071519999721e+02
-5.939502075090000517e+02
-5.831915136159999520e+02
-5.998859497460000512e+02
-5.966091652029999750e+02
-5.889562833500000352e+02
-5.937445069189999458e+02
-5.921309813679999934e+02
-5.967513757379999788e+02
-5.859954028439999547e+02
-5.835969654839999521e+02
-5.542089387190000025e+02
-5.726473732120000477e+02
-5.660443119719999459e+02
-5.824868747420000545e+02
-5.923661076549999507e+02
-5.913445144360000540e+02
-5.956247702790000176e+02
-5.886403857650000191e+02
-5.895449372880000283e+02
-5.935482441740000468e+02
-5.959632825899999489e+02
-5.653185432789999822e+02
-5.933914703200000531e+02
-5.880920639700000265e+02
-5.949835842520000142e+02
-6.002870570809999435e+02
-5.936853130859999510e+02
-5.950154167639999514e+02
-5.885888883540000052e+02
-5.797292823179999459e+02
-5.833251858160000438e+02
-5.965448333709999815e+02
-5.938389617560000033e+02
-5.994504057489999695e+02
-5.974779788810000127e+02
-5.865516046589999632e+02
-5.945417955789999951e+02
-5.805157055690000334e+02
-5.915747359399999823e+02
-5.910145162979999895e+02
-5.929170861349999768e+02
-5.989340312150000045e+02
-6.020778416340000376e+02
-5.970025504579999733e+02
-5.964018815949999635e+02
-6.000425132550000171e+02
-5.937999990609999941e+02
-5.942520027110000456e+02
-5.983171304219999911e+02
-5.846763081249999914e+02
-5.871726295350000555e+02
-5.942988753659999475e+02
-5.796999844340000436e+02
-5.911490035909999960e+02
-5.952472124639999720e+02
-5.940304631989999962e+02
-5.896892783069999950e+02
-6.030229483209999444e+02
-5.929115230009999777e+02
-6.019057679889999690e+02
-5.851377598149999812e+02
-5.990351599370000031e+02
-5.976954414990000259e+02
-5.998392145760000176e+02
-5.968851062270000511e+02
-5.855326302639999767e+02
-5.793850678630000175e+02
-5.962638463819999970e+02
-5.971918942419999894e+02
-5.941488088109999808e+02
-5.765479697299999771e+02
-5.888971541949999846e+02
-5.846789348260000452e+02
-6.002352975640000068e+02
-5.883426977220000254e+02
-5.927921533039999531e+02
-6.037997734770000307e+02
-5.934052760390000003e+02
-5.856360787979999714e+02
-5.967638315030000058e+02
-6.023582798370000546e+02
-5.874882575719999522e+02
-5.889918314530000316e+02
-5.915160777400000143e+02
-5.988967869340000334e+02
-5.977520709570000008e+02
-5.975043629059999830e+02
-5.975391174899999669e+02
-5.995245960229999582e+02
-5.982648586400000568e+02
-5.882494118219999564e+02
-5.925952720450000015e+02
-5.712293264769999723e+02
-5.904994663090000131e+02
-6.018457680239999945e+02
-6.001698366320000559e+02
-5.946713981359999934e+02
-5.688988581520000025e+02
-5.969885350130000461e+02
-5.956087024030000521e+02
-5.922800584489999665e+02
-5.866861490510000294e+02
-5.785623969570000327e+02
-5.946706447330000174e+02
-5.902815923150000117e+02
-5.701112631769999552e+02
-5.965711585190000505e+02
-5.935257925209999712e+02
-5.963610735140000543e+02
-5.963474379159999899e+02
-5.859935970660000066e+02
-5.757180520970000543e+02
-5.806612943879999875e+02
-5.884296409710000262e+02
-5.934643304310000076e+02
-5.963100131139999576e+02
-5.929128825799999731e+02
-5.931841155790000357e+02
-5.972247437749999790e+02
-5.914494676189999609e+02
-6.013899278059999460e+02
-5.884679084959999500e+02
-6.006764595700000200e+02
