-5.941366774929999792e+02
-5.858193485279999777e+02
-5.932556735529999514e+02
-6.033713656439999795e+02
-6.019134433210000452e+02
-5.999052582220000431e+02
-5.989048397459999933e+02
-6.021809631080000145e+02
-5.921753687530000434e+02
-5.874671944770000209e+02
-6.044193490200000269e+02
-5.968282989580000049e+02
-6.021712958059999892e+02
-5.864126616859999785e+02
-5.881291510470000503e+02
-5.984465366450000374e+02
-5.931786397219999571e+02
-6.020728265599999531e+02
-5.940071206000000075e+02
-5.909537190229999624e+02
-5.895618560750000370e+02
-5.954969651710000562e+02
-5.848508621979999589e+02
-5.972838538810000273e+02
-5.915303977290000148e+02
-5.934524963220000018e+02
-5.976341434219999655e+02
-5.763307104629999458e+02
-6.020450506570000471e+02
-6.031872400460000563e+02
-6.052725331630000483e+02
-5.993302866950000407e+02
-5.962915225210000472e+02
-5.882164932240000326e+02
-5.999882864329999848e+02
-5.967434215929999937e+02
-5.902433022650000112e+02
-5.992665833830000111e+02
-5.988614562980000073e+02
-6.006384968400000162e+02
-5.981438481080000429e+02
-5.845947439210000312e+02
-5.850294152410000379e+02
-5.933065323549999448e+02
-5.945485734960000173e+02
-6.004278584749999936e+02
-5.984231893420000006e+02
-5.962673684169999433e+02
-5.940556242620000376e+02
-5.905883521929999915e+02
-5.944849135539999452e+02
-5.966738739569999552e+02
-5.964093664880000460e+02
-5.918705260169999747e+02
-5.986872734349999519e+02
-5.933982536940000045e+02
-5.995305517409999538e+02
-5.972652747959999715e+02
-5.944659271880000233e+02
-6.006278190210000503e+02
-5.883427414200000385e+02
-5.968869829310000341e+02
-5.843801243200000499e+02
-5.977403049380000084e+02
-6.024978501809999898e+02
-6.030520194270000047e+02
-5.876835391209999671e+02
-5.983467199980000260e+02
-5.990544430209999973e+02
-6.039394412990000092e+02
-5.966689046279999502e+02
-5.977393338609999773e+02
-6.060025699579999809e+02
-5.891196131450000166e+02
-6.003729273500000545e+02
-5.986142778119999548e+02
-5.986371614150000369e+02
-5.858716156169999749e+02
-5.966244822879999674e+02
-5.994006161669999528e+02
-5.944488424449999684e+02
-5.980785727779999661e+02
-5.962345838029999641e+02
-5.977292739470000242e+02
-5.906302276149999670e+02
-5.974793451220000406e+02
-6.043544047640000372e+02
-5.928505894280000348e+02
-5.940399449950000417e+02
-5.966729540960000122e+02
-5.997818381529999670e+02
-5.928852868400000489e+02
-5.994388973979999946e+02
-6.030861311610000257e+02
-5.929598736570000028e+02
-5.978293236980000529e+02
-6.004156068290000121e+02
-6.014091096849999758e+02
-5.918027415049999718e+02
-6.036267800910000005e+02
-5.978526698399999759e+02
-5.976265438010000253e+02
-5.923871190119999710e+02
-5.950019905489999701e+02
-5.923057571299999609e+02
-5.856121468820000473e+02
-5.870352518250000458e+02
-5.916661159200000384e+02
-5.992874039859999584e+02
-6.031803712900000392e+02
-5.891994317610000280e+02
-6.024439455899999984e+02
-5.997810642809999990e+02
-5.999373973399999613e+02
-5.991313817720000543e+02
-5.937212322990000075e+02
-5.922826459560000103e+02
-5.959223861149999948e+02
-5.959366849169999796e+02
-6.035614579320000530e+02
-5.978263220930000443e+02
-5.998154347270000244e+02
-5.875498385229999485e+02
-5.843431094960000109e+02
-5.883780131459999438e+02
-5.975709619850000536e+02
-5.903471030939999764e+02
-5.917739377149999882e+02
-5.869924963979999575e+02
-5.701645860830000174e+02
-5.852218659940000407e+02
-5.986709416959999999e+02
-5.863164633479999566e+02
-5.955986527080000315e+02
-5.866061000500000091e+02
-5.913533133519999865e+02
-5.999051187610000397e+02
-5.988650892299999668e+02
-6.022891200420000359e+02
-5.979475892939999540e+02
-6.007913668310000048e+02
-6.016178913520000151e+02
-6.052870381180000550e+02
-5.973086956070000042e+02
-5.873613190150000491e+02
-5.967693200669999669e+02
-6.012424185329999773e+02
-6.025281631249999919e+02
-5.901925302209999700e+02
-5.913223241880000387e+02
-5.925337137909999683e+02
-5.996424097929999562e+02
-6.026548619840000356e+02
-6.011653840879999962e+02
-5.948806142219999629e+02
-5.932970001959999991e+02
-5.995777483260000054e+02
-5.992367903099999467e+02
-6.027536725449999722e+02
-6.004741644050000104e+02
-5.974788351009999587e+02
-5.910402360279999812e+02
-6.036657224269999915e+02
-6.031400337720000380e+02
-6.013050454740000532e+02
-6.001706741589999865e+02
-5.893384794359999432e+02
-5.859569028969999636e+02
-5.990764074700000492e+02
-5.952046228509999537e+02
-5.915279810289999887e+02
-5.794170970049999596e+02
-5.964379550800000516e+02
-6.000444507370000338e+02
-5.899935371860000259e+02
-5.913488689619999832e+02
-6.019972854710000547e+02
-6.031591755209999519e+02
-6.011286960490000411e+02
-5.834804190180000205e+02
-5.998687984470000174e+02
-6.039496369739999864e+02
-6.059350404110000454e+02
-6.002794024859999809e+02
-5.954010938569999780e+02
-5.999155202360000203e+02
-6.065038767089999965e+02
-5.981796488810000483e+02
-6.018656519579999440e+02
-5.966758414759999596e+02
-5.920637821069999518e+02
-5.899782845119999592e+02
-6.027334402879999971e+02
-6.032723668019999650e+02
-5.975257384929999489e+02
-6.026625689259999490e+02
-5.965261435290000236e+02
-5.925080294790000153e+02
-5.877239476720000084e+02
-5.994114277610000272e+02
-5.820150726260000056e+02
-5.991483942029999525e+02
-6.040066384460000108e+02
-6.035970019769999908e+02
-6.031242163010000468e+02
-5.848028826260000415e+02
-5.898430640670000003e+02
-5.926290832759999603e+02
-5.990749389620000329e+02
-5.855332667950000314e+02
-6.000566686619999928e+02
-5.972901741069999844e+02
-5.977343522789999497e+02
-5.986751353380000182e+02
-5.962832423180000205e+02
-6.043937757730000158e+02
-6.036337288309999849e+02
-5.958242512450000277e+02
-5.771220199030000231e+02
-5.822577646140000525e+02
-5.880360783039999433e+02
-5.802909006610000233e+02
-5.949549234200000001e+02
-5.819112657470000158e+02
-5.907318215469999814e+02
-5.921408664750000526e+02
-5.887084212710000202e+02
-5.986826689939999824e+02
-5.973169356150000340e+02
-6.006136164690000214e+02
-5.912780427919999511e+02
-6.024619074720000071e+02
-5.815326426399999491e+02
-6.008889984050000521e+02
-5.985766902430000300e+02
-5.952193294180000294e+02
-5.930128654220000044e+02
-5.932550094790000230e+02
-5.995737217590000228e+02
-5.838454980559999967e+02
-5.959687731320000239e+02
-5.878427401930000542e+02
-5.921245367970000189e+02
-5.870238856180000084e+02
-6.027150415580000526e+02
-5.890392742330000146e+02
-6.019234853860000385e+02
-5.955800286930000311e+02
-6.020727863179999986e+02
-5.994703479470000502e+02
-5.879043333839999832e+02
-5.994861648449999620e+02
-5.792857604089999768e+02
-5.859312951609999800e+02
-5.906832000570000218e+02
-5.978478101929999866e+02
-5.988650650020000512e+02
-5.995079342349999934e+02
-6.009659398710000460e+02
-5.974483859599999960e+02
-6.057351581010000245e+02
-5.916852106479999520e+02
-5.885751604069999985e+02
-5.999562490900000284e+02
-5.979204405970000380e+02
-5.949141620760000251e+02
-5.958690657439999541e+02
-6.020830092180000293e+02
-5.938308476959999780e+02
-6.022829723569999487e+02
-5.958059605370000327e+02
-6.023399448919999486e+02
-6.007766767750000554e+02
-5.966872644039999614e+02
-6.037536370779999970e+02
-6.000496309899999687e+02
-6.032374432279999610e+02
-6.025358788280000226e+02
-5.989504213940000454e+02
-5.822240276349999704e+02
-5.925413868099999490e+02
-5.982034418570000298e+02
-5.864618775889999824e+02
-5.721800118869999778e+02
-5.997905339769999955e+02
-5.931630038700000114e+02
-5.949636069509999743e+02
-5.957361379650000117e+02
-6.058503498180000406e+02
-5.938034990190000144e+02
-6.004893873700000313e+02
-5.979853798540000298e+02
-6.011990521909999643e+02
-5.982794023120000020e+02
-6.013118156570000110e+02
-5.993295361909999883e+02
-5.913087070169999606e+02
-5.977823532869999781e+02
-5.969240313990000004e+02
-6.037374225209999850e+02
-6.022026410570000508e+02
-5.885430941529999700e+02
-5.913384273980000216e+02
-6.010700657910000473e+02
-5.903905616380000083e+02
-6.007165678549999939e+02
-5.862113795660000051e+02
-5.935219863920000307e+02
-5.895565371679999771e+02
-5.971323566659999642e+02
-5.908904783850000513e+02
-5.995163697369999909e+02
-5.982643441909999638e+02
-5.854793725089999725e+02
-6.009904619019999927e+02
-5.994806818680000333e+02
-5.915849042779999536e+02
-5.975865452739999455e+02
-6.030394232170000350e+02
-6.029176580480000212e+02
-6.007656114610000486e+02
-5.910003521710000314e+02
-5.975082451800000172e+02
-6.010852676389999942e+02
-5.993732534319999559e+02
-5.983243766629999527e+02
-5.958830365329999950e+02
-5.928450505719999910e+02
-6.000178743489999533e+02
-5.935416991590000180e+02
-5.944639966009999625e+02
-5.961140800169999920e+02
-5.971010211899999831e+02
-5.946031019250000327e+02
-5.988624270269999670e+02
-5.886156821289999925e+02
-5.926216387250000253e+02
-5.951768559570000434e+02
-5.960288879460000544e+02
-5.892101218139999901e+02
-5.999643089840000130e+02
-6.017798668550000230e+02
-6.014528872490000140e+02
-5.922201812810000092e+02
-5.958725801829999682e+02
-5.969605041080000092e+02
-5.938418838879999839e+02
-6.037254985179999949e+02
-6.000190220160000081e+02
-5.844612193919999754e+02
-5.943620134899999812e+02
-5.896788098150000224e+02
-5.927981883830000243e+02
-5.992323693240000466e+02
-5.951010127020000482e+02
-6.030504774629999929e+02
-6.019100839059999544e+02
-5.994396316639999895e+02
-5.897667786800000158e+02
-5.922146212439999999e+02
-5.934626855510000496e+02
-5.846738661110000521e+02
-5.776914188680000279e+02
-5.849911929520000058e+02
-5.777565161999999646e+02
-5.872903659529999914e+02
-5.921795586189999767e+02
-5.845209122160000561e+02
-5.541307692110000289e+02
-5.917247448000000531e+02
-5.860089555350000410e+02
-5.915451900120000346e+02
-5.916061028970000280e+02
-5.832577004749999787e+02
-5.883992294820000097e+02
-5.967158756630000198e+02
-5.948873886239999820e+02
-5.998012386950000518e+02
-5.989069409979999818e+02
-5.807963513720000037e+02
-5.884702149910000344e+02
-6.005054584839999734e+02
-5.998056972790000145e+02
-6.027799380090000341e+02
-6.040061625560000493e+02
-5.987010822559999497e+02
-5.987480809859999908e+02
-5.854652955550000115e+02
-6.010450621689999480e+02
-5.870412469980000196e+02
-5.996683535829999983e+02
-6.021384908730000234e+02
-5.803253277850000131e+02
-5.903740626810000549e+02
-5.945961653589999969e+02
-5.928027855770000087e+02
-5.887565974919999690e+02
-5.891230629650000310e+02
-5.907069084190000012e+02
-5.986562920049999548e+02
-6.028009101489999466e+02
-6.001352474599999596e+02
-5.963334945990000051e+02
-5.955509320840000100e+02
-5.930262630839999929e+02
-6.009231060700000171e+02
-5.983842277579999518e+02
-5.845661890420000191e+02
-5.985844932999999628e+02
-5.912257444550000400e+02
-5.927679151830000137e+02
-5.911393809080000210e+02
-6.012314853499999572e+02
-5.746112880480000058e+02
-5.970945533740000428e+02
-6.016928547899999558e+02
-5.955423904489999813e+02
-5.943293767449999905e+02
-6.024573328689999698e+02
-5.907034925079999539e+02
-5.840722202560000369e+02
-6.053855413019999787e+02
-6.044033591969999861e+02
-6.024327228160000232e+02
-6.039476811470000257e+02
-5.994501723409999840e+02
-5.898796229829999902e+02
-5.992462866829999939e+02
-5.994361727949999477e+02
-5.962849916000000121e+02
-5.756877249970000321e+02
-5.874595078319999857e+02
-6.004584837959999959e+02
-5.999751804700000548e+02
-5.958620945850000226e+02
-5.923874406600000384e+02
-5.892642911259999892e+02
-6.026765708090000544e+02
-5.957101367559999971e+02
-5.954692100800000389e+02
-5.849516654100000324e+02
-6.042586692910000465e+02
-5.981878225299999485e+02
-5.923604148480000049e+02
-6.005142802110000275e+02
-5.962285462470000539e+02
-6.017375844419999567e+02
-6.016228153629999724e+02
-6.052601869320000105e+02
-5.981824670270000297e+02
-5.993418773820000069e+02
-6.032155108230000451e+02
-5.993508009710000124e+02
-5.936670408510000243e+02
-5.995700608119999515e+02
-6.011804812750000337e+02
-6.033809102809999558e+02
-5.997113866070000086e+02
-5.943278057579999540e+02
-5.937571847719999596e+02
-6.023360753660000455e+02
-6.014199408910000102e+02
-5.985427727610000375e+02
-5.976492820490000213e+02
-5.878598228009999502e+02
-5.949811854099999664e+02
-5.907142722459999504e+02
-5.972871327130000054e+02
-6.036378445289999490e+02
-5.974619699889999538e+02
-6.023801986759999636e+02
-5.955173896740000146e+02
-5.978656097179999733e+02
-5.977972176020000461e+02
-5.888523447400000350e+02
-5.917284766310000350e+02
-6.000908047020000140e+02
-5.958811177860000043e+02
-5.974611840100000109e+02
-5.951496257310000146e+02
-6.019640302310000379e+02
-5.969540939749999779e+02
-5.892840108689999852e+02
-5.898956893739999714e+02
-6.003720351160000064e+02
-6.002507821189999504e+02
-5.984892141000000265e+02
-5.981256755030000249e+02
-5.947367432949999966e+02
-5.974963606520000212e+02
-6.000894074269999692e+02
-6.001268403909999734e+02
-5.896692665560000250e+02
-5.966650893400000086e+02
-5.946205556500000284e+02
-5.836326110479999443e+02
-5.979482793240000547e+02
-6.004315711570000076e+02
-5.891400534609999795e+02
-5.976914019790000339e+02
-5.929374935969999569e+02
-6.027861175709999770e+02
-5.970472083170000133e+02
-5.986382674679999809e+02
-5.918339428210000506e+02
-5.859431410229999528e+02
-5.801287864449999461e+02
-5.957512748079999483e+02
-5.970701516469999888e+02
-5.902801013649999504e+02
-6.018474647340000274e+02
-5.992710403119999683e+02
-5.795040946579999854e+02
-6.004242211629999701e+02
-5.927313724079999702e+02
-5.864573182929999575e+02
-5.973210387000000310e+02
-5.983601072039999735e+02
-5.876092407810000395e+02
-5.904251885539999876e+02
-5.981845122099999799e+02
-5.947143099549999761e+02
-5.973474248530000068e+02
-6.014801625830000376e+02
-5.890736320190000015e+02
-5.949100594020000017e+02
-6.001900420790000226e+02
-5.923290036299999883e+02
-5.981277112840000427e+02
-5.988094584780000105e+02
-6.040841012890000457e+02
-5.933232037129999981e+02
-6.019349028880000105e+02
-5.931380463479999889e+02
-5.989237349239999730e+02
-5.917417774399999644e+02
-5.963874393109999801e+02
-6.047236819710000191e+02
-6.005765115689999902e+02
-6.041408617499999991e+02
-5.973405243790000441e+02
-6.008397268610000310e+02
-6.006248025339999685e+02
-5.875036647389999871e+02
-5.908790488189999905e+02
-5.965479829969999628e+02
-5.929830037100000482e+02
-6.024015086519999613e+02
-6.000222171499999604e+02
-5.947203255629999603e+02
-5.898449679389999574e+02
-5.942230505920000496e+02
-5.956308190180000111e+02
-5.914501391300000250e+02
-5.939238287140000239e+02
-5.961336920029999646e+02
-5.981039068640000096e+02
-5.982091720040000382e+02
-5.937041618599999993e+02
-5.853962075389999882e+02
-5.949739938540000139e+02
-5.946871183340000471e+02
-5.900869487280000385e+02
-5.893719729900000175e+02
-5.966836225009999453e+02
-6.012181286620000265e+02
-5.978597261610000260e+02
-5.825292413600000145e+02
-6.002377270690000159e+02
-5.983708458849999943e+02
-6.034522461179999482e+02
-5.914098581509999804e+02
-5.977176968779999697e+02
-5.966151318099999799e+02
-5.864836536100000330e+02
-5.847404176159999452e+02
-6.008317419899999550e+02
-5.956560937880000210e+02
-6.027024842419999686e+02
-6.040542816910000283e+02
-5.900247879549999652e+02
-6.057335681309999700e+02
-5.883484324150000475e+02
-5.833167379440000104e+02
-5.698289877600000182e+02
-5.874630729699999847e+02
-5.894415898700000298e+02
-5.825016930089999505e+02
-5.911404438009999467e+02
-6.000771925999999894e+02
-6.027690906960000348e+02
-5.962940415870000379e+02
-5.852036729540000124e+02
-6.018865408090000528e+02
-6.019920024409999542e+02
-5.854464722569999822e+02
-5.968283611419999488e+02
-5.963558376510000016e+02
-5.995524171719999913e+02
-5.877468344530000195e+02
-5.819296473650000507e+02
-6.011749552810000523e+02
-5.939955707699999721e+02
-5.972715623029999961e+02
-5.958238701950000404e+02
-5.980543024050000440e+02
-6.035913885490000439e+02
-5.983339275450000514e+02
-5.960611147250000386e+02
-5.984633993469999496e+02
-5.905928371940000261e+02
-5.955597281090000479e+02
-5.948479867739999918e+02
-5.963233883880000121e+02
-5.876193106719999832e+02
-5.935907365540000455e+02
-5.950315917990000116e+02
-5.901679780670000355e+02
-5.973469276969999555e+02
-5.990598410239999794e+02
-6.010045861830000149e+02
-5.880512094780000325e+02
-6.044889824540000518e+02
-5.950239083120000032e+02
-5.937180418530000452e+02
-5.901190979900000002e+02
-6.025599599780000517e+02
-6.007294603740000412e+02
-5.908840130490000320e+02
-6.014161153579999564e+02
-6.055890286620000325e+02
-5.872530869229999553e+02
-6.024969059019999804e+02
-5.982564116209999838e+02
-5.922236870100000488e+02
-6.026146948040000098e+02
-6.001113817970000355e+02
-5.987288685129999521e+02
-6.024396632420000515e+02
-5.976271692850000363e+02
-5.903448107269999809e+02
-5.961821042950000447e+02
-5.947208781360000103e+02
-5.912008047199999510e+02
-5.714931571890000441e+02
-5.968033829930000138e+02
-6.000871992370000498e+02
-5.909651127920000135e+02
-6.023736239270000397e+02
-6.029111450729999433e+02
-5.857658632960000205e+02
-5.997200636620000296e+02
-5.991337744759999850e+02
-6.027762974620000023e+02
-6.045028236739999556e+02
-5.968619204369999807e+02
-5.935025689359999888e+02
-5.996104090490000544e+02
-6.024518988390000231e+02
-5.987182870589999766e+02
-5.913619643900000256e+02
-5.962747780360000434e+02
-5.945581006579999439e+02
-5.981023629649999975e+02
-5.825779769219999480e+02
-5.899500806649999731e+02
-5.911145748449999928e+02
-5.903865745719999722e+02
-5.969963410230000136e+02
-6.045583494610000344e+02
-6.044526967450000257e+02
-5.992724290539999856e+02
-5.953291556760000276e+02
-5.921491511509999555e+02
-6.025404757979999886e+02
-5.991590034309999737e+02
-6.030301629110000476e+02
-6.029148322370000415e+02
-6.037019762420000006e+02
-5.953190739719999556e+02
-5.999089229610000302e+02
-5.915270998559999498e+02
-6.019339762560000509e+02
-5.957322293570000511e+02
-5.933240615949999892e+02
-6.041990888640000321e+02
-6.027278648830000520e+02
-6.019099377439999898e+02
-5.939292697040000348e+02
-5.920438139320000346e+02
-6.052933389519999992e+02
-5.931683430040000076e+02
-5.890885450030000356e+02
-5.919800493059999553e+02
-5.731869942829999900e+02
-5.952738868830000456e+02
-6.043847075359999508e+02
-5.975176750179999772e+02
-5.968940695979999873e+02
-5.971194876380000096e+02
-5.990816626639999640e+02
-5.979758409769999616e+02
-5.957919413759999543e+02
-5.996451013829999965e+02
-5.907834227199999759e+02
-5.951207605570000396e+02
-5.996498993659999996e+02
-6.019880478540000013e+02
-5.969085813750000398e+02
-5.990292348479999873e+02
-5.947604124480000110e+02
-5.850263873669999839e+02
-6.025674428569999463e+02
-6.002963222649999580e+02
-5.974472578190000149e+02
-5.986633427990000200e+02
-6.031616835019999598e+02
-5.854014783459999762e+02
-5.914517952730000161e+02
-6.009804146919999539e+02
-5.988708118189999823e+02
-6.008596806819999756e+02
-5.989018593260000216e+02
-5.944429119640000181e+02
-5.928938306520000197e+02
-5.841016205040000386e+02
-5.866577159270000266e+02
-5.786516371779999872e+02
-5.956293945339999709e+02
-5.955903638659999615e+02
-5.991087957400000050e+02
-6.058112654970000222e+02
-5.998581149699999742e+02
-5.898720705160000080e+02
-5.963338813620000565e+02
-5.928132352180000453e+02
-5.942291823269999895e+02
-6.009179750089999743e+02
-5.973863783069999727e+02
-5.967405116400000225e+02
-5.990827954860000091e+02
-6.008042886289999842e+02
-5.804807421100000511e+02
-5.893910117540000329e+02
-5.811899603079999679e+02
-5.887980506100000184e+02
-5.933060664920000136e+02
-6.008570885210000370e+02
-5.993324094309999737e+02
-5.959188854840000431e+02
-5.999145450720000099e+02
-5.945903340590000425e+02
-5.903342266649999601e+02
-5.951754478650000237e+02
-5.911332672419999881e+02
-6.011071441249999907e+02
-5.899902850260000378e+02
-5.919926062749999573e+02
-6.033478538739999522e+02
-5.929789397670000426e+02
-5.963976739470000439e+02
-5.978771036000000549e+02
-5.938150091689999499e+02
-5.981776514749999478e+02
-6.009127099459999499e+02
-6.014198268820000521e+02
-5.897142540370000461e+02
-5.975176741310000352e+02
-5.908464359429999604e+02
-6.009482593689999703e+02
-5.976787600469999688e+02
-5.980468272680000155e+02
-5.887976614130000144e+02
-5.915562836479999760e+02
-5.923103304740000112e+02
-5.858943506509999679e+02
-5.911307638099999622e+02
-5.988829970130000220e+02
-5.982711249220000127e+02
-6.018564613659999623e+02
-5.952702938520000089e+02
-6.008588800369999490e+02
-5.932223356810000041e+02
-5.921263027530000045e+02
-5.901021176399999604e+02
-6.026428342680000014e+02
-5.955270377059999873e+02
-5.981880555330000107e+02
-5.980135989020000125e+02
-5.987328818570000522e+02
-5.899845359849999795e+02
-5.886626869689999921e+02
-5.971492485810000517e+02
-5.981067900250000093e+02
-5.941159751139999798e+02
-5.904118363699999463e+02
-5.993266231659999903e+02
-6.023671496639999532e+02
-5.866321127090000118e+02
-5.946496948449999991e+02
-5.969531794570000329e+02
-5.987750724759999912e+02
-5.959506029000000353e+02
-5.955147767900000417e+02
-6.021415052610000203e+02
-5.962317774350000263e+02
-5.959821418699999640e+02
-6.005586896160000379e+02
-5.928598440319999554e+02
-6.027963432569999895e+02
-6.030827713139999560e+02
-5.883063968640000212e+02
-5.933702982280000242e+02
-5.872382686979999562e+02
-5.982609543869999698e+02
-6.022367782259999558e+02
-6.019649842070000432e+02
-6.017583206360000077e+02
-5.971324673709999615e+02
-5.944175306460000456e+02
-5.971591467270000066e+02
-5.994764161609999746e+02
-6.008301296979999506e+02
-5.999491886370000202e+02
-5.958710243169999785e+02
-5.937595001329999604e+02
-6.034618440440000313e+02
-6.024009513439999637e+02
-5.893892287720000240e+02
-6.031954897790000132e+02
-5.992566996619999600e+02
-6.002173851630000172e+02
-5.993967194370000016e+02
-5.936157061789999716e+02
-5.991581561919999785e+02
-5.978655384999999569e+02
-5.962938186730000325e+02
-6.037939395539999623e+02
-5.936920625039999777e+02
-6.028394587249999859e+02
-5.987251290010000275e+02
-5.939455390519999582e+02
-6.012958772639999552e+02
-5.888318721260000075e+02
-5.959405566650000310e+02
-5.955691627520000111e+02
-5.932793961969999827e+02
-5.939819451150000305e+02
-6.035569560159999583e+02
-6.026872432520000302e+02
-5.898803503950000504e+02
-5.985205670459999965e+02
-5.975370065150000300e+02
-5.671106213000000480e+02
-5.947797654060000241e+02
-5.980038706259999799e+02
-5.942320038020000084e+02
-6.018745027149999487e+02
-5.774821961760000022e+02
-5.841092370640000127e+02
-5.917334934279999743e+02
-5.867273673449999478e+02
-5.861781539979999707e+02
-5.967419503060000352e+02
-5.965300587159999850e+02
-5.978896841560000439e+02
-5.983056045800000220e+02
-5.994331387380000251e+02
-5.974627484950000280e+02
-5.990067363849999538e+02
-5.859015287109999690e+02
-5.979589790930000390e+02
-5.972117156000000477e+02
-5.971607736470000418e+02
-5.959385862320000342e+02
-5.997082561720000058e+02
-6.040661877869999898e+02
-5.973734109040000249e+02
-5.900118242199999941e+02
-5.835210959050000383e+02
-5.985105026039999530e+02
-5.904838180120000288e+02
-5.957710136379999994e+02
-5.940173926109999911e+02
-6.013650128680000080e+02
-6.008677837320000208e+02
-5.914826323920000277e+02
-6.002256822540000485e+02
-6.019154769680000072e+02
-6.009090001570000368e+02
-6.020937498499999947e+02
-6.052549732410000161e+02
-5.994573044999999638e+02
-5.934379092709999668e+02
-6.016711412060000157e+02
-5.832275695529999666e+02
-5.880845040570000037e+02
-5.988220639879999680e+02
-6.011177853189999496e+02
-5.977477749189999940e+02
-5.993036793290000332e+02
-5.999461479640000334e+02
-5.946310116380000181e+02
-5.990694912059999524e+02
-5.943458669909999799e+02
-5.893610379680000051e+02
-6.016615089970000554e+02
-5.997376079580000123e+02
-5.916939208339999823e+02
-6.019315160070000275e+02
-5.943442673739999691e+02
-6.034577299490000541e+02
-6.004343340359999956e+02
-6.037841511330000230e+02
-5.930184839459999466e+02
-5.929005798639999512e+02
-5.995181014480000385e+02
-5.986188335970000480e+02
-5.952451679270000113e+02
-5.990450708480000230e+02
-6.006761544959999810e+02
-5.955637023970000428e+02
-5.796752151230000436e+02
-6.002554134719999865e+02
-5.915209185090000119e+02
-5.947139047409999648e+02
-6.042663096730000234e+02
-5.848114951190000284e+02
-5.962181359940000220e+02
-6.070180132089999461e+02
-5.916343924220000190e+02
-5.957229007050000291e+02
-6.012759131929999512e+02
-6.002768139089999977e+02
-5.843453777170000194e+02
-5.973914198270000497e+02
-5.997116742700000032e+02
-5.960185671570000068e+02
-6.027378149730000132e+02
-5.915728695059999609e+02
-5.991674731419999489e+02
-6.001411484730000439e+02
-5.933849830159999783e+02
-5.978196242669999947e+02
-6.014245457309999665e+02
-5.922999515290000545e+02
-5.973295926490000056e+02
-5.999711527209999531e+02
-6.049588490520000050e+02
-5.923217604589999610e+02
-5.946275389969999878e+02
-5.913177766459999702e+02
-5.966960606689999622e+02
-5.934323781660000350e+02
-5.829290579239999488e+02
-5.865684830589999592e+02
-5.887554615190000504e+02
-5.746043267449999803e+02
-6.001879416110000420e+02
-6.035731390759999613e+02
-6.048508211869999514e+02
-5.966185850760000449e+02
-5.898658998810000185e+02
-5.962885185200000251e+02
-5.928622450320000326e+02
-5.969419474530000116e+02
-5.936803948240000182e+02
-5.959394009919999462e+02
-5.967853644599999825e+02
-5.963314415830000144e+02
-6.027404407129999981e+02
-5.904649713539999993e+02
-5.947410483590000467e+02
-5.956402950289999580e+02
-5.808659860699999626e+02
-5.958117165459999569e+02
-5.944075957940000308e+02
-5.898783295040000212e+02
-6.011786196450000261e+02
-5.969133636149999802e+02
-5.947293258270000251e+02
-6.046786099470000408e+02
-6.000629224369999974e+02
-6.019600472590000209e+02
-5.894667396810000355e+02
-5.976695327109999880e+02
-5.882873199619999696e+02
-6.002732421900000190e+02
-5.818624534629999516e+02
-5.964237814729999627e+02
-5.885536524460000010e+02
-5.877293986030000497e+02
-5.873771709390000524e+02
-6.003481892229999630e+02
-5.918345178170000054e+02
-6.031654214689999662e+02
-6.026795333449999816e+02
-5.943519700780000221e+02
-5.988704190890000518e+02
-6.026370377570000301e+02
-5.999230973039999526e+02
-5.917598785789999738e+02
-5.932655594159999737e+02
-5.885328925510000317e+02
-5.939131467380000231e+02
-5.881269248759999755e+02
-6.010511210079999955e+02
-5.884706234870000117e+02
-5.938643586519999644e+02
-6.043418378989999837e+02
-6.051968813460000547e+02
-5.911153907899999922e+02
-5.936996473320000405e+02
-6.009906196480000062e+02
-5.924092137290000437e+02
-6.023282838359999687e+02
-5.969922123430000056e+02
-5.973430137430000286e+02
-6.022629474120000168e+02
-5.990619067830000404e+02
-5.957756753190000154e+02
-5.938761805130000084e+02
-5.954383890630000451e+02
-6.003254758809999885e+02
-5.907744789959999707e+02
-5.777405276250000270e+02
-5.927745459510000501e+02
-5.926552144470000485e+02
-5.882547587069999508e+02
-5.925238361149999946e+02
-5.983953100659999791e+02
-5.930921539910000320e+02
-5.963485283029999664e+02
-6.019525290589999713e+02
-5.935189354679999951e+02
-5.812467174649999606e+02
-5.939796158589999777e+02
-5.888954863159999604e+02
-5.997244979590000185e+02
-6.037799204699999791e+02
-5.895985971449999852e+02
-5.922876750899999934e+02
-5.899296077069999455e+02
-6.040240056359999699e+02
-5.997239732739999454e+02
-6.058010232889999997e+02
-5.886321997090000195e+02
-5.831901120909999463e+02
-5.949519751190000534e+02
-6.002892858159999605e+02
-6.033960820610000155e+02
-6.043046631910000315e+02
-5.925311681199999612e+02
-5.918813032780000185e+02
-5.998929144910000559e+02
-6.008830723869999701e+02
-6.009310438840000188e+02
-5.976106375709999838e+02
-6.005089504730000272e+02
-5.925379228530000546e+02
-5.935607413420000285e+02
-5.948524645390000387e+02
-5.909084073679999847e+02
-5.985663659479999978e+02
-6.015964619359999688e+02
-5.973195001230000116e+02
-6.007907053760000053e+02
-5.936650370690000500e+02
-5.976493698750000476e+02
-6.041964543289999483e+02
-5.983781647060000068e+02
-5.994315080090000265e+02
-5.933944480599999451e+02
-6.005381279570000288e+02
-5.992168732310000223e+02
-5.882393861120000338e+02
-5.923863115640000387e+02
-5.908753490269999702e+02
-5.964168693929999563e+02
-5.927622635100000252e+02
-5.963389950759999465e+02
-6.007105740920000017e+02
-6.015051698979999628e+02
-6.006926867749999701e+02
-5.958385530629999494e+02
-6.026832176379999737e+02
-6.041275264119999520e+02
-6.025275124439999672e+02
-6.022414232050000464e+02
-6.026470174199999974e+02
-5.945418042469999591e+02
-5.963425064790000079e+02
-6.036003371110000444e+02
-5.965822334179999871e+02
-6.004135113400000137e+02
-6.011662084759999516e+02
-5.926347794590000149e+02
-5.931060950380000349e+02
-5.954656204740000476e+02
-6.016240264210000532e+02
-6.028707235910000009e+02
-6.028755404329999692e+02
-5.883805754339999794e+02
-5.919724871380000195e+02
-5.996226484210000081e+02
-6.014574178330000223e+02
-5.950983779919999961e+02
-5.960851262270000461e+02
-5.972943643280000288e+02
-6.033092545829999835e+02
-5.981510157889999846e+02
-6.014654640659999814e+02
-5.948962480200000300e+02
-5.946854006989999561e+02
-5.895155244730000277e+02
-5.993343703159999905e+02
-6.031695493429999715e+02
-6.033386420040000075e+02
-5.996820175139999947e+02
-5.967020449159999771e+02
-5.996816864810000425e+02
-5.990987071490000062e+02
-5.910634720340000285e+02
-6.019107199259999561e+02
-6.034870881120000377e+02
-6.031439409939999905e+02
-6.059091865300000563e+02
-5.916598942550000402e+02
-5.950564404900000000e+02
-5.780244047850000015e+02
-6.041641679860000522e+02
-5.949994947989999901e+02
-5.881594809790000227e+02
-6.029800737589999926e+02
-5.893424220670000295e+02
-5.883759285009999758e+02
-5.974281495400000495e+02
-5.950870960299999979e+02
-5.982200830609999684e+02
-5.975562389929999654e+02
-5.957052630140000247e+02
-5.997274956579999525e+02
-5.957147235149999460e+02
-5.938134775800000398e+02
-5.978336611629999879e+02
-6.002145122890000266e+02
-5.981425712400000521e+02
-5.908359181470000294e+02
-5.989592633940000042e+02
-5.992162746129999960e+02
-6.018323568370000203e+02
-5.940251667950000183e+02
-5.966104033049999771e+02
-6.041922796889999745e+02
-6.017247099410000146e+02
-5.869537610920000361e+02
-5.901222193900000548e+02
-6.007388042459999724e+02
-5.961415920059999962e+02
-5.992307648800000379e+02
-5.937347732709999946e+02
-5.824161476069999708e+02
-5.997299475229999643e+02
-5.957038833980000163e+02
-6.003228238880000163e+02
-6.038326323109999976e+02
-6.022560358780000342e+02
-5.966290905739999744e+02
-5.927437666329999502e+02
-5.901273217030000069e+02
-5.922293391360000214e+02
-5.879790352620000249e+02
-5.944715989699999454e+02
-5.879914711940000416e+02
-5.971063356519999843e+02
-5.991956878009999627e+02
-5.992676389299999755e+02
-6.014104140980000466e+02
-6.014016892360000384e+02
-5.990890821240000150e+02
-5.993221112869999843e+02
-6.023953608770000301e+02
-5.873569977490000156e+02
-5.915836544080000294e+02
-5.906386039169999549e+02
-5.979658045710000351e+02
-6.024204280139999810e+02
-6.027606396390000327e+02
-5.965186129100000016e+02
-5.959936384339999904e+02
-5.941509778439999536e+02
-5.885932160459999523e+02
-6.009383996709999565e+02
-5.822753466880000133e+02
-6.008949723800000129e+02
-5.984524301059999516e+02
-6.014632976809999718e+02
-5.896334043800000018e+02
-5.899168407769999476e+02
-6.005216669110000112e+02
-5.961944506710000269e+02
-6.017230765430000474e+02
-5.974756846940000514e+02
-5.965477445020000005e+02
-6.037170622090000052e+02
-5.982512633740000183e+02
-6.033796148650000077e+02
-6.045423816369999486e+02
-5.992710419090000187e+02
-5.974432162680000147e+02
-5.973810199700000112e+02
-5.855020372599999519e+02
-5.971168507380000392e+02
-5.924946191230000068e+02
-5.984780909590000419e+02
-5.902478012889999945e+02
-5.939200507870000365e+02
-5.953538409750000255e+02
-5.976040146389999563e+02
-5.988344521389999500e+02
-5.902711217800000441e+02
-5.907264041109999653e+02
-6.008315944160000299e+02
-5.836096046989999877e+02
-5.981486240799999905e+02
-6.022013997310000377e+02
-5.960966700870000068e+02
-5.989715688390000423e+02
-5.941526610829999981e+02
-5.872369573780000565e+02
-5.944312310430000252e+02
-5.934891524500000060e+02
-5.926793585520000534e+02
-5.876307045820000212e+02
-5.932235850819999996e+02
-5.896326596269999527e+02
-5.964100182900000391e+02
-5.964431660269999611e+02
-5.842355968639999446e+02
-6.011234688880000476e+02
-5.901807354070000429e+02
-6.007108078070000374e+02
-6.010847152759999972e+02
-5.975358032420000427e+02
-5.954578501239999468e+02
-6.005461438370000451e+02
-5.946653339619999770e+02
-5.995000531230000433e+02
-6.028829830449999463e+02
-5.978143511810000064e+02
-5.834420641320000414e+02
-5.824746325080000133e+02
-5.911619426959999828e+02
-5.930251033790000292e+02
-5.896182808089999980e+02
-5.939617642040000192e+02
-5.860308943100000079e+02
-5.923151212589999659e+02
-6.052681586569999581e+02
-5.876679175949999490e+02
-6.005283689899999899e+02
-5.997390890310000486e+02
-5.904565383000000338e+02
-6.042973055789999535e+02
-5.949354608539999845e+02
-5.962111497439999539e+02
-5.905364369860000124e+02
-5.847319333079999524e+02
-6.043113173699999834e+02
-6.049342078810000203e+02
-6.022694567580000466e+02
-5.985328868359999888e+02
-6.043321120269999938e+02
-5.812063488310000139e+02
-5.935001728409999942e+02
-5.824352731300000414e+02
-6.007137862099999666e+02
-5.945749844330000542e+02
-5.998519412189999684e+02
-5.923616785770000206e+02
-5.975219363579999481e+02
-5.932474060900000268e+02
-5.895161733730000151e+02
-5.897065638149999813e+02
-5.851628986010000517e+02
-5.955085406619999731e+02
-5.974988493229999449e+02
-5.934952910010000551e+02
-5.863076754410000149e+02
-5.946998322509999753e+02
-6.004717401350000046e+02
-5.960893379479999794e+02
-5.930146247459999813e+02
-6.012312867110000525e+02
-5.944860766169999806e+02
-6.023214377530000547e+02
-5.912251313110000410e+02
-5.892509491490000073e+02
-5.953237281120000262e+02
-5.931026504730000397e+02
-5.921033091589999913e+02
-6.019504295440000305e+02
-5.963118472989999646e+02
-6.004045136930000126e+02
-6.001468359149999969e+02
-5.988379556349999575e+02
-5.946877034169999661e+02
-6.008859901549999449e+02
-6.027215608349999911e+02
-6.019435369469999841e+02
-5.944782871229999728e+02
-6.060654118830000243e+02
-6.012137461849999909e+02
-6.001062613450000072e+02
-5.977192523679999567e+02
-6.017262324560000479e+02
-5.983489159700000073e+02
-5.943223291929999732e+02
-5.977535089110000399e+02
-6.002296597040000279e+02
-5.910205934000000525e+02
-6.034135107659999449e+02
-5.931874650160000328e+02
-5.975847604320000528e+02
-5.945414413030000560e+02
-5.965253202339999916e+02
-6.038550919089999525e+02
-5.914888553739999679e+02
-6.046472393950000424e+02
-5.887568808969999736e+02
-5.993257613150000225e+02
-5.964370731530000285e+02
-6.003174988880000456e+02
-5.956554380710000487e+02
-6.061673767989999533e+02
-5.835497726820000253e+02
-5.951610623799999757e+02
-5.964324651849999555e+02
-5.978548186470000019e+02
-5.842558685889999879e+02
-5.900666426469999806e+02
-5.968251220849999754e+02
-6.023371732340000335e+02
-6.003146678030000203e+02
-5.991539628960000528e+02
-5.864074607259999539e+02
-5.944893469630000027e+02
-5.952219004089999999e+02
-5.921153483719999713e+02
-5.932300667370000156e+02
-5.861998030050000352e+02
-6.035074945710000520e+02
-6.028471429950000129e+02
-6.000361131380000188e+02
-6.007236813639999582e+02
-5.974789089500000046e+02
-5.906630464429999847e+02
-5.835052591899999470e+02
-5.860632854509999561e+02
-5.846618155099999967e+02
-5.902137080530000048e+02
-5.976952889789999972e+02
-5.899758851340000092e+02
-6.054493759910000108e+02
-6.001672426530000166e+02
-5.901698304970000208e+02
-5.989298605049999651e+02
-5.987493136320000531e+02
-6.048925695819999646e+02
-5.968217778780000344e+02
-5.966122937860000093e+02
-5.965796343819999947e+02
-5.848782814209999970e+02
-6.001259683179999911e+02
-5.979832720800000061e+02
-6.033096521339999754e+02
-6.000448908539999593e+02
-6.015561953070000527e+02
-5.941323455409999497e+02
-5.960915889550000202e+02
-5.969627238890000172e+02
-5.852471033169999828e+02
-5.970944508689999566e+02
-5.934013105190000488e+02
-5.983450997549999784e+02
-5.966992035700000088e+02
-5.981035834189999605e+02
-6.010789351729999908e+02
-6.033096316429999888e+02
-5.990021428459999697e+02
-6.040217734389999578e+02
-6.014135637379999935e+02
-5.970019727730000341e+02
-5.989674812060000022e+02
-6.011062295619999531e+02
-5.888630075930000203e+02
-5.882877026469999464e+02
-5.880181837970000061e+02
-5.924893138039999485e+02
-6.029446840709999833e+02
-5.868176479329999893e+02
-5.925950672769999983e+02
-5.901137614279999752e+02
-5.985792657829999825e+02
-5.952037891510000236e+02
-5.989794974659999980e+02
-5.968025323939999680e+02
-5.835863373180000053e+02
-5.994523169670000016e+02
-5.960992017679999435e+02
-5.984158543500000178e+02
-5.982494121140000516e+02
-5.849179544329999771e+02
-5.989628381730000228e+02
-6.038885059039999987e+02
-6.002549173539999856e+02
-5.973432402549999551e+02
-6.018604898300000059e+02
-5.982692532470000515e+02
-5.929828778390000252e+02
-5.844836278709999533e+02
-5.974638327239999853e+02
-5.938719767970000021e+02
-5.943841219700000238e+02
-5.976936931220000133e+02
-5.922175486300000102e+02
-5.995103161560000444e+02
-6.000958399840000084e+02
-6.004953454919999558e+02
