4.867648405544509060e+00
4.776471186974752037e+00
4.773676780009304288e+00
4.768013213068940992e+00
4.757929486656985674e+00
4.679183262066147542e+00
4.628669247202698678e+00
4.720193322312127293e+00
4.701448606546709819e+00
4.657559554101267985e+00
4.661018558212356666e+00
4.605392708553745607e+00
4.621669936289262814e+00
4.645031539182484792e+00
4.614555341525335308e+00
4.622813969867271666e+00
4.620955745297719908e+00
4.536014219554432181e+00
4.534826237023861673e+00
4.526516872828378446e+00
4.512301740797040495e+00
4.457266090329362385e+00
4.427557904759688689e+00
4.387049805963000537e+00
4.350783952346978900e+00
4.401540412173901906e+00
4.438598990672620204e+00
4.400607344446900271e+00
4.420522367322667456e+00
4.323038746067400240e+00
4.377854040508887934e+00
4.375619041918525909e+00
4.404355344428966923e+00
4.375322388121817063e+00
4.321649800712686229e+00
4.316876764513899900e+00
4.286379124622552439e+00
4.261773926430167059e+00
4.170477550592977423e+00
4.122962769659701543e+00
4.094226911151848114e+00
4.074509172894325459e+00
4.079397749668448370e+00
4.085711321177745603e+00
4.059918964708532307e+00
4.139581017446088751e+00
4.134947399907282772e+00
4.096545007686355433e+00
4.063849529694720353e+00
4.012504828657530886e+00
3.942662678951877719e+00
3.924899616550721504e+00
3.907740523627432516e+00
3.937427967595089839e+00
3.899528433028793373e+00
3.970150878745037915e+00
3.902444490316293813e+00
3.918240676630265540e+00
3.938934373659962240e+00
3.974925533893685525e+00
3.991876250586933850e+00
4.000436101226965135e+00
3.997421293784281460e+00
4.030401220722324318e+00
3.944659427631237225e+00
3.862867717124157441e+00
3.817694723259050349e+00
3.682606278167678049e+00
3.691854412080736836e+00
3.795385224190029660e+00
3.789258766566358627e+00
3.800013157871956260e+00
3.804325301548225902e+00
3.630508091162998774e+00
3.608572432417008091e+00
3.573914940230111359e+00
3.558205868130735361e+00
3.564833235931240463e+00
3.580306830426688069e+00
3.572736906070750340e+00
3.582629341698635894e+00
3.620394453647282074e+00
3.635625668299749869e+00
3.601153426334401164e+00
3.638337395019873632e+00
3.647658015768473927e+00
3.665776043350166269e+00
3.720084138833421594e+00
3.691224864458950705e+00
3.671854436112629738e+00
3.598939982828277095e+00
3.580136589573085004e+00
3.546027918671819990e+00
3.506209776952885271e+00
3.478239497216946585e+00
3.416360636700990661e+00
3.400601858495051921e+00
3.363066606536361913e+00
3.290414715503199528e+00
3.265461988754424283e+00
3.232193837009160742e+00
3.262490766270457865e+00
3.283131736619778085e+00
3.285470590341663666e+00
3.300942441182517229e+00
3.343713205405032252e+00
3.378429960795398479e+00
3.327210693659179874e+00
3.290675766464997487e+00
3.297669631724803541e+00
3.243239892453224194e+00
3.291818038713561378e+00
3.246483020131169184e+00
3.209998598130535008e+00
3.162775047327899713e+00
3.125817972947240619e+00
3.008299685869079365e+00
2.963000000000000078e+00
2.896280545803531226e+00
2.816825518203071255e+00
2.827660693930585278e+00
2.754488337241601581e+00
2.741923047789635248e+00
2.707445105630029047e+00
2.687211379850866777e+00
2.753391363391699098e+00
2.775435641480450855e+00
2.749833813160351692e+00
2.705409396006452916e+00
2.702844057654825605e+00
2.748736982688595010e+00
2.718340302463986724e+00
2.711702786073724614e+00
2.700808212369031125e+00
2.762741030208948345e+00
2.752678877021437209e+00
2.770707129957982406e+00
2.729347724274061804e+00
2.758239656012507979e+00
2.819111384816144650e+00
2.991417055510648737e+00
2.810577520724166334e+00
2.755955551165512052e+00
2.784472661025782170e+00
2.830067490361316107e+00
2.825184241779640004e+00
2.851295845751542490e+00
2.824783354524732282e+00
2.755282562642169530e+00
2.773913300735983967e+00
2.785746040112055955e+00
2.826507916139631593e+00
2.815497469364872440e+00
2.839833974020312013e+00
2.810377376794796156e+00
2.774787559435857087e+00
2.772959069297634027e+00
2.760146010630596614e+00
2.726435401765462618e+00
2.789168514091609818e+00
2.839329850510504460e+00
2.826594063533000689e+00
2.775539767324547213e+00
2.827318517606390635e+00
2.795210546631505366e+00
2.795223246898178804e+00
2.762726189834960877e+00
2.727267313630990397e+00
2.753653754559566735e+00
2.751149941388145947e+00
2.754082242780705680e+00
2.737695563790831788e+00
2.733194102144961057e+00
2.829356640651722543e+00
2.864171258846091028e+00
2.887165565048184224e+00
2.898263790616720570e+00
2.878034572412222047e+00
2.924605614437611578e+00
2.854639907238740282e+00
2.831238068407530228e+00
2.870586177072549816e+00
2.944330314349937527e+00
2.908644529673572787e+00
2.896122580278673198e+00
2.864118014328319806e+00
2.897932711434135555e+00
2.901613516648969160e+00
2.923283941049859891e+00
2.951085732404261641e+00
2.994059451647545167e+00
2.961521737215514705e+00
2.704725309527753030e+00
2.756719245770232529e+00
2.787854013394531982e+00
2.768685789323157564e+00
2.766443384564376551e+00
2.803693635189123512e+00
2.798107574772635164e+00
2.744683952661945536e+00
2.710677775022328539e+00
2.783890263641870089e+00
2.811407654538914613e+00
2.803630503472239077e+00
2.720500505421750592e+00
2.731594040116502864e+00
2.712494239625220072e+00
2.779421702440994846e+00
2.791500492566676428e+00
2.720549025472615234e+00
2.814302577904515434e+00
2.842766434303036327e+00
2.751048890877804798e+00
2.700384046760756274e+00
2.743903423956462806e+00
2.823471090696698216e+00
2.833250077208152362e+00
2.750137814728563779e+00
2.696002410978150188e+00
2.760061412360239608e+00
2.754429886564550234e+00
2.749120768536733816e+00
2.736915965096480274e+00
2.844880489581241179e+00
2.870517200784555634e+00
2.857286124979435460e+00
2.812615330968670335e+00
2.812100638312932332e+00
2.739771705817840797e+00
2.794343393357373362e+00
2.771225180312852032e+00
2.823582830377037389e+00
2.848012289299328259e+00
2.832930285058211428e+00
2.797670638227452766e+00
2.744923678356102847e+00
2.810461350027785077e+00
2.835878170867006443e+00
2.878892495387766370e+00
2.902363519616383503e+00
2.915798003977641883e+00
2.987340288617953643e+00
2.987378951522554615e+00
2.954584742396128672e+00
2.944017323318597779e+00
2.858843472455250723e+00
2.793235579037328442e+00
2.763295315379809658e+00
2.745917333060119425e+00
2.780519375943998117e+00
2.867917188483656066e+00
2.896465086963762925e+00
2.892935014824909778e+00
2.915153855287916596e+00
2.726412111182020315e+00
2.864014839347031494e+00
2.862381001893353982e+00
2.867972628879152719e+00
2.827409591834900926e+00
2.781051779453234563e+00
2.794379179710584804e+00
2.771837657583863468e+00
2.769815517322407938e+00
2.831922844994192001e+00
2.839079604378855759e+00
2.769294675544659246e+00
2.738189913063006742e+00
2.742924534142344495e+00
2.788539940542361872e+00
2.798294659252309913e+00
2.740892008087878029e+00
2.724534822680745094e+00
2.729222233531011010e+00
2.733594520041332299e+00
2.797320324882369036e+00
2.792696367312422545e+00
2.761119157153490100e+00
2.772521054924561135e+00
2.758200500326254190e+00
2.811249010671235560e+00
2.836186524190536851e+00
2.922811317892415772e+00
2.909528140437895871e+00
2.926650132831049245e+00
2.909168094146503236e+00
2.852028050352941602e+00
2.865129141941074931e+00
2.906443015095943938e+00
2.960510935632564067e+00
2.993226687038588185e+00
2.946159194612538279e+00
2.962291511651073073e+00
2.947496904154438546e+00
2.969914981948136301e+00
3.003060771945849972e+00
2.985932350204873575e+00
3.005712228407769526e+00
3.059815353906179869e+00
3.086177409028845631e+00
3.065891224423984873e+00
2.969322481644592671e+00
2.962687968720297604e+00
2.911453588845269280e+00
2.902283411384904976e+00
2.862385543563270573e+00
2.945273162204145034e+00
3.002938061299300188e+00
3.004800159744404731e+00
3.048950803145239252e+00
3.049436833252986201e+00
3.062066132532085039e+00
3.080657397374787276e+00
3.037042146563001310e+00
3.029321541203575219e+00
2.953814652275934982e+00
2.957881674442032427e+00
2.934091000633757051e+00
3.002541257002141695e+00
2.984390390012674033e+00
2.992561945891847319e+00
2.969264723799479366e+00
3.013089776292768196e+00
3.041071028437185575e+00
3.032488911768680850e+00
2.961075142579127739e+00
2.937424211788281170e+00
2.918746477513934678e+00
2.864022346281537068e+00
2.878077657048189852e+00
2.948585593127661220e+00
2.946644702029750817e+00
2.934693510402747396e+00
2.919784067358406787e+00
2.846196760591227282e+00
2.838446934504853747e+00
2.733685424477366510e+00
2.764759844905159358e+00
2.756882841181321986e+00
2.753768327219993317e+00
2.793855758624629093e+00
2.718124353299531393e+00
2.743964103263742960e+00
2.787394661686787067e+00
2.853048194475515498e+00
2.915694599919544938e+00
2.877645912894774671e+00
2.907849721013793687e+00
2.923925272642923900e+00
2.921576458010298083e+00
2.905200509431319578e+00
2.921964749958493535e+00
2.945082341803026971e+00
2.927560588612982961e+00
2.937091248156924461e+00
2.940503018192635931e+00
2.959336750016800632e+00
2.990135448437076793e+00
3.045682189592342048e+00
3.013446199951145044e+00
2.987025276089909642e+00
2.978170243622752178e+00
3.041654977146487582e+00
3.015115918169648079e+00
3.031667857797090804e+00
3.019392322968315945e+00
3.021234350393891877e+00
2.966876809036735452e+00
2.963904350683402189e+00
2.981203280556359303e+00
2.947593255522206857e+00
2.884726850154101019e+00
2.918159180031137279e+00
2.917296179684194968e+00
2.896536897745305872e+00
2.899599455097203293e+00
2.920207184430584135e+00
2.937256202648995451e+00
2.951319027147014662e+00
2.941855366941073857e+00
2.893535899207058559e+00
2.892807287048344111e+00
2.864230612223813477e+00
2.965038616949196015e+00
2.941454572146236845e+00
2.964855645727123790e+00
2.947669587996592622e+00
2.946573942734171503e+00
2.946250837929451638e+00
2.941375528558024754e+00
2.975551377476113757e+00
2.996659640332882457e+00
3.010534171870500764e+00
2.967621269636676384e+00
2.967976583465577356e+00
2.949759820731172599e+00
2.969841409907269636e+00
2.977567631473716947e+00
2.966531644867453910e+00
2.939015311290501309e+00
2.928488688726661682e+00
2.831526796624040720e+00
2.852740612113200847e+00
2.872409093426631088e+00
2.855347439454610559e+00
2.903744306925112539e+00
2.941196695224581603e+00
2.889628003740273954e+00
2.874933912283897275e+00
2.928395806580797345e+00
2.904859721225794278e+00
2.862874953608697481e+00
2.880374454823538599e+00
2.843371590207653288e+00
2.829839571424500377e+00
2.842426604153571290e+00
2.819434872452279084e+00
2.837656956011420650e+00
2.846385954153090037e+00
2.810506360071081566e+00
2.778131746336015784e+00
2.719851834199797036e+00
2.723305895414615652e+00
2.762913136528182712e+00
2.777238556552173776e+00
2.850064385237638831e+00
2.863796431312812363e+00
2.847666061882959010e+00
2.871398613916221532e+00
2.921992642016745023e+00
2.930133955982217930e+00
2.837267347290346020e+00
2.849770166171300634e+00
2.869840762132979339e+00
2.875250771671925332e+00
2.877318369593465874e+00
2.903422291021407364e+00
2.914268690426467412e+00
2.840708010338267808e+00
2.805417259517735573e+00
2.822589768280187261e+00
2.760194377213315065e+00
2.736972414913968699e+00
2.750183448426668509e+00
2.821062565771982111e+00
2.814162397588312547e+00
2.821516436244877912e+00
2.804312571736609971e+00
2.780911001812176320e+00
2.832087745815796698e+00
2.916059155778565337e+00
2.940576304060141144e+00
2.869091842378002521e+00
2.842886033593326811e+00
2.863874822683421861e+00
2.814930549764949941e+00
2.801559208726454475e+00
2.717462971228863378e+00
2.704919407302184275e+00
2.719904961574944657e+00
2.768762539474990181e+00
2.846946609966544806e+00
2.894830392268259001e+00
2.784157502728608069e+00
2.757209277512318035e+00
2.875866825845731611e+00
2.951537904211972041e+00
2.901018614211221980e+00
2.882873739864442619e+00
2.893626790033573482e+00
2.916714075805168616e+00
2.862727021565276697e+00
2.826456792523105221e+00
2.741334164234634052e+00
2.720801536312415170e+00
2.742836123431364737e+00
2.858644958717329487e+00
2.850081051479062655e+00
2.826339859252598785e+00
2.851514159179294516e+00
2.856932620836550640e+00
2.723849114763885026e+00
2.750525404354593917e+00
2.762612169668410278e+00
2.756384225756634443e+00
2.766327890905198039e+00
2.738001643534933471e+00
2.761381176150804251e+00
2.811318907559225977e+00
2.830437068722778893e+00
2.877980715710235504e+00
2.906625018814776862e+00
2.877111572393396433e+00
2.862846136277672926e+00
2.834680405266173153e+00
2.781611583237314722e+00
2.756519907419498150e+00
2.768418140382698844e+00
2.777171582743853229e+00
2.764252882787680221e+00
2.789722746080692595e+00
2.858483688951189094e+00
2.874796862388714569e+00
2.838933074237572907e+00
2.857315348364614760e+00
2.875369541467669876e+00
2.915584675498209322e+00
2.941332691145291278e+00
2.923468830003151719e+00
2.856904093595022953e+00
2.870954022620355595e+00
2.927761773095618469e+00
2.923796162525697628e+00
2.898827694086007156e+00
2.887620993136045033e+00
2.867542676229945631e+00
2.919383839100298861e+00
3.003541576206329555e+00
2.981067258550199828e+00
2.977591140502672040e+00
3.047512756330972294e+00
3.024045965259126056e+00
2.950736857125690893e+00
2.927049538357695102e+00
2.910803840865956005e+00
2.907663323013859991e+00
2.930379156355026993e+00
2.952252191124599801e+00
2.913309801583072289e+00
2.922532805632812369e+00
2.843865327331799087e+00
2.857457086291935955e+00
2.940855147741895159e+00
2.958316413097151987e+00
2.936724195425916673e+00
2.919228836525153525e+00
2.845439509109269682e+00
2.794758129069491392e+00
2.877291434665595560e+00
2.891589528269875142e+00
2.914050102520544971e+00
2.943628033566740854e+00
2.891401909109143631e+00
2.828893246483507706e+00
2.881980915967349510e+00
2.918754186292501274e+00
2.875013739097606713e+00
2.769582820570635651e+00
2.753873635445170720e+00
2.747632617363537477e+00
2.765961315709241752e+00
2.817088390519545182e+00
2.860781187018679006e+00
2.835727243583205048e+00
2.823417964099541599e+00
2.774231785557939922e+00
2.749782718688878358e+00
2.786893969995988485e+00
2.797974088514759927e+00
2.890072836452396210e+00
2.861808868530531402e+00
2.866061583427683246e+00
2.869327970100315817e+00
2.855197541327044952e+00
2.889686142126857593e+00
2.915236868592327557e+00
2.853769787491625909e+00
2.857581319927746222e+00
2.924349329338066461e+00
2.882290061739102516e+00
2.857359620348828511e+00
2.732152631168324852e+00
2.743234222592012550e+00
2.754139248476735968e+00
2.753341787719061795e+00
2.770174362743254903e+00
2.757581005156511722e+00
2.743956814528975219e+00
2.748952891557074008e+00
2.758237843261527544e+00
2.769460236219325466e+00
2.783802794739599129e+00
2.862825352689192471e+00
2.892744717392117693e+00
2.803750702184486965e+00
2.850247182263320411e+00
2.939523941048958200e+00
2.934568281706867676e+00
2.910455290843684928e+00
2.870456061325446839e+00
2.906401555188133035e+00
2.959684104765236690e+00
2.923244088337475954e+00
2.908318586400052919e+00
2.905338706588270092e+00
2.946472467205488943e+00
2.907548107942498294e+00
2.806692359344002075e+00
2.765408107314361708e+00
2.741394170855406376e+00
2.737460319347112758e+00
2.772402568170791337e+00
2.766956812095194174e+00
2.776750618978953700e+00
2.873891438450658864e+00
2.845379939480841447e+00
2.852599340952038265e+00
2.875884211855546102e+00
2.919652547821400823e+00
2.920967990238851897e+00
2.895880695056341381e+00
2.875159299934527013e+00
2.894516885423195518e+00
2.905289830636522908e+00
2.861765538963666256e+00
2.881201311953054844e+00
2.862469213808245705e+00
2.910025085802526057e+00
2.907537102084855274e+00
2.890817358464557785e+00
2.832102575825953039e+00
2.794233168509743237e+00
2.789069199571785340e+00
2.816273424225709032e+00
2.903723471682522206e+00
2.958886445945501098e+00
2.933783052647212841e+00
2.916543502161419887e+00
2.859761004000159534e+00
2.837677042934942495e+00
2.856268544797565312e+00
2.895934391522017481e+00
2.915659273646356908e+00
2.883123826685215274e+00
2.886472068113599132e+00
2.877236347608586264e+00
2.875878126764067400e+00
2.816066405467029909e+00
2.769839165005794968e+00
2.752306123962231066e+00
2.756395472351527154e+00
2.768456067919446095e+00
2.731074879969423108e+00
2.716923443897528045e+00
2.749793083124619564e+00
2.806741170824270881e+00
2.755549128576734397e+00
2.807291577303647312e+00
2.776139765933984815e+00
2.739438081066991160e+00
2.772186140936427456e+00
2.740139594984167815e+00
2.740468755523405076e+00
2.827025645444341873e+00
2.728371858819834461e+00
2.762798943101000049e+00
2.720838289939333965e+00
2.776673009196438002e+00
2.740329542226628501e+00
2.723273397953278607e+00
2.717826521321770716e+00
2.799109143995639037e+00
2.839493440739034646e+00
2.826417166661709057e+00
2.861290093646570831e+00
2.855991771696829939e+00
2.857987053854512904e+00
2.826814638422547876e+00
2.758319053336651283e+00
2.766074836297817807e+00
2.738927709889400930e+00
2.739610373757552786e+00
2.738066653681023421e+00
2.713812078976729047e+00
2.762423573603439930e+00
2.783090727949773857e+00
2.787883426544230492e+00
2.760024818728991303e+00
2.750965466886125643e+00
2.763536502382409665e+00
2.795496735823527867e+00
2.829868371497161306e+00
2.832336844374270690e+00
2.797708705351578118e+00
2.765101263968465339e+00
2.703979659686810422e+00
2.721560030570702171e+00
2.795311073923615997e+00
2.725308973309264804e+00
2.731616005224746235e+00
2.692522051905982039e+00
2.745704645441676028e+00
2.761801042797977779e+00
2.748781184452483650e+00
2.834050634692330206e+00
2.847523836599090252e+00
2.862559868369568328e+00
2.859951223360286843e+00
2.912798482559341373e+00
2.897942373478120004e+00
2.893813055468510864e+00
2.866071527369824512e+00
2.787305867679398474e+00
2.814366713845230183e+00
2.808497106995127002e+00
2.767299224876124342e+00
2.821107229440242392e+00
2.772127161585485666e+00
2.770385352256974798e+00
2.826871238666522679e+00
2.859965384405901645e+00
2.786921958003130140e+00
2.785718758238167947e+00
2.783152708710034062e+00
2.771313587452708393e+00
2.774056596394529173e+00
2.785856600760347579e+00
2.862443361885086635e+00
2.894035417889698092e+00
2.875770505447193148e+00
2.882902010127989190e+00
2.879348190129148222e+00
2.887189810178749205e+00
2.836694731549378901e+00
2.849090732145959759e+00
2.845259566366485693e+00
2.879134071209606294e+00
2.849453456366676463e+00
2.824348951528476093e+00
2.760660971579088852e+00
2.721214067286879423e+00
2.820063119860972023e+00
2.857208077827024795e+00
2.858045485992132040e+00
2.841426050419048721e+00
2.786370398924019831e+00
2.730838699008053538e+00
2.754709422062516122e+00
2.780774892004025389e+00
2.721603571426228108e+00
2.724882382782787271e+00
2.755258790023181081e+00
2.823095464202371119e+00
2.823170203866568251e+00
2.745065026552194531e+00
2.799230787198511816e+00
2.860263449404617742e+00
2.859879368085304741e+00
2.830395555395040841e+00
2.767222614825196381e+00
2.760849325841596258e+00
2.815396597284297808e+00
2.860463074398968075e+00
2.849251305167728621e+00
2.809937365849992652e+00
2.771682701897892009e+00
2.741763118870775617e+00
2.700795068123459153e+00
2.774631146657155600e+00
2.739509080109061578e+00
2.746647046855493102e+00
2.753508670768988420e+00
2.836973387256214618e+00
2.870009059219150949e+00
2.878655762678129282e+00
2.887385668732184385e+00
2.895034542108262610e+00
2.904316442814039334e+00
2.913327307392700849e+00
2.902768850597649219e+00
2.868124648616234396e+00
2.863138487743825067e+00
2.831949505199554462e+00
2.765810007936192250e+00
2.750873497636705078e+00
2.842397227693553852e+00
2.860590848059190616e+00
2.870363565822280805e+00
2.856945746772241446e+00
2.878562662163184349e+00
2.904640941665595388e+00
2.931932127454522252e+00
2.899483747152240554e+00
2.891006399162755702e+00
2.848254728776904443e+00
2.807662907116878603e+00
2.839515979881078955e+00
2.820234387422435152e+00
2.842293088335542617e+00
2.836481270870654381e+00
2.901366919229624308e+00
2.891565147113237977e+00
2.831849042586839893e+00
2.840796543225156956e+00
2.874090116889169266e+00
2.909154172607564259e+00
2.929295307748946975e+00
2.960196615091640115e+00
2.897816591849801338e+00
2.920481638360357568e+00
2.873718844981185239e+00
2.833928368890081817e+00
2.850255602573215086e+00
2.779533953741166741e+00
2.768224340619813706e+00
2.736585098256584914e+00
2.780032014204153246e+00
2.827341684338842143e+00
2.869727513197028124e+00
2.865457904070483064e+00
2.838943641568110188e+00
2.762406378504075111e+00
2.745249351151912709e+00
2.749140411110352566e+00
2.785173064640687368e+00
2.721257429939328620e+00
2.693749431554465001e+00
2.758178746927036684e+00
2.795237914739995944e+00
2.810969583613454503e+00
2.770933958072621106e+00
2.728709768370392030e+00
2.742089896411129768e+00
2.746617920279412317e+00
2.803891224708976004e+00
2.862555152307113104e+00
2.882310704972661064e+00
2.898426124640749890e+00
2.852368138932981800e+00
2.794705887924524124e+00
2.829178856134761499e+00
2.873483774097219889e+00
2.851627956098060412e+00
2.805347928510829369e+00
2.759341044524942888e+00
2.797421133830228612e+00
2.742317632952098627e+00
2.756357378860731178e+00
2.773391605958307693e+00
2.803835408864079337e+00
2.841387865110991839e+00
2.892316718480187454e+00
2.886576692208263406e+00
2.881104822806695775e+00
2.886149857509134886e+00
2.895202065486966791e+00
2.904851975574659129e+00
2.916062242134072946e+00
2.956128549302279307e+00
2.944024626255697275e+00
2.921408735524695377e+00
2.926935086400106467e+00
2.990087122476534631e+00
2.948979993150174117e+00
2.958612850644707137e+00
3.006152025430516961e+00
2.928723612770587348e+00
2.966528273925599812e+00
2.980885942131970001e+00
2.984662292454541621e+00
2.913081701566230031e+00
2.942162130134911457e+00
2.948906577021388031e+00
2.880034201185812659e+00
2.885214896675809104e+00
2.857256201323220335e+00
2.892976494892414596e+00
2.885854119667173645e+00
2.828933544641867748e+00
2.800560479618320553e+00
2.790231710808262378e+00
2.739397196464945061e+00
2.702454254931986544e+00
2.707189871434953599e+00
2.730857008340056069e+00
2.830777101786715821e+00
2.952267094962785166e+00
2.937706758680995289e+00
2.924587834208437265e+00
2.909332569507995903e+00
2.984246135961308610e+00
2.961223395828149751e+00
2.936795873056212702e+00
2.991239208087511425e+00
2.970567285890020504e+00
2.944324370717329664e+00
2.945265013542924137e+00
2.921145494493555983e+00
2.922860414046486444e+00
2.888070636255284818e+00
2.897033827900530767e+00
2.884179779417364475e+00
2.947818515444938114e+00
2.902017746327544501e+00
2.895263200470727050e+00
2.900176718753531446e+00
2.879995312496184567e+00
2.830785580011315972e+00
2.754819957819385490e+00
2.734163308948462046e+00
2.779895861358838260e+00
2.855733180813641248e+00
2.869416839708027300e+00
2.823934489325132802e+00
2.745071765910684025e+00
2.747847521242763769e+00
2.769759736872495992e+00
2.784616490650014153e+00
2.761603881804918892e+00
2.769927977403022545e+00
2.777827208449078711e+00
2.812112551090371504e+00
2.810494974199384988e+00
2.817102234566577046e+00
2.873004002781757382e+00
2.953398550822424973e+00
2.935996083103654009e+00
2.959008448788208234e+00
2.953988490160379676e+00
2.894454352723497603e+00
2.895308964514841321e+00
2.864561746585330582e+00
2.856387578743472933e+00
2.912218055022665730e+00
2.907705796672008791e+00
2.901578363580759934e+00
2.908207867398752811e+00
2.817873488998396958e+00
2.748915058709526793e+00
2.764268076724831769e+00
2.742831566100988105e+00
2.779329595424047117e+00
2.782778827000090160e+00
2.795373678061665146e+00
2.828772702074169754e+00
2.883904991500239934e+00
2.904924439636941802e+00
2.892200719175625157e+00
2.878362555342881546e+00
2.835472800081143330e+00
2.852834380050828678e+00
2.866008025110885704e+00
2.899590660765757555e+00
2.950886307535415920e+00
2.939038958571321913e+00
2.943447978137205379e+00
2.924146371165437852e+00
2.922213373455128771e+00
2.896222885069448694e+00
2.926201120907447439e+00
2.855193513581872899e+00
2.819294947322823042e+00
2.899823787749869819e+00
2.890684866947622833e+00
2.886857114579798544e+00
2.862739072985870159e+00
2.905330962214115686e+00
2.854829942395868958e+00
2.903761181640116096e+00
2.916392634745877288e+00
2.870716635267229311e+00
2.921448442125926359e+00
2.937634762866207616e+00
2.933027446172299602e+00
2.937163767991155083e+00
2.880986115898513056e+00
2.844169650354915202e+00
2.769471610253479099e+00
2.837695015324938286e+00
2.924148081065663263e+00
2.890445294413993782e+00
2.906090500999581661e+00
2.895427602272244716e+00
2.886282903666928856e+00
2.879672550829347255e+00
2.900716118478331662e+00
2.888753537427517948e+00
2.899807062547437919e+00
2.894763720927841621e+00
2.836041783895293378e+00
2.832084214849551973e+00
2.868081414465077472e+00
2.804796249284429166e+00
2.798057183118315194e+00
2.796762950269471748e+00
2.808526660012327092e+00
2.837920012967243277e+00
2.794080349596268054e+00
2.800657422820577835e+00
2.825852260823272122e+00
2.831038325420550894e+00
2.809893058463257542e+00
2.826214783062320990e+00
2.759007248993739392e+00
2.780477117330764969e+00
2.789622555113863811e+00
2.786459043302090155e+00
2.785269466317398024e+00
2.781422298033867424e+00
2.737017720074168547e+00
2.791661512433052383e+00
2.811432375142607132e+00
2.764941409867486044e+00
2.748051855405934329e+00
2.793301093688254522e+00
2.697756660634906378e+00
2.746495403236641319e+00
2.737125134150793837e+00
2.734422059595043031e+00
2.754848271683941530e+00
2.792669511417346317e+00
2.771911614752534003e+00
2.774957657334612193e+00
2.784250347939279280e+00
2.753288579135866776e+00
2.844228893742555719e+00
2.792800207676876312e+00
2.783190435453528178e+00
2.876145684766333144e+00
2.883923369300925188e+00
2.874713203086527447e+00
2.833194133835519324e+00
2.806346557358872840e+00
2.797029495732928694e+00
2.783150912185682557e+00
2.852531156709773974e+00
2.899364413108500571e+00
2.897107868202356773e+00
2.837447620661921910e+00
2.758664350732070947e+00
2.714297146592465459e+00
2.719904410085030477e+00
2.730567889652260494e+00
2.769338007538985735e+00
2.744303372442631339e+00
2.772849436951094759e+00
2.735582022166398009e+00
2.780586628753004774e+00
2.849372211558188095e+00
2.903011195293604629e+00
2.892423724145547492e+00
2.890398934403346498e+00
2.854016993642469302e+00
2.919228151412629924e+00
2.973491214044528430e+00
2.922965788373171669e+00
2.913557619131635246e+00
2.953879821522872984e+00
2.912194705029181208e+00
2.915597537384061244e+00
2.941555540866091611e+00
2.905544527278836497e+00
2.880113539428611258e+00
2.884254323044346702e+00
2.923880640518692342e+00
2.898625536353394150e+00
2.896719869093316468e+00
2.849602077483802898e+00
2.888419983312676020e+00
2.858728038831256146e+00
2.813242079878658597e+00
2.829992579495571370e+00
2.823123270422316811e+00
2.790644011693357740e+00
2.748174848876978160e+00
2.739318345866358140e+00
2.808924527287980144e+00
2.720509878680832383e+00
2.705854763286455800e+00
2.751141036006696794e+00
2.728424637038743938e+00
2.761984793585945397e+00
2.744895990743547287e+00
2.789685645372969258e+00
2.708197001696885486e+00
2.783971443819063474e+00
2.726680766059716099e+00
2.735273660897570736e+00
2.774437961101310357e+00
2.739729548696367090e+00
2.755914367319855618e+00
2.776669227689894992e+00
2.750328707627508695e+00
2.777161680565249036e+00
2.845285574419551988e+00
2.882005378204558710e+00
2.929947781104639493e+00
2.913967913344277072e+00
2.873163587406745378e+00
2.815934303210925638e+00
2.752067404697784880e+00
2.782033968160705140e+00
2.749568147909776439e+00
2.753660472897847988e+00
2.828446216564846960e+00
2.845823079532527888e+00
2.787106025970307766e+00
2.808298595235200423e+00
2.824039836829501660e+00
2.864059531504190126e+00
2.879142407037206475e+00
2.840476720552379319e+00
2.811306813565534579e+00
2.776013328498262656e+00
2.790410364086257644e+00
2.804435593840586272e+00
2.866006629441041120e+00
2.869150745429734695e+00
2.831147117336010322e+00
2.863174636657708216e+00
2.807018881304506497e+00
2.845983485545901637e+00
2.831512669934570958e+00
2.898391622952288138e+00
2.875674181822412301e+00
2.780233083753950396e+00
2.845250252613994224e+00
2.846202733467874335e+00
2.922986315397320123e+00
2.856620905895634888e+00
2.843159334261800453e+00
2.873661253523107639e+00
2.808268505681036142e+00
2.736767070833760140e+00
2.719929594677038764e+00
2.786042533774386154e+00
2.823984419220474162e+00
2.828665056170489134e+00
2.815846054030652912e+00
2.805417081291122106e+00
2.764926400467108358e+00
2.836453771877835095e+00
2.797240425848304124e+00
2.820006737580603939e+00
2.847763508439561608e+00
2.814804788968499505e+00
2.812663150823432989e+00
2.876534199344760179e+00
2.791935708428830765e+00
2.817609980107254053e+00
2.820117373443879139e+00
2.822617756622388008e+00
2.901101342593878307e+00
2.921044504967358790e+00
2.962194119229865752e+00
2.978019476094808660e+00
3.003338975207427541e+00
2.913381712031569482e+00
2.892666071291326357e+00
2.889319296997132192e+00
2.885245396842355259e+00
2.888516920497437024e+00
2.910154806878836986e+00
2.885453170647550802e+00
2.979806033955901157e+00
2.960612267758140792e+00
2.923709116858241419e+00
2.902873404060190676e+00
2.882717814840710435e+00
2.936120229145939398e+00
2.945534925951481586e+00
2.905282086132084718e+00
2.875502217004884287e+00
2.832282648324492502e+00
2.891034416951828057e+00
2.898800096591691577e+00
2.855486823643212269e+00
2.842766258418021774e+00
2.913801812066154184e+00
2.921978268228564879e+00
2.828514981399250061e+00
2.751606985018027807e+00
2.821053881087704163e+00
2.869907664019871962e+00
2.870815563563775097e+00
2.877960562620689888e+00
2.871888229022849348e+00
2.855609392056273954e+00
2.817205707789191660e+00
2.839585533136834705e+00
2.808107903909677017e+00
2.781569520971927556e+00
2.779049657706749166e+00
2.805729138744508688e+00
2.763261297814595174e+00
2.758578257001240264e+00
2.814065386589302609e+00
2.832874511869525325e+00
2.797657770350047368e+00
2.767063786760254551e+00
2.725992479813545089e+00
2.730062270352088483e+00
2.774177175308022214e+00
2.853551821852899462e+00
2.887951869405029459e+00
2.862081235744367014e+00
2.923410679326461370e+00
2.891949861252784526e+00
2.885036221609704299e+00
2.853546039579526017e+00
2.840674919803390708e+00
2.930503369730190322e+00
2.924137650658737986e+00
2.852687680065940423e+00
2.821776745244031659e+00
2.873277745015264006e+00
2.969699984846954521e+00
2.912025240275227578e+00
2.888174683082725291e+00
2.872722402182292800e+00
2.876954987482425175e+00
2.878047949565816221e+00
2.802664624959611661e+00
2.802115986179015916e+00
2.838303366449753007e+00
2.812061343569872918e+00
2.865816463069468689e+00
2.896164877903190327e+00
2.883951109155632686e+00
2.858861486676120833e+00
2.879776032958118570e+00
2.902351632728191966e+00
2.879576531367069148e+00
2.866986396898318024e+00
2.883979368858244907e+00
2.894287822591250503e+00
2.917472536288902241e+00
2.944618141627195929e+00
2.916723675633329460e+00
2.969904207209383973e+00
2.906601795912195918e+00
2.849449595974633542e+00
2.790242641778668542e+00
2.788659355317533173e+00
2.839064810813589190e+00
2.919870031354135698e+00
2.889051401411889319e+00
2.876176107264643900e+00
2.805653756257175058e+00
2.866909660243936120e+00
2.869865850523330764e+00
2.891968360822780415e+00
2.915177696127631002e+00
2.897942891086710659e+00
2.862981313246734771e+00
2.833847561178970853e+00
2.832698360221222345e+00
2.840834032463001702e+00
2.843353302001002003e+00
2.886549150802736996e+00
2.845653879163802635e+00
2.877051442014897376e+00
2.889684584863891015e+00
2.924374463026238491e+00
2.946576488062035537e+00
2.934768474684161799e+00
2.936333257653157336e+00
2.911703625027794562e+00
2.919880305765974793e+00
2.914312440353641787e+00
2.874590405605640164e+00
2.811852414334720773e+00
2.791497984953597911e+00
2.807564424906399569e+00
2.789172816445764536e+00
2.778107809283146157e+00
2.803873748940918453e+00
2.835231736560523075e+00
2.875301201613493340e+00
2.830940656389674182e+00
2.747399315716592572e+00
2.718231410310755436e+00
2.754447494507746175e+00
2.774710074944767513e+00
2.771632551403594658e+00
2.817052537671245194e+00
2.842440324791357664e+00
2.789147719286305893e+00
2.783247383902479832e+00
2.785065528852059380e+00
2.741821657219885022e+00
2.781236235920997224e+00
2.896682412692147324e+00
2.906880114487008004e+00
2.887513290012705625e+00
2.866571820136379678e+00
2.836766469062971918e+00
2.864398366149513375e+00
2.894689447937377924e+00
2.843394098608210463e+00
2.826611221940505292e+00
2.900118101043472674e+00
2.953433764281839569e+00
2.906470540019286286e+00
2.871071054502134956e+00
2.880826791044543089e+00
2.930124570730739286e+00
2.922137915978642031e+00
2.897749816668099054e+00
2.879295052612705241e+00
2.847708025763877604e+00
2.746603356875542801e+00
2.762978646316326170e+00
2.784834285913615926e+00
2.794997495526605924e+00
2.772879009260952987e+00
2.767678088217630616e+00
2.817831258255185212e+00
2.795769303787420945e+00
2.750937658326702007e+00
2.676167969317321926e+00
2.791892727165569799e+00
2.877000000000000224e+00
2.905179684632260173e+00
2.905060584566180548e+00
2.900131203928538515e+00
2.845910223461027844e+00
2.833102363134801571e+00
2.839305196698656442e+00
2.802150245793397332e+00
2.759345393385902678e+00
2.750266350737688548e+00
2.751933502103566020e+00
2.799731594278279889e+00
2.844347025241469762e+00
2.800728833714538180e+00
2.719566325721805455e+00
2.709940774260574337e+00
2.775980727598806208e+00
2.834673349788296548e+00
2.832206736804359526e+00
2.786431050645251428e+00
2.778289221805390063e+00
2.704281235374753400e+00
2.756709088750569858e+00
2.726309410173394010e+00
2.744519812280465043e+00
2.758635351038625227e+00
2.768516931499607203e+00
2.749747079278383577e+00
2.749030556396199199e+00
2.758986408085403852e+00
2.715985272419568552e+00
2.755113609272764830e+00
2.725835101395534199e+00
2.764927485486735392e+00
2.729969047443578933e+00
2.713866061543937391e+00
2.817161337232924723e+00
2.782234713319493125e+00
2.723316727815551452e+00
2.792067871667879064e+00
2.860751474700310659e+00
2.911677351630843180e+00
2.853610695242082773e+00
2.924063268809346638e+00
2.909802398789306022e+00
2.842056649681704794e+00
2.881878727497046988e+00
2.823864550576036248e+00
2.880288353620171993e+00
2.840882257327818738e+00
2.858243166702230997e+00
2.860876963450193600e+00
2.906208182494846692e+00
2.882648261581700844e+00
2.880981429999159182e+00
2.845908993625762218e+00
2.784734637267974655e+00
2.732858759614188671e+00
2.774399034025206046e+00
2.912020776024786706e+00
2.845197708420277305e+00
2.843686515774901835e+00
2.851014380882705535e+00
2.825292020305157692e+00
2.904661598190054317e+00
2.878381663365717991e+00
2.895315181461251886e+00
2.884060505606635072e+00
2.887383590727079063e+00
2.838868260416463229e+00
2.886354967775099922e+00
2.877977588515935548e+00
2.932147506521457725e+00
2.886815719785383205e+00
2.814557869364210596e+00
2.792998746866886428e+00
2.790270237808517351e+00
2.839787668118868513e+00
2.787377441251902344e+00
2.774411288904368167e+00
2.749072752765921557e+00
2.706213221459091933e+00
2.713930544431820913e+00
2.781367469429381512e+00
2.786470706826109200e+00
2.760513901432123163e+00
2.740170250185195666e+00
2.741757465568389840e+00
2.747636984756173462e+00
2.719930513818321405e+00
2.737023200486251362e+00
2.735448957666730241e+00
2.716172674923301056e+00
2.781232460618853430e+00
2.749445398621329417e+00
2.755915818743380985e+00
2.836113185329527830e+00
2.748393166924993913e+00
2.762557872696968619e+00
2.861125128336752255e+00
2.887557618472746057e+00
2.875310244130187431e+00
2.857219802535324593e+00
2.818216989516598492e+00
2.854424110043915608e+00
2.850024912171821967e+00
2.797383420269734522e+00
2.826495356444088891e+00
2.846025649919550204e+00
2.909071845107989329e+00
2.966849338945272141e+00
2.928796339795582959e+00
2.932645563309688175e+00
2.979815598321479797e+00
2.912787839853771654e+00
2.859919754118986024e+00
2.848599129396764074e+00
2.799735880400149313e+00
