4.853209041448760530e+00
4.834261991245406342e+00
4.790206049847959946e+00
4.763031597627712443e+00
4.743018553621733524e+00
4.648444901254611850e+00
4.705527388083083018e+00
4.756487884984045955e+00
4.759977836082852853e+00
4.783912311069257406e+00
4.754066154356710427e+00
4.685830022525358629e+00
4.700272545289262638e+00
4.738946823926176499e+00
4.696726200237778315e+00
4.639343164716315471e+00
4.629687894448177410e+00
4.589362156117122282e+00
4.621016013822068835e+00
4.576292057987558337e+00
4.532631244652492342e+00
4.594817297782360477e+00
4.654213789674900070e+00
4.622225978898046428e+00
4.667100706005816946e+00
4.634655326990347213e+00
4.617077972051154333e+00
4.583544698156656771e+00
4.565400420554587058e+00
4.512868156726939084e+00
4.450523340012947138e+00
4.452866717071150227e+00
4.402363569720247227e+00
4.409412432512976210e+00
4.404694768085525070e+00
4.433127789721383216e+00
4.487911318196918131e+00
4.422112730358645827e+00
4.404556731386258583e+00
4.389094781387159472e+00
4.424677276367170009e+00
4.420440702011509515e+00
4.399538271228015773e+00
4.425635547579578777e+00
4.478072129834444581e+00
4.485877617590564803e+00
4.480577306553253258e+00
5.373848341737976320e+00
5.291240119291506616e+00
5.242608701781967362e+00
5.175658991857945423e+00
5.224497487797271411e+00
5.236714046040703785e+00
5.240921483861401775e+00
5.200994616417133010e+00
5.183169975989597056e+00
5.160262590217672418e+00
5.166732623234920219e+00
5.147983391581600898e+00
5.108500073407065578e+00
5.116317621102114188e+00
5.061117366748177027e+00
5.012258672494867007e+00
4.992066305649395019e+00
4.982417184459768222e+00
4.975722761569418395e+00
5.005274617840663964e+00
5.000609262879874173e+00
5.049533146737428702e+00
5.036335175502123285e+00
5.000146197862617825e+00
4.974070968532716464e+00
5.008819821075619849e+00
5.025572305718026378e+00
4.970126054739457011e+00
4.950609457430468652e+00
4.969125677621768489e+00
5.035082620970582568e+00
5.065785723853704070e+00
5.035832503171644881e+00
5.060357497252541137e+00
5.093235121217162487e+00
5.089972986175859582e+00
5.081864421646842267e+00
5.123659727187198420e+00
5.209643077985285586e+00
5.283309379546119899e+00
5.300588363568708772e+00
5.309165376968398853e+00
5.257949600367047616e+00
5.280672779106843961e+00
5.302492715695138692e+00
5.316057655819771632e+00
5.381465413806912679e+00
5.438436907788855024e+00
5.427782604342219486e+00
5.417058426858621267e+00
5.392843127701750561e+00
5.397848645525363587e+00
5.391221939412251807e+00
5.387352318161491738e+00
5.392196305773742537e+00
5.416140507778577806e+00
5.403676803806829909e+00
5.460616631846626490e+00
5.458927825131964617e+00
5.504516327525970532e+00
5.529113310468505738e+00
5.594769164138946316e+00
5.616616241118846276e+00
5.594934405334883287e+00
5.620602191936376002e+00
5.610279939539559280e+00
5.667544265376318613e+00
5.648603544239938934e+00
5.641455397324346421e+00
5.684000351864872513e+00
5.605802083555929016e+00
5.552389935874461280e+00
5.531106037674562437e+00
5.526092471177078913e+00
5.558179378177714014e+00
5.549523312862105762e+00
5.593684742636109597e+00
5.616629683359942504e+00
5.614374942947789826e+00
5.575437740662162689e+00
5.581092545371380886e+00
5.618189121060273017e+00
5.626620388830225750e+00
5.609770227023562761e+00
5.630196177754377196e+00
5.685963154998456837e+00
4.669652021296661459e+00
4.652501585168994147e+00
5.712593106462248826e+00
5.729276830456003999e+00
5.730391784162754298e+00
5.681540636130309352e+00
5.674386398545662402e+00
4.703909119020051932e+00
4.732412281278967292e+00
4.777851609248658704e+00
4.779336355604196562e+00
4.834475049061686569e+00
4.837153191702739718e+00
4.890161653769740546e+00
4.917950589422386720e+00
4.927306363521553934e+00
4.897699357861811542e+00
4.892489550320981095e+00
4.924900912708802814e+00
4.933582167147924302e+00
4.972356081376312353e+00
4.973512641986546967e+00
5.061020252873920100e+00
3.729955897862600622e+00
3.651965635106661168e+00
3.586832864798692899e+00
3.565365338923908389e+00
3.638938581509723491e+00
3.592715546769601698e+00
3.632653162634715382e+00
3.584696500402788200e+00
3.603335954362290039e+00
3.631286686561665089e+00
3.666089469721108607e+00
3.651352899953659303e+00
3.693394373743481118e+00
3.713748241332468059e+00
3.677638100738026772e+00
3.675578185809682985e+00
3.759247398083823910e+00
3.804444768951181111e+00
3.812677012284151346e+00
3.827381742131296782e+00
3.816518963663092290e+00
3.836134252082426421e+00
3.870307222947553250e+00
3.803694651256853021e+00
3.787834473680179226e+00
3.844464852225859541e+00
3.819244951557833723e+00
3.809327893474123261e+00
3.771754631467958863e+00
3.749479163830624628e+00
3.734752602248240017e+00
3.768105757539190748e+00
3.829327356077043554e+00
3.904325421887883341e+00
3.952577007472466430e+00
3.925108151376214494e+00
3.904339252677717642e+00
3.836714610184083440e+00
3.865507728617290084e+00
3.845070870608239044e+00
3.783931024741334248e+00
3.785039762010433684e+00
3.708136189516237025e+00
3.669676007497119752e+00
3.670533884872880570e+00
3.666722923810850965e+00
3.753489842799631049e+00
3.745947810634846054e+00
3.753181317229425495e+00
3.773928589679460099e+00
3.778216642809144599e+00
3.790847002979677693e+00
3.751766650526122238e+00
3.772393669807009964e+00
3.729375953158920343e+00
3.686479892797463798e+00
3.603452372378467050e+00
3.568645961705924297e+00
3.533148878833158424e+00
3.509566924849845115e+00
3.554005346084893269e+00
3.541810977452071629e+00
3.495026895461607275e+00
3.422038719827699360e+00
3.403809336610968295e+00
3.393859896931516129e+00
3.353116460846536473e+00
3.314815982826196272e+00
3.322337881673084414e+00
3.262928899010825834e+00
3.272099937349102206e+00
3.270751748451722563e+00
3.331087059804952233e+00
3.351823981058671187e+00
3.300966070713239109e+00
3.314308525167806163e+00
3.315956875473503374e+00
3.296146993081467080e+00
3.242397107079883600e+00
3.231919862867890014e+00
3.149055890262984825e+00
3.125856362662878141e+00
3.100400296735891015e+00
3.065738084050885881e+00
3.109532762329414446e+00
3.070936176477785384e+00
3.083519742112899475e+00
3.122476741306490666e+00
3.017052038000008096e+00
2.960772027698181486e+00
2.907091673821106337e+00
2.923150868497895072e+00
2.907191256178375038e+00
2.925675819362083985e+00
2.994952253375669837e+00
2.998952150335179923e+00
3.087991256464305945e+00
3.054671668117541206e+00
2.961386330757943774e+00
2.978576337782867345e+00
3.035041021139583073e+00
3.016253802318365818e+00
3.033837174272871362e+00
2.993558918745378605e+00
2.943689691526605312e+00
2.902546123664531574e+00
2.842383858665117113e+00
2.742377253406248272e+00
2.699102999146197668e+00
2.737545068122166469e+00
2.734035478921223117e+00
2.735115902480186101e+00
2.764537393489189032e+00
2.886178268922416912e+00
2.788668678778459142e+00
2.821904853108977651e+00
2.869261403218605899e+00
2.888624240014612710e+00
2.891169140676483895e+00
2.874137261857895531e+00
2.893326977719593796e+00
2.862095036856743047e+00
2.854352115629744890e+00
2.910755400235478962e+00
2.935602323203876818e+00
2.981693143165473625e+00
2.995269103102423891e+00
2.876184451665087405e+00
2.842509102887798900e+00
2.844430874533603326e+00
2.820860329757572504e+00
2.867053016600843662e+00
2.867331337672715197e+00
2.851348277569753620e+00
2.833763575177011607e+00
2.878633529993006590e+00
2.925253493289085682e+00
2.878054030069623348e+00
2.863185813041130068e+00
2.932931298206625126e+00
2.934455315727264590e+00
2.932419478860416984e+00
2.931315574959475700e+00
2.886447297284327806e+00
2.897101137344017197e+00
2.967793961851125317e+00
2.944622726258832479e+00
2.888040685308986166e+00
2.885595259214292163e+00
2.916971374559578667e+00
2.862744312718130235e+00
2.805066487625561322e+00
2.773501036596164759e+00
2.825319450964792978e+00
2.768968399964145455e+00
2.721021315609269298e+00
2.689172549316983130e+00
2.690876622961372533e+00
2.675360536451115046e+00
2.722206090655150845e+00
2.757760141854254332e+00
2.799405115377193276e+00
2.819584898526731109e+00
2.817329409210076907e+00
2.851728072590372420e+00
2.837680214541448365e+00
2.805399971483566901e+00
2.779402273871128592e+00
2.730247790952315068e+00
2.676213369669915298e+00
2.707431254898266193e+00
2.748352415539171645e+00
2.793879381791561922e+00
2.843448082874030725e+00
2.871230049995994182e+00
2.884226066035739944e+00
2.919359518798601005e+00
2.989626732553748223e+00
2.981801636594896276e+00
2.902494272173504530e+00
2.855994572823974842e+00
2.865640242598501697e+00
2.907873621738056080e+00
2.973848348520818696e+00
2.887118113274897091e+00
2.828406441797218562e+00
2.789121904829547027e+00
2.756626017435081621e+00
2.765476812414090713e+00
2.809477531499406044e+00
2.888590832914900819e+00
2.894047857240788613e+00
2.810409400781316513e+00
2.768551426287761963e+00
2.823602309107995367e+00
2.840923969415584782e+00
2.849769990718548751e+00
2.908757466685732762e+00
2.893220696732276220e+00
2.907407092238718960e+00
2.880032291485635554e+00
2.910536720263120269e+00
2.855556162991720548e+00
2.833297901739243674e+00
2.864032995619987254e+00
2.861194505796486265e+00
2.861929593823020479e+00
2.856211651821342290e+00
2.939176075025108137e+00
2.971724246965050664e+00
2.965174868367799643e+00
2.946011201608031094e+00
2.949756091611643871e+00
2.990612479075148045e+00
2.982429043581757977e+00
2.956687673732211419e+00
2.944693532441025052e+00
2.947595121450705680e+00
2.948410588774907470e+00
2.945550712515403458e+00
2.975426860132845075e+00
2.985968184693199134e+00
2.948327322398244021e+00
2.924276662697974150e+00
2.837642859839835552e+00
2.839991197169455805e+00
2.799849103076806678e+00
2.825830320454502775e+00
2.751969658262968466e+00
2.740155652513192486e+00
2.737092070062678850e+00
2.820098757135997225e+00
2.888043282224142860e+00
2.910622957375275988e+00
2.939598271873216540e+00
2.916940349064410576e+00
2.904053201992002453e+00
2.894248434395361613e+00
2.890380078813165277e+00
2.895690936546923666e+00
2.870602375808951834e+00
2.849165667348952269e+00
2.908327698179831611e+00
2.955644938080350670e+00
2.911194600159872081e+00
2.924154236698194520e+00
2.929037043125266138e+00
2.882075293950523864e+00
2.863648721474056469e+00
2.832594217320934860e+00
2.768588990803799277e+00
2.696027818847572810e+00
2.806583332096162398e+00
2.853874909662299952e+00
2.898121460532667282e+00
2.871615921393388504e+00
2.937528382841602337e+00
2.955689428881187020e+00
2.908731854262265770e+00
2.935577966942795936e+00
2.928382659421408629e+00
2.891799785600655870e+00
2.838648269863668361e+00
2.860383540716175066e+00
2.818027146781946435e+00
2.803560949934921442e+00
2.757029923667858817e+00
2.712617555056370922e+00
2.721176400015257624e+00
2.692069835646913489e+00
2.724370385979116183e+00
2.760351608038367210e+00
2.833998412137875622e+00
2.801618282350399447e+00
2.756506121886908023e+00
2.807245090831934853e+00
2.850849171738133236e+00
2.894911743041573171e+00
2.916074587523439732e+00
2.886198364631232138e+00
2.876113001952461001e+00
2.884036580905311897e+00
2.854177639881582351e+00
2.848112883998806133e+00
2.888886809828311808e+00
2.877614463405409051e+00
2.845360785559539085e+00
2.861120934179469888e+00
2.868446269324213649e+00
2.871351772249439716e+00
2.891497881721513785e+00
2.938143801790511489e+00
2.897984472008088286e+00
2.838136888876221509e+00
2.826127208743442143e+00
2.906240182779117998e+00
2.929234370957708666e+00
2.946319907952970052e+00
2.832487422743480199e+00
2.795025581278282267e+00
2.780052517489552510e+00
2.739582084917332683e+00
2.728518095963448076e+00
2.746321357743845670e+00
2.739930656056828173e+00
2.790060572819164086e+00
2.752508128961656642e+00
2.796814974216206284e+00
2.865837050496765404e+00
2.888554655878956989e+00
2.853563035925437141e+00
2.831668765939970633e+00
2.869292944263446721e+00
2.873171592508877659e+00
2.895837357311353166e+00
2.861676606466914574e+00
2.848206628740267643e+00
2.773397375061856795e+00
2.707737431879243317e+00
2.786048994544065849e+00
2.743104263421279665e+00
2.741518374915622669e+00
2.786813592617920055e+00
2.728654796781740277e+00
2.772068180979681884e+00
2.768041545930985947e+00
2.755301979819997804e+00
2.778817914149827928e+00
2.780479275232958791e+00
2.757981508277385529e+00
2.755669428650686203e+00
2.696810894371350020e+00
2.704092084230861115e+00
2.750649559649502418e+00
2.668375910549336982e+00
2.659627417515468828e+00
2.726321147627329466e+00
2.767837603617669284e+00
2.749973636237263985e+00
2.801650406456879683e+00
2.789549425982626119e+00
2.764612269378836196e+00
2.788499596557259430e+00
2.818648080197313277e+00
2.703457046080074644e+00
2.706686904686244066e+00
2.730479994433213431e+00
2.756695666917188259e+00
2.762581039535310978e+00
2.758767478422202490e+00
2.755526265525335639e+00
2.771901513401946460e+00
2.850451367766165145e+00
2.911516958563009627e+00
2.908975592884890826e+00
2.916761217515070559e+00
2.845572174449279679e+00
2.780020323666717807e+00
2.759695635391700375e+00
2.762326193627392623e+00
2.780771295881773852e+00
2.824502434058076883e+00
2.876344555160247118e+00
2.870762616448807147e+00
2.888307635969547871e+00
2.923700908095765438e+00
2.836866933784522704e+00
2.787687392804293118e+00
2.800846657709057830e+00
2.812453732952775454e+00
2.805576946013065509e+00
2.801846712438066600e+00
2.820378343414230660e+00
2.788958945556567315e+00
2.837758798770607882e+00
2.834410873532628994e+00
2.775751790056164126e+00
2.733383617423650325e+00
2.707419435551130071e+00
2.737964572451586420e+00
2.787990315621629911e+00
2.830747957695987083e+00
2.896813076468690795e+00
2.879202841065561014e+00
2.897290803492118094e+00
2.889407378685116434e+00
2.871778891210115425e+00
2.820437200151778345e+00
2.817615658673126688e+00
2.779705200196596948e+00
2.751840293330992004e+00
2.703073250949740824e+00
2.703682858620811036e+00
2.757390070338253452e+00
2.762586831214541405e+00
2.722332455817988883e+00
2.728452125290087515e+00
2.806858742437887244e+00
2.827328597811014976e+00
2.736857504511332806e+00
2.756011792427601304e+00
2.751033805681057487e+00
2.746726415207747074e+00
2.770362250681307703e+00
2.737737934865205780e+00
2.799481023332717644e+00
2.837340127654772282e+00
2.872978593724638152e+00
2.919644670161080313e+00
2.902199510715967712e+00
2.878732533598771237e+00
2.845776168288714825e+00
2.905753430695729111e+00
2.920265227680526543e+00
2.904731657141499390e+00
2.861598504332849124e+00
2.883529261165906465e+00
2.904588266863308732e+00
2.842445601942102051e+00
2.813813604345532848e+00
2.822652298814007477e+00
2.809061943069251832e+00
2.774479951270147904e+00
2.710348501576873126e+00
2.742018599499281617e+00
2.788239946633000788e+00
2.727473006282555623e+00
2.786984571180831427e+00
2.821628784939648416e+00
2.868058053805745633e+00
2.881105864073724376e+00
2.862506069862559954e+00
2.908311021881944569e+00
2.947006277563724463e+00
2.884021324470399605e+00
2.880927281275943663e+00
2.818446557946415965e+00
2.789757337117334757e+00
2.727430109095373201e+00
2.734677677533496443e+00
2.755191100450202768e+00
2.834514773290130574e+00
2.796289505755797045e+00
2.839682024452737874e+00
2.842092363031153202e+00
2.856417511499325546e+00
2.907133467868305399e+00
2.897182769519382806e+00
2.849816309869813491e+00
2.848512769850259474e+00
2.841530925399193830e+00
2.801457656292523968e+00
2.791886279919007841e+00
2.813892855103051094e+00
2.823886152096078739e+00
2.889285897933951741e+00
2.876028685531491380e+00
2.890881007582291051e+00
2.901281958031655783e+00
2.920626816284476845e+00
2.915447307018256051e+00
2.909099688907205383e+00
2.909325866932063409e+00
2.893605881940386926e+00
2.902233622574172056e+00
2.877367894447979690e+00
2.870104701922910895e+00
2.893177664783136649e+00
2.851437532193191515e+00
2.809838785411006512e+00
2.812641818646661740e+00
2.778174400573153235e+00
2.736803975442888781e+00
2.746835998016626590e+00
2.769966425789309294e+00
2.750025999877092175e+00
2.818403803573930944e+00
2.857686826788407686e+00
2.892527787247687332e+00
2.833890258990280131e+00
2.828990809458383549e+00
2.888004501381533640e+00
2.894905007077088754e+00
2.913165632091660129e+00
2.931138174839254873e+00
2.926719323748008694e+00
2.959103918418546808e+00
2.872757908352181477e+00
2.823723959596617927e+00
2.796777252481863485e+00
2.832929402579598577e+00
2.791866221723383834e+00
2.741068040016518825e+00
2.725281086420261012e+00
2.715867633004230175e+00
2.707651750133313939e+00
2.737296659114609287e+00
2.764073985985179949e+00
2.826190014843304787e+00
2.869088705495177916e+00
2.885581050672463288e+00
2.849198132808598238e+00
2.862912677676355599e+00
2.884438420212849685e+00
2.919728412027391862e+00
2.959674475343530453e+00
2.951995934956550993e+00
2.924332915384292964e+00
2.871879349833484696e+00
2.912319693989655622e+00
2.898184949239782426e+00
2.913430108995237244e+00
2.868703365634027946e+00
2.851342490827785792e+00
2.839661423479919122e+00
2.772103172683153094e+00
2.730436228883582395e+00
2.764289601326170409e+00
2.813818757489544353e+00
2.786604205839071646e+00
2.772423849269804563e+00
2.750029090755222949e+00
2.773071582199060359e+00
2.831024726137163494e+00
2.775855003417865507e+00
2.780599036179075334e+00
2.845990512984890142e+00
2.887239685235709619e+00
2.900047240994532594e+00
2.918103665053727536e+00
2.891695350482135662e+00
2.885936416485990197e+00
2.866476233984855071e+00
2.837520396402464673e+00
2.795294975490064004e+00
2.756422681665495311e+00
2.755797706654099954e+00
2.787167199864406975e+00
2.874977217301034838e+00
2.913937027459584606e+00
2.849762621693253006e+00
2.874199192818758242e+00
2.821329828290198183e+00
2.722504912759571294e+00
2.682667515738765829e+00
2.701072564741642701e+00
2.771244666210473273e+00
2.785803474762712284e+00
2.808601431317729880e+00
2.773102594568040757e+00
2.777088763435551666e+00
2.757857139157139148e+00
2.764305880325113485e+00
2.782075843682195959e+00
2.753720029342126896e+00
2.711775433180262151e+00
2.782970175909185162e+00
2.764218877006667352e+00
2.687668878414898543e+00
2.707602998964213192e+00
2.730393744499133746e+00
2.767393358378963608e+00
2.751724368464254500e+00
2.708085116830710515e+00
2.762407102510417101e+00
2.804123570743628946e+00
2.766483146523759817e+00
2.719430087352863179e+00
2.714225672268243628e+00
2.719264606469918633e+00
2.739701443588334229e+00
2.724596300371855406e+00
2.758564119247548074e+00
2.787529551412863515e+00
2.836698961821645160e+00
2.835991889974299518e+00
2.818463943356380952e+00
2.902145068737949973e+00
2.874258513077764032e+00
2.929221398255856812e+00
2.904137737780355444e+00
2.896103244015999945e+00
2.881717890425778972e+00
2.873115556325572140e+00
2.931180820079170690e+00
2.874201280355988430e+00
2.895135402705717897e+00
2.847809157931760371e+00
2.792095449657837403e+00
2.806548235822787785e+00
2.867227580782523155e+00
2.885850654486472155e+00
2.907645439182707570e+00
2.919413125955284016e+00
2.875631061175963676e+00
2.863691498747725994e+00
2.811789110157445926e+00
2.754923773900105566e+00
2.677745880400154821e+00
2.710553080092695577e+00
2.745663854152579741e+00
2.762130699297193015e+00
2.852895020851626384e+00
2.921949007084140959e+00
2.914347439822506658e+00
2.881344477843633012e+00
2.884586972167765939e+00
2.881384042435162218e+00
2.855949579386863224e+00
2.763070755518215016e+00
2.732405899569096075e+00
2.777911445672809787e+00
2.865657341693176097e+00
2.876911190843401744e+00
2.891438569293838245e+00
2.909505112557804196e+00
2.875519779100815132e+00
2.812403420563984735e+00
2.759990942014121540e+00
2.731050713553301978e+00
2.702287179409323947e+00
2.693502181176024468e+00
2.735128698982919548e+00
2.769132355088864905e+00
2.757686349097736134e+00
2.763573230439172246e+00
2.837248314828999973e+00
2.869901043590179501e+00
2.776881344242133842e+00
2.743444914701222537e+00
2.805649479175900574e+00
2.767232010511586626e+00
2.756114293711347418e+00
2.833353843063022737e+00
2.810574674332634970e+00
2.810165297629304781e+00
2.806759163163095483e+00
2.770720303459011991e+00
2.859960489237569625e+00
2.947932665445396783e+00
2.995948764581931822e+00
2.924441314165834971e+00
2.900244989651736827e+00
2.875651056717417831e+00
2.936053303330851350e+00
2.882364480769217252e+00
2.902882705174289590e+00
2.831720325173374242e+00
2.759777164917486481e+00
2.749345558492056085e+00
2.736782051972717955e+00
2.754902902100181183e+00
2.794799635036472552e+00
2.818774556434054279e+00
2.871950556677465460e+00
2.891926174714700704e+00
2.922348370745692314e+00
2.906561714466080026e+00
2.897572777343133232e+00
2.931652264508871841e+00
2.882367256266973321e+00
2.882120920433422828e+00
2.846168652768138685e+00
2.894290932162832508e+00
2.887382724891176977e+00
2.858035864015705307e+00
2.838372420948315877e+00
2.866342094028555110e+00
2.854131566694148692e+00
2.794871195600971081e+00
2.827032543144842869e+00
2.881680586046968973e+00
2.856706145195897495e+00
2.855213652250913725e+00
2.870951584405421197e+00
2.862502751090380659e+00
2.838765048396926005e+00
2.888351432911167915e+00
2.906653402110406237e+00
2.826529143667193988e+00
2.769155466924889453e+00
2.762753336800084725e+00
2.754659507089760151e+00
2.747779285168297836e+00
2.819316406507081485e+00
2.786370219479098242e+00
2.807104379961671281e+00
2.815393400574775828e+00
2.825339271662786089e+00
2.826839401168733446e+00
2.840550826864395528e+00
2.850945632592806422e+00
2.785625602984004523e+00
2.746564035299377871e+00
2.745589007845128826e+00
2.798126873463746112e+00
2.797225232261428385e+00
2.823512882917305955e+00
2.874395414691583550e+00
2.897918735920660627e+00
2.871975452541334572e+00
2.883244873402188269e+00
2.878130295869178568e+00
2.775239268964029282e+00
2.765325839751981096e+00
2.800041428264946397e+00
2.885531146946779923e+00
2.905364348924244222e+00
2.909204358583287853e+00
2.923988543069210078e+00
2.925548837397865753e+00
2.873351005359422228e+00
2.853298967861587876e+00
2.863732180215182055e+00
2.833351725430501844e+00
2.844456011261204065e+00
2.886274068760622757e+00
2.880533978275555906e+00
2.868545624528220817e+00
2.876401397579969377e+00
2.862293835370505413e+00
2.902372994637318904e+00
2.859802440729079187e+00
2.870267409145008219e+00
2.837379248531997522e+00
2.752737001604039335e+00
2.775167382339306599e+00
2.836240469353753291e+00
2.901354855925072584e+00
2.881163133180765001e+00
2.879168977326617362e+00
2.856092785607638351e+00
2.777226854255878230e+00
2.732703057414032077e+00
2.760045470639931775e+00
2.801970913482151104e+00
2.794792478879246200e+00
2.797354643229921223e+00
2.783631620742945234e+00
2.762709358582621455e+00
2.750030363468737971e+00
2.687571766483641600e+00
2.735985745576902328e+00
2.700065369579041086e+00
2.740399605896921553e+00
2.746062817926786082e+00
2.703805466375123423e+00
2.726086755772824333e+00
2.751855555802302788e+00
2.825414305902764323e+00
2.784505162501947684e+00
2.772506807926718331e+00
2.722124354249820577e+00
2.791161765286992669e+00
2.810940056280105015e+00
2.801056407857578368e+00
2.796525701651961793e+00
2.767890351874510380e+00
2.798139024423196730e+00
2.832055966961104954e+00
2.846050596879823757e+00
2.789836912796158863e+00
2.833951481588913524e+00
2.813024173376403425e+00
2.813867978424005489e+00
2.879844961104676582e+00
2.901696400383747765e+00
2.881574743087536916e+00
2.842288338645465373e+00
2.817090875353508661e+00
2.821202048772827542e+00
2.822114987026573818e+00
2.832724836619328723e+00
2.804442547102721672e+00
2.819258945184000442e+00
2.803354419262751307e+00
2.812003378376349172e+00
2.807445279965399276e+00
2.841278057494549536e+00
2.822219162290555250e+00
2.744458780889230010e+00
2.737457396928763220e+00
2.801089787921836827e+00
2.772611224099043703e+00
2.723102091365654065e+00
2.771399646388085003e+00
2.742771044035575478e+00
2.755329744331882491e+00
2.817302788129099955e+00
2.852464373134220299e+00
2.903877407880711026e+00
2.872761215277037206e+00
2.844775913846290916e+00
2.899286981311095079e+00
2.899051224107639602e+00
2.843663306370851185e+00
2.813141482400058901e+00
2.787086650967279144e+00
2.758578982012296787e+00
2.799497276298014370e+00
2.798040028305528448e+00
2.787271246219140686e+00
2.747850250650496928e+00
2.744109509476617248e+00
2.812693015599107227e+00
2.821217290461690119e+00
2.840062851417200829e+00
2.860696069141214881e+00
2.864821809467387848e+00
2.856281848837750825e+00
2.900270504625387602e+00
2.883999653259341489e+00
2.932439598695939509e+00
2.835750870580841188e+00
2.785973976906460425e+00
2.767018070053031131e+00
2.783834226386333377e+00
2.786545531657431241e+00
2.730070145618972877e+00
2.753399353526472471e+00
2.802457671402014405e+00
2.776204963614898880e+00
2.756731035121126716e+00
2.751980741211681902e+00
2.776435304486672084e+00
2.763162861649671509e+00
2.757943074104322267e+00
2.748471939096341465e+00
2.715990795271589153e+00
2.673401017430792947e+00
2.755739828067954811e+00
2.739018984965237546e+00
2.764731270847132105e+00
2.818519114712547236e+00
2.842775052655414747e+00
2.840498195739614040e+00
2.862758983917438549e+00
2.858574819730979932e+00
2.838362379964898707e+00
2.807872682298825584e+00
2.863140059445224317e+00
2.894426713530677819e+00
2.896216324793436048e+00
2.874000173973550787e+00
2.851001403016140134e+00
2.898385930134218302e+00
2.945206444377032273e+00
2.948046302214400338e+00
2.963009787361493341e+00
2.977379552559598963e+00
2.925728968992172163e+00
2.933779984934112406e+00
2.938560872263836998e+00
2.880729074383774790e+00
2.935417346817995821e+00
2.949510128818004340e+00
2.924624591293726539e+00
2.861399308030950550e+00
2.896186976008282787e+00
2.913816912573608864e+00
2.878958665906823811e+00
2.905844799709716320e+00
2.888238909785683983e+00
2.865888343952010420e+00
2.810388763142921409e+00
2.867305703966704034e+00
2.893940393304603287e+00
2.905376051391626469e+00
2.925647962417898817e+00
2.920024314967257784e+00
2.859255322632101137e+00
2.882844775564580964e+00
2.917728568595783667e+00
2.859789677581202394e+00
2.801038735897809495e+00
2.822278689286371822e+00
2.858371214520605275e+00
2.890955205464104338e+00
2.889287974570897699e+00
2.886764971382326017e+00
2.925916779404363233e+00
2.984753926205642394e+00
2.947223948056882925e+00
2.888766864944279256e+00
2.866445359674592019e+00
2.877115221884587459e+00
2.900865388121276034e+00
2.891425081166724365e+00
2.892538331638839111e+00
2.867902718015379993e+00
2.830065370269740477e+00
2.828045614907934713e+00
2.811300766549179375e+00
2.841242157930224721e+00
2.888982865992805404e+00
2.833954657364862850e+00
2.810853784884586037e+00
2.764637770124686700e+00
2.744649157907072645e+00
2.750429966387073932e+00
2.807160487040240682e+00
2.825580825246377881e+00
2.808543038659013114e+00
2.772803815634997893e+00
2.775159995387653566e+00
2.851462081108566693e+00
2.830872127101470070e+00
2.826648368651466736e+00
2.804577330008927394e+00
2.758899237014647010e+00
2.759740929870048376e+00
2.768332530603938135e+00
2.704442456403907347e+00
2.713271825674677729e+00
2.641751313049735206e+00
2.715081766724530610e+00
2.789374302599061828e+00
2.779060632659892338e+00
2.813003554921322813e+00
2.817790091543371123e+00
2.868681230112540614e+00
2.954663432609541562e+00
2.968109330870410734e+00
2.942913692244473634e+00
2.881229251552191339e+00
2.872032381433050841e+00
2.819351343837797952e+00
2.778883588781653646e+00
2.740800065674254604e+00
2.794911268716772756e+00
2.725044770274426931e+00
2.767961704937407674e+00
2.765328551908434740e+00
2.747677928724543861e+00
2.778445608609245721e+00
2.725790527535085772e+00
2.736489356821984575e+00
2.765640251370376390e+00
2.764739770756010628e+00
2.743855316885349449e+00
2.809156101038174480e+00
2.835297691601360359e+00
2.860679289958942828e+00
2.929860747544156485e+00
2.911560921567673432e+00
2.942851848122837843e+00
2.863445651658155455e+00
2.837520396402464229e+00
2.779566872733951310e+00
2.753144565764754859e+00
2.727261446946368295e+00
2.795731925632356063e+00
2.846869508776262325e+00
2.872723098385919549e+00
2.840180980148976353e+00
2.830521683365100127e+00
2.786440919883283573e+00
2.835605050073088051e+00
2.860199468568581871e+00
2.851894984041313030e+00
2.822750431759776024e+00
2.852483479356191065e+00
2.846837543661386860e+00
2.842890430530166768e+00
2.859958915788826772e+00
2.902996038578075755e+00
2.829737266956068531e+00
2.788199777634307264e+00
2.797823975878396485e+00
2.822040042238947777e+00
2.780536099388029481e+00
2.774821435696358751e+00
2.794333909896953738e+00
2.757448820921251542e+00
2.724244665957887168e+00
2.727454857554932222e+00
2.756797598664073590e+00
2.753759067166189123e+00
2.767394803782070145e+00
2.796712891950118962e+00
2.737350178548590307e+00
2.745912416665906353e+00
2.811784308939787369e+00
2.815423769168683865e+00
2.838217398297741223e+00
2.943318705135412827e+00
2.972111875417881688e+00
2.950874785550888113e+00
2.938187536560591617e+00
2.936835371620274859e+00
2.919728412027392306e+00
2.957921736625227283e+00
2.935637068848939712e+00
2.917948765828488611e+00
2.883928570544006309e+00
2.837097989143131382e+00
2.901384669429408980e+00
2.887710858101967482e+00
2.918926001117534863e+00
2.897888541679958685e+00
2.921842398213839509e+00
2.898653652991333374e+00
2.897571051760422289e+00
2.869300611647374932e+00
2.906088264316829317e+00
2.937686334515650977e+00
2.893616767991227690e+00
2.822147054991996917e+00
2.782017073995053380e+00
2.791675124365297744e+00
2.842715251304639423e+00
2.841305685771948308e+00
2.912995365598785469e+00
2.931750842073725494e+00
2.864372531637600972e+00
2.837538369784628145e+00
2.843043087960504423e+00
2.883860953652239267e+00
2.836254572495212845e+00
2.827453447892643634e+00
2.793561526080999169e+00
2.817825047798390603e+00
2.781103917511893009e+00
2.832551146934509045e+00
2.832373739463066808e+00
2.893022467939023734e+00
2.943435068079470973e+00
2.869490198624139676e+00
2.810450675603469506e+00
2.736204122502559066e+00
2.738942314105939246e+00
2.753048492126500602e+00
2.779084381590454456e+00
2.745535466898943788e+00
2.733959399844847926e+00
2.750928570501240067e+00
2.737071792993380104e+00
2.725036880484372315e+00
2.724392776381555858e+00
2.765885753244337941e+00
2.764093522296234173e+00
2.747382390567429500e+00
2.743116111286578285e+00
2.756230940977189459e+00
2.761607140778716829e+00
2.719808265301067340e+00
2.696287076703813845e+00
2.729285987213505127e+00
2.774369477917459914e+00
2.714281120296863747e+00
2.720821199564572801e+00
2.739389165489269917e+00
2.807554451831700160e+00
2.781321628291126391e+00
2.830928646221942291e+00
2.876405221800293788e+00
2.823288508105397110e+00
2.807146059612859013e+00
2.686840523737871411e+00
2.695229303788455155e+00
2.752290863989487413e+00
2.753796833464662530e+00
2.738011687338094191e+00
2.765763908940891191e+00
2.866474315252101057e+00
2.885517804485010718e+00
2.908019944910969823e+00
2.904135843930169880e+00
2.884020977732305369e+00
2.864280363372272653e+00
2.821844255092757603e+00
2.871828337488158134e+00
2.872362964529378893e+00
2.878879295837184493e+00
2.849388355419457231e+00
2.849702265149816949e+00
2.873178553449123207e+00
2.913377764726023944e+00
2.906875642334910914e+00
2.917741592396419836e+00
2.958918383463795099e+00
2.907153074745119081e+00
2.834439097952185627e+00
2.744164171473711278e+00
2.726008253839302231e+00
2.770078879743319344e+00
2.842859300070969208e+00
2.832125350333208225e+00
2.805825546964742845e+00
2.792414904701663758e+00
2.878800618313119397e+00
2.831993820614727486e+00
2.862137662657056936e+00
2.850517321469911547e+00
2.894303024909451238e+00
2.910790442474346040e+00
2.865801807522634359e+00
2.835763918241432258e+00
2.827469186392665090e+00
2.759950361872474112e+00
2.831643515698965885e+00
2.781201359125225370e+00
2.723278355218210045e+00
2.736946108347769524e+00
2.780721848729211132e+00
2.750774799942736326e+00
2.771188553671511290e+00
2.727674650686917612e+00
2.768631611464406728e+00
2.833941072076128886e+00
2.826783684684769149e+00
2.813345695075526898e+00
2.868229070349856524e+00
2.897520491730818382e+00
2.907044203310297004e+00
2.928426539969885667e+00
2.901638330323060622e+00
2.876272935588693347e+00
2.877349127234997361e+00
2.834620609534898694e+00
2.899911033118085069e+00
2.932569010270687837e+00
2.806973637211436667e+00
2.724117838860866225e+00
2.734013350369744799e+00
2.843045198374447136e+00
2.761303134391441816e+00
2.708961793750513714e+00
2.674348705759964862e+00
2.710866651091491608e+00
2.711739478637282819e+00
2.743583787676257213e+00
2.824138806786947065e+00
2.877769448722395484e+00
2.903320340575596514e+00
2.881201659030481643e+00
2.877493527360226455e+00
2.854625194311855907e+00
2.838735281776024078e+00
2.912864226152670710e+00
2.848267894703727432e+00
2.857343871500242827e+00
2.872645296586406438e+00
2.846822966044781023e+00
2.805924802983857713e+00
2.761878527379508341e+00
2.754939745257598549e+00
2.756849288590147218e+00
2.786268831250854117e+00
2.738593434593751041e+00
2.744308656109949673e+00
2.761866760001285837e+00
2.799013218975573203e+00
2.791875713566061012e+00
2.706487576176916487e+00
2.688768305377018386e+00
2.736797763810836948e+00
2.804147285718066929e+00
2.872578110339211843e+00
2.883523192207755326e+00
2.914404227282138660e+00
2.868369223095241782e+00
2.857232402168224272e+00
2.797758030995531886e+00
2.806519018285819733e+00
2.852576729905788255e+00
2.855132221106405410e+00
2.835187824465956297e+00
2.861645156199490003e+00
2.847278876401115877e+00
2.813556290533388626e+00
2.781486832613090154e+00
2.798751150066758342e+00
2.797163920831240436e+00
2.804198459453253189e+00
2.748895050743116908e+00
2.716736829359811090e+00
2.752307032291274158e+00
2.812111128671838323e+00
2.789112582883667368e+00
2.736560066945361136e+00
2.756842578022908885e+00
2.839477768886384368e+00
2.902149720465847960e+00
2.950095591671565209e+00
2.931129645716817667e+00
2.892615425527561790e+00
2.876820119506953599e+00
2.808714652648074850e+00
2.795813656165231809e+00
2.798898354710296132e+00
2.802179508882326697e+00
2.863387853574852482e+00
2.874250511002824915e+00
2.887825133210111250e+00
2.824107823720617194e+00
2.836155320147329739e+00
2.853216430627020905e+00
2.853577754328765703e+00
2.800271772524945302e+00
2.752465621946984076e+00
2.769076380311673802e+00
2.747152889811559362e+00
2.790955750276237879e+00
2.770630433673896054e+00
2.723683902364589571e+00
2.784820460999236857e+00
2.834761718381282769e+00
2.906861193796497655e+00
2.936426740104374211e+00
2.796333492271620980e+00
2.732561801679882052e+00
2.805133151919887435e+00
2.769259287246320422e+00
2.728407227669652713e+00
2.708738636339800276e+00
2.699271383169909999e+00
2.751636603914113799e+00
2.776678951553456010e+00
2.850575029708918073e+00
2.823726261520404623e+00
2.719934741864224126e+00
2.716327852082660588e+00
2.749386113298748491e+00
2.765621268359064189e+00
2.812009246072992408e+00
2.832656703520566754e+00
2.842297310275616162e+00
2.808019052641915092e+00
2.823215542603858985e+00
2.843857591371270033e+00
2.887553116394571351e+00
2.920070033406733323e+00
2.837391231395487878e+00
2.866890301354412696e+00
2.845503294673896288e+00
2.840470735635204136e+00
2.829263331681941995e+00
2.830588984646128292e+00
2.910416636840849502e+00
2.922647601063118383e+00
2.877503431796389677e+00
2.847342971965266756e+00
2.831528385872195575e+00
2.820962601666317848e+00
2.772287503128057828e+00
2.730358218256351943e+00
2.773791088023754181e+00
2.747501046405623537e+00
2.756455876664815730e+00
2.778418614967874234e+00
2.696191758759008739e+00
2.734450767521697578e+00
2.785550214948565806e+00
2.815063942435411359e+00
2.813832617623158949e+00
2.842916284381233893e+00
2.783156122103106256e+00
2.745895300261829597e+00
2.772736013399039301e+00
2.827415781239115855e+00
2.798071478715295601e+00
2.784907538860132536e+00
2.788191169916438561e+00
2.793769675545928255e+00
2.805519916165272853e+00
2.766206608335682660e+00
2.778256287673979141e+00
2.828765455105813675e+00
2.906460734295235326e+00
2.866950470447649391e+00
2.842293791992657859e+00
2.830153882742068028e+00
2.866638100632865616e+00
2.859001573976481581e+00
2.858870581191110816e+00
2.818463943356380952e+00
2.856403507909903272e+00
2.857366794795516807e+00
2.848225763523671628e+00
2.816170626932963827e+00
2.807543588263590628e+00
2.894278493856456969e+00
2.861342517071313374e+00
2.822569396843945810e+00
2.843561675082852513e+00
2.874652848606245481e+00
2.916786759432372200e+00
2.885733355665418998e+00
2.848568236851629631e+00
2.886683391021606759e+00
2.822521567676676391e+00
2.836036142223861134e+00
2.850226131379754779e+00
2.864457191162053551e+00
2.829881092908322238e+00
2.806839503783570500e+00
2.792671838938474593e+00
2.787800028696462817e+00
2.830619366852420438e+00
2.859555734725238274e+00
2.884247735545613534e+00
2.863279762789518568e+00
2.807364066165983107e+00
2.816809187715774154e+00
2.831208046046775451e+00
2.870746592787319251e+00
2.863865394881540016e+00
2.903411958368981249e+00
2.861721684580805114e+00
2.849213400221191073e+00
2.765268160594917646e+00
2.739863865231263684e+00
2.740251995711343369e+00
2.765066726138810882e+00
2.737159659208793894e+00
2.693289995525918634e+00
2.716199734923777864e+00
2.764480783076634474e+00
2.722753569458682854e+00
2.757046789592080493e+00
2.761698209435635931e+00
2.769331327234067608e+00
2.714678249811568911e+00
2.722165498275224582e+00
2.711106969486818397e+00
2.713731195236551486e+00
2.749435396585997005e+00
2.827893031923236933e+00
2.875930979700312307e+00
2.874382368440218993e+00
2.887094906649242620e+00
2.846150031182474116e+00
2.860937958082977683e+00
2.816257445618209232e+00
2.793850747624146091e+00
2.752172051307839595e+00
2.747050964215990376e+00
2.737952884912375318e+00
2.731266556013894675e+00
2.761600984936093184e+00
2.744726033687151290e+00
2.742233396339559981e+00
2.805375910640140802e+00
2.837675457130360179e+00
2.810681234149472463e+00
2.803232598269361997e+00
2.773256028570027176e+00
2.746875133674627101e+00
2.701228979557268151e+00
2.780470104137068521e+00
2.800510310639830802e+00
2.854089872446206044e+00
2.896311619974618612e+00
2.898813895371691984e+00
2.850311912756216426e+00
2.803563803447319813e+00
2.793905152291322747e+00
2.744376796287273379e+00
2.775214045798990448e+00
2.751051071863261921e+00
2.725675512602334205e+00
2.747461737677160176e+00
2.729848896917189904e+00
2.742416817334666579e+00
2.780264915435218587e+00
2.778404758130103680e+00
2.774837112336505651e+00
2.762387554272571766e+00
2.704577231287729422e+00
2.714322199002911162e+00
2.787301741828466017e+00
2.850067016755922111e+00
2.869724899707287502e+00
2.846114193070967247e+00
2.855945377628921200e+00
2.910042267734267440e+00
2.896535862025533259e+00
2.831188266435137990e+00
2.852878721572299714e+00
2.836783037174327671e+00
2.814200774642775738e+00
2.822098687147563734e+00
2.878333719359171372e+00
2.866584029816673596e+00
2.880723867363895963e+00
2.890903491990004071e+00
2.874602059416225153e+00
2.873707361580158715e+00
2.899203683772494156e+00
2.905752226188598630e+00
2.830330369409197022e+00
2.724297157066386976e+00
2.762944986784933832e+00
2.746911538437304845e+00
2.705347667121547506e+00
2.774279365889456006e+00
2.825447398200858551e+00
2.893162975015406868e+00
2.880613997049934483e+00
2.819135683148294103e+00
2.808420552552627125e+00
2.746386170952657579e+00
2.730677754697540482e+00
2.764395232234349020e+00
2.851058750709988487e+00
2.830858703644532071e+00
2.815476158663042128e+00
2.850450666122815502e+00
2.785488287535957674e+00
2.853502058874323399e+00
2.881109855593847247e+00
2.867106032221341305e+00
2.844354584084059834e+00
2.861475318782254362e+00
2.896768026611727276e+00
2.840983456481223524e+00
2.831185970578407485e+00
2.762049601292489331e+00
2.862767018113768547e+00
2.881154109033392530e+00
2.917039595206071034e+00
2.917138495169539159e+00
2.898803891262739629e+00
2.885502555881730657e+00
2.848229450026805942e+00
2.853601408746498702e+00
2.878255374354401930e+00
2.864990052338750814e+00
2.900132927987957299e+00
2.859947901623384858e+00
2.853852483924143257e+00
2.914556741598968603e+00
2.935049062622292926e+00
2.857559273226017105e+00
2.875791021614748644e+00
2.867295764304756744e+00
2.860147024192987608e+00
2.881403130421011483e+00
2.911695897582713410e+00
2.875033738932466498e+00
2.823380066516019138e+00
2.786064069615055150e+00
2.763205927903311654e+00
2.833424253443172613e+00
2.895117441486614762e+00
2.888839905567631483e+00
2.897840575325012491e+00
2.925243579601534805e+00
2.920572889006538997e+00
2.910660577944463867e+00
2.949926948248040581e+00
2.963164018410050282e+00
2.970159254989536812e+00
2.939316076913131237e+00
2.930129007398820207e+00
2.989257600140878157e+00
2.933858381040229890e+00
2.906234677378962239e+00
2.900013793070647328e+00
2.862508689943141338e+00
2.893527432045530201e+00
2.852888010420317588e+00
2.845598179645186576e+00
2.789946236041117800e+00
2.808590037723555533e+00
2.837140461803045799e+00
2.825078229005349328e+00
2.860335819444983052e+00
2.946172262444951340e+00
2.902290647057941264e+00
2.908515085056289973e+00
2.882349909362150076e+00
2.857247976637659281e+00
2.889273438080929957e+00
2.891647627218779881e+00
2.859582312156794703e+00
2.886889156167933290e+00
2.828319112122958057e+00
2.770173640766946388e+00
2.756773476366891629e+00
2.773872563763519317e+00
2.724492429793116344e+00
2.733809247186057334e+00
2.761461569531613591e+00
2.800376224724099306e+00
2.748813744144917859e+00
2.738514560852288504e+00
2.754130897397579769e+00
2.778388201817737713e+00
2.834106914003069022e+00
2.783296247257917244e+00
2.777167261797531594e+00
2.815267305248295049e+00
2.814378972348961838e+00
2.779076825134562778e+00
2.783681555063366453e+00
2.761457224003297739e+00
2.784204554266801246e+00
2.783927800787944218e+00
2.781187695931362391e+00
2.886791644715634320e+00
