4.869372444165675162e+00
4.863595994734760453e+00
4.851038445528956800e+00
4.843419969401786318e+00
4.724168709942523137e+00
4.656566975788064333e+00
4.622172324784094677e+00
4.555200654197354204e+00
4.595653272386853949e+00
4.547705355451252096e+00
4.567693728786990981e+00
4.550347459260666305e+00
4.472196999238740922e+00
4.389661604269741169e+00
4.330118474129777795e+00
4.305802364252219405e+00
4.344729450725327347e+00
4.364101740335575741e+00
4.410800947673789274e+00
4.353154947851041179e+00
4.372792929010016039e+00
4.413510394232690537e+00
4.451414831264325578e+00
4.475716367242232430e+00
4.503804391844743904e+00
4.477766965798911869e+00
4.514053278374103861e+00
4.398741751910425712e+00
4.614101320950808827e+00
4.343676092896430418e+00
4.684385765497969700e+00
4.764532400981233984e+00
4.420679811974625117e+00
4.396915396047551994e+00
4.410809676238592658e+00
4.446861477491737880e+00
4.404815660161046864e+00
4.491147069513534262e+00
4.487548328430569278e+00
4.457932816900676443e+00
4.458459599458090672e+00
4.389108679447343064e+00
4.399293352346488106e+00
4.049516637822346610e+00
4.009216382287192459e+00
3.942683984292933541e+00
3.872650513537208017e+00
3.843465883808518946e+00
4.366603600053479362e+00
4.327162696271079412e+00
4.259249933967247159e+00
4.284212879864865542e+00
3.744441346850021279e+00
3.718703134158466206e+00
3.641115900379991999e+00
3.565510342152999446e+00
3.548123588602854817e+00
4.350772000461526900e+00
4.374422590468369343e+00
4.305690885328393058e+00
4.309441379111683013e+00
3.463971564548415927e+00
3.385787205363030239e+00
3.403341005541466568e+00
3.374693171237942213e+00
3.262861320988068137e+00
3.246605149998995632e+00
3.300456180590798372e+00
3.305065808724540588e+00
3.300492387508264347e+00
4.132545704526448205e+00
3.191016139100522064e+00
4.132021539150056100e+00
4.061042600121303359e+00
4.032087920668397274e+00
4.113402849223499302e+00
4.137054628597500283e+00
4.023404528505677646e+00
3.978510776660030945e+00
4.022632471404764765e+00
3.959311303749680988e+00
3.962412901250953468e+00
3.986876722448287502e+00
3.921777403168109188e+00
3.829563682718959416e+00
3.835764721668939448e+00
3.799247293872827225e+00
3.737047631486652310e+00
3.694013806146370982e+00
3.672598126667278251e+00
3.601697655273135013e+00
3.577785488259462188e+00
3.586808330535659284e+00
3.570204195840904315e+00
3.519878406990787134e+00
3.518872830893438053e+00
3.543072677775605417e+00
3.409260623654343458e+00
3.478174377457230904e+00
3.425104523952517521e+00
3.489261239861526587e+00
3.359053735801200258e+00
3.339529607594459382e+00
3.316829359493791873e+00
3.306336492252414327e+00
3.269476104821688267e+00
3.276557644846188388e+00
3.229249758070750431e+00
3.265954225031330260e+00
3.201988913160068950e+00
3.112718104808078756e+00
3.169215991377047015e+00
3.173655778435966024e+00
3.116459690097082014e+00
3.126744633000910323e+00
3.139669090843810295e+00
3.148839151179366969e+00
3.112499959839357455e+00
3.043258943961227203e+00
3.123648187616524741e+00
3.069785823147928028e+00
3.083823276389229040e+00
3.065586567037375421e+00
3.031857186610213528e+00
3.013843061607555551e+00
2.962753786597867034e+00
2.943447978137205379e+00
2.976434276109586552e+00
2.970318501440544878e+00
2.972347725283837061e+00
2.864075767154213636e+00
2.985834891617418663e+00
2.846344322108623981e+00
2.744330883840357505e+00
2.795604585773889816e+00
2.778155863158149330e+00
2.770103608170640275e+00
2.790914007990930479e+00
2.861406297609621063e+00
2.831690131352651907e+00
2.917634144302537536e+00
2.877246426707312565e+00
2.914739954095390662e+00
2.870125607007470325e+00
2.763492174767280929e+00
2.855156388010996693e+00
2.785355632589849417e+00
2.835932650822300172e+00
2.767571317960930255e+00
2.765660138194857343e+00
2.841837609716642454e+00
2.748039846872675884e+00
2.724755768871772066e+00
2.727073523027935931e+00
2.764821874913463873e+00
2.719718551615222246e+00
2.710431330987745024e+00
2.775434740720811977e+00
2.734443636281428169e+00
2.739759843489936397e+00
2.732178068867400889e+00
2.863313814446470928e+00
2.955899355526165007e+00
2.928988391919639778e+00
2.932713930815619374e+00
2.965307909813077014e+00
2.956046346050751339e+00
2.895354037073877507e+00
2.870346843153280147e+00
2.827180397498539222e+00
2.782752234748900211e+00
2.838156796232371715e+00
2.773456687961793232e+00
2.737284238072472675e+00
2.740111311607614120e+00
2.782832010740138529e+00
2.743365998185440802e+00
2.784783833621560678e+00
2.718962485949374397e+00
2.833612711716263277e+00
2.859120494138013946e+00
2.847607416762360177e+00
2.897321003962108676e+00
2.881283394600399284e+00
2.865756444640751521e+00
2.950181689320168221e+00
2.895531730097254286e+00
2.822164771943693751e+00
2.788639453210113306e+00
2.829061328426797584e+00
2.901001378834556998e+00
2.879765615462480888e+00
2.733630918759882622e+00
2.729327206474152057e+00
2.804757565280821208e+00
2.784169714654622485e+00
2.792359575699376428e+00
2.746953403317938136e+00
2.724981284339399235e+00
2.801262572484057856e+00
2.820140599331883990e+00
2.804140510031549738e+00
2.780063848187663389e+00
2.744692696824182043e+00
2.731757126832471183e+00
2.756507028831959971e+00
2.766802848054049857e+00
2.718320989140170951e+00
2.817511845582906904e+00
2.863198386420333197e+00
2.872938217226398638e+00
2.859206883035922964e+00
2.797815397770196721e+00
2.750910031244206522e+00
2.729708042996540129e+00
2.858103916935142319e+00
2.947888905640780877e+00
2.942092112766016232e+00
2.939772440172878643e+00
2.912599011192580800e+00
3.021247093502946512e+00
2.996052235859715474e+00
2.973921821433777701e+00
2.965056829134983030e+00
2.856608478598352985e+00
2.926848475749983969e+00
2.873391376057219393e+00
2.867601959826363345e+00
2.768410012985792701e+00
2.739781925628388848e+00
2.766929164254119833e+00
2.799020900243511800e+00
2.820117373443878250e+00
2.802305122573200968e+00
2.800066249216256686e+00
2.796253386229509807e+00
2.833132718387898041e+00
2.774914052723075120e+00
2.771105375116579950e+00
2.870338830173190914e+00
2.866657112387179129e+00
2.853480155879833280e+00
2.818885240658086655e+00
2.799790885048381472e+00
2.761887941245987133e+00
2.797626136566500055e+00
2.869985714250159248e+00
2.805082173484405583e+00
2.739822986982918707e+00
2.743268853029174448e+00
2.797776617244486452e+00
2.764312030144209675e+00
2.752535376702723191e+00
2.696797174427472576e+00
2.764090085362632010e+00
2.807814986782426914e+00
2.796571472356820909e+00
2.858990206349087515e+00
2.865636055049558983e+00
2.867635262720836131e+00
2.896237904592783519e+00
2.923244430423156182e+00
2.985654534603761068e+00
2.904071968805181037e+00
2.910146559883195483e+00
2.936095706886953760e+00
2.965543626386231590e+00
2.939305190006645141e+00
2.924812985474455118e+00
2.848880657381070325e+00
2.896889538798467001e+00
2.899506337292608649e+00
2.944937520559646860e+00
2.953452386614688230e+00
2.860933239346909129e+00
2.858318911528243245e+00
2.882682431347580732e+00
2.945432735609488706e+00
2.904634400402226202e+00
2.859535102075160928e+00
2.896206829630784796e+00
2.940747183965327416e+00
2.909365051003397706e+00
2.879761274828175566e+00
2.921461278196238354e+00
2.834822040269899812e+00
2.849395023509376568e+00
2.874542050483867683e+00
2.748967260627161124e+00
2.753079185203360701e+00
2.756661930669047411e+00
2.802099569965350145e+00
2.732623098782560156e+00
2.729976190372362943e+00
2.776682552975763052e+00
2.773013162608500615e+00
2.764291048352180979e+00
2.770355392363947011e+00
2.733419287266408482e+00
2.745298162313158041e+00
2.733834486577415568e+00
2.850803921703489952e+00
2.880447708256478556e+00
2.835909730580294497e+00
2.866852804034417446e+00
2.868415939155268823e+00
2.882255713846360923e+00
2.795172445485250901e+00
2.749998727272432220e+00
2.763304181591306197e+00
2.777184725580925218e+00
2.798923007158288900e+00
2.909721979846184858e+00
2.939598952238212881e+00
2.819381137767648315e+00
2.816396633998841104e+00
2.840137496671596207e+00
2.904226747346012605e+00
2.884438420212850129e+00
2.856559118940127373e+00
2.852999474237595923e+00
2.920513311046535776e+00
2.859819924400834878e+00
2.815481841532635254e+00
2.811532500256755274e+00
2.753979121198996793e+00
2.730595905658690370e+00
2.775049549107186486e+00
2.851459450877742885e+00
2.815471896503320082e+00
2.848596320997413223e+00
2.919909758879544182e+00
2.895924032152777272e+00
2.996404178344436620e+00
2.905155933852776595e+00
2.857475459212204694e+00
2.870486195751514646e+00
2.884752155731926671e+00
2.895051985716318388e+00
2.990595592854373042e+00
2.939625316260560783e+00
2.826157285078096937e+00
2.834010762153171825e+00
2.849308863566742289e+00
2.710715403726477124e+00
2.755117783326150427e+00
2.795666289098182045e+00
2.883982316173245408e+00
2.897571569435343886e+00
2.842650347826830348e+00
2.827438416659149301e+00
2.828380985652392710e+00
2.788157276769013038e+00
2.798228189408433320e+00
2.824405424155675082e+00
2.876437727467779037e+00
2.899325783695236858e+00
2.888008656496722004e+00
2.849818415267892036e+00
2.781609066709410882e+00
2.791920127797355544e+00
2.789340065320110362e+00
2.889326219034465293e+00
2.916451611119238230e+00
2.854125084855252403e+00
2.839340768558786365e+00
2.972370098086710044e+00
2.974838651086811669e+00
2.909679191938520315e+00
2.888448372396501984e+00
2.839801753644081383e+00
2.788798128226566142e+00
2.741705126376650092e+00
2.746128547610253268e+00
2.733035857796234147e+00
2.715268310867270163e+00
2.764702153939914364e+00
2.764834895613117904e+00
2.695559311163454819e+00
2.788576339281390482e+00
2.779161024482029063e+00
2.756868694733211278e+00
2.731777809412764491e+00
2.763189642424131787e+00
2.776369932123599060e+00
2.776144448691385769e+00
2.802197887373409912e+00
2.759453750291894103e+00
2.751357846591388601e+00
2.829629481045177641e+00
2.761065374090226232e+00
2.795156525134147252e+00
2.805446488529054427e+00
2.866742576514325958e+00
2.798560701503542969e+00
2.761401998985297812e+00
2.826419289489795261e+00
2.814356409554411353e+00
2.798285546544526436e+00
2.750579575289542777e+00
2.857266875879815426e+00
2.927888829856762243e+00
2.900262401921590794e+00
2.896826366905686623e+00
2.870212535684421695e+00
2.903903235302443431e+00
2.889014710935200014e+00
2.987055071470896106e+00
2.900796097625616188e+00
2.928462395182837241e+00
2.974231665489424969e+00
2.888509304122110599e+00
2.928269284065247557e+00
2.915807606821821718e+00
2.904171482540244487e+00
2.923735282134823699e+00
2.929894537351130701e+00
2.851597447046129385e+00
2.871443539406616896e+00
2.817810142646235416e+00
2.753100978896342088e+00
2.721388983589079213e+00
2.737559862359177476e+00
2.756054607586722049e+00
2.652431525977626325e+00
2.643647480281742013e+00
2.737090791333016693e+00
2.754778030985436388e+00
2.738968601499477185e+00
2.821045728094459637e+00
2.902105098027981445e+00
2.927128627170319408e+00
2.951713739507949352e+00
2.924929742745969286e+00
2.878533307085398008e+00
2.842642080881798261e+00
2.914374890092213732e+00
2.919659740449218610e+00
2.940654689010594680e+00
2.914785755420112867e+00
2.900748524088222258e+00
2.908714664589842958e+00
2.934451396769079512e+00
2.854069550659198651e+00
2.782763734131951328e+00
2.741925053680351887e+00
2.764357791603684333e+00
2.810248387598504927e+00
2.782946639804651401e+00
2.798973025950768356e+00
2.793073754844293433e+00
2.779765997345819528e+00
2.781023372789232617e+00
2.767234901485596588e+00
2.750692276500590783e+00
2.805240987865392110e+00
2.822569396843945810e+00
2.820313635041323153e+00
2.771283276751043356e+00
2.742566134116003251e+00
2.733255567999450797e+00
2.731154700854566464e+00
2.790804543496373302e+00
2.861838919296472383e+00
2.912873152061380644e+00
2.842361166354479884e+00
2.828226829658469832e+00
2.736490635832690366e+00
2.647852337272605272e+00
2.791331223627894431e+00
2.816662564099575938e+00
2.847214955004275794e+00
2.737133902460747503e+00
2.755488341474157110e+00
2.718430981283136649e+00
2.895446943046962929e+00
2.814142142820792003e+00
2.777524977385442018e+00
2.783072043623736391e+00
2.771661234711053190e+00
2.770532439802861902e+00
2.804009629084749822e+00
2.713120159521136721e+00
2.732252184553980889e+00
2.732205336353767056e+00
2.656438405083016541e+00
2.652996230679568246e+00
2.805334382921222947e+00
2.838848534177193628e+00
2.869326924559137293e+00
2.962325606681345036e+00
2.930785730823732838e+00
2.853253230962859988e+00
2.874828168778091886e+00
2.861105031277251243e+00
2.960168576280749253e+00
2.911167635159472855e+00
2.870325591287511191e+00
2.891917702840106852e+00
2.930280191381022359e+00
2.945370774622440901e+00
2.880440417713929779e+00
2.924524063843551236e+00
2.945560048615542659e+00
2.862907962195082590e+00
2.897017949547430415e+00
2.947869060864135360e+00
2.871152033592091701e+00
2.855295606412758147e+00
2.868717832063655493e+00
2.872206468901565390e+00
2.672501637043465106e+00
2.850990178867685909e+00
2.881248514099400193e+00
2.742800940644435137e+00
2.749343376153658980e+00
2.769184898124355865e+00
2.700180919864445084e+00
2.852255423344831176e+00
2.802115093995961814e+00
2.717291666347210199e+00
2.835998765867150606e+00
2.865487916568485449e+00
2.871424907602495136e+00
2.820728629272940324e+00
2.761650593395189368e+00
2.734906945400519263e+00
2.801872588109602269e+00
2.750091271212648625e+00
2.734200065832783633e+00
2.754913065779027725e+00
2.823103434166024162e+00
2.788969881515395599e+00
2.797800028593894872e+00
2.868401645516192922e+00
2.897142385178884894e+00
2.900702156375245533e+00
2.975522307091647445e+00
2.998412079751547221e+00
2.936875380400060909e+00
2.876483443373175852e+00
2.793426032670276449e+00
2.762768177028249728e+00
2.730735432076860647e+00
2.797865436363943470e+00
2.860853543962011525e+00
2.784355760315122108e+00
2.867407191174633052e+00
2.793942554885478824e+00
2.755106350034422835e+00
2.991676118833721976e+00
2.912072801287769686e+00
2.963779681420331880e+00
2.951620741219982857e+00
2.879803812762251614e+00
2.761091994121167126e+00
2.776023775114326853e+00
2.735915568872694603e+00
2.741480439470616037e+00
2.741617588213206780e+00
2.807293536486699548e+00
2.808553008223273473e+00
2.765867133468272510e+00
2.720929804313223954e+00
2.772715275681944203e+00
2.812374797213202271e+00
2.836541732462260157e+00
2.938716216309428031e+00
2.925707094020179255e+00
2.929799481193209321e+00
2.922984946933528505e+00
2.944640385513993319e+00
2.976248309533328751e+00
2.907381983847324047e+00
2.875590721921323922e+00
2.918959746210968209e+00
2.784174922665600516e+00
2.784815613285734681e+00
2.812362885546600300e+00
2.829991696100891740e+00
2.806643903312282085e+00
2.757439029244346251e+00
2.790354995336614685e+00
2.802869600962556440e+00
2.762473348287726171e+00
2.719928491707089169e+00
2.686772971428736057e+00
2.634807203572967271e+00
2.682431173394762336e+00
2.789896593065771313e+00
2.753022520794190076e+00
2.812869175770534191e+00
2.814060056217706496e+00
2.709599416888038625e+00
2.881784690083560196e+00
2.857981455503166401e+00
2.785756091261400780e+00
2.764979023428568716e+00
2.725026605374706978e+00
2.756961008066671770e+00
2.718855089922962431e+00
2.781723566424241234e+00
2.876561489000365679e+00
2.876382971719865012e+00
2.787113381260259981e+00
2.721791138202930060e+00
2.749115857871399005e+00
2.756283911356012695e+00
2.825431825402977104e+00
2.835440001128572529e+00
2.848170114301461719e+00
2.769255856723968012e+00
2.771838018355329503e+00
2.795980507800438719e+00
2.801884722824977025e+00
2.806767713937154518e+00
2.797960864629811084e+00
2.763766632695314751e+00
2.742121441512027413e+00
2.800908781092307898e+00
2.769053267815554609e+00
2.818686928340925046e+00
2.814339354093603252e+00
2.831069939086634513e+00
2.799078062505581777e+00
2.833670058422469218e+00
2.779270407858868808e+00
2.820491091990896759e+00
2.774582310907355076e+00
2.771232938603321205e+00
2.834988712499575403e+00
2.772734751107649664e+00
2.824700692108811584e+00
2.790506943191505496e+00
2.667460590149365096e+00
2.718723597572949124e+00
2.736546363575811824e+00
2.733017563061020727e+00
2.769887181818060817e+00
2.837085476329537670e+00
2.711388758551602773e+00
2.867258969817689795e+00
2.839689067486086405e+00
2.801083004839377999e+00
2.864126743005622977e+00
2.813327033958192391e+00
2.734811328044404632e+00
2.820832146725500866e+00
2.877638962760964425e+00
2.876156636902796215e+00
2.817551774147193822e+00
2.896125169946906386e+00
2.837111383079628180e+00
2.963451703672594029e+00
2.944683684201072182e+00
2.897965665773146959e+00
2.810000177935937593e+00
2.761094167173586467e+00
2.763118708995326411e+00
2.789919353673148805e+00
2.843794823822562545e+00
2.874847300292660890e+00
2.845359204037339218e+00
2.870781252551298124e+00
2.758470228224332299e+00
2.851540110186072674e+00
2.803634070273794077e+00
2.815456801302409939e+00
2.845388198471343610e+00
2.874595275860586163e+00
2.854356144562202324e+00
2.879661612064861931e+00
2.952479974529886864e+00
2.902650685149696042e+00
2.838687372712958457e+00
2.788734838596168775e+00
2.705764771741992814e+00
2.730883190471537159e+00
2.740597927460356242e+00
2.766293368390272622e+00
2.780480893658505259e+00
2.741016234902668103e+00
2.728803950451552662e+00
2.833144895694535759e+00
2.833811920364511572e+00
2.876448157015871310e+00
2.829001590667633348e+00
2.889026479629427158e+00
2.890969387593026685e+00
2.842479551377634195e+00
2.794458444851166679e+00
2.843267486537276678e+00
2.901659869798663305e+00
2.939690629981324577e+00
2.874254164126756272e+00
2.871135315515449538e+00
2.859874472769740716e+00
2.948893012640505962e+00
2.887192581037849592e+00
2.853670443481516994e+00
2.862339777175309408e+00
2.886944751809428222e+00
2.883228919111348709e+00
2.893788174694202020e+00
2.826435741353409803e+00
2.780929880453658409e+00
2.859641411086361718e+00
2.738438058455951118e+00
2.724569323764766793e+00
2.699180801650752581e+00
2.689365166726155554e+00
2.749504318963692739e+00
2.781131244655670187e+00
2.752150068582743803e+00
2.696945309048739414e+00
2.806278318342640521e+00
2.831775767959038070e+00
2.864539404511657228e+00
2.867907599627296467e+00
2.828110676759309161e+00
2.852723786138433582e+00
2.848964373241616777e+00
2.822089474130825781e+00
2.812845712085894068e+00
2.787158230169216377e+00
2.846400007026419487e+00
2.882945195455508536e+00
2.879064605041019131e+00
2.783225466971729123e+00
2.754056462747269229e+00
2.715718689408017639e+00
2.749310822733581183e+00
2.778984166921431243e+00
2.752798031094907394e+00
2.856855789150023028e+00
2.932219296028180544e+00
2.883162499756127595e+00
2.908643326363684611e+00
2.862049789923299059e+00
2.873618798657886941e+00
2.884323490872686246e+00
2.870569455700384687e+00
2.843145089509151457e+00
2.863266316639093034e+00
2.894279530384029631e+00
2.892160092387694892e+00
2.862426418268249506e+00
2.820384725529479830e+00
2.866192770907079357e+00
2.859836533789999802e+00
2.869437227053416528e+00
2.846814886851619431e+00
2.866709960913381483e+00
2.854903500996136767e+00
2.778156583060069185e+00
2.730542803180349143e+00
2.810795083246020010e+00
2.771479388341179906e+00
2.763683411680867508e+00
2.871213158231202822e+00
2.882643578384258110e+00
2.839732557830049853e+00
2.742966459875147756e+00
2.736288179267673648e+00
2.796187046676241295e+00
2.774728995775983975e+00
2.780972851359753584e+00
2.850784628834665657e+00
2.960294242132021747e+00
2.899547723352729811e+00
2.888334641276872450e+00
2.877367373138160822e+00
2.919438644671266569e+00
2.894101069416892269e+00
2.808573481324638799e+00
2.724395896341058609e+00
2.745896756981223152e+00
2.666160722837241259e+00
2.711963310961267304e+00
2.742197294142053376e+00
2.728056084467473053e+00
2.754221124020364897e+00
2.748500136438054131e+00
2.793376809526419979e+00
2.806985037366604541e+00
2.758050942241640158e+00
2.804993582880360492e+00
2.828580916290003966e+00
2.781771557838637055e+00
2.860264673067861363e+00
2.830517443860751214e+00
2.823104851046096098e+00
2.860547150459156196e+00
2.865833212174079048e+00
2.909887283040358152e+00
2.894806556576794865e+00
2.848536115270438263e+00
2.779859528825152637e+00
2.752133899358823133e+00
2.785539265564210165e+00
2.782136049872471428e+00
2.720054962679982147e+00
2.731943447438105466e+00
2.714952301606789131e+00
2.801940042185057322e+00
2.721876925946505654e+00
2.709641673727358313e+00
2.805430804707184311e+00
2.783036471194727302e+00
2.778388381778184701e+00
2.733731881512889039e+00
2.769195009384496142e+00
2.819314987723081423e+00
2.808852434714219637e+00
2.777505895583301854e+00
2.755566185015340785e+00
2.745407984252977940e+00
2.762008327286505693e+00
2.793812806900276335e+00
2.792233693658179305e+00
2.739140376103422980e+00
2.759272005439115993e+00
2.744905827164203505e+00
2.747117762310163247e+00
2.780107551876366045e+00
2.744615273585716775e+00
2.672189738772305034e+00
2.748198136961743643e+00
2.758214458667055613e+00
2.765439748032850975e+00
2.791204936940316905e+00
2.778209855284514251e+00
2.750061272044679317e+00
2.697019466003165444e+00
2.739781560635810909e+00
2.736256384186248169e+00
2.774812966670006098e+00
2.783391815752858989e+00
2.743094785092196286e+00
2.735162518023380507e+00
2.772862960912421126e+00
2.854426212043323474e+00
2.877050920647738597e+00
2.885514858738384536e+00
2.820151414374767462e+00
2.775790157774899125e+00
2.740718883796731120e+00
2.818591314823772009e+00
2.772949873329844106e+00
2.740453612086874990e+00
2.752260162121306308e+00
2.829656162857954182e+00
2.781895397026997951e+00
2.866401751325169833e+00
2.940906152871933799e+00
2.973771174787999794e+00
2.920541901770970838e+00
2.982182757645815752e+00
2.929951706086638019e+00
2.904389953157117343e+00
2.875013391273160579e+00
2.925613269042920184e+00
2.876232257659314673e+00
2.858262584158425046e+00
2.896551052545078164e+00
2.891105152013672352e+00
2.931956514002211467e+00
2.924437723734256700e+00
2.889673510969708037e+00
2.880790863634498322e+00
2.889522624933052786e+00
2.858807443672973569e+00
2.789689050772504952e+00
2.801811199920508866e+00
2.761657654380788696e+00
2.760794269770929787e+00
2.765841644057012605e+00
2.794127591932766386e+00
2.797790020712776826e+00
2.813318680846519371e+00
2.778590470004531188e+00
2.739111169704508519e+00
2.731232139529703229e+00
2.728487309847711373e+00
2.812280213634480663e+00
2.809602996866283675e+00
2.780640573680819738e+00
2.742452005049495600e+00
2.744954280129270341e+00
2.715369035692938748e+00
2.765700996130998846e+00
2.744362038798817238e+00
2.757943799282356778e+00
2.720609490537000852e+00
2.755686847230649938e+00
2.822014174308839163e+00
2.794753298593633861e+00
2.798200493174139769e+00
2.714835354123708022e+00
2.762460678453179330e+00
2.848891187813251680e+00
2.835348479464208982e+00
2.860679289958942828e+00
2.739972445116921396e+00
2.806343884843766290e+00
