-5.891530908820000150e+02
-5.942783475730000191e+02
-5.896313952660000268e+02
-5.999676051139999799e+02
-5.961616996860000199e+02
-6.016913689619999559e+02
-5.880089232139999922e+02
-5.963201726730000019e+02
-5.949804666009999892e+02
-5.981292427429999634e+02
-6.051107106680000243e+02
-6.060148279459999685e+02
-6.046600274319999926e+02
-6.006952038429999448e+02
-6.029813226530000065e+02
-5.898285889630000156e+02
-6.021851169899999832e+02
-5.993808682730000328e+02
-5.883352851419999752e+02
-5.859651299060000156e+02
-5.971332057270000178e+02
-5.921333890590000237e+02
-6.027117081689999623e+02
-5.953998856309999610e+02
-5.986265089019999550e+02
-5.949523721980000346e+02
-5.994375875839999708e+02
-6.014546402949999901e+02
-5.973023398100000350e+02
-5.973070237890000271e+02
-5.983077427069999885e+02
-5.931927766649999967e+02
-6.012659768739999890e+02
-5.972113361660000237e+02
-5.991991146689999823e+02
-6.026635084179999922e+02
-5.981408358490000410e+02
-5.921234871440000234e+02
-5.939636597070000334e+02
-5.915333973629999491e+02
-5.993518736739999895e+02
-5.934088570449999906e+02
-6.001063042140000334e+02
-6.008057456850000335e+02
-5.910822030330000416e+02
-5.963682722199999944e+02
-5.942702717380000195e+02
-6.034646113969999988e+02
-6.025179904059999672e+02
-5.936532686709999780e+02
-5.946722146040000325e+02
-6.046012998200000084e+02
-5.985049517530000003e+02
-5.965600366559999657e+02
-6.006320783500000289e+02
-5.965600806490000423e+02
-5.893124994119999656e+02
-5.917775842280000234e+02
-5.977506745489999957e+02
-5.958541657739999664e+02
-5.903961224710000124e+02
-5.899823193629999878e+02
-6.041179930429999558e+02
-5.981051709619999883e+02
-6.044704697990000568e+02
-5.991737768149999965e+02
-5.884692890049999505e+02
-5.974155744299999924e+02
-5.848299053660000482e+02
-6.008257198090000202e+02
-5.978667052819999981e+02
-6.000927471160000550e+02
-5.957911273229999551e+02
-5.972561832510000386e+02
-5.978770079460000488e+02
-5.997663018980000516e+02
-5.855560537159999512e+02
-6.003590950149999799e+02
-6.000191091000000370e+02
-5.898616729179999538e+02
-6.027236663270000463e+02
-5.977367339160000483e+02
-6.007685297460000129e+02
-5.968111482179999712e+02
-6.012396624089999477e+02
-6.031422885929999893e+02
-6.001337120639999512e+02
-5.936645733149999842e+02
-6.025224669939999558e+02
-5.996728768860000400e+02
-5.945299832079999760e+02
-5.965280600830000139e+02
-5.975591010230000393e+02
-6.022296226140000499e+02
-5.965298085670000319e+02
-5.984041825379999864e+02
-5.998196953249999979e+02
-5.883073270400000183e+02
-5.929521069959999977e+02
-5.969289811190000137e+02
-5.967409611389999782e+02
-5.955516843069999595e+02
-5.969416871500000070e+02
-5.896741896730000008e+02
-5.962549494940000159e+02
-5.854681746620000240e+02
-5.933477213930000289e+02
-5.934763684429999557e+02
-5.991394341200000326e+02
-5.977897153860000117e+02
-5.836135830010000518e+02
-5.923656643709999798e+02
-5.987699146940000219e+02
-6.035140131150000116e+02
-5.910017830809999850e+02
-5.734703851530000520e+02
-5.932967398959999628e+02
-5.952791289809999853e+02
-5.937416229530000464e+02
-6.004710668860000169e+02
-6.017059979919999932e+02
-5.913783481689999917e+02
-5.978060074490000488e+02
-5.957984775370000534e+02
-5.966368071980000423e+02
-6.015743242439999676e+02
-5.947058991259999630e+02
-5.993398540629999616e+02
-5.981351274439999770e+02
-6.007852396550000549e+02
-6.010548749739999721e+02
-5.968019181229999504e+02
-5.844395219150000003e+02
-5.968474474920000148e+02
-5.997813566309999942e+02
-5.998953844469999694e+02
-5.815893124509999552e+02
-5.944850247299999637e+02
-5.874639416479999454e+02
-6.011414538440000115e+02
-6.040653049869999904e+02
-5.983688205729999936e+02
-5.943344789149999770e+02
-5.915108278550000023e+02
-5.999835022339999568e+02
-5.819657896940000228e+02
-5.920772702379999828e+02
-5.934349173240000255e+02
-5.936226507390000506e+02
-5.951306966719999991e+02
-6.013675323559999697e+02
-5.948871828999999707e+02
-5.901411004440000170e+02
-6.007016144550000263e+02
-5.937628914040000154e+02
-5.960991303810000090e+02
-6.019748209639999459e+02
-5.857154463870000427e+02
-5.937737556439999480e+02
-6.005235560229999692e+02
-5.978306953999999678e+02
-6.000365052580000338e+02
-5.952453886490000059e+02
-5.943799106899999742e+02
-5.989229503330000171e+02
-5.958801576280000063e+02
-6.009679457720000073e+02
-6.005920630540000502e+02
-6.014920203399999536e+02
-5.906620253879999609e+02
-5.969129253950000020e+02
-5.978070881700000427e+02
-6.010260354639999605e+02
-5.986540100470000425e+02
-5.905543823699999848e+02
-5.884994431530000156e+02
-5.999166348329999892e+02
-6.044198309199999812e+02
-5.948473447540000052e+02
-6.005288222100000439e+02
-6.016228921220000530e+02
-5.911577364519999946e+02
-5.846994364900000392e+02
-5.999136266829999613e+02
-6.038469856819999677e+02
-6.014830508940000300e+02
-5.956441120440000532e+02
-5.993597252619999836e+02
-6.027899563900000430e+02
-6.032788254260000258e+02
-5.936626373200000444e+02
-5.948812407960000428e+02
-5.966113009379999994e+02
-5.891165169910000259e+02
-5.970872783190000064e+02
-5.980771354099999826e+02
-5.979021275060000562e+02
-5.964624751490000563e+02
-5.991121234639999784e+02
-5.940647441910000452e+02
-5.920832930049999732e+02
-5.897068790439999475e+02
-5.937851363089999950e+02
-5.946364245390000178e+02
-5.948992572490000157e+02
-5.982207357649999722e+02
-5.909004567790000237e+02
-6.012704653380000082e+02
-5.983406835609999916e+02
-6.009806110270000090e+02
-5.887276277449999498e+02
-5.947006598919999760e+02
-5.890857184879999977e+02
-5.897078405209999801e+02
-5.864681182540000464e+02
-6.008346813250000196e+02
-5.839653730490000498e+02
-5.941080552470000384e+02
-5.850409411499999806e+02
-6.014171198069999491e+02
-5.962188802389999864e+02
-5.974594471210000393e+02
-5.977529479329999731e+02
-5.926649404849999883e+02
-6.028084015030000273e+02
-5.946128168550000055e+02
-5.926004296820000263e+02
-6.010667671100000007e+02
-5.960788242500000251e+02
-5.966908307869999817e+02
-6.002415890869999657e+02
-5.878086830769999551e+02
-5.989341773129999638e+02
-5.886874839849999717e+02
-6.019811198659999718e+02
-6.006519544069999483e+02
-6.025039278089999470e+02
-6.020597297909999952e+02
-5.917637700999999879e+02
-5.990154212539999889e+02
-5.954396837839999534e+02
-5.983948529890000145e+02
-5.970365524649999998e+02
-5.908131676990000187e+02
-5.976514560140000185e+02
-5.742184780359999650e+02
-5.887612310949999710e+02
-5.906060274190000428e+02
-5.816278338519999807e+02
-5.893128156750000244e+02
-5.923130119410000134e+02
-5.999807657769999878e+02
-5.965141125860000102e+02
-5.988202492570000004e+02
-6.026726054929999918e+02
-5.855007667370000490e+02
-5.954160464479999746e+02
-5.986655594779999774e+02
-5.975322417979999727e+02
-5.993085591770000065e+02
-6.004446216500000446e+02
-5.832751193499999545e+02
-5.987329350689999501e+02
-6.025458261940000284e+02
-5.876303103269999610e+02
-5.870674085570000216e+02
-5.940504252919999999e+02
-5.922211393679999674e+02
-5.983561265859999594e+02
-5.972513903169999594e+02
-5.909665061050000077e+02
-5.976492505830000255e+02
-6.006104302029999644e+02
-5.972806970189999447e+02
-5.996116019529999903e+02
-5.996032986579999715e+02
-5.991408930589999500e+02
-5.957520674849999978e+02
-6.030379760820000001e+02
-5.992250904879999780e+02
-6.011896443040000122e+02
-5.929745004569999764e+02
-5.914015799359999619e+02
-5.991026104699999451e+02
-5.961781065190000390e+02
-5.886282405460000291e+02
-6.006757973129999755e+02
-5.954191782650000277e+02
-5.924386600719999478e+02
-5.991691375320000361e+02
-5.903925676750000093e+02
-5.958544956389999925e+02
-5.972924228020000328e+02
-6.004756257950000418e+02
-5.970868888520000155e+02
-5.953854343640000479e+02
-6.034516109700000470e+02
-6.002528229429999556e+02
-5.994880431440000166e+02
-5.988984770979999439e+02
-5.972189484259999972e+02
-6.032172677979999662e+02
-6.025517844089999926e+02
-5.934528558990000420e+02
-6.030385827070000460e+02
-5.984273623540000244e+02
-6.053780758540000306e+02
-5.982757800309999539e+02
-6.048835100720000355e+02
-5.930090090339999733e+02
-5.995531072769999810e+02
-5.920477995229999806e+02
-5.999917053860000351e+02
-5.959508395840000503e+02
-5.959934110919999739e+02
-5.988122071269999651e+02
-6.028262283550000120e+02
-5.953271735990000479e+02
-6.058023026880000543e+02
-6.006823147920000565e+02
-6.008411611389999507e+02
-5.973052214909999975e+02
-6.008175022809999746e+02
-6.003643134259999670e+02
-6.016688153540000030e+02
-6.014747145190000310e+02
-5.906961142420000215e+02
-6.003066577490000100e+02
-5.963411451399999805e+02
-5.999843234530000018e+02
-5.981547416570000451e+02
-6.015955642390000548e+02
-5.994577858019999894e+02
-5.953907554039999468e+02
-5.969849584950000008e+02
-6.051597060950000468e+02
-5.955651942760000566e+02
-5.911692008789999591e+02
-5.993784749789999751e+02
-5.851195505509999748e+02
-5.941115343000000166e+02
-6.028121396830000549e+02
-6.017236974300000156e+02
-5.880447254199999634e+02
-5.978449800590000223e+02
-5.919882961539999542e+02
-5.950453846269999758e+02
-5.948809818460000542e+02
-5.951256154669999887e+02
-6.020624061329999677e+02
-6.014571404759999496e+02
-5.981754726650000293e+02
-5.987754183499999954e+02
-6.022805055589999483e+02
-5.915917236179999463e+02
-5.889024774360000265e+02
-6.037198115659999758e+02
-5.824719025519999605e+02
-5.915771489969999948e+02
-6.065761828949999881e+02
-5.978804190009999502e+02
-5.879171235649999971e+02
-5.982086408540000093e+02
-6.012762763599999971e+02
-5.979132430119999526e+02
-5.933953820020000194e+02
-5.958180509170000505e+02
-6.012380738629999541e+02
-5.929963570449999679e+02
-6.059039163930000313e+02
-5.961521479460000137e+02
-5.943176460739999811e+02
-6.055989601200000152e+02
-5.964276160209999489e+02
-5.897042306409999810e+02
-6.031073464260000492e+02
-5.907603860599999734e+02
-5.982042091399999890e+02
-5.970210051279999561e+02
-5.922227240270000266e+02
-6.012730178599999817e+02
-6.022299403450000455e+02
-6.024057737719999750e+02
-5.943587125139999898e+02
-5.885513419479999584e+02
-5.961764725570000110e+02
-5.924935250649999716e+02
-6.031136674860000539e+02
-5.997146446000000424e+02
-6.029516389100000424e+02
-5.884771222269999953e+02
-5.993875517259999697e+02
-5.962364907149999453e+02
-5.962630075470000293e+02
-5.990783398649999754e+02
-5.906729292049999458e+02
-6.038043741269999600e+02
-5.973698218929999939e+02
-5.863906588070000225e+02
-5.864860270939999509e+02
-5.993562864519999493e+02
-5.963660543429999734e+02
-5.804085490259999460e+02
-6.039062920710000526e+02
-6.059693797410000116e+02
-5.979128390360000367e+02
-6.030934289340000305e+02
-5.826725835549999601e+02
-5.990082922090000466e+02
-5.949272507849999556e+02
-5.938750991749999457e+02
-6.050468956260000368e+02
-5.910588001200000008e+02
-5.979411552399999437e+02
-5.985196133150000151e+02
-5.918343562180000390e+02
-5.948124157700000296e+02
-5.891263518020000447e+02
-5.949007011800000555e+02
-6.011918369359999588e+02
-5.958705462599999692e+02
-5.935552146659999835e+02
-5.982342576629999940e+02
-5.966587752110000338e+02
-5.907476443089999520e+02
-6.010446618570000510e+02
-6.031351188029999548e+02
-6.014430449950000366e+02
-5.951129939630000081e+02
-5.886037177419999580e+02
-5.926998750310000332e+02
-6.001298018979999824e+02
-6.001274527670000225e+02
-5.921817292649999445e+02
-5.955752315449999514e+02
-5.954112685699999474e+02
-5.976697839309999836e+02
-5.937891069910000397e+02
-5.970495480949999774e+02
-5.931070391939999809e+02
-6.024744272120000232e+02
-6.029343064979999554e+02
-5.951344919440000467e+02
-5.979585311160000174e+02
-6.018417193980000093e+02
-6.027447169790000316e+02
-5.912480806239999538e+02
-5.786138190780000059e+02
-5.866342243300000519e+02
-5.931174915670000019e+02
-6.026973877780000066e+02
-5.992579951070000561e+02
-6.011663391370000227e+02
-5.991215919759999906e+02
-5.970164760010000009e+02
-5.998002831439999909e+02
-5.898777844380000488e+02
-5.825514265269999896e+02
-5.933871993850000308e+02
-6.047319508360000100e+02
-5.996407950980000123e+02
-6.002251678760000004e+02
-5.917446180330000516e+02
-5.883242088959999592e+02
-5.872633071970000174e+02
-5.821193736400000489e+02
-5.937099825269999656e+02
-5.945430583950000027e+02
-5.746997685029999730e+02
-5.912315626409999822e+02
-5.980677527310000414e+02
-5.828414049499999692e+02
-6.017574592439999606e+02
-5.993604817799999864e+02
-6.024373228309999604e+02
-6.015051262160000078e+02
-6.038580922150000561e+02
-5.991604103070000065e+02
-6.001465949150000370e+02
-6.025079685539999446e+02
-5.951041379780000398e+02
-5.769282468080000399e+02
-6.021908910189999915e+02
-5.951961481749999621e+02
-6.055618271549999463e+02
-5.962786252849999755e+02
-5.996006336619999502e+02
-5.972414758209999945e+02
-5.993512612299999773e+02
-6.044654514809999455e+02
-5.973747676440000305e+02
-6.034990826560000414e+02
-5.986027479619999667e+02
-6.033134525829999575e+02
-6.026026072099999737e+02
-6.034931801980000046e+02
-5.954001500809999925e+02
-6.035999491699999453e+02
-5.979401976809999724e+02
-5.761617406410000513e+02
-5.753049349840000559e+02
-5.966626391099999864e+02
-5.899987308859999757e+02
-5.976869513850000430e+02
-5.992648016919999918e+02
-6.036398496470000055e+02
-6.018855621760000076e+02
-6.024853001349999886e+02
-6.024544043879999435e+02
-6.006404747149999821e+02
-6.044486560889999964e+02
-5.947105896389999771e+02
-6.030080385109999952e+02
-6.023868377879999798e+02
-5.910512436850000313e+02
-5.962257438030000003e+02
-5.929808885859999918e+02
-5.956635296250000238e+02
-5.904391612829999758e+02
-5.936220065909999448e+02
-5.891405902410000408e+02
-5.946403153600000451e+02
-5.900294027689999439e+02
-6.033888206479999781e+02
-6.020455628869999600e+02
-5.993083998089999795e+02
-6.027032389270000294e+02
-5.865635169590000260e+02
-5.929427461069999481e+02
-6.011102508039999748e+02
-5.917215803640000331e+02
-5.951222376109999459e+02
-5.930501189079999449e+02
-5.850992285040000525e+02
-6.002382384270000557e+02
-5.925822439480000412e+02
-5.920311137689999441e+02
-5.875528442390000237e+02
-5.869865557409999610e+02
-5.987390012350000461e+02
-6.043949580419999847e+02
-6.002354064019999669e+02
-5.982668565159999616e+02
-5.995197570730000507e+02
-6.011345547869999564e+02
-5.996988188880000052e+02
-5.960296186269999907e+02
-6.043482252899999594e+02
-6.005619123339999987e+02
-5.796162824970000429e+02
-6.006951675860000250e+02
-5.802068973660000211e+02
-6.025618035270000519e+02
-5.858781175489999669e+02
-5.913590431630000239e+02
-5.894134998160000123e+02
-5.893235521840000501e+02
-5.965420581790000369e+02
-5.918369886020000195e+02
-5.936228905409999470e+02
-5.757511231749999752e+02
-5.943503736090000302e+02
-5.989921017980000215e+02
-5.866988154880000366e+02
-5.925862328900000193e+02
-6.004975925210000014e+02
-5.946713717569999744e+02
-5.969042713060000551e+02
-5.984810017879999577e+02
-5.984929127240000071e+02
-5.990073462410000502e+02
-5.958117004680000264e+02
-5.931359472999999980e+02
-5.886315319420000378e+02
-6.009084743130000561e+02
-5.904883949970000003e+02
-5.997373992029999954e+02
-5.801371632679999948e+02
-5.996852408070000138e+02
-5.921721853850000343e+02
-6.006746710370000528e+02
-5.996937717470000280e+02
-5.966550384109999641e+02
-5.772750949420000097e+02
-5.997185680129999810e+02
-5.973943818389999478e+02
-5.979806084650000457e+02
-5.841386330990000033e+02
-5.971654129769999599e+02
-5.969337221529999624e+02
-5.972175758949999818e+02
-6.027659350870000026e+02
-5.990805251850000559e+02
-5.877534313999999540e+02
-6.011530600610000192e+02
-6.007187674780000179e+02
-6.029396974999999657e+02
-6.013962605960000474e+02
-6.018730255310000530e+02
-6.008734777769999482e+02
-5.955273769489999722e+02
-6.017259880919999659e+02
-6.009586726750000025e+02
-6.042905338470000061e+02
-5.952624538940000321e+02
-5.989427409249999528e+02
-5.885774454300000116e+02
-5.986091367809999610e+02
-5.983699735950000331e+02
-6.062574257530000068e+02
-5.791853922990000001e+02
-5.864468000639999445e+02
-6.015481326939999462e+02
-6.037823907130000407e+02
-5.813767846859999509e+02
-6.012314091529999587e+02
-6.019379364579999674e+02
-5.934473319480000555e+02
-5.899390377229999558e+02
-6.004309771890000320e+02
-5.885309931729999562e+02
-5.882959567320000360e+02
-5.963346854899999698e+02
-5.968702939779999497e+02
-5.916330715120000150e+02
-5.985519285149999860e+02
-5.987934087520000048e+02
-5.977116892169999574e+02
-6.038556695370000398e+02
-6.033417541930000425e+02
-6.000189752320000025e+02
-5.994094029809999711e+02
-5.927525362769999902e+02
-5.966853231740000183e+02
-5.830388930520000486e+02
-5.810864685430000236e+02
-6.007132887860000210e+02
-5.897146486340000138e+02
-6.003493744070000275e+02
-6.000904956680000168e+02
-5.907338840910000499e+02
-5.985398843740000530e+02
-5.976084188629999971e+02
-5.984021690079999871e+02
-5.974873508409999658e+02
-5.864725893260000475e+02
-5.828129969780000010e+02
-5.894047953890000144e+02
-5.779590179670000225e+02
-5.925775054529999579e+02
-5.940162290419999636e+02
-6.013552619570000388e+02
-6.026349374930000522e+02
-5.949954035260000182e+02
-5.975961820369999487e+02
-6.040637748929999589e+02
-5.957673059689999491e+02
-5.986395234750000327e+02
-5.879476825320000444e+02
-5.989491148609999982e+02
-5.954457363010000108e+02
-5.938401366010000402e+02
-5.954783844309999949e+02
-6.007481790560000263e+02
-5.998981143099999827e+02
-6.020332192150000310e+02
-5.974427918699999509e+02
-6.008058384380000234e+02
-5.969337227119999625e+02
-5.873780121979999649e+02
-5.857078216649999831e+02
-5.773510282290000077e+02
-5.937559615369999619e+02
-5.868337420279999606e+02
-5.831199578199999678e+02
-5.914259097460000021e+02
-5.998871413360000133e+02
-6.000104553090000081e+02
-5.991015565579999702e+02
-5.951365051499999481e+02
-5.916332431670000460e+02
-5.957771678579999843e+02
-6.012955290410000089e+02
-5.876226795449999827e+02
-5.951464346840000417e+02
-6.002585733280000113e+02
-5.918675473260000217e+02
-5.911970378949999940e+02
-5.974620740809999688e+02
-5.996324847040000350e+02
-5.973894742840000163e+02
-6.006175777989999460e+02
-5.828644530130000021e+02
-5.848419280670000262e+02
-5.989911274419999927e+02
-5.969092020870000397e+02
-6.006870553669999708e+02
-6.038861561009999832e+02
-5.950400656560000243e+02
-5.969747291280000354e+02
-5.939536971539999968e+02
-6.008126377539999794e+02
-6.021933987039999465e+02
-5.937453985829999965e+02
-6.040859977249999702e+02
-5.992661891559999958e+02
-5.997471864139999980e+02
-5.995447908160000452e+02
-5.889688958780000121e+02
-5.928122337549999656e+02
-5.904477308049999920e+02
-5.953914954629999556e+02
-5.761285804369999823e+02
-5.945123228129999688e+02
-5.977389143740000463e+02
-5.913413410870000462e+02
-5.932218837320000375e+02
-6.021888701699999729e+02
-5.998555988819999811e+02
-5.941961129359999632e+02
-5.936402596650000305e+02
-6.011445047669999440e+02
-5.963965780270000323e+02
-5.907795673399999714e+02
-5.985458319460000212e+02
-5.905061337050000247e+02
-5.963676189069999509e+02
-6.007360615310000185e+02
-6.003832588440000109e+02
-6.053370538980000219e+02
-5.852931683499999735e+02
-5.909904736920000232e+02
-5.968001460310000539e+02
-6.003840325180000264e+02
-6.025418324749999783e+02
-6.025312168519999432e+02
-6.018678676389999964e+02
-5.919892337640000051e+02
-5.996454251379999505e+02
-5.728909507079999912e+02
-6.029728605809999635e+02
-5.970221421479999435e+02
-5.926516126450000002e+02
-5.983507577499999570e+02
-5.853298789079999551e+02
-5.946715919189999795e+02
-5.977714220320000322e+02
-5.992080903969999781e+02
-5.939794881459999942e+02
-5.983447859540000309e+02
-5.996798814339999808e+02
-6.000339268720000518e+02
-6.035642479389999835e+02
-5.948742818519999673e+02
-6.038833504530000482e+02
-5.892541208410000309e+02
-5.938014871860000312e+02
-5.979079597229999763e+02
-5.941946039120000478e+02
-5.941887346419999858e+02
-5.926560058129999788e+02
-6.027848033689999738e+02
-5.709794642639999438e+02
-5.828505543979999857e+02
-5.879362907290000066e+02
-5.943873290090000410e+02
-5.973991168810000545e+02
-5.955842280250000158e+02
-5.956863380690000440e+02
-5.883087187730000096e+02
-6.031866603370000348e+02
-6.032420643210000435e+02
-5.863545654069999955e+02
-5.993835058849999768e+02
-5.987821095849999438e+02
-5.986112037560000090e+02
-5.942420398220000379e+02
-5.999109203130000196e+02
-6.040723134900000559e+02
-6.016313891519999970e+02
-5.961131902710000077e+02
-5.968524870119999832e+02
-5.923026790190000384e+02
-5.736035508229999778e+02
-6.030031822690000354e+02
-6.035405488799999603e+02
-6.000988774459999604e+02
-6.014981337540000368e+02
-6.016868565009999656e+02
-5.999702476029999616e+02
-5.956058169389999648e+02
-5.917800714689999495e+02
-5.972327021669999567e+02
-5.843926831039999570e+02
-5.993059936240000525e+02
-5.807499409680000326e+02
-6.033734568300000092e+02
-5.892772891490000120e+02
-5.921557659390000481e+02
-5.952611259750000272e+02
-5.982499524009999732e+02
-5.980281909420000375e+02
-5.975444882369999959e+02
-6.008622612340000160e+02
-5.893214778909999723e+02
-5.939390546869999525e+02
-6.003824418320000404e+02
-6.020478025339999704e+02
-5.907722764280000547e+02
-5.878485245760000453e+02
-5.862368600029999470e+02
-5.893616451599999664e+02
-5.958411235480000414e+02
-6.011977057020000075e+02
-5.947130492349999713e+02
-5.934505330450000429e+02
-6.005619534539999904e+02
-5.952549338180000404e+02
-5.878268841579999844e+02
-5.857315384029999450e+02
-5.819434088040000006e+02
-5.912795406660000026e+02
-5.993380597489999673e+02
-5.999145776709999609e+02
-5.995271827919999623e+02
-5.905055231009999943e+02
-5.892540306299999884e+02
-6.043436456340000404e+02
-5.916224292870000454e+02
-5.946456349840000257e+02
-5.909210228059999963e+02
-5.890134814519999509e+02
-5.897545894779999571e+02
-5.824836755369999537e+02
-5.971229801020000423e+02
-5.925454871480000065e+02
-5.918606309750000491e+02
-5.973282916780000278e+02
-6.019662614129999838e+02
-5.799575734249999641e+02
-5.982841005870000117e+02
-5.976341608960000258e+02
-6.014740995229999498e+02
-5.962973560279999674e+02
-5.910155002180000565e+02
-5.962117002569999613e+02
-5.924986964009999610e+02
-6.019520487019999564e+02
-5.925622195780000538e+02
-6.044227057189999641e+02
-6.006435728980000022e+02
-6.033743579150000187e+02
-5.914128233469999714e+02
-5.992648935739999843e+02
-5.973582685390000506e+02
-5.926746624749999910e+02
-5.931311300229999688e+02
-5.900169916490000332e+02
-5.896379439679999450e+02
-5.916412551050000275e+02
-5.809677706559999706e+02
-5.838025719170000229e+02
-5.832941114000000198e+02
-5.807632410319999963e+02
-5.890229479329999549e+02
-5.902044705060000069e+02
-5.824896498860000520e+02
-5.927717920500000446e+02
-5.987409114979999458e+02
-5.873079155829999536e+02
-5.956702290020000419e+02
-5.991818783270000495e+02
-5.908851000890000478e+02
-6.044260686600000554e+02
-5.961805131700000402e+02
-5.953086136509999733e+02
-5.994321716560000368e+02
-6.030835614249999708e+02
-6.020442149579999978e+02
-5.952017463229999521e+02
-6.008005456969999614e+02
-5.997120898780000289e+02
-5.999686353329999520e+02
-5.909512980619999780e+02
-5.997667443999999932e+02
-5.957586267020000150e+02
-5.863323235179999529e+02
-5.960556497649999983e+02
-5.962749554260000195e+02
-5.914314665140000216e+02
-5.962508575059999885e+02
-5.982450090730000056e+02
-5.968843248580000136e+02
-6.007096489929999734e+02
-5.925689009349999878e+02
-5.978523414190000267e+02
-5.951885949369999480e+02
-5.940241880959999889e+02
-5.980853388389999736e+02
-5.898950562190000255e+02
-5.927637567040000022e+02
-5.927113464210000302e+02
-5.963616647329999978e+02
-6.032313553720000527e+02
-5.979381975180000381e+02
-5.885466978340000423e+02
-6.018330582040000536e+02
-5.933213792520000425e+02
-5.857362966550000465e+02
-5.912676484959999925e+02
-5.746196149590000459e+02
-5.945033046360000526e+02
-5.930521998069999654e+02
-5.811949426690000564e+02
-5.956175706789999822e+02
-5.940077807579999671e+02
-5.940699449889999642e+02
-5.994237164410000105e+02
-5.901282353609999518e+02
-5.880209591809999665e+02
-5.929386416090000012e+02
-5.880064971189999596e+02
-5.971894955190000474e+02
-5.972272799370000484e+02
-5.881734691679999969e+02
-5.970648098420000451e+02
-6.041367073840000330e+02
-5.995488604959999748e+02
-5.921926531799999793e+02
-5.986486610189999737e+02
-6.006175010729999713e+02
-5.827912990040000523e+02
-5.987611514899999747e+02
-5.968391458209999882e+02
-6.050806719419999808e+02
-6.015704428110000208e+02
-6.034022293750000472e+02
-5.978180579549999720e+02
-5.993153803740000285e+02
-5.938313143149999860e+02
-5.922083941910000249e+02
-5.901002790559999767e+02
-5.984329731499999525e+02
-5.904509484190000421e+02
-5.856153507259999742e+02
-5.807572188609999557e+02
-5.894198082630000499e+02
-5.898106871630000114e+02
-6.003879502080000066e+02
-5.931792016910000029e+02
-5.852192829839999604e+02
-5.914684390090000079e+02
-5.818212590819999832e+02
-5.854861791199999743e+02
-5.857613011900000402e+02
-6.059626754019999453e+02
-5.905823233410000057e+02
-6.043834067340000047e+02
-6.031037253570000303e+02
-6.009406404129999828e+02
-5.975282247589999542e+02
-5.983648782960000290e+02
-5.968714762749999636e+02
-5.877082082030000265e+02
-5.958027621070000350e+02
-5.937470201349999570e+02
-5.872738754729999755e+02
-6.022133212930000354e+02
-5.957869359830000349e+02
-6.004352655049999612e+02
-5.751959043489999885e+02
-6.003719570790000262e+02
-5.994576797299999953e+02
-5.913219114969999737e+02
-5.910198294069999747e+02
-5.972998214780000126e+02
-5.980064554739999494e+02
-5.940069879970000102e+02
-5.962531503840000369e+02
-5.984434117670000433e+02
-5.849487480650000180e+02
-5.941526076809999495e+02
-5.849009278319999794e+02
-5.984163312590000032e+02
-5.972100122800000008e+02
-6.010605777260000195e+02
-6.006210846059999540e+02
-5.974646233659999552e+02
-5.926143308109999452e+02
-5.929699572240000407e+02
-5.984530112259999441e+02
-5.922215163339999435e+02
-6.014435192629999847e+02
-5.967394884369999772e+02
-5.945602391170000374e+02
-6.007210352490000105e+02
-6.015350065879999875e+02
-5.896320959879999464e+02
-5.929702982649999967e+02
-5.993340153809999720e+02
-5.877502053639999531e+02
-5.972124274560000003e+02
-5.960069979859999876e+02
-5.933435749440000109e+02
-5.857770523389999653e+02
-5.954839677569999594e+02
-5.976076208120000501e+02
-5.901242558039999722e+02
-5.901791102969999656e+02
-5.986774696100000028e+02
-5.971083050669999466e+02
-5.897429007409999713e+02
-6.030495838120000371e+02
-5.989117131650000374e+02
-5.896899570369999992e+02
-5.981925822220000555e+02
-5.996995545680000532e+02
-5.954925240469999608e+02
-5.946366460330000336e+02
-6.018848486780000258e+02
-5.948391677020000543e+02
-5.847392125679999708e+02
-5.929997176829999717e+02
-6.043016771720000406e+02
-6.075021880199999487e+02
-5.975320888190000232e+02
-5.915531435079999483e+02
-5.889301985130000503e+02
-5.970326714330000186e+02
-5.947745967739999742e+02
-5.957972923260000471e+02
-5.953695300749999433e+02
-5.998046088590000409e+02
-6.045850154700000303e+02
-5.970839246089999506e+02
-6.000323934460000146e+02
-5.972019460980000076e+02
-5.941000541060000160e+02
-6.015146181009999964e+02
-6.040406342620000260e+02
-5.986952348849999908e+02
-5.935791397210000468e+02
-5.992242658190000384e+02
-5.942138175850000152e+02
-5.980223176980000517e+02
-5.997553731069999685e+02
-6.026822605480000448e+02
-5.990358402770000339e+02
-5.967484429170000340e+02
-6.003172906629999943e+02
-5.966402152480000041e+02
-5.911563020620000088e+02
-5.954800974109999743e+02
-5.902793682679999847e+02
-5.966966283570000087e+02
-6.007489948009999807e+02
-5.973273716769999737e+02
-5.901629341789999899e+02
-5.910970829750000348e+02
-5.938384552600000461e+02
-5.972436927730000207e+02
-6.038356608010000173e+02
-5.962165237650000336e+02
-5.971499671059999628e+02
-5.935278344700000162e+02
-5.947694861889999629e+02
-5.981314859389999583e+02
-5.911169533610000144e+02
-5.978616557809999676e+02
-5.906703437469999471e+02
-6.017981105689999595e+02
-5.997632066559999657e+02
-5.951195714230000249e+02
-5.940999077579999721e+02
-5.913811317189999954e+02
-5.964424870389999569e+02
-5.949767541329999858e+02
-6.027470157830000517e+02
-6.020498042039999973e+02
-5.891061624789999769e+02
-5.952715981569999713e+02
-5.876941649970000299e+02
-5.926683562230000462e+02
-6.011505195659999572e+02
-5.959768154869999535e+02
-5.899633510449999676e+02
-6.001333180760000232e+02
-5.958280187249999926e+02
-5.873537057989999539e+02
-5.935485381019999522e+02
-5.932926908770000409e+02
-5.973393582749999950e+02
-5.998442662190000192e+02
-5.877376892119999638e+02
-5.971197178850000000e+02
-5.972289713269999538e+02
-6.031289412779999566e+02
-5.971095782730000110e+02
-6.029247725169999512e+02
-5.951726236099999596e+02
-5.923114764299999706e+02
-5.902163737829999945e+02
-6.014013023219999923e+02
-5.911864997830000448e+02
-5.952825640089999979e+02
-6.002648084600000402e+02
-5.915697462599999881e+02
-5.974184226510000144e+02
-5.909239860449999924e+02
-5.908748809390000361e+02
-5.829743170039999995e+02
-5.892334410170000183e+02
-5.899546522330000471e+02
-5.880994574889999740e+02
-6.012870684260000189e+02
-6.019804907929999445e+02
-5.952604551399999764e+02
-5.937223004679999576e+02
-5.830918717230000539e+02
-5.938728108059999613e+02
-5.884965403910000532e+02
-5.929020039439999437e+02
-5.822462068830000135e+02
-5.990956293629999436e+02
-6.000414738739999621e+02
-5.976262763959999802e+02
-5.889243690289999904e+02
-5.884162671450000062e+02
-5.983522938060000342e+02
-6.000411129210000354e+02
-5.999057948949999854e+02
-5.942097344139999677e+02
-6.018570129659999566e+02
-5.986667408040000282e+02
-6.038026308119999612e+02
-6.002019919560000289e+02
-6.046199908629999982e+02
-5.980756918429999587e+02
-5.955323704590000489e+02
-6.021134986519999757e+02
-5.987645847339999818e+02
-5.905426473400000305e+02
-5.945901655110000092e+02
-5.956770115330000408e+02
-5.926486499000000094e+02
-6.032996666660000074e+02
-5.934230721650000078e+02
-5.961843278449999843e+02
-5.995454587990000164e+02
-6.025314859180000440e+02
-5.821612924329999714e+02
-5.906030212719999781e+02
-5.993752187640000102e+02
-5.979151499910000211e+02
-5.859445275299999594e+02
-5.895854392979999830e+02
-5.923162216360000230e+02
-6.042807967669999698e+02
-6.007246569989999898e+02
-5.980401873230000547e+02
-5.910642702280000549e+02
-5.935358770770000092e+02
-5.920040029000000459e+02
-5.995104323030000160e+02
-5.889063446740000245e+02
-5.965428580499999498e+02
-6.010204594949999546e+02
-5.966933774459999995e+02
-5.992286112269999876e+02
-5.975424709100000200e+02
-6.000383459900000389e+02
-6.058003834910000478e+02
-5.868844027559999859e+02
-5.882592567120000240e+02
-6.032245457249999845e+02
-5.966379005400000324e+02
-5.981192690509999466e+02
-6.037481292969999913e+02
-5.902185575170000220e+02
-6.003969438550000177e+02
-5.922430522079999946e+02
-5.962428511609999759e+02
-6.007065654550000318e+02
-5.932557671370000207e+02
-5.988120469110000386e+02
-6.027195638109999436e+02
-5.966581330589999652e+02
-5.928046302679999826e+02
-5.968552279790000057e+02
-6.050303333670000256e+02
-6.010874613280000176e+02
-5.939692202859999952e+02
-5.920191442870000174e+02
-6.015331157870000425e+02
-6.013033024889999751e+02
-5.916318965860000390e+02
-6.016177575110000362e+02
-5.925206206190000557e+02
-5.945914134500000046e+02
-5.925042736379999724e+02
-5.924263358519999656e+02
-5.912872282700000142e+02
-5.937874606300000551e+02
-5.862436214230000360e+02
-6.005925229849999596e+02
-5.995757542080000349e+02
-6.038944476929999610e+02
-5.941901699420000114e+02
-5.956836428020000085e+02
-6.032180449640000006e+02
-6.042054401740000458e+02
-5.971521286529999770e+02
-5.877164082880000251e+02
-5.958780017719999478e+02
-6.035206757830000015e+02
-5.953317589130000442e+02
-5.899932227279999779e+02
-5.925939555439999822e+02
-5.961630475309999611e+02
-5.941539612399999442e+02
-5.989046520609999789e+02
-5.861424818990000176e+02
-5.954223142150000285e+02
-5.987938796690000345e+02
-5.909852139450000550e+02
-5.994491072729999814e+02
-6.014578731880000078e+02
-5.959617425430000139e+02
-5.986342239609999751e+02
-5.979891192490000549e+02
-5.878802270099999987e+02
-6.017260867830000279e+02
-5.939139178210000409e+02
-5.960812185739999904e+02
-6.014265835740000057e+02
-5.950481890410000005e+02
-6.000969010049999497e+02
-6.038764184960000421e+02
-5.961320091170000524e+02
-5.969580465569999888e+02
-5.936016191679999565e+02
-5.900682218370000101e+02
-5.910099177130000498e+02
-5.951949112419999892e+02
-5.973577579510000533e+02
-6.008930695039999819e+02
-6.031484901280000486e+02
-5.997625463040000113e+02
-6.028381210679999640e+02
-6.006616470970000137e+02
-5.869511751569999660e+02
-5.954962402200000042e+02
-5.902782096859999683e+02
-5.999736974029999601e+02
-5.949075393099999474e+02
-5.875162430550000181e+02
-6.029924774349999552e+02
-5.900787147940000068e+02
-6.009405811110000286e+02
-5.964740810749999582e+02
-5.966978222310000319e+02
-6.021465155160000222e+02
-6.011493101229999638e+02
-6.003216744530000142e+02
-5.988403598119999742e+02
-5.989125340990000268e+02
-5.980736036140000351e+02
-5.868075217169999860e+02
-5.991235467620000463e+02
-6.006122238079999534e+02
-5.923967642320000095e+02
-5.929581072830000039e+02
-5.890149968350000336e+02
-5.807126897399999734e+02
-6.030862538149999637e+02
-5.989704523740000468e+02
-5.871480511629999910e+02
-5.941146386479999819e+02
-5.988400448229999711e+02
-5.900476755509999975e+02
-5.990365204409999933e+02
-5.912034927619999962e+02
-5.969454113140000118e+02
-5.930710193810000419e+02
-6.001703905870000426e+02
-5.946081260170000178e+02
-5.948159882090000110e+02
-5.996790648969999893e+02
-5.953759566640000003e+02
-5.914837277679999943e+02
-5.950869444070000327e+02
-5.938390982749999694e+02
-6.012469675749999851e+02
-6.020195157079999717e+02
-5.967735906189999469e+02
-6.030464642550000463e+02
-5.950035856849999618e+02
-5.936575032460000330e+02
-6.027692192089999708e+02
-6.039606639490000362e+02
-6.001257528270000421e+02
-5.925486802860000353e+02
-5.953981221750000259e+02
-5.962225149360000387e+02
-5.936097966700000370e+02
-5.893953629710000541e+02
-5.995703009200000224e+02
-6.048393430060000355e+02
-5.999063850320000029e+02
-6.024663177310000037e+02
-5.877324430899999470e+02
-5.945042181320000054e+02
-5.961495990070000062e+02
-5.963654382140000507e+02
-5.951720245750000231e+02
-6.009872538329999543e+02
-5.991252691509999977e+02
-6.010246181060000481e+02
-6.041669223559999864e+02
-5.801783485669999436e+02
-6.021272296949999827e+02
-6.031149954700000535e+02
-6.013816789270000527e+02
-5.970692469499999788e+02
-5.885284651680000252e+02
-6.007894239349999452e+02
-5.998883405029999949e+02
-5.983212172209999835e+02
-6.002680847579999863e+02
-6.043851994509999486e+02
-6.009425598789999867e+02
-5.975827803580000364e+02
-6.024434524680000322e+02
-5.980580920559999640e+02
-5.837985655359999555e+02
-6.015307906020000246e+02
-5.933714154609999696e+02
-5.843421186870000383e+02
-5.863447733589999871e+02
-5.930711992279999549e+02
-6.023214946179999743e+02
-5.968144669280000016e+02
-5.991318197550000377e+02
-5.997080577440000297e+02
-6.016806422490000159e+02
-5.995991919189999635e+02
-6.013393870910000487e+02
-6.029001214219999838e+02
-6.011495586920000278e+02
-5.898385388140000032e+02
-5.953764404449999574e+02
-6.030327139439999655e+02
-6.002280080739999448e+02
-5.997754496009999912e+02
-5.972507894310000438e+02
-5.847500667839999551e+02
-5.929306938160000300e+02
-5.893104225020000513e+02
-6.012457157390000475e+02
-5.984233305420000306e+02
-6.001071374550000428e+02
-5.994726199140000062e+02
-5.979321286749999445e+02
-5.858591154460000325e+02
-5.999631556780000210e+02
-5.804745745459999853e+02
-5.998870277199999919e+02
-5.975210507530000541e+02
-5.872841790889999629e+02
-5.976553401930000291e+02
-6.017007717010000079e+02
-5.895940630259999580e+02
