4.861294683517962234e+00
4.837859340658842378e+00
4.822255903620213502e+00
4.723772750672919685e+00
4.714660115002989649e+00
4.727386275734192900e+00
4.758940848550231806e+00
4.654076170412341007e+00
4.669827512874539011e+00
4.584708169556705570e+00
4.621253617796798885e+00
4.659759113945698417e+00
4.603399721944640532e+00
4.576177116327557748e+00
4.624083584884684406e+00
4.474075211705766719e+00
4.473639457980493006e+00
4.487245925955027914e+00
4.407339900665705912e+00
4.402934135323851805e+00
4.439587931328762060e+00
4.402102338655929259e+00
4.383655324041797918e+00
4.414774965952398489e+00
4.469004475271869836e+00
4.502300967283284550e+00
4.426261853980172134e+00
4.414149634980671699e+00
4.586490052316695376e+00
4.568881154068247241e+00
4.500922238830615818e+00
4.421752593712136026e+00
4.360371658471327905e+00
4.308646423182111107e+00
4.253267214742098012e+00
4.298631410111827478e+00
4.282956222050372297e+00
4.248102635294961793e+00
4.220675419882462087e+00
4.175912475136421165e+00
4.229295686045136726e+00
4.317090802843972064e+00
4.326753632921569448e+00
4.360814832115667450e+00
4.352059167796320516e+00
4.271788150177862065e+00
4.294906867441947718e+00
4.323408493307103306e+00
4.256639754548181109e+00
4.230827578618632678e+00
4.149431165834661428e+00
4.105723931293969287e+00
4.222666574571096731e+00
4.206763482773900442e+00
4.447130085796906940e+00
4.405981162011475938e+00
4.385547400268294815e+00
4.364184803603073703e+00
4.370402041002635407e+00
4.327318915910866259e+00
4.342645622198523014e+00
4.334488435790318839e+00
4.389328080697545431e+00
4.458784699893010739e+00
4.463138581760597745e+00
4.503967251213090606e+00
4.528375205302670459e+00
4.557806928776162891e+00
4.492075244249588373e+00
4.414786404799217578e+00
4.321405905489554833e+00
4.317155892482920976e+00
4.343853818903209429e+00
4.408965071306417016e+00
4.498056691505788685e+00
4.507584940963397457e+00
3.896358684720901966e+00
4.482022980753222363e+00
4.458169355239883558e+00
4.469082456164800377e+00
4.466329253425008972e+00
3.922379124969945785e+00
3.824899867970402045e+00
4.472882068644332243e+00
3.892964037850851433e+00
3.880572895849271564e+00
3.763956694756196875e+00
3.699349402259808350e+00
3.642943452759046963e+00
3.653124005560172805e+00
3.710191639255309148e+00
3.713894451919709461e+00
3.745124430509619629e+00
3.730299049674167033e+00
3.730889036141386228e+00
3.664304163139299408e+00
3.637501065291940172e+00
3.646022078923823795e+00
3.617075890826731754e+00
3.559051137592715186e+00
3.564373858056979483e+00
3.482503697054749825e+00
3.451190808981734914e+00
3.360751106523659271e+00
3.337394492714338856e+00
3.249815533226462883e+00
3.115971919000554813e+00
3.048381537800017860e+00
2.947172543303157255e+00
2.869840762132978895e+00
2.764317275567332199e+00
2.706689490872567383e+00
2.721590160182094653e+00
2.769801617444830555e+00
2.793234326009903068e+00
2.725900585127784659e+00
2.754360361318032080e+00
2.703393423088840564e+00
2.645172395137980637e+00
2.718932878906722639e+00
2.703040140286488757e+00
2.744806186236106615e+00
2.760957804820638906e+00
2.731371267330752417e+00
2.703678975026435616e+00
2.826070947446294834e+00
2.837021149022332711e+00
2.738229172293656255e+00
2.754958801869821450e+00
3.539838696890014624e+00
2.683676023666046184e+00
3.530669483256681396e+00
2.710208294578112298e+00
3.520087640954412400e+00
3.517847921670293143e+00
3.576442925589614408e+00
3.584842674372196392e+00
3.482405634040927733e+00
3.414405511944941907e+00
3.380649937512016923e+00
3.343939144183099454e+00
3.326926659846892065e+00
3.431007140767853514e+00
3.352570655482148165e+00
3.263798094245415005e+00
3.193657777533466025e+00
3.229065654334083213e+00
3.265170592786845294e+00
3.248598005293975799e+00
3.229328258322464951e+00
3.195858257182255358e+00
3.151605622535916140e+00
3.107342272746921097e+00
3.044657944663077931e+00
3.041720236971178437e+00
3.026724467142656749e+00
3.015092867558145429e+00
3.092200672660168514e+00
3.014449535155630855e+00
2.971784144247357151e+00
3.015765242852963990e+00
2.968087262868125631e+00
2.979875165170514428e+00
2.897767934117568611e+00
2.876146380141316961e+00
2.795561660918965075e+00
2.755624248695746736e+00
2.787130962118572697e+00
2.752618026534011886e+00
2.765439205623584584e+00
2.718400632725059385e+00
2.750806790743399510e+00
2.710231355438128986e+00
2.798230512305946327e+00
2.809961921450182309e+00
2.849530487641779963e+00
2.898044513115697551e+00
2.855427288515678175e+00
2.901337105542890704e+00
2.826909443190567028e+00
2.804048858347514717e+00
2.787442196710094411e+00
2.871134618926810322e+00
2.893199094428173357e+00
2.845395403103055276e+00
2.812033427966317944e+00
2.799786420425672162e+00
2.876636925300097403e+00
2.856273971453018756e+00
2.820030141682886349e+00
2.833310960695984093e+00
2.860812646784126834e+00
2.854871450696160551e+00
2.870053135396625876e+00
2.883948161808738142e+00
2.708502538304145890e+00
2.776405049700061411e+00
2.836846312368719314e+00
2.812195227931375552e+00
2.797476541456603627e+00
2.827310559524722766e+00
2.806893478563089239e+00
2.830099114872127508e+00
2.823817628672220081e+00
2.774291621297228172e+00
2.762582306466180526e+00
2.802765063290178826e+00
2.774801974916408565e+00
2.794588162860496272e+00
2.878591843245581927e+00
2.951754901749126692e+00
2.939845914329524579e+00
2.854218982488905265e+00
2.849801572039709185e+00
2.857090478091304675e+00
2.893084340284603595e+00
2.842911359856300724e+00
2.864601542972425197e+00
2.801670037673958724e+00
2.831415547036499447e+00
2.841526878282167434e+00
2.840750957053433723e+00
2.742239048660783940e+00
2.755058983034664344e+00
2.785251694192106608e+00
2.781115783278359288e+00
2.845081896888031370e+00
2.881403477474127950e+00
2.926723423899156629e+00
2.700551980614334102e+00
2.823686951487363039e+00
2.759318031688264394e+00
2.765099998191747233e+00
2.812487333304809489e+00
2.839327032942841278e+00
2.747271555561990652e+00
2.749862178364581133e+00
2.712417925025566223e+00
2.769486233943039277e+00
2.768041907197215767e+00
2.666891823827880703e+00
2.735055575303726449e+00
2.837380658283268797e+00
2.874003653442354533e+00
2.886951333154058830e+00
2.834373652149624778e+00
2.772095597197181682e+00
2.770278325367327099e+00
2.818103085410468278e+00
2.869766192566914231e+00
2.898038129493812676e+00
2.810443915113767677e+00
2.741587131571784131e+00
2.764595087892619762e+00
2.748487584108759041e+00
2.819795028011788496e+00
2.767529222971277125e+00
2.772685340964603729e+00
2.769512773034275011e+00
2.657288279430743305e+00
2.750498136701786223e+00
2.878687548171909416e+00
2.860950017039794346e+00
2.883564807664291241e+00
2.821552763993613766e+00
2.841225263860646333e+00
2.868009937221277728e+00
2.965495911310619626e+00
2.923589916523861465e+00
2.686345100689782495e+00
2.723099337152429467e+00
2.824569701742196237e+00
2.788166960567461938e+00
2.770491833592006792e+00
2.761854087384053358e+00
2.744383537335843837e+00
2.784917593035743710e+00
2.752945513445552717e+00
2.744412505437183736e+00
2.748105711212725399e+00
2.788546933440425146e+00
2.763431381453138158e+00
2.739380586921065230e+00
2.689934199938727399e+00
2.997848228313101160e+00
2.879304429892747930e+00
2.892137790631697847e+00
2.918250503298165821e+00
2.897468377739435663e+00
2.924079684276747138e+00
2.885746523865185154e+00
2.837381539377459294e+00
2.862785182300620956e+00
2.918509551123654955e+00
2.966410794209055179e+00
3.041205353145361112e+00
3.059311360420839065e+00
3.016666703499078839e+00
2.944995246176128845e+00
2.861364359881488628e+00
2.884602398945129931e+00
2.907157202491809311e+00
2.867494027892647956e+00
2.837594756127097106e+00
2.829010781174224665e+00
2.832773552545278850e+00
2.867753476155159298e+00
2.864937521133750664e+00
2.822604648192871046e+00
2.710342598270558234e+00
2.758775090506654148e+00
2.722397472816928676e+00
2.757721523286932541e+00
2.869032763842197742e+00
2.870383075479647328e+00
2.805503519869472218e+00
2.900434622603998758e+00
2.948359035124453964e+00
2.962026671048050730e+00
2.923866276011951815e+00
2.903615332649970515e+00
2.941789081494457392e+00
2.879585734094402660e+00
2.932327914814439218e+00
2.953425807431091954e+00
2.946076373755439626e+00
2.920861516744674979e+00
2.880854213597070945e+00
2.816731794118850551e+00
2.771807713388502847e+00
2.749250443302682978e+00
2.739371278231558016e+00
2.718202531085569973e+00
2.723851684655389072e+00
2.825356968597065421e+00
2.802221618644749057e+00
2.799194705625173363e+00
2.792848724868570720e+00
2.852099226885348227e+00
2.925758875915785318e+00
2.941843129740265628e+00
2.946777222662072759e+00
2.883553710267939163e+00
2.783880385361411580e+00
2.679794768261182014e+00
2.786996591314743643e+00
2.759250985321922478e+00
2.736496665446534138e+00
2.742814977354469885e+00
2.768037933266088491e+00
2.841806467724359297e+00
2.752740815986859158e+00
2.816939118972932476e+00
2.888904463633230169e+00
2.868034518620722562e+00
2.840975888669243776e+00
2.819275438831757352e+00
2.760520603074717361e+00
2.786103731019359930e+00
2.847282739736255675e+00
2.909278604740357821e+00
2.849316760207611932e+00
2.794940070913864982e+00
2.851937937613650664e+00
2.790204293595722085e+00
2.776233059381002732e+00
2.828689802717859081e+00
2.809346721214737830e+00
2.767308078259448578e+00
2.845213700234132226e+00
2.818834865684756608e+00
2.759527495786189721e+00
2.819731015540312136e+00
2.753230466197844617e+00
2.777684467321657191e+00
2.732599312010453030e+00
2.726833511602789972e+00
2.778016198656875879e+00
2.717115014128036687e+00
2.766238239920776998e+00
2.890019377097669651e+00
2.741464936854016710e+00
2.805723079706905043e+00
2.821038284036570865e+00
2.748201957644306415e+00
2.657909328777037228e+00
2.746770831358160248e+00
2.717550919486146910e+00
2.795736396729848749e+00
2.813148591880635596e+00
2.821781175073645009e+00
2.903073199214929012e+00
2.921225256634619960e+00
2.936887808548362067e+00
2.832831445744698584e+00
2.843542157239804524e+00
2.782337147076177075e+00
2.760289477572959171e+00
2.898522554681953967e+00
2.840435706014131867e+00
2.857437138416171862e+00
2.895401526558967653e+00
2.836392427010056672e+00
2.854261025204247293e+00
2.838122442742736951e+00
2.920028938212770431e+00
2.882827084651454097e+00
2.859700333951094464e+00
2.872344164615376005e+00
2.795224677910525646e+00
2.802551872847316439e+00
2.788742010297833307e+00
2.736971136128402371e+00
2.768033598061988787e+00
2.770374884379368741e+00
2.830431062576864942e+00
2.780989392284695327e+00
2.739260119083253286e+00
2.797482797087410322e+00
2.866990931272717091e+00
2.889469155398617595e+00
2.852203709414879551e+00
2.817285750505262421e+00
2.742546444456319232e+00
2.700985190629523025e+00
2.734500685682854204e+00
2.742545168269795663e+00
2.874624497216983876e+00
2.854510465911799688e+00
2.776725589610899547e+00
2.753768690358723070e+00
2.835393976152167816e+00
2.781590012924262556e+00
2.743300749097699942e+00
2.793271558585022518e+00
2.829129371379117242e+00
2.860252611221602681e+00
2.825887825091434991e+00
2.776990277260617201e+00
2.833403959904058578e+00
2.889339890009481326e+00
2.884387976677201149e+00
2.858369115422289219e+00
2.821311928872806796e+00
2.791269603603349747e+00
2.740241777653935173e+00
2.804225026633918372e+00
2.779883450794295552e+00
2.775903636655998596e+00
2.777442888701763923e+00
2.802726172853851949e+00
2.853405859670159028e+00
2.776272861229601929e+00
2.717221558872223941e+00
2.799037334513421627e+00
2.785874727980424126e+00
2.857946465558793392e+00
2.849312899630365159e+00
2.820543210092694153e+00
2.821076744790896207e+00
2.766203716286998127e+00
2.847580903152709286e+00
2.839488334189805840e+00
2.793186173530149752e+00
2.788264872640330516e+00
2.781130885089733162e+00
2.716229923993917161e+00
2.772659914233983169e+00
2.832538967075298508e+00
2.870579209845984803e+00
2.800381045500772714e+00
2.748209780930123802e+00
2.730515885322772007e+00
2.780774352585984044e+00
2.773277122827793040e+00
2.871776627803770854e+00
2.905648636707473642e+00
2.931201289573952540e+00
3.012399209932176358e+00
2.928463078135013387e+00
2.911527777645269488e+00
2.963460308490734718e+00
2.948278989512356674e+00
2.893746879047992770e+00
2.881304392111323054e+00
2.911359991481643927e+00
2.920250331735277705e+00
2.910277649984619686e+00
2.895169425094151539e+00
2.809782020015076043e+00
2.792816678552317633e+00
2.759753068663933995e+00
2.714497006813601399e+00
2.759915578419021021e+00
2.738807222131561137e+00
2.749158052931842455e+00
2.698055781484141491e+00
2.813407542465186761e+00
2.903337562185974718e+00
2.920501498030774634e+00
2.924024281704924455e+00
2.874638933848910227e+00
2.790072042080633974e+00
2.742339694494465796e+00
2.669239217455040780e+00
2.676677604792927490e+00
2.761641902926590841e+00
2.780861197542948471e+00
2.729248614545769058e+00
2.708554042288984665e+00
2.796618315036930813e+00
2.849607341371789726e+00
2.723559068571856479e+00
2.744860470042147949e+00
2.752681056715434060e+00
2.742131652565208633e+00
2.780079675117244076e+00
2.732772584757098944e+00
2.794920034634265082e+00
2.804369091257425506e+00
2.787567039552591552e+00
2.760705344653789695e+00
2.731749256428927630e+00
2.709984132794876821e+00
2.664379102154946555e+00
2.714801466037618294e+00
2.865627679933316241e+00
2.721726474133652207e+00
2.691719339009920109e+00
2.753789207619203427e+00
2.844989103669818942e+00
2.737323875612822199e+00
2.716257351577718193e+00
2.803423977924138555e+00
2.772731685540452684e+00
2.757560878747738808e+00
2.725695874451146583e+00
2.752622749306558703e+00
2.789479162854600069e+00
2.808927731359423863e+00
2.815238178200913932e+00
2.806782677729075637e+00
2.800054999459831606e+00
2.756504126606742489e+00
2.751033805681057043e+00
6.016394518314104545e+00
2.815149907198549073e+00
2.822517670449558036e+00
2.860959803981873772e+00
2.920644620627439902e+00
2.931004947112850090e+00
2.851791191514553958e+00
2.874024878110834624e+00
2.859897900275462312e+00
2.844472007244929657e+00
2.862390958621830350e+00
2.904902580122094236e+00
2.790587214189873322e+00
2.751520852183388488e+00
2.763634563396542898e+00
2.779530535899902510e+00
2.763513162624704922e+00
2.751319865082938243e+00
2.714115878145220151e+00
2.718483032869618565e+00
2.727868215291934018e+00
2.729533476621966770e+00
2.753970951190298777e+00
2.804429532008247961e+00
2.867657406316173052e+00
2.877068820866125698e+00
2.861580157884800801e+00
2.823702179763297515e+00
2.733010976926364854e+00
2.710185602500315927e+00
2.836768231632609272e+00
2.896353051684134261e+00
2.732386868655315215e+00
6.182043998549347386e+00
2.797339092780851910e+00
6.075565899568533546e+00
6.060879886617123624e+00
6.061772925473206897e+00
6.140524163294205806e+00
6.088525355124999372e+00
6.067779412602273936e+00
6.113952322352537827e+00
6.179635102495939947e+00
6.233856350606742147e+00
2.831233653374443549e+00
6.216275733910136658e+00
2.748715518201183983e+00
2.837505594708141121e+00
2.890073355470410554e+00
2.809925443850779914e+00
2.845104743238814571e+00
2.854120705226041999e+00
6.258247438380812433e+00
6.238319885994946468e+00
2.807861998033378992e+00
2.741249897400818814e+00
2.768467626684480543e+00
2.789537237607700337e+00
2.820380648068625984e+00
6.252003278949875842e+00
6.248578718396688991e+00
6.185832361129745216e+00
6.164485866639650702e+00
6.176448979794133542e+00
6.141354410877131187e+00
6.088467951792141619e+00
6.034315619852843149e+00
5.934322792029433025e+00
5.964584310746223750e+00
5.884004333784944585e+00
5.936992925715845359e+00
5.935395016340530461e+00
5.904887213148105829e+00
6.068164302324055903e+00
6.041220158213073788e+00
6.126845925923060321e+00
6.136129887803876137e+00
6.157653043165066009e+00
2.897022954689865593e+00
2.888658858363168047e+00
2.929644005677139784e+00
2.757867291948617350e+00
2.777958603003291227e+00
2.809230855590191478e+00
2.763183852008403996e+00
2.914169006766766490e+00
2.849231826299854387e+00
2.820493928374957271e+00
2.768026372706734239e+00
2.677105526496855070e+00
2.751359482146962243e+00
2.747274103543364987e+00
2.780938690442491534e+00
2.740578223660109725e+00
2.736457198642069599e+00
2.949200569645950676e+00
2.811004268940195061e+00
2.825370949096773110e+00
2.874977217301034393e+00
2.785682322160945912e+00
2.774023972499156443e+00
2.779282461355808476e+00
2.797410588383479002e+00
2.800486743407295087e+00
2.741635460815314396e+00
2.771862009552423345e+00
2.941793330606349510e+00
2.881281832795951736e+00
2.884266631225345101e+00
2.894964421197607773e+00
2.886602327997398021e+00
2.946974210949257600e+00
2.903894798369940577e+00
2.914256337386949891e+00
2.880391640037860856e+00
2.842811812273193794e+00
2.757709375550657871e+00
2.795475093789962173e+00
2.770726619498935950e+00
2.777919005298750577e+00
2.733303129914426144e+00
2.719503447322691336e+00
2.790114334574839372e+00
2.797820222959294778e+00
2.774910629191506217e+00
2.771178269256599158e+00
2.760539983409043163e+00
2.809093448071815047e+00
2.752057593874082109e+00
2.675018691523481706e+00
2.799179522645877327e+00
2.824267869731905911e+00
2.901909888332165455e+00
2.916526187093131828e+00
3.001739495692455684e+00
2.916910180310665623e+00
2.848137988230205142e+00
2.854293783057378686e+00
2.909534155152676771e+00
2.908303973108725682e+00
2.928707735503834897e+00
2.878054377526596319e+00
2.848491706149063329e+00
2.879425289879909311e+00
5.993569053577342487e+00
2.824029390781901849e+00
2.797760890426485680e+00
2.734735270551794883e+00
2.729271148127279556e+00
5.922876497108477523e+00
5.960234391364151563e+00
2.738974625658295636e+00
2.796821767649844581e+00
2.824970619316243603e+00
5.840678898895229842e+00
5.770252940729721836e+00
5.730663486892246361e+00
2.760092208604632447e+00
2.750552126392081131e+00
2.750509770933381226e+00
5.778923169587912412e+00
5.807877667444452108e+00
5.817804568735529536e+00
5.834275704832605491e+00
5.845110264143867695e+00
5.896074371986839147e+00
5.888048488251434343e+00
6.012251242255267414e+00
5.959545200768260109e+00
6.000629383656352012e+00
6.042794552191891988e+00
2.753847127202234457e+00
6.023616272638887104e+00
2.783367385021244811e+00
2.747217865404926407e+00
6.091515246636094894e+00
5.938864116983987529e+00
5.980864653208597836e+00
5.991941505054934503e+00
5.973397776810112525e+00
5.978903745671107828e+00
5.983681224797991582e+00
6.035392613575359277e+00
6.125906381916067289e+00
6.064694963475080414e+00
6.041193094083319615e+00
6.054574634109319398e+00
6.113647765450672011e+00
2.842962187578301325e+00
2.921477194845101266e+00
2.891678059535673473e+00
2.860266246348406316e+00
2.824609353521296828e+00
2.795941880654889466e+00
2.776483567392395102e+00
2.806321613785561997e+00
2.767015901652897458e+00
2.787756445602807442e+00
2.813263052044724599e+00
2.819281646093557470e+00
2.793261355476783780e+00
2.852448246682137256e+00
2.869905573359513351e+00
2.833645178917078233e+00
2.839366302540057951e+00
2.894299742597508107e+00
2.850864781079593957e+00
2.833076243238081382e+00
6.193900063772421305e+00
6.212112845079360568e+00
6.199583937652589860e+00
6.193521615365526145e+00
6.152847145834194897e+00
6.194783854179256366e+00
2.760661877159171329e+00
2.727877196649438840e+00
2.732145127916890015e+00
2.747225873494933079e+00
2.790754378299888927e+00
2.814915451661025969e+00
2.872385245749601967e+00
2.885159787602759263e+00
2.882362052206488556e+00
2.936521070927297306e+00
2.792548298597536949e+00
2.846567230894081479e+00
2.882398480432571741e+00
2.916298681548239458e+00
2.842553253678811842e+00
2.847393896179451822e+00
2.904161841220285201e+00
2.943662174910701257e+00
2.946707484634333518e+00
2.906113039783552843e+00
2.881481216319135008e+00
2.825474473429197886e+00
2.801947358534774946e+00
2.794025769387247671e+00
2.747652270575736466e+00
2.801300590797067169e+00
2.735158679126313608e+00
2.816468355937982171e+00
2.801929870642732912e+00
2.772806700799751223e+00
2.828962177195021965e+00
2.799098783537301127e+00
2.782141081972659524e+00
2.758993113438306111e+00
2.883091743250637329e+00
2.905623857280910993e+00
2.913171467662005298e+00
2.928903890536526777e+00
2.906521976521078798e+00
2.928487152097478674e+00
2.906626911043108219e+00
2.837133941145535854e+00
2.847350698456374118e+00
2.914710791828239334e+00
2.946541532033784438e+00
2.943929516819313807e+00
2.891253880239506024e+00
2.864028980300304283e+00
2.821474968877094369e+00
2.805048840929512011e+00
2.756945048418629085e+00
2.791867654456421377e+00
2.782709111639231292e+00
2.870703746470541162e+00
2.979595274529747595e+00
2.888751114236046469e+00
2.926112267155858593e+00
2.887717783994828036e+00
2.907752568565626916e+00
2.850619230974210438e+00
2.844981019268845390e+00
2.829674892986825174e+00
2.811854370339971876e+00
2.802011420390716712e+00
2.838962662663953029e+00
2.827663523122933231e+00
2.782127603112408920e+00
2.725225495257227237e+00
2.818937033706145456e+00
2.861800307498760798e+00
2.895797644864019471e+00
2.832158364216238233e+00
2.829960600432451567e+00
2.836691030055969787e+00
2.802212161846422411e+00
2.818432543099089749e+00
2.780291531476510425e+00
2.822612442401542410e+00
2.745171215061093406e+00
2.765599030951522597e+00
2.823734052633144476e+00
2.799854460503259812e+00
2.761335003218551964e+00
2.770128155880156928e+00
2.785252950810752193e+00
2.783916126610139319e+00
2.761382443632174333e+00
2.742109042324903267e+00
2.726618785235662479e+00
2.740611245689545061e+00
2.771256935038683533e+00
2.783621023056119359e+00
2.759863402416865785e+00
2.740551221925982883e+00
2.815136941606926513e+00
2.842858772433129566e+00
2.833150543123327036e+00
2.791185769525203142e+00
2.796503709992175679e+00
2.769855952933292897e+00
2.888840944046591641e+00
2.833157425911944749e+00
2.768735090253308773e+00
2.716225690181138130e+00
2.723680965164605894e+00
2.710806890945941294e+00
2.767959717914984630e+00
2.747735249255284451e+00
2.752280690627320947e+00
2.760577656940662816e+00
2.735054844057061896e+00
2.738000730460092402e+00
2.800506025703212387e+00
2.816492322020424321e+00
2.844541439318471365e+00
2.908647108193086250e+00
2.903105061826044775e+00
2.891456034595718982e+00
2.867029996355112687e+00
2.905493589736517723e+00
2.908460761296256525e+00
2.925906867964187086e+00
2.901894898165679582e+00
2.877442440779658828e+00
2.926581623669498811e+00
2.932130624648226824e+00
2.901320561399583831e+00
2.900386870746728185e+00
2.853774167659381966e+00
2.799561037019911325e+00
2.824264506026303412e+00
2.918902876082039022e+00
2.930406285824544099e+00
2.907564272720381204e+00
2.914263371763094135e+00
2.955973274574721366e+00
2.885769568070188029e+00
2.928491249773507388e+00
2.973150181205113540e+00
2.989240873532944320e+00
2.941779903391822160e+00
2.849648048443877535e+00
2.952532810994655144e+00
2.947604281446205121e+00
3.010462090776099053e+00
2.980996813148246272e+00
3.023866564516364708e+00
3.008317802360648052e+00
2.836830097133065554e+00
2.782336787666079836e+00
2.720680429598449024e+00
2.760868341663542669e+00
2.746187539116729859e+00
2.722870544113325852e+00
2.734462287178230255e+00
2.727182245468755095e+00
2.768268050604926422e+00
2.733148550664599608e+00
2.716353990186109790e+00
2.773466062528979315e+00
2.826848952455719655e+00
2.796445779914210839e+00
2.768234274767943148e+00
2.788638736014401598e+00
2.785517187166504982e+00
2.820485951037515537e+00
2.764510083179296362e+00
2.735859097248979577e+00
2.775284129598265093e+00
2.827734605651669231e+00
2.865327031945917202e+00
2.919463135578183710e+00
2.946231660952681963e+00
2.956253202958095905e+00
2.938254413763382367e+00
2.820040070637295226e+00
2.827172085317765315e+00
2.846495037761351821e+00
2.794194875093718444e+00
2.741226185487071643e+00
2.717565454593504182e+00
2.741987782613189761e+00
2.846492578595630096e+00
2.788617757958232968e+00
2.732828754239825741e+00
2.748357509495443995e+00
2.770312076283103497e+00
2.844036743785143262e+00
2.854517297197549208e+00
2.748014010153514874e+00
2.754075343922167018e+00
2.789703030790194660e+00
2.785811371934574954e+00
2.780706564885982335e+00
2.809980960789592253e+00
2.764579353174728471e+00
2.788149744902522098e+00
2.814924688157748989e+00
2.895260610031504811e+00
2.899729125280497755e+00
2.892556308872828552e+00
2.900841946745806421e+00
2.909158125643912296e+00
2.908430160756830141e+00
2.827167840790496545e+00
2.817076143805843369e+00
2.832545498310662602e+00
2.817520008802067544e+00
2.869524002339063795e+00
2.890388382207484064e+00
2.813222707145667467e+00
2.853521859036654007e+00
2.848357070312638850e+00
2.790778744365091768e+00
2.748619471662092639e+00
2.796055793434744974e+00
2.787591433478012082e+00
2.743780239013321687e+00
2.779645660871184365e+00
2.769532993123569486e+00
2.764730909148302551e+00
2.750637926009164236e+00
2.777726228410568599e+00
2.810594421114508634e+00
2.808797251493955649e+00
2.831083361542008348e+00
2.837759151161352911e+00
2.876732347647239951e+00
2.889007788151495504e+00
2.918094755144184482e+00
2.902860658040616215e+00
2.920455443933359874e+00
2.907821693295515875e+00
2.889756737166642608e+00
2.933711983136722434e+00
2.897901482107354099e+00
2.842308568751816811e+00
2.820184923014801281e+00
2.898820622253126089e+00
2.888264184592538086e+00
2.846376995410130117e+00
2.863719609179641967e+00
2.885438788122181020e+00
2.870751992074550341e+00
2.882670983653875307e+00
2.877132252782273358e+00
2.752796578027515206e+00
2.842426076435409232e+00
2.800842194769279647e+00
2.766911816448077488e+00
2.793710256988007679e+00
2.802238747858576406e+00
2.829909185822046869e+00
2.838726122752951220e+00
2.870324371913389960e+00
2.825855622638921094e+00
2.860893741473108154e+00
2.862030223460262146e+00
2.810149284290782923e+00
2.857717620759616217e+00
2.869009759481483179e+00
2.909773358871786453e+00
2.834079921244282652e+00
2.852111147904301980e+00
2.859676555136961618e+00
2.899088649903621029e+00
2.835709082398968572e+00
2.858030090814300372e+00
2.845823079532527888e+00
2.816819660539169323e+00
2.781436679128252543e+00
2.797999642601836090e+00
2.812142599513758778e+00
2.767211773608951209e+00
2.770109564620143239e+00
2.811963904462502661e+00
2.808714652648075738e+00
2.814807453450413277e+00
2.815007282406210898e+00
2.722287273599168778e+00
2.821119813123859288e+00
2.828886883563922261e+00
2.878529833091885592e+00
2.887895600606088298e+00
2.946411206875237720e+00
2.901248179663366678e+00
2.954084968310830561e+00
2.940341646815893828e+00
2.910117695214404776e+00
2.877860837497184576e+00
2.881477572357626027e+00
2.916076302156717759e+00
2.874378019676604890e+00
2.896875040453073868e+00
2.941942555523475722e+00
2.918795813344948087e+00
2.875678876369891501e+00
2.920258378979503799e+00
2.979733880734989349e+00
2.973634476528680626e+00
3.057311564103338153e+00
3.012056440374250244e+00
3.066833872253272197e+00
3.076084036563370816e+00
3.096903937806272822e+00
3.029388387117109449e+00
3.023951388498168580e+00
2.980941797486156730e+00
3.006241673585142049e+00
3.001125955370750553e+00
3.018901290204765164e+00
2.996336930320086633e+00
3.032806126345698239e+00
3.018406698905897745e+00
2.942031441028460037e+00
2.931711104457600303e+00
2.984137061195413665e+00
3.012180605475043293e+00
2.983081795727364760e+00
2.990063878916300766e+00
3.000323482559838162e+00
2.963633749301691100e+00
3.019320453347077216e+00
3.032715944495956162e+00
2.988951822964029947e+00
2.940520192074865147e+00
2.917119983819657758e+00
2.980751247588433017e+00
3.019232683977834508e+00
2.995656021642004063e+00
2.958321314529575918e+00
2.938855049164555755e+00
2.985413036750526938e+00
2.965424252952686857e+00
2.896545183490152553e+00
2.865718234579247792e+00
2.784058009453107552e+00
2.806124195398343346e+00
2.843226512256806338e+00
2.831501545117007801e+00
2.841497668483998762e+00
2.796940650067498257e+00
2.738926249463464302e+00
2.712949317624639534e+00
2.781605651417899505e+00
2.811686682402574800e+00
2.802888688478371026e+00
2.761411595543120878e+00
2.791614228363224814e+00
2.842403384461818394e+00
2.830854288019784892e+00
2.823204916402633824e+00
2.843773725175757328e+00
2.894168447067309469e+00
2.858579717272198284e+00
2.829968374381593765e+00
2.795647509969738653e+00
2.839950175619284423e+00
2.840938225305154052e+00
2.908763826782780004e+00
2.891388247883705187e+00
2.890206913008132705e+00
2.869907664019871962e+00
2.875818839913252045e+00
2.898830281337628989e+00
2.843891172320065941e+00
2.864073672236802093e+00
2.807299414027652151e+00
2.741202290966501920e+00
2.737026488728233176e+00
2.778656869784392747e+00
2.747468653142379758e+00
2.788105270609415598e+00
2.798734178159833164e+00
2.757636850638604198e+00
2.706001662970664245e+00
2.748613650551855692e+00
2.784884378210341183e+00
2.867274838588028008e+00
2.872825264439172521e+00
2.917457111938408509e+00
2.911955528506573909e+00
2.854626770700505745e+00
2.870676923654070123e+00
2.931625658231282294e+00
2.934635411767533508e+00
2.909304384212830996e+00
2.864839960626073267e+00
2.894599972362329687e+00
2.923561355607232404e+00
2.903341867572608592e+00
2.928931204381557407e+00
2.954750412471415455e+00
2.899005864085134831e+00
2.926939186249007285e+00
2.914062971179586459e+00
2.800104462337074995e+00
2.836603250368298745e+00
2.811213261209473124e+00
2.782918252482454502e+00
2.781796901285210843e+00
2.855151484597620914e+00
2.916325942003053839e+00
2.844111987949841769e+00
2.825292374250849115e+00
2.898015527908709643e+00
2.974990084017088865e+00
2.954308210055275108e+00
2.798573386566805432e+00
2.765842547940861706e+00
2.773789826212505361e+00
2.782738758848914529e+00
