-5.767120120719999932e+02
-5.947760480109999435e+02
-6.031577521409999463e+02
-5.935679095550000284e+02
-5.936823961149999604e+02
-6.016302378420000423e+02
-5.988911416119999558e+02
-5.952953228589999526e+02
-6.049801726069999859e+02
-6.033113840280000204e+02
-6.003212227310000344e+02
-6.005863723290000280e+02
-5.868409071900000527e+02
-5.912985237489999690e+02
-5.948457360190000145e+02
-5.956164964280000049e+02
-5.963285706000000346e+02
-5.957717892929999834e+02
-5.938694675809999808e+02
-5.913320335060000161e+02
-5.903719581300000527e+02
-6.006510123499999736e+02
-5.960783773829999745e+02
-5.931799093390000053e+02
-6.058219641890000275e+02
-6.024667887379999911e+02
-5.875068998279999732e+02
-5.975295998880000070e+02
-6.021059531079999942e+02
-5.956717442780000056e+02
-5.957617839289999893e+02
-5.902496408199999678e+02
-5.955339945990000388e+02
-5.936284045219999825e+02
-6.001341008499999816e+02
-5.959193654809999998e+02
-6.037770663239999749e+02
-6.017487817869999844e+02
-6.042574478779999936e+02
-6.018344038950000368e+02
-6.001717488580000008e+02
-6.023579540519999682e+02
-5.993569027999999435e+02
-5.985082016909999538e+02
-5.904793151070000476e+02
-5.988354170869999962e+02
-6.009846332480000228e+02
-6.059285556580000502e+02
-6.007511900219999461e+02
-5.994111214759999484e+02
-6.021695237070000530e+02
-5.973850935729999492e+02
-5.947392350300000317e+02
-5.882817070050000439e+02
-5.894799584529999947e+02
-5.971585812539999552e+02
-5.948564153959999885e+02
-5.894783804749999945e+02
-5.993153456750000032e+02
-6.018843753300000117e+02
-5.816168838109999797e+02
-5.886920131719999745e+02
-5.941199184949999790e+02
-5.900173352419999446e+02
-5.915659215849999555e+02
-5.835898230560000002e+02
-5.964415733460000411e+02
-5.929975471169999537e+02
-5.971240685169999551e+02
-5.912686602920000496e+02
-5.984642437420000078e+02
-6.027466997929999479e+02
-6.010361988810000184e+02
-5.997331072590000076e+02
-6.035118501160000051e+02
-6.031383805079999547e+02
-5.987095349999999598e+02
-6.030491609270000026e+02
-5.970089034549999951e+02
-5.933398655250000502e+02
-6.014314098950000016e+02
-6.049483379609999929e+02
-6.033915903829999934e+02
-5.984016524339999705e+02
-6.003248206920000030e+02
-5.993356232490000366e+02
-5.975664602770000329e+02
-5.941910017229999994e+02
-6.014455102990000341e+02
-5.925500059620000002e+02
-5.945180405370000472e+02
-5.873627534109999715e+02
-5.942813565379999545e+02
-5.917665995859999839e+02
-5.916206148889999668e+02
-5.917310193170000048e+02
-5.957723821609999959e+02
-5.891415209770000274e+02
-5.945139512020000438e+02
-6.001268683749999582e+02
-5.938598386439999786e+02
-5.971556636640000306e+02
-5.989050958640000317e+02
-5.985462441959999751e+02
-5.940132498399999577e+02
-6.000462862580000092e+02
-5.937881127179999794e+02
-6.013832261750000043e+02
-5.988283056779999924e+02
-5.977504431700000396e+02
-5.984839157449999902e+02
-5.994309821120000379e+02
-6.029412140399999771e+02
-5.953106428139999480e+02
-5.877954973060000157e+02
-5.803572602409999490e+02
-5.851425192230000221e+02
-5.956085046800000100e+02
-5.994886019880000276e+02
-5.971204733319999605e+02
-6.021560029710000208e+02
-5.950281594169999835e+02
-5.917344127329999992e+02
-5.953821752349999770e+02
-5.958968447629999901e+02
-5.954427845640000214e+02
-5.971939523529999860e+02
-5.833666279829999439e+02
-5.809120620630000076e+02
-6.017992987860000085e+02
-5.914357252319999816e+02
-5.791009129100000337e+02
-5.975600354099999549e+02
-5.971758876750000127e+02
-5.983881503149999617e+02
-6.058859341979999726e+02
-6.046346122710000373e+02
-5.985114146670000537e+02
-5.987640836509999644e+02
-5.981432501900000034e+02
-5.903453429840000126e+02
-5.922289574950000315e+02
-5.942286584690000382e+02
-6.028702274029999444e+02
-5.942629723889999696e+02
-5.862058549399999947e+02
-5.979743437610000001e+02
-6.056636696440000378e+02
-5.977999588730000369e+02
-5.945722051019999981e+02
-5.936678723979999859e+02
-6.027700485310000431e+02
-6.017701347250000481e+02
-5.926481057199999896e+02
-6.005548695899999530e+02
-5.932425927030000139e+02
-5.978777613190000011e+02
-6.015177672769999617e+02
-6.003327888620000294e+02
-5.900329323710000153e+02
-6.035570533070000465e+02
-5.949769173500000079e+02
-6.071819691609999836e+02
-5.928055708299999651e+02
-5.906332917270000280e+02
-5.971756411229999912e+02
-5.949845035829999915e+02
-6.006364080570000397e+02
-6.013429855890000226e+02
-6.044474067859999877e+02
-5.959016415840000036e+02
-6.025793252559999473e+02
-5.940991780519999566e+02
-5.991500316020000128e+02
-5.996982010919999766e+02
-5.903408999719999883e+02
-5.897735011270000314e+02
-5.846889186810000183e+02
-5.987299028139999564e+02
-6.001631687210000337e+02
-5.990949973629999477e+02
-6.008059503319999521e+02
-5.962302009109999972e+02
-6.013412418980000211e+02
-6.005903398350000089e+02
-6.020159585489999472e+02
-6.031924259630000051e+02
-5.888476256709999461e+02
-5.935263008010000476e+02
-5.897661185489999980e+02
-5.963229414459999589e+02
-5.971230794489999880e+02
-6.006348109430000477e+02
-5.982516460860000507e+02
-5.944736589210000375e+02
-6.007788037379999651e+02
-5.872597046280000086e+02
-5.952726774980000073e+02
-5.948582806580000124e+02
-5.956545948630000566e+02
-5.960467152769999757e+02
-5.925859515079999937e+02
-5.874155040340000369e+02
-6.013123426820000077e+02
-5.913317752970000356e+02
-5.816371108790000335e+02
-5.997118962209999609e+02
-5.994256391530000201e+02
-5.825309340860000020e+02
-5.904341526040000190e+02
-6.016157620349999888e+02
-6.030918811799999730e+02
-5.962480287399999952e+02
-5.964263057199999594e+02
-5.921249117720000186e+02
-5.925060903500000222e+02
-6.015956114320000552e+02
-6.012800230410000495e+02
-5.981733073799999829e+02
-5.883287631910000073e+02
-5.995477255619999823e+02
-5.868195860939999875e+02
-5.983989040459999842e+02
-6.010121560879999834e+02
-5.993202064020000535e+02
-6.000314099189999979e+02
-6.037242228190000333e+02
-5.877435129709999728e+02
-5.939569569889999912e+02
-5.938964221400000270e+02
-5.874729502989999901e+02
-5.956272038869999506e+02
-5.926399487700000464e+02
-5.918892957419999448e+02
-6.013614708339999879e+02
-5.995554993289999857e+02
-6.054200593150000032e+02
-5.921783583320000162e+02
-5.914571734439999773e+02
-5.958155802129999756e+02
-5.971589524839999967e+02
-6.027935332680000329e+02
-5.841177176429999918e+02
-6.044986134550000543e+02
-6.007939175279999517e+02
-6.066830828329999576e+02
-5.942198530340000389e+02
-6.019337150049999536e+02
-5.986972133130000202e+02
-5.992617951129999483e+02
-5.972618929459999890e+02
-5.863912389309999753e+02
-5.971043804060000184e+02
-5.991749181919999501e+02
-5.998819654259999652e+02
-6.033292548839999654e+02
-6.007091830650000475e+02
-5.967455787589999545e+02
-6.005158337990000064e+02
-5.964921136440000282e+02
-5.978867014259999451e+02
-5.924010288429999491e+02
-5.825102746479999496e+02
-5.886611177639999823e+02
-5.942832950490000030e+02
-5.885555049749999625e+02
-5.955501067459999831e+02
-6.010474700380000286e+02
-6.014873631589999832e+02
-5.911140535819999968e+02
-5.914866560369999888e+02
-5.967589455229999658e+02
-5.927410950710000179e+02
-6.019214664309999989e+02
-5.991012016060000178e+02
-6.021602643810000473e+02
-5.884503403910000543e+02
-5.900090102259999867e+02
-5.957021538989999954e+02
-6.005125926590000063e+02
-5.827050039389999938e+02
-5.682708824479999521e+02
-5.931317933709999579e+02
-5.987582779460000211e+02
-6.040049626100000069e+02
-5.987497218910000356e+02
-5.952502435159999550e+02
-5.972569137020000198e+02
-5.924902502239999649e+02
-6.018110732740000230e+02
-5.971421254609999778e+02
-5.960806953200000180e+02
-5.982865348120000135e+02
-5.955226908409999851e+02
-5.996823450719999755e+02
-5.927683406449999666e+02
-6.021328867859999718e+02
-5.953013356909999629e+02
-6.063737996600000315e+02
-6.022715085610000187e+02
-6.013066211450000083e+02
-6.038548975769999743e+02
-5.853364992269999902e+02
-6.009992719519999582e+02
-6.032305214619999560e+02
-5.945158507150000560e+02
-6.056094739650000065e+02
-6.024055076429999644e+02
-6.010317643610000005e+02
-5.936401105999999572e+02
-6.005926104579999674e+02
-5.939805914549999670e+02
-5.915185058770000524e+02
-6.042094683279999572e+02
-5.999368837749999557e+02
-5.900363253350000150e+02
-5.941556542439999475e+02
-5.963095884819999810e+02
-5.896073745639999970e+02
-6.016949346869999999e+02
-5.924671103639999501e+02
-6.008485786080000253e+02
-6.051367585489999783e+02
-5.995373935500000471e+02
-6.027486557360000461e+02
-5.956349229859999923e+02
-5.982626916939999546e+02
-6.035985344790000227e+02
-5.984874027770000566e+02
-6.016635150470000326e+02
-5.946853718090000029e+02
-5.984183965290000060e+02
-5.906530066459999944e+02
-6.020259289629999557e+02
-6.012807821860000104e+02
-5.974875851489999832e+02
-6.025485222969999768e+02
-5.961910286510000105e+02
-6.002355199490000359e+02
-5.960045443860000205e+02
-5.998819400539999833e+02
-5.934716064059999781e+02
-5.823928217290000475e+02
-5.928093255940000290e+02
-5.911144952509999939e+02
-6.049863482329999442e+02
-5.960569958360000555e+02
-5.960327266489999829e+02
-6.012564908340000329e+02
-5.906656859050000321e+02
-6.038952330649999567e+02
-5.869149408900000253e+02
-5.978447925680000026e+02
-6.045877112350000289e+02
-5.966365065290000302e+02
-5.975448350579999897e+02
-5.992478558269999667e+02
-6.025748513569999432e+02
-5.855086967370000366e+02
-5.905040897159999531e+02
-5.931652683390000220e+02
-6.025383791189999556e+02
-6.015081315539999878e+02
-6.030606260350000412e+02
-6.009707513360000348e+02
-6.008748162069999807e+02
-6.049919586759999675e+02
-6.037672420039999679e+02
-6.036640674129999979e+02
-5.996262599709999677e+02
-6.012943342009999697e+02
-5.991255008069999803e+02
-5.925925275390000024e+02
-5.996791225059999988e+02
-5.868668267020000258e+02
-6.008098587309999630e+02
-5.950930618300000106e+02
-6.018758856250000235e+02
-6.022183225700000548e+02
-5.941975655659999802e+02
-5.971154708819999541e+02
-5.985159775079999918e+02
-5.955887300690000075e+02
-6.028959126040000456e+02
-6.034192706420000150e+02
-5.972241898019999553e+02
-6.015640001489999804e+02
-5.988854148200000509e+02
-6.012958862059999774e+02
-6.044394864240000516e+02
-6.020835766310000281e+02
-5.984999446670000225e+02
-5.962278467029999547e+02
-6.037409457039999552e+02
-6.039725616619999755e+02
-5.932576994569999442e+02
-5.889334522640000387e+02
-5.981102986229999487e+02
-5.972548328010000205e+02
-5.847864385310000443e+02
-6.005553144420000535e+02
-5.975028890569999476e+02
-5.977386847620000481e+02
-5.927698757230000410e+02
-5.779743355980000388e+02
-5.889074844880000228e+02
-5.914053788969999914e+02
-5.985768698509999695e+02
-6.028920159719999674e+02
-5.995510469680000369e+02
-5.998781941189999998e+02
-5.838403325909999921e+02
-5.918380838509999649e+02
-6.008342906999999968e+02
-6.037581113270000515e+02
-5.986573525630000177e+02
-6.013034218929999497e+02
-5.970877470159999802e+02
-5.865768961940000281e+02
-5.924069790559999547e+02
-5.989411156740000024e+02
-5.965149594929999921e+02
-5.832711295029999974e+02
-5.935038806170000498e+02
-6.015158999530000301e+02
-5.899172555059999468e+02
-5.983638258150000411e+02
-6.034515290069999764e+02
-6.002801573199999439e+02
-5.958328363399999716e+02
-5.881807853599999589e+02
-5.915103269259999479e+02
-5.988072416789999579e+02
-6.024156542959999570e+02
-5.949216563520000136e+02
-5.880076700490000121e+02
-6.000133121779999783e+02
-5.975804899380000279e+02
-6.003224030559999846e+02
-6.016354498150000154e+02
-5.929778263729999708e+02
-6.001594485480000003e+02
-5.978424448309999661e+02
-6.021131256810000423e+02
-6.013328152300000511e+02
-6.011298694179999984e+02
-5.969166872739999690e+02
-5.946970993239999643e+02
-5.963155320229999461e+02
-6.048334075410000423e+02
-5.868396996169999511e+02
-5.897849403559999928e+02
-5.960550361670000257e+02
-5.965689928689999988e+02
-5.999816182219999519e+02
-5.808054439080000293e+02
-5.941216943849999552e+02
-5.861625538020000477e+02
-5.922904564599999730e+02
-5.993387095760000420e+02
-5.877689256979999755e+02
-6.039896420369999532e+02
-5.988582996449999882e+02
-5.998885778339999888e+02
-6.015769208320000416e+02
-5.973667809459999489e+02
-5.999587890579999794e+02
-6.039538550600000235e+02
-6.022021688679999443e+02
-5.830105338949999805e+02
-5.983989045920000081e+02
-5.945210201789999473e+02
-6.005867630489999556e+02
-5.847975754000000279e+02
-5.918097541729999875e+02
-6.000721497680000311e+02
-5.997517668469999990e+02
-5.985605880519999573e+02
-5.972786358880000535e+02
-5.955681259269999828e+02
-6.052026008499999534e+02
-5.886636796779999941e+02
-5.861925614819999737e+02
-5.885062199850000297e+02
-5.990325337110000419e+02
-5.975026406360000237e+02
-5.993522498219999761e+02
-5.942298716709999553e+02
-5.950965198970000074e+02
-6.005158497800000532e+02
-5.972475450809999984e+02
-6.039231855880000239e+02
-5.956826322819999859e+02
-5.920384167309999839e+02
-6.000746661959999528e+02
-5.937457981430000018e+02
-5.976702717389999862e+02
-6.005040933489999588e+02
-6.025171629230000008e+02
-5.981916106300000138e+02
-5.978936032670000031e+02
-5.956062398829999438e+02
-5.954518777370000180e+02
-5.939988168500000256e+02
-5.950497744150000017e+02
-5.873402072899999666e+02
-5.912433143660000496e+02
-5.829116291369999772e+02
-5.924116030210000190e+02
-5.960153226249999534e+02
-5.996151024189999816e+02
-5.933914089070000273e+02
-5.943534077240000215e+02
-5.871624957069999482e+02
-5.993633114980000300e+02
-6.009115865219999932e+02
-5.964944052060000104e+02
-5.884390894220000519e+02
-5.947240462940000043e+02
-6.039156336280000232e+02
-5.897719709089999469e+02
-6.029769803929999625e+02
-5.960527922789999593e+02
-5.974240124299999479e+02
-5.950591692350000130e+02
-5.911245955099999492e+02
-6.024121039249999967e+02
-5.968970900020000272e+02
-5.840053033330000289e+02
-6.040354884549999497e+02
-5.982267208829999845e+02
-5.905642189379999536e+02
-5.981407194060000165e+02
-5.914789918339999986e+02
-6.004515264980000211e+02
-5.959868666630000007e+02
-5.954720215849999931e+02
-6.023469832719999886e+02
-6.013366186759999437e+02
-6.003765523009999470e+02
-5.825960238840000329e+02
-6.013339339450000125e+02
-6.020654526690000239e+02
-6.014850900390000561e+02
-5.896443962199999760e+02
-6.024695583479999641e+02
-5.889853918840000233e+02
-5.883885613060000424e+02
-5.948698802280000564e+02
-5.981625408109999853e+02
-6.035017757299999630e+02
-5.851757074670000520e+02
-6.036677574999999933e+02
-5.900326764879999928e+02
-6.022123993059999520e+02
-5.999259038730000384e+02
-5.924853079949999710e+02
-5.952750889070000540e+02
-6.018712379370000463e+02
-5.980350689939999711e+02
-5.902214820809999765e+02
-6.014366421949999904e+02
-5.981736813759999905e+02
-5.940051024939999706e+02
-5.983114204349999454e+02
-5.954182444960000566e+02
-5.997668719170000031e+02
-5.850219594500000539e+02
-5.890511634490000006e+02
-5.930000087370000301e+02
-5.861992980979999857e+02
-6.017018394240000134e+02
-5.892316021579999870e+02
-5.920775775380000141e+02
-6.014995771750000131e+02
-5.958537801080000236e+02
-5.982879022460000442e+02
-5.870298631319999458e+02
-5.937438597569999956e+02
-6.043822020259999590e+02
-5.973730390069999885e+02
-5.955301668949999794e+02
-6.034295874719999802e+02
-5.991694254870000123e+02
-5.873717292930000440e+02
-5.937803042240000195e+02
-5.966743603859999894e+02
-5.981389157249999471e+02
-5.987943661159999920e+02
-5.922203848670000070e+02
-6.003411160059999929e+02
-5.986889826249999942e+02
-6.034181032999999843e+02
-5.990709643799999640e+02
-6.027076648979999618e+02
-6.042973533880000332e+02
-5.966121624270000439e+02
-5.960020658900000399e+02
-5.917177309229999764e+02
-5.986968923020000375e+02
-5.957762938130000521e+02
-5.993791757349999898e+02
-5.966673400319999701e+02
-6.016580158689999962e+02
-5.945600511720000441e+02
-5.904843869139999697e+02
-5.945423490079999738e+02
-5.969325886240000045e+02
-5.950373788079999713e+02
-6.042908464130000539e+02
-6.021535536869999987e+02
-5.868306299350000472e+02
-6.017368996899999729e+02
-6.048042145809999965e+02
-6.058754685339999924e+02
-6.015565147270000352e+02
-6.048192895099999760e+02
-6.003952342920000547e+02
-5.929794904450000104e+02
-5.893545878060000405e+02
-5.970644347280000375e+02
-6.027246585399999503e+02
-6.031152654229999825e+02
-6.000660247439999466e+02
-6.031324012329999960e+02
-5.976793285219999916e+02
-5.877429604550000022e+02
-5.962875662879999936e+02
-5.912348784890000388e+02
-5.861810992020000413e+02
-5.990693857229999821e+02
-5.906489911579999443e+02
-6.016673787460000540e+02
-5.900836643280000544e+02
-5.958449444430000312e+02
-6.040906152300000258e+02
-5.993876500659999920e+02
-6.003934669850000319e+02
-5.947672628689999783e+02
-5.969116333069999882e+02
-5.989829316569999946e+02
-5.894404132900000377e+02
-5.957769977680000011e+02
-5.970479717209999535e+02
-6.008901646059999848e+02
-5.922050219180000568e+02
-5.933108937340000466e+02
-6.012969914410000456e+02
-5.996315153970000438e+02
-5.975823199699999577e+02
-5.943574930949999953e+02
-5.831804168830000208e+02
-5.974224927879999996e+02
-5.960659221600000137e+02
-5.998547007290000010e+02
-5.941502327319999495e+02
-5.903918600040000229e+02
-6.004095227259999774e+02
-6.021643811019999930e+02
-6.070468011579999938e+02
-5.859592511470000318e+02
-5.911094476600000007e+02
-6.010724999359999856e+02
-5.953724416390000442e+02
-5.942673592009999766e+02
-5.964700917710000567e+02
-5.931352774880000425e+02
-5.986010244550000152e+02
-5.981678769339999917e+02
-5.997182204160000083e+02
-6.020910686680000481e+02
-5.983196337690000064e+02
-6.022598989460000212e+02
-6.025712977330000513e+02
-5.886704788309999685e+02
-6.045741983230000187e+02
-5.990060545269999466e+02
-6.013683332309999514e+02
-5.862209658210000498e+02
-5.999217124299999568e+02
-6.052963601589999598e+02
-5.989110893219999525e+02
-6.012024112499999546e+02
-6.013573391969999875e+02
-6.019955514719999883e+02
-5.979701034250000475e+02
-6.017808994539999503e+02
-5.844705508680000321e+02
-6.020472778890000427e+02
-6.000666521000000557e+02
-5.942342834800000446e+02
-6.029891498460000321e+02
-5.924192690800000491e+02
-5.994067597719999867e+02
-5.941609723459999941e+02
-6.007515938919999599e+02
-5.952065701239999953e+02
-5.949312108889999990e+02
-6.004396729180000420e+02
-6.018801295709999977e+02
-5.956636211620000267e+02
-6.045677014970000300e+02
-6.024315429299999778e+02
-5.995430975729999545e+02
-6.022479472859999987e+02
-6.007648319539999875e+02
-6.018274056000000201e+02
-5.951489299329999767e+02
-5.911370789540000033e+02
-5.885830921409999519e+02
-5.978149724280000328e+02
-6.019043713779999507e+02
-5.921430921070000295e+02
-5.942530398979999973e+02
-6.004883301959999926e+02
-5.980472369269999717e+02
-5.834457032679999884e+02
-5.817830965860000560e+02
-5.993157364029999599e+02
-6.035057911110000077e+02
-5.991310292269999991e+02
-5.980974807960000135e+02
-5.910986002289999988e+02
-6.036537797590000309e+02
-5.885399865619999673e+02
-5.937806254179999996e+02
-6.050706719779999503e+02
-6.011538200510000252e+02
-5.893739850580000166e+02
-5.880066289220000044e+02
-5.956932412050000494e+02
-5.996564034519999495e+02
-5.926486033039999484e+02
-5.923668330709999736e+02
-5.883311158870000099e+02
-5.929899673810000422e+02
-6.051722883060000413e+02
-6.027255768559999751e+02
-6.033676644680000436e+02
-6.002976109439999846e+02
-5.999132757879999645e+02
-5.995414893460000485e+02
-5.911575647639999715e+02
-5.969838157210000418e+02
-5.979310225899999978e+02
-6.008438458550000405e+02
-5.945969731919999504e+02
-5.966306586980000475e+02
-5.821516581529999712e+02
-6.047833354379999946e+02
-6.023894436709999809e+02
-5.950163802089999763e+02
-5.952777838700000075e+02
-5.930261473790000082e+02
-5.971012689200000523e+02
-6.019150786339999968e+02
-5.908782068379999828e+02
-5.997596901089999619e+02
-6.050940735440000253e+02
-6.006074174899999889e+02
-6.007117932769999697e+02
-5.982437619249999443e+02
-5.959671639700000014e+02
-5.970961225979999654e+02
-5.948143027019999636e+02
-5.887659446579999667e+02
-5.940759913309999547e+02
-6.005661074670000517e+02
-5.977765373959999806e+02
-5.984062891730000047e+02
-6.040248955910000177e+02
-5.995978919770000175e+02
-6.029015629750000471e+02
-5.901290799399999969e+02
-5.943520594459999984e+02
-5.939739899429999923e+02
-6.022999874619999900e+02
-6.000622874499999853e+02
-6.026939897910000354e+02
-6.008401275630000100e+02
-6.013227189469999985e+02
-5.963453759520000403e+02
-5.985622934540000415e+02
-5.853071662730000071e+02
-5.906091729250000526e+02
-6.004164651459999504e+02
-5.962902271350000092e+02
-5.917541819570000143e+02
-6.009645782379999446e+02
-6.038627521529999740e+02
-6.029480936149999479e+02
-6.021451296440000078e+02
-5.945232438929999716e+02
-6.056174965899999734e+02
-5.997615773369999488e+02
-5.986941623559999925e+02
-5.836057340260000501e+02
-5.938336904400000549e+02
-6.017875370020000219e+02
-5.945903068850000182e+02
-5.938606837910000422e+02
-6.001946355940000331e+02
-5.928024706539999897e+02
-5.984281920270000228e+02
-6.036095777089999501e+02
-5.942019073870000057e+02
-5.942636257350000051e+02
-5.988511553020000520e+02
-5.948424694760000193e+02
-5.857039987140000221e+02
-6.003072643929999685e+02
-6.039974204469999677e+02
-5.991355515889999879e+02
-6.016633473880000338e+02
-6.053656998750000184e+02
-5.939702795020000394e+02
-5.957199985270000298e+02
-6.010396269200000461e+02
-5.983880692760000102e+02
-6.030347519179999836e+02
-5.901289092920000030e+02
-6.015280343250000215e+02
-6.014556157099999609e+02
-5.967922460209999826e+02
-5.878940606319999915e+02
-5.959810841989999517e+02
-6.040739503779999495e+02
-5.878120968859999493e+02
-5.897665846779999583e+02
-6.024842636619999894e+02
-5.997369263430000501e+02
-5.826092643020000423e+02
-5.941910740319999604e+02
-5.905055837500000280e+02
-6.065844772140000032e+02
-5.931813262670000313e+02
-5.984366681149999749e+02
-5.957170144560000153e+02
-5.961255565930000557e+02
-5.990989757429999827e+02
-6.016225372070000503e+02
-6.033763802859999714e+02
-6.005445499319999954e+02
-5.982013074359999791e+02
-6.032983140999999705e+02
-5.978632228730000406e+02
-5.998638824549999526e+02
-5.931856822849999844e+02
-5.976766879399999652e+02
-5.988324233470000308e+02
-5.965882691849999446e+02
-6.018587106669999685e+02
-5.864182080760000417e+02
-6.004718499750000547e+02
-6.026511297939999849e+02
-6.003476271079999833e+02
-5.967048838360000218e+02
-5.997221475650000002e+02
-5.995495374619999893e+02
-5.923262098339999966e+02
-6.007835749700000179e+02
-5.830610681619999696e+02
-6.024323795940000537e+02
-6.049545623310000337e+02
-5.900005362680000189e+02
-5.928356676739999784e+02
-5.918362192600000071e+02
-6.057963081279999642e+02
-5.980045674550000285e+02
-5.919394162620000088e+02
-6.031047553700000208e+02
-5.934733432159999893e+02
-5.965391900719999967e+02
-5.985128889430000072e+02
-5.904532345390000501e+02
-5.997379347370000460e+02
-6.009875065439999844e+02
-5.883045607249999875e+02
-6.013839206640000157e+02
-6.005894601190000230e+02
-5.859986718689999634e+02
-5.893270109070000444e+02
-5.942464515990000109e+02
-5.893263340290000087e+02
-5.979248322439999583e+02
-5.914959227900000087e+02
-5.922958492159999651e+02
-5.907457571050000524e+02
-5.950508871509999835e+02
-6.026309011729999838e+02
-5.951455805049999981e+02
-6.060928935770000408e+02
-6.007283479779999880e+02
-5.933414598450000312e+02
-5.841559346880000021e+02
-5.997489878239999825e+02
-5.962629731429999538e+02
-5.928532332280000219e+02
-6.004564551969999684e+02
-5.982030042520000279e+02
-5.906570434630000364e+02
-6.005025941039999680e+02
-5.961741235319999532e+02
-6.036943711679999751e+02
-5.990352291919999743e+02
-5.975265156519999437e+02
-5.996555430480000268e+02
-6.041007309780000014e+02
-6.049155258660000527e+02
-5.975960074920000125e+02
-5.961091886069999646e+02
-5.870547463010000229e+02
-5.953264959959999487e+02
-6.016418593429999646e+02
-5.855515065380000124e+02
-5.898503367839999783e+02
-6.015622327329999735e+02
-5.821513697939999474e+02
-5.793682679290000124e+02
-5.969499796100000140e+02
-6.030925755709999976e+02
-5.962872254679999742e+02
-6.011701451540000107e+02
-5.956051524800000152e+02
-6.004881048969999711e+02
-5.939045708370000511e+02
-6.010797828500000151e+02
-6.025502849109999488e+02
-5.857213132289999749e+02
-5.949081313279999677e+02
-5.811930038230000264e+02
-6.026087556979999817e+02
-5.963871235860000297e+02
-6.009602957790000346e+02
-5.941325067120000085e+02
-5.923318958869999733e+02
-6.006974506709999559e+02
-5.950423797519999880e+02
-5.958815261280000186e+02
-6.021170845069999586e+02
-6.038665804480000361e+02
-5.866216832860000068e+02
-6.038451749260000270e+02
-5.934417906050000511e+02
-5.958005740029999515e+02
-5.926747886360000166e+02
-5.980204595220000101e+02
-6.000892292949999955e+02
-6.039119272589999809e+02
-5.978351684040000009e+02
-6.056223160380000081e+02
-5.947353102340000532e+02
-5.994904098910000130e+02
-5.994904498700000204e+02
-5.828419441820000202e+02
-5.967639710890000515e+02
-5.780805637859999706e+02
-5.894959169500000371e+02
-5.919681504420000238e+02
-5.929456955230000403e+02
-5.895082755199999838e+02
-5.948961144500000273e+02
-5.930995502170000009e+02
-5.971163927110000031e+02
-5.990467964560000382e+02
-5.839257937810000385e+02
-5.962351363699999638e+02
-5.940814068900000393e+02
-5.944679489229999945e+02
-5.961563274869999987e+02
-5.956343551630000093e+02
-5.983752870289999919e+02
-6.008981267789999947e+02
-5.995258500989999675e+02
-5.874913086689999773e+02
-5.995389256400000022e+02
-5.957361816110000063e+02
-5.933730004510000526e+02
-5.922353489690000288e+02
-5.999205997880000041e+02
-5.932533506559999523e+02
-5.987598639899999853e+02
-5.973518458250000549e+02
-5.995822553199999447e+02
-5.965406078370000387e+02
-5.976465933340000447e+02
-5.979207237370000030e+02
-5.965347885590000487e+02
-5.862957786389999910e+02
-5.943811804250000250e+02
-5.941705273579999584e+02
-5.959050142040000537e+02
-5.986109859719999804e+02
-5.958420096490000333e+02
-5.902873259960000496e+02
-6.002112010609999970e+02
-5.988403909400000202e+02
-5.955334918620000053e+02
-5.949324847550000186e+02
-5.966423715270000230e+02
-5.938111037380000425e+02
-6.034076304620000428e+02
-6.003867057160000513e+02
-6.019602439799999729e+02
-5.999963671939999585e+02
-5.996554601310000407e+02
-5.992790712009999652e+02
-5.981123850349999884e+02
-5.950488182149999830e+02
-5.999493506669999761e+02
-6.007650834029999487e+02
-5.936717847859999893e+02
-5.927009145099999614e+02
-6.011203301650000412e+02
-6.013061748220000027e+02
-6.027791139260000364e+02
-5.932749544969999533e+02
-6.039085772619999943e+02
-6.000603843330000018e+02
-5.963308004650000385e+02
-5.965906111960000544e+02
-5.966650231500000245e+02
-6.011935818389999895e+02
-5.938226671810000425e+02
-5.761685724389999450e+02
-5.777595216119999577e+02
-5.802723900040000444e+02
-5.856029690880000089e+02
-5.891158319730000130e+02
-5.959195353029999751e+02
-5.915735935760000075e+02
-5.956875405309999678e+02
-5.925525964820000127e+02
-5.988619378089999827e+02
-5.998117343510000410e+02
-5.920757665930000258e+02
-5.995605688330000476e+02
-6.013868309020000424e+02
-6.007407621199999994e+02
-5.822233694770000056e+02
-5.985129567440000073e+02
-5.994185583309999856e+02
-5.948875707859999693e+02
-5.996753345670000499e+02
-5.941315068879999899e+02
-5.998575771470000291e+02
-6.043973116920000166e+02
-5.911201194880000003e+02
-5.963566345010000305e+02
-5.853151495050000221e+02
-5.977562884039999744e+02
-5.901278065640000250e+02
-5.921641175119999616e+02
-5.962062184019999904e+02
-5.923920152169999938e+02
-5.983125589009999885e+02
-6.019764421940000148e+02
-6.058054049190000114e+02
-6.032964109399999870e+02
-5.977343499029999521e+02
-5.964233822160000500e+02
-6.026682184889999689e+02
-6.016355170389999785e+02
-5.835985282389999611e+02
-5.930863730119999673e+02
-6.012209060709999449e+02
-5.972474202500000047e+02
-5.980032250780000140e+02
-5.951372871840000016e+02
-5.922438428689999910e+02
-5.998967774889999873e+02
-6.013054049889999533e+02
-5.907852680790000477e+02
-5.900867322489999651e+02
-5.928760784239999566e+02
-6.032996451090000392e+02
-5.962921105020000141e+02
-6.020218005269999821e+02
-5.979476147950000495e+02
-5.977539355559999876e+02
-5.948982239399999798e+02
-5.932177099360000057e+02
-5.958482861380000486e+02
-5.943736998360000143e+02
-6.028516196169999830e+02
-5.989054546400000163e+02
-5.998203789179999603e+02
-6.031091754310000397e+02
-5.992538414849999526e+02
-5.934103519420000339e+02
-6.026433921230000124e+02
-5.937297683890000144e+02
-5.889210279330000049e+02
-5.964916960509999626e+02
-6.025437974500000564e+02
-5.952992060179999498e+02
-5.998485012180000240e+02
-6.010322225200000048e+02
-6.022098741510000082e+02
-6.033088537840000072e+02
-5.926518758790000447e+02
-5.973245194129999618e+02
-6.014350459549999641e+02
-6.014818705249999766e+02
-6.002595499459999928e+02
-5.935987943139999743e+02
-5.920743577649999452e+02
-5.990828282429999945e+02
-5.953584537069999669e+02
-6.014972243050000316e+02
-5.972589686710000478e+02
-5.971699442750000344e+02
-6.001690115630000264e+02
-5.977140281140000297e+02
-6.020193820099999584e+02
-5.953933855669999957e+02
-6.018541972640000495e+02
-5.896620021769999767e+02
-6.008589095339999631e+02
-5.985116212140000016e+02
-5.981810915749999822e+02
-6.007473804979999841e+02
-5.895556889399999818e+02
-5.937193143790000249e+02
-6.005097510560000273e+02
-5.952521226239999805e+02
-6.026842215650000298e+02
-6.046579459499999984e+02
-5.882096720890000370e+02
-5.954995319329999575e+02
-6.031479927110000290e+02
-6.036883079140000063e+02
-6.010313311849999991e+02
-6.022405150160000176e+02
-5.920491244309999956e+02
-5.951167226600000504e+02
-6.004959367059999522e+02
-5.964115864740000461e+02
-6.026463045310000552e+02
-6.021578011289999495e+02
-5.997706493240000327e+02
-5.903669018199999527e+02
-5.968063141070000484e+02
-6.031870574150000266e+02
-6.049561197140000104e+02
-6.012886159729999918e+02
-5.976843042640000476e+02
-5.946037255060000462e+02
-5.990309222500000033e+02
-6.003469186080000100e+02
-6.023080611110000291e+02
-5.997190049329999511e+02
-6.041787028249999594e+02
-6.052208448850000195e+02
-5.990234861840000349e+02
-6.010068710120000333e+02
-6.034526256699999749e+02
-5.940217089200000373e+02
-6.026290247389999877e+02
-6.030901925770000389e+02
-6.013601245349999544e+02
-5.928485585119999541e+02
-5.972492138420000174e+02
-5.938716616289999592e+02
-6.035553308510000079e+02
-5.982457445840000219e+02
-5.997440312840000161e+02
-5.927996376429999827e+02
-5.912094113609999795e+02
-5.908371925120000014e+02
-5.957309493449999991e+02
-6.001397083560000283e+02
-6.011072921219999898e+02
-5.920790341409999655e+02
-6.005596837260000029e+02
-5.996128703919999907e+02
-6.019239598499999602e+02
-5.985418337139999494e+02
-5.952795313200000464e+02
-5.943487277089999452e+02
-5.978767755940000370e+02
-5.854433981610000046e+02
-5.961528820989999531e+02
-5.987381942370000161e+02
-5.843971435270000256e+02
-5.916682454790000065e+02
-5.828697879039999634e+02
-5.767138380650000045e+02
-5.832093655270000454e+02
-5.927060262239999702e+02
-5.917179901309999650e+02
-5.724385577089999515e+02
-5.908412189179999814e+02
-5.957531760990000294e+02
-6.011487813799999458e+02
-5.902962826519999453e+02
-5.962654457620000130e+02
-5.971583204830000113e+02
-6.009808139880000226e+02
-5.902695280130000128e+02
-6.026602835840000125e+02
-6.011999899989999676e+02
-6.000686795579999853e+02
-5.967514204609999524e+02
-5.892621440829999528e+02
-5.962419053690000510e+02
-6.044169887629999494e+02
-5.989027420149999443e+02
-5.963727220089999719e+02
-5.951588454960000263e+02
-6.009790402910000466e+02
-5.876699335619999829e+02
-5.904883825150000121e+02
-5.998923877710000170e+02
-5.900683208499999637e+02
-5.999233475480000379e+02
-5.963912803880000411e+02
-5.956758045970000239e+02
-5.934797454570000355e+02
-5.979820419110000103e+02
-5.957440681760000416e+02
-5.882234193259999984e+02
-5.914693145349999668e+02
-5.957277974370000493e+02
-5.876277413100000331e+02
-5.912913989149999452e+02
-6.037700096659999645e+02
-5.974644476500000110e+02
-6.030095196219999707e+02
-6.041831255979999469e+02
-5.989493323899999950e+02
-6.031216880560000391e+02
-5.991611241140000175e+02
-5.985045375810000223e+02
-6.045981321890000117e+02
-5.990921108070000400e+02
-5.984599796449999758e+02
-5.928532212320000099e+02
-5.926578876720000153e+02
-6.046186640229999512e+02
-6.013926201340000262e+02
-5.974399583540000549e+02
-6.027522164700000076e+02
-6.022528736939999590e+02
-5.869808479150000267e+02
-5.946617200619999721e+02
-5.997299833079999871e+02
-6.018382899580000185e+02
-6.012947839109999677e+02
-6.010776280019999831e+02
-5.918647702810000055e+02
-5.998069472009999572e+02
-6.014323086340000373e+02
-6.001937730690000308e+02
-5.902166919600000483e+02
-5.982725063689999843e+02
-6.007450228950000337e+02
-5.971732505749999973e+02
-5.886448075700000118e+02
