-5.308096535240000549e+02
-5.713997777499999984e+02
-5.923425118840000323e+02
-5.941011347669999623e+02
-6.018693387319999601e+02
-5.984728655610000487e+02
-5.991401978310000231e+02
-5.970575129679999691e+02
-5.950904767739999670e+02
-5.955259232580000344e+02
-5.542201980050000429e+02
-5.761541057260000116e+02
-5.948729586130000371e+02
-5.992321377890000349e+02
-5.876641884629999595e+02
-5.328461072710000508e+02
-5.944634749169999850e+02
-5.658673196209999787e+02
-5.945876658229999521e+02
-5.961865225450000025e+02
-5.971583210249999638e+02
-5.927577101350000248e+02
-5.966859538989999692e+02
-5.983742912479999632e+02
-5.806777750859999969e+02
-6.035511678489999667e+02
-5.725002281629999743e+02
-5.873508451999999807e+02
-5.829262790259999747e+02
-5.842027940409999474e+02
-5.864194803000000320e+02
-5.857830195929999491e+02
-5.677561445170000525e+02
-5.702238571120000188e+02
-6.026197963189999882e+02
-5.948454102169999942e+02
-6.006984709869999506e+02
-5.680832354929999610e+02
-5.806147973839999850e+02
-5.859864542039999833e+02
-5.801791743359999600e+02
-5.641079369679999900e+02
-5.975867040480000014e+02
-6.008384754969999904e+02
-6.006492925969999988e+02
-5.998159070489999749e+02
-5.833740618320000522e+02
-5.979521430180000152e+02
-5.959463422500000434e+02
-6.012111492709999538e+02
-5.945172423669999944e+02
-5.747472794579999800e+02
-5.795762794830000075e+02
-5.851986627029999681e+02
-5.867059612130000232e+02
-5.733666761319999523e+02
-5.851458635999999842e+02
-5.872004544059999489e+02
-5.812046008610000172e+02
-5.777990336880000086e+02
-5.960541715440000416e+02
-5.768808128429999442e+02
-5.846814600599999494e+02
-6.015331761600000391e+02
-5.994654362229999833e+02
-5.865434759349999467e+02
-5.801896584490000350e+02
-5.809556754029999865e+02
-5.928496165190000511e+02
-5.853717216219999955e+02
-5.871774276019999661e+02
-6.019600697490000130e+02
-5.647923724700000321e+02
-5.834170638330000429e+02
-5.989542704089999461e+02
-5.896021319259999700e+02
-5.938325924360000272e+02
-5.941957518619999519e+02
-5.828805853139999726e+02
-5.777016345140000340e+02
-5.965009936369999650e+02
-6.008941125860000056e+02
-5.865291616409999733e+02
-5.963077008609999439e+02
-5.935777845779999780e+02
-5.941977627600000460e+02
-5.991595248180000226e+02
-5.957286486970000396e+02
-6.004855466039999783e+02
-5.854704378159999578e+02
-5.836022790490000034e+02
-5.901987494090000155e+02
-5.889664886010000373e+02
-5.888636394149999660e+02
-5.939719356699999935e+02
-5.831103976619999685e+02
-6.002178952589999881e+02
-5.753586259039999504e+02
-5.840266207480000276e+02
-5.855653899149999688e+02
-5.999402519330000132e+02
-5.944395660500000531e+02
-5.904777205420000428e+02
-5.833029216390000329e+02
-5.814305296329999919e+02
-5.999357695219999869e+02
-5.788593851419999510e+02
-5.952530448119999846e+02
-5.907729758220000349e+02
-5.800911419919999616e+02
-5.907761382029999595e+02
-5.678771240629999966e+02
-5.616685864170000286e+02
-5.997393791900000224e+02
-5.763054926700000351e+02
-5.795502990769999769e+02
-5.431728044850000288e+02
-5.972251131130000203e+02
-5.804787619769999765e+02
-5.834153692920000367e+02
-5.866740157729999510e+02
-5.949102064270000483e+02
-6.011393093440000257e+02
-5.962060132609999528e+02
-5.777935318720000168e+02
-5.910464707329999783e+02
-5.798410517800000434e+02
-5.925528101319999905e+02
-5.824922497830000339e+02
-5.750866903989999628e+02
-5.851708239490000096e+02
-5.751658641740000348e+02
-5.964965666729999612e+02
-6.033149938689999772e+02
-5.977509912819999727e+02
-5.920544199629999866e+02
-5.924752571379999608e+02
-5.810215714539999681e+02
-5.742439425669999764e+02
-5.846563866530000269e+02
-5.899749062920000142e+02
-5.931600973659999454e+02
-5.890687724289999778e+02
-5.970710917930000505e+02
-5.930656817210000327e+02
-5.830352333859999590e+02
-5.871316346629999998e+02
-5.876564943130000529e+02
-5.986613125899999659e+02
-5.943547922809999591e+02
-5.734210207899999432e+02
-5.935555657149999433e+02
-5.874471317530000078e+02
-5.948706158380000488e+02
-5.873866372590000537e+02
-5.956531447900000558e+02
-5.934267820869999923e+02
-5.884799161670000558e+02
-6.023941105740000239e+02
-5.937909423219999780e+02
-5.992202367710000317e+02
-5.801008272479999732e+02
-5.645496161429999802e+02
-5.959789733190000334e+02
-5.890671019699999533e+02
-5.877409428639999760e+02
-6.047576518160000205e+02
-5.897842983819999745e+02
-5.726760829539999804e+02
-5.825116127500000403e+02
-5.712492641110000022e+02
-5.646275235719999728e+02
-5.878953630739999880e+02
-5.999674094920000016e+02
-6.018345432040000560e+02
-5.814379896789999975e+02
-6.036038711109999895e+02
-5.893227718299999651e+02
-5.760270905150000544e+02
-5.839402596610000273e+02
-5.925525417229999903e+02
-5.790918963640000356e+02
-5.986940700390000529e+02
-5.847945086910000327e+02
-5.954239298270000518e+02
-5.888234394419999944e+02
-5.957055434039999682e+02
-5.916180189320000409e+02
-5.959406140400000140e+02
-5.955833429020000267e+02
-5.428828574850000450e+02
-5.936750126429999455e+02
-5.950242057540000360e+02
-5.937398138859999790e+02
-6.010277030119999608e+02
-6.005251349610000489e+02
-5.821687703710000505e+02
-5.860575395319999643e+02
-5.807193956139999500e+02
-5.735168312839999771e+02
-5.728794984200000044e+02
-5.877822775610000008e+02
-5.785619109579999986e+02
-5.952394567950000237e+02
-5.904676199420000557e+02
-5.867691886640000121e+02
-5.835830845499999668e+02
-5.873439674679999598e+02
-5.906630152389999466e+02
-5.897637383060000502e+02
-5.818464832979999528e+02
-5.907066006539999989e+02
-5.931499425040000233e+02
-5.888368443450000314e+02
-5.904364657630000011e+02
-6.022490181590000020e+02
-5.893560031380000055e+02
-5.908824319240000023e+02
-5.837786616749999666e+02
-5.907471082590000151e+02
-5.801511129760000358e+02
-5.959107640769999534e+02
-6.012613479530000404e+02
-5.904450861330000180e+02
-5.911139645370000153e+02
-5.820688202119999914e+02
-5.802492141339999989e+02
-5.936662357070000553e+02
-6.016246296699999903e+02
-5.881694875859999456e+02
-5.743433626119999644e+02
-5.851776562119999880e+02
-5.946222125279999773e+02
-5.929305063849999442e+02
-5.903495907819999502e+02
-5.899414833939999880e+02
-5.898030629050000471e+02
-5.999611830809999447e+02
-5.905322165449999829e+02
-5.837024216060000299e+02
-5.922708587009999519e+02
-5.801431669319999855e+02
-5.715041499330000079e+02
-5.950448075839999547e+02
-5.943195411110000350e+02
-5.878539735839999594e+02
-5.541242722490000006e+02
-5.682476747399999795e+02
-5.663370187320000468e+02
-5.853887619739999764e+02
-5.795403400730000385e+02
-5.574174325799999679e+02
-5.588624232739999798e+02
-5.707019513980000056e+02
-5.840823985560000438e+02
-5.960414351760000500e+02
-5.991402345389999482e+02
-6.047855468999999857e+02
-5.978199506480000309e+02
-5.888742405809999809e+02
-5.954810237489999736e+02
-5.876068489499999714e+02
-5.899166277660000333e+02
-5.923910831990000361e+02
-5.911909609260000025e+02
-5.819484958900000038e+02
-5.932559137440000541e+02
-6.013962519530000463e+02
-5.784973645029999716e+02
-5.997364819919999945e+02
-6.028137096079999537e+02
-5.894631577840000318e+02
-5.843456160519999685e+02
-5.714616963260000375e+02
-5.883080484749999641e+02
-5.837065336900000148e+02
-5.963263723620000292e+02
-5.963346288049999657e+02
-5.865425229679999575e+02
-5.688035797080000293e+02
-5.889999698379999700e+02
-5.811510101080000368e+02
-5.587051192870000023e+02
-6.000444185060000564e+02
-5.941526010600000518e+02
-5.955992367229999900e+02
-5.913620904809999956e+02
-5.989872794479999811e+02
-5.703752629479999996e+02
-5.981477867500000229e+02
-5.848630990330000259e+02
-5.995242400580000321e+02
-5.882239025170000559e+02
-6.035191862179999589e+02
-5.920254657589999852e+02
-5.945927971859999843e+02
-6.011781131850000293e+02
-5.793465993250000565e+02
-5.652553199950000362e+02
-5.843839236190000292e+02
-5.944240599890000567e+02
-5.812308392520000098e+02
-5.897220834769999556e+02
-5.917573977030000378e+02
-5.873865508999999747e+02
-5.941087161560000141e+02
-5.895022265229999903e+02
-5.936210244699999521e+02
-5.915422504929999832e+02
-5.892018746449999753e+02
-5.966256762929999695e+02
-5.836650870739999846e+02
-5.966093779809999660e+02
-5.850220978410000043e+02
-5.927407702709999739e+02
-5.997442330280000533e+02
-5.877087322610000228e+02
-5.983358265199999551e+02
-5.986802868629999921e+02
-6.032063543100000516e+02
-5.807252258759999677e+02
-5.961868339229999947e+02
-5.862959211080000159e+02
-6.027275973490000069e+02
-5.973639144640000040e+02
-5.869242375960000118e+02
-5.748518228489999728e+02
-5.970085656029999654e+02
-5.927014484950000224e+02
-5.803680171180000116e+02
-5.884371583930000043e+02
-5.720987726900000325e+02
-5.972897188919999962e+02
-5.982332305050000514e+02
-5.766305465819999654e+02
-5.779038482920000206e+02
-5.985029812530000299e+02
-5.808737664349999932e+02
-5.949432142760000488e+02
-5.948431360329999507e+02
-5.722709486590000552e+02
-5.950218455909999875e+02
-5.938790950559999828e+02
-5.995161105800000314e+02
-5.924081595440000001e+02
-5.748963703399999758e+02
-5.842899847720000253e+02
-5.747329258070000151e+02
-5.859353978289999532e+02
-5.692124155149999751e+02
-5.788867592809999678e+02
-5.816309527519999847e+02
-5.991015376960000367e+02
-5.901359100250000438e+02
-6.026957265439999674e+02
-5.992734486020000304e+02
-5.827269571489999862e+02
-6.021219880190000140e+02
-5.950816826559999981e+02
-5.863560590900000307e+02
-5.861249484149999489e+02
-5.967640484209999840e+02
-5.801515590870000096e+02
-5.950821293090000381e+02
-6.003822353020000264e+02
-5.907021657279999545e+02
-5.693048310579999907e+02
-5.921034036730000025e+02
-5.980789068489999636e+02
-5.758914218310000024e+02
-5.918492956149999600e+02
-5.990718201659999522e+02
-5.966973901879999858e+02
-5.958248796889999994e+02
-5.917429212749999579e+02
-5.827084967409999763e+02
-5.933030997399999933e+02
-5.831544055619999654e+02
-5.831447167000000036e+02
-5.913979196909999700e+02
-5.871737462270000378e+02
-5.884492281909999747e+02
-5.861260165359999519e+02
-6.006026686039999731e+02
-5.895670620810000173e+02
-5.821072703470000533e+02
-5.902998770780000086e+02
-6.011578784749999613e+02
-5.948926730040000166e+02
-5.944128331130000333e+02
-6.000542771789999961e+02
-5.982481374689999711e+02
-5.717098956720000160e+02
-5.767762246050000385e+02
-5.830312486080000554e+02
-6.051619774770000504e+02
-5.896355128720000494e+02
-5.900000689199999897e+02
-5.978928849149999678e+02
-5.987207583059999934e+02
-5.945093696740000269e+02
-5.779304883590000372e+02
-5.972565304539999715e+02
-5.935559167180000486e+02
-6.015927092140000241e+02
-5.834479562740000347e+02
-5.981030317669999476e+02
-5.976557426709999845e+02
-5.957979173769999761e+02
-5.947105358500000420e+02
-5.931930557389999876e+02
-5.892647726229999989e+02
-5.901635230699999966e+02
-5.997117488049999565e+02
-5.841282352489999994e+02
-5.972689829639999743e+02
-5.896545029799999611e+02
-5.864013798619999989e+02
-5.895695051640000202e+02
-5.768971084239999527e+02
-5.990343423269999903e+02
-5.944942261009999811e+02
-5.949781709330000012e+02
-5.994251507000000174e+02
-5.875275831019999941e+02
-5.896170089089999919e+02
-5.886679987380000512e+02
-5.888393246939999699e+02
-5.969770452019999993e+02
-5.970320014310000261e+02
-5.895977854530000286e+02
-5.942509415780000381e+02
-5.976131162660000200e+02
-5.928439957550000372e+02
-5.779817161040000428e+02
-5.891853984580000088e+02
-5.850304263259999971e+02
-5.777453712760000144e+02
-5.813372410660000469e+02
-5.914592688430000180e+02
-5.914487231499999780e+02
-5.836985778069999924e+02
-5.899197094260000540e+02
-5.774298300379999773e+02
-5.739934754449999446e+02
-5.937762526039999784e+02
-5.936916982479999660e+02
-5.806968580789999805e+02
-5.959496009380000032e+02
-5.837117615170000136e+02
-5.902059089169999879e+02
-5.878840606830000297e+02
-6.028344359049999639e+02
-5.965924474280000140e+02
-5.796886363270000402e+02
-5.954289292749999731e+02
-5.527113714649999565e+02
-5.755486835140000039e+02
-5.606836991620000390e+02
-5.782398224150000487e+02
-5.905257421840000234e+02
-5.999114376039999570e+02
-5.933906899449999628e+02
-5.774053724740000462e+02
-5.847680225369999789e+02
-5.951366636840000410e+02
-5.866466428969999924e+02
-5.879781573530000287e+02
-5.988121739870000511e+02
-5.927304379219999646e+02
-5.991445768370000451e+02
-5.996706655049999881e+02
-5.881286324650000097e+02
-5.952706936140000380e+02
-5.651182226930000070e+02
-5.758614595880000024e+02
-5.924055760280000413e+02
-5.897024213419999796e+02
-5.767310390820000521e+02
-5.610995730979999507e+02
-5.738487912260000030e+02
-5.849079841290000559e+02
-5.888191271749999487e+02
-5.732973865940000451e+02
-5.950913612379999904e+02
-5.938763749400000052e+02
-5.774504566959999465e+02
-5.807452598999999509e+02
-5.946647139919999745e+02
-5.865632658230000516e+02
-5.920895134180000241e+02
-5.946409996080000155e+02
-5.863651576959999829e+02
-5.984438097769999558e+02
-5.825785942510000268e+02
-5.913004825870000332e+02
-5.888827381090000017e+02
-5.834740532570000369e+02
-5.985007332379999525e+02
-5.873156550549999793e+02
-5.936104458900000509e+02
-5.826383057960000542e+02
-5.933069915759999731e+02
-5.908406592860000046e+02
-6.036144201390000035e+02
-6.000947780080000484e+02
-5.881348978360000501e+02
-5.881208895190000021e+02
-5.890805188179999732e+02
-5.955386009490000561e+02
-5.830843938929999695e+02
-5.899453016910000542e+02
-5.947990963549999606e+02
-5.762337680379999938e+02
-5.764342076189999489e+02
-5.967363983110000163e+02
-5.921737937660000171e+02
-5.547121973380000099e+02
-5.618162285549999524e+02
-5.818901262069999802e+02
-6.009415705750000143e+02
-5.942854240469999922e+02
-5.887766542350000236e+02
-5.952182580490000419e+02
-5.944780492200000026e+02
-5.978430651979999766e+02
-5.866088007089999792e+02
-5.924094447659999787e+02
-5.795925090230000478e+02
-5.913219017379999514e+02
-5.923254527069999540e+02
-5.818619524729999739e+02
-5.865268939579999596e+02
-5.727286850560000175e+02
-5.770743213040000228e+02
-5.896842640630000005e+02
-5.980919044859999758e+02
-5.891905149670000128e+02
-5.788943815699999504e+02
-5.988200269510000453e+02
-5.860627633420000393e+02
-5.893322213569999803e+02
-5.944298427109999921e+02
-5.851845506519999844e+02
-5.959555140339999753e+02
-5.826608373489999622e+02
-5.951926258329999655e+02
