4.817837689254381495e+00
4.339058538438955281e+00
4.008204959829274827e+00
3.711131902802700999e+00
2.812916635807040322e+00
2.641728790016113937e+00
3.098281620511602164e+00
2.775428975852201940e+00
2.730206768726501032e+00
3.193124175474545634e+00
2.837665589881936956e+00
2.743562829606786657e+00
2.826612460172069685e+00
2.704408622971018250e+00
2.833635474086249051e+00
2.858823009561802131e+00
2.929824056150812428e+00
2.992126501336465960e+00
3.080024025880317762e+00
2.693941536113951596e+00
2.903242842064714058e+00
2.783499416202561250e+00
2.894531913798843892e+00
2.646626532021471245e+00
2.901040502991986791e+00
2.729675988098221318e+00
2.744348010001647076e+00
2.955739839701728933e+00
2.797855964841649890e+00
2.740944545225240336e+00
2.830847576256976694e+00
2.791785450209238295e+00
2.783313492943257916e+00
2.715011970507681394e+00
2.817668539768295677e+00
2.813443619481292846e+00
3.004844921123217993e+00
2.701195661184136121e+00
2.736344093859542248e+00
2.759081187642002053e+00
2.797682969887761217e+00
2.972962327376517777e+00
2.820689454725563650e+00
2.872597604956183659e+00
2.868412975845703095e+00
2.997938291559717694e+00
3.107647663426470253e+00
2.967358758222537585e+00
3.153629813405498972e+00
2.871007140360330556e+00
2.974163579899396392e+00
2.816240401670283777e+00
2.763400260548587006e+00
2.929534263325827670e+00
2.746984346515283892e+00
2.915443191008873391e+00
2.734783903711588859e+00
2.768828994358444984e+00
2.756885198915616453e+00
2.884254669754389155e+00
2.954266237156021546e+00
2.777471331985264413e+00
2.954349336148316851e+00
2.862515327469880688e+00
2.672925363716690761e+00
2.738414869956705466e+00
2.850312263594991347e+00
3.125164635663215673e+00
2.932037175753404501e+00
2.798195311267603458e+00
3.025736935029216923e+00
2.719881063576126135e+00
2.942310146806417226e+00
2.797858824172513525e+00
2.998736067078928702e+00
3.050361781821953056e+00
2.768773013448375675e+00
2.768226327452290914e+00
2.739021175529681607e+00
2.793624706362684673e+00
3.135528823021723532e+00
2.899689810997031270e+00
2.909573508265429709e+00
2.879488843527615138e+00
3.011429892924621932e+00
2.762327641681920465e+00
2.703492740881691780e+00
2.875011130413237748e+00
2.767680617412349164e+00
2.773846967660616780e+00
2.826372409998370916e+00
2.749532505718017106e+00
2.801781932984793055e+00
2.937959495976757207e+00
2.881732465028632451e+00
2.727470256483102151e+00
2.794615894895039254e+00
2.860987766489048845e+00
3.008261458051809889e+00
2.740785288927245045e+00
2.795439142603537430e+00
2.740002007298534714e+00
2.756899163915865536e+00
2.864085194263606304e+00
2.734079186856152255e+00
3.167849270404133222e+00
2.836958406462809279e+00
2.847629540512599533e+00
2.841007215759931981e+00
2.753928285195531345e+00
2.778471162348099988e+00
2.855955706939447669e+00
2.713609772977684909e+00
2.904338995365382647e+00
2.766669658632920470e+00
2.866572168985110469e+00
2.665768932221995513e+00
2.835023280327694462e+00
2.944818500349384305e+00
2.710651766642111493e+00
3.277626732866328219e+00
2.788957332050815197e+00
2.752208022661077447e+00
3.064726578342674923e+00
2.883390712338513406e+00
2.901139258980857782e+00
2.883163020018119305e+00
2.855035901700712309e+00
2.721763582679435967e+00
2.927291239354225194e+00
2.762726370815611343e+00
2.731198088751528363e+00
2.824481191298678251e+00
2.909135438579648181e+00
2.855075480613428418e+00
2.750405424660153475e+00
2.744334892100452006e+00
2.997790352909956102e+00
2.949071887899648914e+00
3.006622523696647953e+00
2.924292905985992785e+00
2.850286652250962671e+00
2.896248953387812630e+00
2.818789988629872401e+00
2.845022847008438660e+00
3.234370572460737669e+00
2.957439094892742482e+00
2.911542889946840518e+00
2.898192885230381766e+00
2.982081990824531736e+00
2.901155976503159373e+00
2.914780437700239535e+00
2.736970040026014406e+00
2.885726598276420418e+00
2.834415107213478890e+00
2.792317675337102845e+00
2.735514759601929136e+00
2.885844070631675695e+00
3.112918566233302542e+00
2.647623273806150923e+00
2.653930104580751070e+00
2.836852833687359077e+00
2.756379328031611564e+00
2.856788581606976241e+00
2.854343357061305042e+00
2.836792907492544202e+00
2.770102886175890955e+00
2.715269047442628203e+00
2.904865573481844265e+00
2.885090293214408685e+00
3.137488964124017787e+00
2.858597908066120574e+00
2.941170515288088705e+00
2.852313271714732590e+00
2.981532156459158145e+00
2.959220505470993245e+00
2.986131611299140065e+00
3.078438240406976334e+00
3.102714456729783965e+00
3.191943295235678768e+00
3.015086400088726748e+00
2.740579865648874236e+00
2.805696704920188633e+00
2.879691997419168370e+00
2.704540256679497379e+00
2.705269672324738472e+00
2.767123235419774563e+00
2.802083867410110063e+00
2.795588131324068915e+00
2.915627719720060185e+00
2.799791777972069351e+00
2.819692891078743102e+00
3.088579770703680616e+00
2.983440631217587402e+00
2.872390641956626745e+00
2.815517714382205661e+00
2.880622328594985682e+00
2.808437465922999809e+00
3.301434536682501086e+00
2.825041415625619390e+00
2.718374698234221842e+00
2.719456011778826454e+00
2.999200060016003810e+00
2.904284077014505527e+00
2.829612871047910705e+00
2.854545147654876214e+00
2.800507454016146980e+00
3.095315331270789727e+00
3.068381495186020658e+00
2.904323673422092522e+00
3.072410454350134934e+00
2.939494004076211642e+00
2.687725804467412605e+00
2.739782838109618535e+00
3.051721645235685898e+00
2.810667180581863267e+00
2.770119492007520279e+00
2.860175868718564995e+00
2.868058053805745189e+00
2.745109833868219162e+00
2.934984327045035535e+00
2.805040106665143362e+00
2.992634959362735270e+00
2.850639928156483371e+00
2.863254267437664868e+00
2.884505676888156067e+00
2.983989946363760470e+00
3.029255188986229808e+00
2.814344861597454894e+00
2.766375607179907270e+00
2.870110450836343752e+00
2.834095446522576278e+00
2.718600191274914035e+00
3.064679265437086464e+00
2.859766598867816700e+00
2.845358501138301133e+00
2.800383902253403612e+00
2.805542015368866604e+00
3.047983431713499503e+00
2.685171502902561347e+00
2.949602176565511158e+00
2.941246334464354462e+00
2.685639402451490909e+00
2.832166838305964163e+00
2.826541703212602119e+00
2.693190858442825242e+00
2.723191326366915188e+00
2.816936811502878335e+00
2.739451404934936551e+00
3.053963654007689765e+00
2.823337741043390636e+00
2.822736438281123306e+00
2.726695619243189928e+00
2.921528880569213449e+00
3.252642925376223904e+00
2.771550107791666662e+00
3.074520287784745953e+00
3.064961500573865294e+00
2.982583779208892949e+00
3.096454908439650655e+00
2.801938971498130204e+00
2.969834675533302715e+00
2.971968539537388931e+00
2.918158666008412450e+00
2.748399716198500542e+00
2.780276604944190932e+00
2.885305703040840442e+00
2.781601876617140867e+00
2.676697592183323149e+00
2.784862833246908309e+00
2.840967792848063667e+00
2.822800205469739421e+00
2.871218208356864032e+00
2.725399236809169068e+00
2.707513434869714963e+00
2.940029421621491057e+00
2.817534560568867086e+00
2.866776238216020456e+00
2.857533726835083332e+00
2.991887364190036536e+00
2.927984972639033234e+00
5.831342641279108285e+00
3.067617968391761707e+00
2.690456838531330330e+00
2.833751753418072283e+00
3.029616147303153095e+00
2.745727043972142845e+00
2.729286720005796862e+00
2.927022206953681760e+00
2.742125817682333100e+00
3.400176907162331563e+00
2.813431001464226533e+00
2.719484693834477440e+00
2.979338181543008446e+00
2.757090676782321559e+00
2.908735292184560617e+00
2.735918492937975177e+00
2.738253640552678725e+00
2.725764846790713847e+00
2.689262538317893636e+00
2.803059935142307779e+00
2.840589023424542781e+00
2.862095036856743047e+00
2.964632186292256222e+00
2.806193329049158525e+00
2.725329521360674523e+00
2.987579120291210089e+00
3.097159020780173133e+00
2.847261140113424460e+00
2.920209752740374309e+00
2.914422584320948584e+00
2.743969023148767672e+00
2.925558237328390376e+00
5.886499384184118000e+00
5.932541950968403199e+00
2.754216585528451056e+00
6.169907049542968203e+00
2.690124904163373465e+00
2.848873988087223363e+00
2.972237877425022212e+00
6.031299030888785495e+00
2.963286688796749058e+00
2.735916848151639158e+00
2.852375501227003340e+00
5.893608572004082724e+00
6.120396964249949612e+00
2.855575948911182493e+00
2.761813353577680985e+00
5.837995717709974386e+00
5.942301742590996305e+00
2.967169358159388981e+00
2.955886669004750278e+00
2.852781274475840068e+00
3.027003303599122397e+00
3.060288058336992911e+00
2.740769417517642914e+00
3.009868601783141528e+00
2.722807007483269981e+00
2.972854520490365804e+00
2.866202365500384097e+00
2.831550105507582238e+00
2.780021043085825205e+00
2.908153709830344713e+00
2.733913312451585753e+00
2.918837097201554709e+00
2.899844478588463392e+00
2.879206140588061125e+00
2.720394456691896501e+00
3.008693237935699205e+00
2.753023973742328323e+00
2.731559444712854834e+00
2.792808980220452320e+00
2.838413641455380887e+00
2.947713859926026636e+00
2.854281871154284111e+00
3.025143963516447432e+00
3.039975986747263548e+00
2.642437700306291326e+00
3.137310153618861008e+00
2.962046927379780925e+00
2.821417374299662217e+00
2.726950311245146530e+00
2.748888138866330877e+00
2.811283336841023939e+00
2.742919794671364375e+00
2.934432313071814402e+00
2.891889866505984230e+00
2.920126880805010039e+00
2.755845605254401587e+00
2.987678195522402547e+00
2.781526739040989682e+00
2.739750718587367739e+00
2.815936966624076554e+00
3.012817120238133306e+00
2.923432742513499605e+00
2.746413843542156119e+00
2.861981306717428453e+00
2.834524298713983814e+00
2.807709920914196022e+00
2.789754648710168983e+00
2.989339391905844412e+00
2.897760514604337700e+00
2.983525599018717944e+00
2.790028852897403322e+00
2.741792297020326785e+00
2.878179633031962226e+00
2.823460288369574744e+00
2.768004696527807784e+00
2.716262321647156419e+00
2.859315652389572193e+00
2.804911050283056095e+00
2.791428487351950594e+00
2.826323053014286657e+00
2.708021233299325647e+00
2.847012820483954432e+00
2.751769975851905858e+00
2.699278977801294221e+00
2.994615167262732136e+00
2.809267698173315342e+00
2.759555398972813212e+00
2.956793195338490499e+00
2.952352621215833306e+00
2.748979992651819693e+00
2.802319931770817618e+00
2.759079013004158476e+00
2.818256908090531088e+00
2.715641728947322253e+00
2.776537411957562540e+00
2.689428563840281505e+00
2.915442676507291164e+00
2.786613356746859171e+00
2.687190540322736521e+00
2.800288735112863581e+00
2.804709254093907145e+00
2.707612047543000777e+00
2.677915233908646275e+00
2.722677175134797345e+00
2.898694016276985419e+00
2.889115089434825645e+00
2.893210154828024017e+00
2.815309929652506149e+00
2.741239500663887885e+00
3.007235607663623078e+00
2.880521827724969786e+00
2.766821461533071069e+00
2.916150373351826808e+00
3.007613505755019290e+00
2.679942163555027346e+00
3.029816166040441683e+00
2.702911763265682499e+00
2.858444681990540470e+00
2.802616456099550124e+00
2.719010665664995052e+00
5.769263557855543567e+00
2.917274927050928390e+00
3.033167651152834488e+00
2.879282723179507730e+00
2.873134873269961975e+00
3.036163862508082900e+00
2.875617151152079387e+00
2.902019469266186924e+00
2.893995162400932575e+00
2.750736265075225173e+00
2.741638925898156831e+00
2.964802016998774103e+00
2.753774319002920468e+00
2.969498610876927014e+00
5.790805816119203975e+00
2.963550741931037624e+00
6.035237029313761603e+00
5.882319100490893682e+00
2.894752666463924040e+00
2.748895414525623693e+00
2.716335951240199442e+00
2.672550467250337736e+00
2.951728137888040671e+00
2.766713754619367638e+00
2.810223656579668106e+00
2.776729190972716754e+00
2.811400007113893373e+00
2.775768181963327752e+00
2.937314930340293451e+00
2.856878891377791607e+00
2.679605567989437720e+00
2.953533477040678257e+00
3.154173267276228820e+00
3.202030137272290577e+00
2.746937385525924480e+00
2.756453518563299898e+00
2.804258725581503686e+00
2.763107851677165439e+00
2.969734836647878407e+00
2.984547704426920411e+00
2.767871384295159221e+00
2.671484418820368578e+00
2.821381753680277882e+00
2.896487182778476832e+00
2.854554606238949521e+00
2.810471490693331909e+00
2.906336869669446710e+00
2.841639667515922341e+00
2.753826791938810192e+00
2.890296524580133752e+00
2.915932269446599889e+00
2.805725752813342577e+00
2.772513841263916756e+00
2.762447646562735670e+00
2.759363332364913379e+00
3.050201796602972859e+00
2.942879202413854145e+00
2.919073483144951631e+00
2.763037097108904216e+00
2.713501243780809702e+00
2.820610926732008306e+00
2.784389340591578055e+00
2.721573625680554276e+00
2.964946036608423263e+00
2.873898049687914735e+00
2.888053150480440756e+00
2.748860491185392441e+00
2.787453676745140552e+00
2.893638021591505183e+00
2.734072054646695005e+00
2.875838312562095656e+00
2.855234666362819418e+00
2.826368694986554519e+00
2.945938729844868931e+00
2.944270368019893613e+00
2.728065065206473516e+00
2.805663379666206492e+00
2.802805380328787788e+00
3.012935445707391580e+00
2.893307104335797408e+00
2.698449554836999553e+00
2.778450467436841098e+00
2.701553071845896437e+00
2.741301150913558526e+00
2.849941929232945093e+00
2.808653770047137677e+00
2.932285627288038210e+00
2.789270334693287001e+00
2.686182793482231101e+00
3.007901095448452189e+00
2.848455370898410166e+00
2.870018989484216299e+00
2.804858106928049377e+00
3.081866479911159029e+00
2.939373742823460756e+00
2.784943266926635186e+00
2.941817635408422227e+00
3.036161062921399534e+00
2.702815938979197252e+00
2.920198965824075454e+00
2.803964336435112337e+00
2.931012282471706865e+00
2.771251341903148813e+00
2.701827714714615691e+00
2.823769997715819713e+00
3.005113309011824718e+00
2.755654731638199628e+00
2.770586580491575024e+00
3.042623538987365706e+00
2.849501886295216835e+00
2.919387949553810202e+00
2.874989217371084038e+00
2.857719545371798286e+00
3.063508772633106059e+00
