-5.658111487669999633e+02
-5.969703151649999882e+02
-5.921060402660000364e+02
-5.970255222219999496e+02
-5.875953496329999552e+02
-5.845763825100000304e+02
-5.832881865010000411e+02
-5.945021433289999777e+02
-5.774148175569999921e+02
-5.830965138650000199e+02
-5.715507154440000477e+02
-5.937846326989999852e+02
-6.001946454000000131e+02
-5.939938103870000532e+02
-6.039923434600000292e+02
-5.940476469840000391e+02
-5.946116975390000334e+02
-5.817734178460000294e+02
-5.943143610780000472e+02
-5.884346285840000519e+02
-5.913582825150000417e+02
-5.956252557970000225e+02
-5.842620350649999637e+02
-6.009664451139999528e+02
-5.978322217459999592e+02
-5.921017570459999888e+02
-5.959206896910000069e+02
-5.956214695889999575e+02
-5.967927703220000240e+02
-5.896988653429999658e+02
-5.946433971430000156e+02
-5.929567518390000487e+02
-5.882211704080000345e+02
-5.784029527689999668e+02
-6.005059521590000031e+02
-5.930312461559999520e+02
-5.903076344129999597e+02
-5.834991136859999870e+02
-5.860918740959999695e+02
-5.876688105560000395e+02
-5.933004896459999600e+02
-5.876371317770000360e+02
-5.970134877750000442e+02
-5.934488092300000517e+02
-5.753107890210000051e+02
-5.940826071750000210e+02
-5.987720376879999549e+02
-6.024967968500000097e+02
-5.937914248289999932e+02
-6.002637801539999600e+02
-5.879009458760000371e+02
-5.810032608000000209e+02
-5.879691144240000540e+02
-6.014804946409999502e+02
-5.970867677339999773e+02
-5.971913485600000513e+02
-5.937776418759999615e+02
-5.854718343810000079e+02
-5.935113200480000160e+02
-5.961469148080000195e+02
-5.943494024609999542e+02
-5.743563838490000535e+02
-5.963556544059999851e+02
-5.891009548020000466e+02
-5.967668324500000381e+02
-5.832521591959999796e+02
-5.937607645650000450e+02
-5.867849829199999476e+02
-5.975281435629999578e+02
-5.902702144480000470e+02
-5.939433348579999574e+02
-5.827885653979999461e+02
-5.971966171330000179e+02
-6.008390064860000166e+02
-5.878674935230000074e+02
-6.000882651050000050e+02
-5.914657380700000431e+02
-5.767795912049999743e+02
-5.750858351480000010e+02
-5.945628790429999526e+02
-5.964699215499999809e+02
-5.915401750219999712e+02
-5.886177575670000124e+02
-5.908716571779999640e+02
-6.008144354319999820e+02
-5.972318530100000089e+02
-5.949271305400000074e+02
-5.911734638409999434e+02
-5.977984918229999494e+02
-5.955615200199999890e+02
-5.981150206260000459e+02
-5.894007792649999828e+02
-6.020368754940000144e+02
-5.836130708670000331e+02
-5.931371332039999515e+02
-5.920660712180000473e+02
-5.966080807370000230e+02
-5.917815650109999979e+02
-5.773679891360000056e+02
-5.937918979050000416e+02
-5.959673373619999666e+02
-5.839567425459999868e+02
-5.901116954599999644e+02
-5.961207022380000353e+02
-5.840609251140000424e+02
-6.021559535430000096e+02
-6.002545075460000135e+02
-6.045504493449999472e+02
-6.012652224030000525e+02
-5.994500551690000520e+02
-5.995180892009999525e+02
-5.998821407399999543e+02
-5.993297714359999873e+02
-5.946586568359999774e+02
-6.006368917370000418e+02
-5.910293982450000385e+02
-5.959528979089999439e+02
-5.944135311039999578e+02
-5.902018264519999775e+02
-5.956331597449999435e+02
-5.920215874010000334e+02
-5.952119083349999755e+02
-5.973242927400000326e+02
-5.980998709629999439e+02
-5.835705256830000280e+02
-5.964053711830000566e+02
-5.860734413979999999e+02
-5.893590772060000518e+02
-5.883693307690000438e+02
-5.819516770720000522e+02
-5.938169786669999439e+02
-5.973446544150000364e+02
-5.809516643480000084e+02
-5.941619886099999803e+02
-6.017198988830000417e+02
-5.987543181429999777e+02
-5.966740007580000338e+02
-5.983868530610000107e+02
-5.941767369770000187e+02
-5.875796330990000342e+02
-6.026744623280000042e+02
-5.973246004930000481e+02
-5.919106971310000063e+02
-5.884232789430000139e+02
-5.979151883170000019e+02
-5.784267899630000329e+02
-5.854254011120000314e+02
-5.904385667269999658e+02
-5.978284182019999662e+02
-5.936964131869999619e+02
-5.931845560579999983e+02
-5.813165193199999976e+02
-5.864571042349999743e+02
-5.970616702050000413e+02
-6.023614935150000065e+02
-5.925551252279999517e+02
-5.986643802360000564e+02
-5.927724388300000555e+02
-6.032918286169999647e+02
-5.970427679399999761e+02
-5.833199270229999911e+02
-5.917418083969999998e+02
-5.828301122069999565e+02
-5.965243904930000554e+02
-5.892244550149999895e+02
-5.831393391789999896e+02
-5.895131881949999979e+02
-5.907758326719999786e+02
-5.876120141070000500e+02
-5.758596704650000220e+02
-5.916883707480000112e+02
-5.887504257140000163e+02
-6.004887028110000529e+02
-5.915388242440000113e+02
-5.941023338549999835e+02
-5.990028832450000209e+02
-6.009622105729999930e+02
-5.906865744860000405e+02
-5.750084211710000091e+02
-5.871458634220000476e+02
-5.961055598399999553e+02
-5.899099938230000362e+02
-5.919652501550000352e+02
-5.902801729259999775e+02
-5.910277577099999462e+02
-5.999881221860000551e+02
-5.845864388610000333e+02
-5.811306411379999872e+02
-5.749503168329999880e+02
-5.916186528639999551e+02
-5.861922573289999718e+02
-5.758585133760000190e+02
-6.044053673570000456e+02
-5.909601949760000252e+02
-5.906864526260000048e+02
-5.951961637040000141e+02
-5.907083563050000521e+02
-5.867503135859999475e+02
-5.926358506689999786e+02
-5.992309511070000099e+02
-5.813650674470000013e+02
-5.917129360049999605e+02
-5.955004587399999991e+02
-5.866167276779999611e+02
-5.956993640939999750e+02
-5.949035408700000289e+02
-5.834272812450000174e+02
-6.020824220109999487e+02
-5.934027576290000070e+02
-5.945650110980000136e+02
-5.884707151919999433e+02
-5.930117278400000487e+02
-5.999796792199999800e+02
-5.905984833490000483e+02
-5.742284814050000250e+02
-5.946223904109999694e+02
-5.963737427810000327e+02
-5.984100936869999714e+02
-5.980422938420000492e+02
-6.035943215070000178e+02
-5.998189246719999801e+02
-5.867068747020000501e+02
-5.972713004759999649e+02
-5.850572417309999764e+02
-5.952153001609999592e+02
-6.011421862600000168e+02
-6.021294639620000453e+02
-5.915701282029999675e+02
-5.913650870369999666e+02
-5.931413023100000146e+02
-5.790869041710000147e+02
-5.998326927690000048e+02
-5.919353962689999662e+02
-5.992523076139999603e+02
-5.823604589929999520e+02
-6.004717404470000020e+02
-5.912196264250000013e+02
-5.980309165359999497e+02
-5.903254700620000222e+02
-5.903152540730000055e+02
-5.776027143400000341e+02
-5.914281642959999772e+02
-5.901376804860000220e+02
-6.049720975599999520e+02
-6.004597578240000075e+02
-5.986015261710000459e+02
-6.025830184400000462e+02
-6.008171850420000055e+02
-5.999264566819999800e+02
-5.974722035639999831e+02
-5.847135236340000120e+02
-5.959790477440000132e+02
-6.008279590429999644e+02
-5.914294854380000288e+02
-5.934092122600000039e+02
-5.899247089570000071e+02
-5.942976409599999670e+02
-5.986884060249999493e+02
-5.919710757249999915e+02
-5.974978453429999945e+02
-5.977981794480000417e+02
-5.860379134129999557e+02
-5.809476269780000166e+02
-5.775503868299999795e+02
-5.870248257350000358e+02
-5.912983118710000099e+02
-5.951843773040000087e+02
-6.012162308220000568e+02
-5.984805537600000207e+02
-6.006222482619999710e+02
-5.960569488620000129e+02
-5.873863837860000103e+02
-5.903663042059999952e+02
-6.008782237359999954e+02
-5.966533985949999987e+02
-5.947314349460000358e+02
-6.049570234320000282e+02
-5.910383133059999636e+02
-6.011500027990000490e+02
-5.982208418589999610e+02
-6.023502787280000348e+02
-5.962856197969999812e+02
-5.947930737960000442e+02
-5.880796290709999994e+02
-5.934027242060000162e+02
-5.949797953429999779e+02
-5.818879063870000437e+02
-5.939605592670000078e+02
-5.977872025379999741e+02
-5.939272267950000241e+02
-6.035688188230000151e+02
-5.874686479920000011e+02
-5.833475061540000297e+02
-5.990141860749999978e+02
-5.968510987500000056e+02
-5.976067801680000002e+02
-5.914125119279999581e+02
-6.005105686289999767e+02
-5.650289031820000218e+02
-5.968572490540000217e+02
-5.932783846040000526e+02
-5.903387959179999598e+02
-5.831623430610000014e+02
-5.986916863650000096e+02
-5.986092773699999725e+02
-5.765476490349999494e+02
-5.907350963280000542e+02
-5.959975019600000223e+02
-5.936647622059999776e+02
-5.814357812890000332e+02
-5.850815331380000544e+02
-5.607014257790000329e+02
-5.881985329300000558e+02
-5.875760519909999857e+02
-5.909600519460000214e+02
-5.994072839069999645e+02
-5.921864936560000388e+02
-5.781141218420000314e+02
-5.880278356679999661e+02
-5.840158076180000535e+02
-5.964716865130000087e+02
-5.987622851019999644e+02
-5.899204054890000180e+02
-5.909406113060000507e+02
-5.916813457130000415e+02
-5.938753546240000105e+02
-5.972829436209999585e+02
-5.926417922529999487e+02
-5.991358305400000290e+02
-5.977359863350000069e+02
-5.979429565140000022e+02
-5.817473979679999729e+02
-6.001230833460000440e+02
-5.983547589019999577e+02
-5.976567187309999554e+02
-5.982689708379999729e+02
-5.867231451249999736e+02
-5.903207119759999841e+02
-5.840446675440000490e+02
-5.867998107790000404e+02
-6.023338643280000042e+02
-5.893423046740000473e+02
-6.030239114900000459e+02
-5.801574993819999690e+02
-5.948052938480000194e+02
-5.879310652249999976e+02
-5.978529774739999993e+02
-5.869325096329999951e+02
-5.844049330770000097e+02
-5.991161801169999990e+02
-5.921983166420000089e+02
-5.792145678919999909e+02
-5.913288051749999568e+02
-5.911311801079999668e+02
-5.918692588999999771e+02
-5.928261280189999525e+02
-5.965477720750000117e+02
-5.853899805529999867e+02
-5.998690975209999579e+02
-5.984312925020000193e+02
-6.013911748660000285e+02
-5.934270864329999995e+02
-5.935408338720000074e+02
-5.995270227849999856e+02
-6.024961174219999975e+02
-5.851927426439999635e+02
-5.874444337590000487e+02
-5.792267966429999433e+02
-5.892375764890000482e+02
-5.939564592519999451e+02
-5.808790539740000440e+02
-5.810620936310000388e+02
-5.759745600689999492e+02
-5.928856558649999897e+02
-5.818687941429999455e+02
-5.923503444980000268e+02
-5.751879363880000255e+02
-5.859606845590000148e+02
-5.897527683759999491e+02
-5.950872494650000135e+02
-5.888348457629999757e+02
-5.850539503640000021e+02
-5.912949179080000022e+02
-6.032034319030000233e+02
-5.989316993099999991e+02
-5.968027251029999434e+02
-5.960204393139999866e+02
-5.869388142899999821e+02
-5.909734194919999481e+02
-5.701816037529999903e+02
-5.982011380970000118e+02
-6.025951693910000131e+02
-5.987066500539999652e+02
-5.833574800449999884e+02
-5.920030907240000033e+02
-5.873512767959999792e+02
-5.905780678700000408e+02
-5.992192698029999747e+02
-5.968574337750000041e+02
-5.850635136570000441e+02
-5.699776003499999888e+02
-6.007150713439999663e+02
-5.833756408970000393e+02
-5.877509441429999697e+02
-6.005933449230000178e+02
-5.945234272599999485e+02
-5.883358512620000056e+02
-5.825191410610000275e+02
-6.006691699790000030e+02
-5.927653239899999562e+02
-6.019577444069999501e+02
-5.921530127180000136e+02
-6.025203187020000541e+02
-5.858389947299999676e+02
-5.914599773759999835e+02
-6.012457124329999942e+02
-5.919217650839999578e+02
-5.973871260490000168e+02
-5.948628975550000177e+02
-5.986984274569999798e+02
-5.964882124169999997e+02
-5.880525251279999566e+02
-5.939013265329999740e+02
-5.863909134900000026e+02
-5.886027662760000112e+02
-5.990119789220000257e+02
-5.953248182989999577e+02
-5.784178959729999860e+02
-5.946731037089999745e+02
-5.935705640050000511e+02
-5.872830176779999647e+02
-5.996277898590000177e+02
-5.933699228960000482e+02
-5.827886706870000353e+02
-5.950602322810000260e+02
-5.972977826439999944e+02
-5.925608052769999858e+02
-5.862187401109999882e+02
-5.873228889969999500e+02
-5.960272258439999860e+02
-6.019541403770000443e+02
-6.026963638920000221e+02
-6.029717553210000460e+02
-6.029808132590000014e+02
-5.912916557329999705e+02
-5.880336045059999606e+02
-5.982682588019999912e+02
-5.954992757979999851e+02
-5.946892035360000364e+02
-5.962969541439999830e+02
-5.989557911949999607e+02
-6.027087526789999856e+02
-5.969022144260000005e+02
-5.969703549880000537e+02
-5.934430335849999665e+02
-5.946043247259999589e+02
-5.808225646700000198e+02
-6.012990490209999734e+02
-5.901633622900000091e+02
-6.018295950990000165e+02
-5.970170444220000263e+02
-5.974618587439999828e+02
-5.867959472740000137e+02
-5.969918116600000531e+02
-5.970936523259999831e+02
-5.900298478610000075e+02
-5.980374951820000433e+02
-5.893365633749999688e+02
-6.003981832340000437e+02
-5.976196954900000264e+02
-5.967118156719999433e+02
-5.974264226029999918e+02
-5.959734212829999933e+02
-5.853565647850000460e+02
-5.968802726379999513e+02
-6.024179289510000217e+02
-5.891600054470000032e+02
-5.984905383080000547e+02
-5.998030548299999509e+02
-5.991245349079999869e+02
-5.984461447510000198e+02
-6.007854464939999843e+02
-5.965043924679999918e+02
-5.978946896500000321e+02
-5.922062582439999687e+02
-5.964040685160000521e+02
-5.947116180719999647e+02
-6.016359748139999510e+02
-5.975696481659999790e+02
-5.997712866929999791e+02
-5.779228061290000369e+02
-5.882822909750000235e+02
-5.992353408589999617e+02
-5.822166694569999663e+02
-5.980943083790000401e+02
-5.992058107599999630e+02
-6.013886414940000122e+02
-5.899858807320000551e+02
-5.977103412999999819e+02
-6.003800419819999661e+02
-6.017013184239999646e+02
-6.037911354990000063e+02
-5.873321805269999913e+02
-5.991345161750000443e+02
-5.981555277080000224e+02
-5.965724357960000361e+02
-5.985206434630000558e+02
-5.934793822990000081e+02
-5.986577179170000136e+02
-5.968179008030000432e+02
-5.883373699410000199e+02
-5.941124487929999987e+02
-5.862062123959999553e+02
-5.869270287210000561e+02
-5.920308510639999895e+02
-5.854229213620000110e+02
-5.976509652099999812e+02
-5.637862849860000551e+02
-5.823446335300000101e+02
-5.920972927210000307e+02
-6.018932092750000038e+02
-5.971123369360000197e+02
-5.952102592039999536e+02
-5.920978606850000006e+02
-5.950531804779999447e+02
-5.882716515240000490e+02
-5.942096706009999707e+02
-5.974586211140000387e+02
-5.931314613539999527e+02
-5.903781623979999722e+02
-6.014442348830000356e+02
-6.001467076359999737e+02
-5.864093096730000525e+02
-5.961734735559999763e+02
-5.993035558819999551e+02
-5.968086385139999948e+02
-5.853571754979999469e+02
-5.946901221440000427e+02
-5.834958308750000242e+02
-5.897660687510000344e+02
-5.938337487989999772e+02
-5.839568972929999973e+02
-5.654942569060000324e+02
-5.940750781420000521e+02
-5.969329058849999683e+02
-6.036656975849999753e+02
-5.991780436950000421e+02
-5.917674835440000152e+02
-5.988866970399999445e+02
-6.028536183969999911e+02
-5.785748787559999755e+02
-5.916712224660000174e+02
-5.948131296200000406e+02
-5.885495645940000031e+02
-5.972866701919999741e+02
-5.938263116130000299e+02
-5.804664653080000107e+02
-5.776418499449999899e+02
-5.944174679779999906e+02
-5.889694090240000151e+02
-5.865326534370000218e+02
-5.856058168270000124e+02
-5.908451604650000490e+02
-5.944392997249999553e+02
-6.021039441880000140e+02
-5.746697923010000295e+02
-5.953120283120000522e+02
-5.941609262440000521e+02
-5.889370705290000387e+02
-5.877977251749999823e+02
-6.023119505659999504e+02
-5.986820606339999813e+02
-5.903139264630000298e+02
-5.948792142219999732e+02
-6.005446052549999649e+02
-6.003842564249999896e+02
-5.971167807929999753e+02
-6.021353450379999686e+02
-5.994407794170000443e+02
-5.815822577930000534e+02
-5.945569240840000020e+02
-5.817834975399999848e+02
-5.823400414879999971e+02
-6.005861800000000130e+02
-6.006730614609999748e+02
-5.934366737809999677e+02
-5.828916988849999825e+02
-5.946124040319999722e+02
-6.053819859830000496e+02
-5.892506010140000399e+02
-5.960464757339999551e+02
-5.950521304840000312e+02
-5.868072158799999443e+02
-5.986330152470000030e+02
-5.925864312310000059e+02
-5.921817264539999996e+02
-5.846386669219999703e+02
-5.972350742529999934e+02
-5.932225395740000522e+02
-5.954584436119999964e+02
-5.996967329459999974e+02
-5.956287960299999895e+02
-5.963714143189999959e+02
-5.960539328769999656e+02
-5.940848872669999992e+02
-5.985825203150000107e+02
-5.920355601510000270e+02
-5.951729549509999515e+02
-6.028932146209999701e+02
-5.907518443530000241e+02
-5.874184634780000351e+02
-5.908628872750000482e+02
-5.882587825130000283e+02
-5.862552410219999501e+02
-5.839900248379999539e+02
-5.994783173230000557e+02
-5.869850972120000279e+02
-5.674340872420000323e+02
-5.996347426029999497e+02
-5.984747039000000086e+02
-5.905511696879999590e+02
-5.936582001850000552e+02
-5.954538211389999560e+02
-5.975639212270000371e+02
-5.894805854449999742e+02
-6.028735239600000568e+02
-6.018541066730000466e+02
-6.034388965699999972e+02
-5.906230497120000109e+02
-5.981971625630000062e+02
-5.976644688180000458e+02
-6.003754864249999628e+02
-5.973957749100000001e+02
-6.030541950819999784e+02
-5.953277338300000565e+02
-5.846756421359999649e+02
-6.009163260999999920e+02
-5.912005431009999938e+02
-5.876094714380000141e+02
-5.985499989459999597e+02
-5.901641084970000293e+02
-5.939697156400000040e+02
-5.852219209170000340e+02
-5.819958788200000299e+02
-5.951466092849999541e+02
-5.867868748339999456e+02
-5.879017375829999992e+02
-5.886824980650000043e+02
-5.934427440870000510e+02
-5.979586273339999707e+02
-6.006444855680000501e+02
-5.868485621309999942e+02
-6.031561745190000465e+02
-5.959643986139999470e+02
-5.923069537369999580e+02
-5.946856282280000414e+02
-5.973282906209999510e+02
-5.992223407709999492e+02
-5.968784751299999698e+02
-5.820411886130000312e+02
-5.963681730350000407e+02
-5.925485489070000540e+02
-5.938339929590000565e+02
-6.011091481859999703e+02
-5.837700744329999907e+02
-6.014157321879999927e+02
-5.909084107840000115e+02
-5.857018356410000024e+02
-5.993813445680000314e+02
-5.949148546909999595e+02
-5.807905497310000555e+02
-5.865200084079999669e+02
-5.922339468489999490e+02
-5.983994795979999708e+02
-6.047474774119999665e+02
-5.909047685279999769e+02
-5.973188854320000019e+02
-5.892742055369999434e+02
-5.937861618370000087e+02
-5.961807856679999986e+02
-5.841550951970000369e+02
-5.776237986039999441e+02
-5.904144845429999577e+02
-5.674065840109999499e+02
-5.815731370290000086e+02
-5.977417864330000157e+02
-5.881288675580000245e+02
-5.912324163480000152e+02
-6.028848872539999775e+02
-5.990467896070000506e+02
-5.991325943890000190e+02
-5.861210805629999641e+02
-5.916004231859999436e+02
-5.976919490450000012e+02
-5.922649606530000028e+02
-5.901947589469999684e+02
-5.843588547069999777e+02
-5.979514440110000351e+02
-5.924679250079999520e+02
-5.815791568199999801e+02
-5.906201679299999796e+02
-5.865093507709999585e+02
-5.900381273819999706e+02
-5.862117881840000564e+02
-5.799282129330000544e+02
-5.865351043690000097e+02
-5.981980131440000150e+02
-5.916373378729999786e+02
-5.860486613519999537e+02
-5.965147600110000212e+02
-6.015268455819999645e+02
-6.044589047819999905e+02
-6.009540341360000184e+02
-5.940542850540000472e+02
-6.005154696490000106e+02
-5.902882179059999999e+02
-5.891342335790000106e+02
-5.691043923900000436e+02
-5.911290013430000272e+02
-5.880785878909999838e+02
-5.990245300430000270e+02
-5.938059650310000279e+02
-5.897161454419999700e+02
-5.873600488409999798e+02
-5.835798477729999831e+02
-5.780351930120000361e+02
-5.884047223090000216e+02
-5.889925550530000464e+02
-5.881122873599999821e+02
-5.966934453159999521e+02
-5.899780773270000509e+02
-5.973723284889999832e+02
-5.880248584610000080e+02
-5.830728394799999705e+02
-5.955574442350000481e+02
-5.880515765559999863e+02
-5.915060832289999553e+02
-5.884275948470000230e+02
-5.762456228060000285e+02
-6.023140205150000384e+02
-5.975889773110000078e+02
-5.841799684740000203e+02
-5.836783738660000154e+02
-5.970832266319999917e+02
-5.960120600589999640e+02
-5.928718826499999750e+02
-5.885702079220000087e+02
-5.964030176039999560e+02
-5.838023461000000225e+02
-5.980354447729999947e+02
-5.908562176310000496e+02
-5.941611309019999680e+02
-5.871729764310000519e+02
-6.004531323539999903e+02
-5.844189410230000021e+02
-5.922944868600000063e+02
-5.878422141559999545e+02
-5.981135386219999646e+02
-5.988549127380000527e+02
-5.853532826480000040e+02
-5.842251639260000502e+02
-5.954092939099999739e+02
-5.923572347529999433e+02
-5.984361045260000083e+02
-5.972620183530000304e+02
-5.977299786429999813e+02
-5.934623910999999907e+02
-5.882024120309999944e+02
-5.899122143450000522e+02
-5.810682388300000412e+02
-5.784224996389999660e+02
-5.909566034680000257e+02
-5.913177620159999606e+02
-5.735682560540000168e+02
-5.940969693240000424e+02
-5.966779760409999653e+02
-5.846764347560000488e+02
-6.024159096619999900e+02
-5.975889086529999759e+02
-5.925617421739999600e+02
-5.940125362479999467e+02
-6.009933600110000498e+02
-5.908793469590000313e+02
-5.893363594579999472e+02
-6.034206390099999453e+02
-5.916693374760000097e+02
-5.985909396770000512e+02
-6.024260475019999603e+02
-5.858362767160000431e+02
-5.874325292580000450e+02
-5.772770319149999523e+02
-5.852928675450000355e+02
-5.839144551570000203e+02
-5.770238233019999825e+02
-5.817103631219999897e+02
-5.944131661180000492e+02
-5.900739003559999674e+02
-5.990210888469999873e+02
-5.971331859499999837e+02
-5.976125303000000031e+02
-5.896374543260000110e+02
-6.026615100379999603e+02
-5.939822525470000301e+02
-5.523163029889999507e+02
-5.794153118799999902e+02
-5.925885083619999705e+02
-5.922788101730000108e+02
-5.887396702349999487e+02
-5.923562638170000128e+02
-5.998436223969999901e+02
-6.005257255989999976e+02
-6.004643428609999773e+02
-5.974716003710000223e+02
-5.936738487080000368e+02
-6.008997153689999777e+02
-6.014219123230000150e+02
-5.951247644339999852e+02
-5.963061265999999705e+02
-6.013236297549999563e+02
-5.982570940199999541e+02
-5.964796851820000256e+02
-5.949736755699999549e+02
-5.954782890669999915e+02
-5.933309754099999509e+02
-5.890987953349999771e+02
-5.785063698610000529e+02
-5.901459704420000207e+02
-6.019583430980000003e+02
-6.034590057350000052e+02
-6.009063298199999963e+02
-5.971538224720000017e+02
-5.867243344459999435e+02
-6.007565078100000164e+02
-5.991074779939999644e+02
-5.921335611109999491e+02
-6.025889879159999509e+02
-5.816287535620000426e+02
-5.886417723079999860e+02
-5.867288984719999689e+02
-5.846632151769999837e+02
-5.978880215880000151e+02
-6.015318800750000037e+02
-5.999343506259999685e+02
-5.951083456259999593e+02
-5.998065286040000501e+02
-5.902202263960000437e+02
-5.954845151649999480e+02
-5.881391897769999559e+02
-5.837410541089999469e+02
-5.979352242569999589e+02
-5.980187309110000342e+02
-5.998286059399999885e+02
-5.925261139399999593e+02
-5.855590718140000490e+02
-5.960248316500000101e+02
-5.924340592449999576e+02
-5.660780510099999674e+02
-5.866203890369999954e+02
-5.938476040550000334e+02
-5.841654446219999954e+02
-6.013706212810000125e+02
-5.911243306119999943e+02
-5.926529169159999810e+02
-5.998391229720000410e+02
-5.885189801679999846e+02
-5.912388401450000401e+02
-5.964172942970000122e+02
-5.936928994329999796e+02
-5.680243488209999896e+02
-6.037304707550000558e+02
-5.756967594129999952e+02
-5.999582353319999584e+02
-6.023018714029999501e+02
-5.849453563719999920e+02
-5.975376515809999773e+02
-5.960666353039999876e+02
-5.997809218349999583e+02
-6.046514429490000566e+02
-5.775382662959999607e+02
-6.007347263530000419e+02
-5.959119636799999853e+02
-5.945188484719999451e+02
-5.971645932640000183e+02
-5.976139516120000508e+02
-5.845635200750000422e+02
-5.876966404979999652e+02
-5.928647526690000404e+02
-5.833947362359999715e+02
-6.021766303010000456e+02
-5.906654649880000534e+02
-5.868836680800000067e+02
-5.929287924909999674e+02
-5.879040674079999462e+02
-5.997532532469999751e+02
-5.943576296449999745e+02
-5.954442546190000485e+02
-5.988994085000000496e+02
-5.857072894090000545e+02
-5.847353384780000169e+02
-5.824989809649999870e+02
-5.888740072220000457e+02
-5.935811399149999943e+02
-5.996907386300000553e+02
-5.853281604549999884e+02
-5.856296821580000369e+02
-5.837222684070000014e+02
-5.850474357330000430e+02
-6.027036062439999569e+02
-5.925469836669999495e+02
-5.778026610110000547e+02
-5.946099849539999695e+02
-5.780622150899999951e+02
-5.913984108829999968e+02
-6.020493405360000452e+02
-5.999506745039999487e+02
-5.801901132519999464e+02
-5.982116971450000165e+02
-5.823498888579999857e+02
-6.002564977060000047e+02
-5.854236804519999851e+02
-5.892542404140000372e+02
-5.843889135130000341e+02
-5.914721672880000369e+02
-5.932611997799999699e+02
-5.924508479359999455e+02
-5.893721917420000409e+02
-5.955673424300000534e+02
-5.816309555359999877e+02
-5.770140433300000495e+02
-5.834818892800000185e+02
-5.950240175820000559e+02
-5.884532954659999859e+02
-5.980209348619999901e+02
-5.951206448660000206e+02
-6.020936769259999437e+02
-6.018951934599999731e+02
-6.026942812280000226e+02
-5.905326475330000449e+02
-5.851883203009999761e+02
-5.901518011299999671e+02
-5.906912646140000334e+02
-6.013124321660000078e+02
-5.802881787170000507e+02
-5.745356550740000330e+02
-5.899153451390000100e+02
-5.986565215489999900e+02
-5.930972192980000273e+02
-5.979315706989999626e+02
-5.931328779189999523e+02
-5.887867868409999801e+02
-5.997035076810000191e+02
-5.943962017520000245e+02
-6.024315607119999640e+02
-5.906393985119999570e+02
-5.934112904080000135e+02
-6.012178474139999480e+02
-5.964416651929999489e+02
-5.933712891420000233e+02
-5.951781324510000104e+02
-6.011292769359999966e+02
-6.043135920109999688e+02
-5.986877731990000484e+02
-5.595120191070000146e+02
-5.851373492389999456e+02
-5.902350642970000081e+02
-5.992460459669999864e+02
-6.037734850640000559e+02
-6.016181951830000116e+02
-5.876120006339999691e+02
-5.756622561939999514e+02
-6.054073937040000146e+02
-5.998002007269999467e+02
-5.850603842030000123e+02
-5.882479653999999982e+02
-5.889839222240000254e+02
-6.019832375329999650e+02
-6.041185005629999978e+02
-5.883489680239999871e+02
-5.910940101480000521e+02
-6.004774310579999792e+02
-5.843615364029999455e+02
-6.008306044549999569e+02
-5.942658777990000090e+02
-5.905255005330000131e+02
-5.940359160850000535e+02
-5.861495372570000200e+02
-6.009555170879999650e+02
-6.045428460279999854e+02
-5.936792980860000171e+02
-5.904089824459999818e+02
-5.875659087200000386e+02
-5.943030806309999434e+02
-5.887036775770000077e+02
-5.958032706269999608e+02
-5.927384862650000059e+02
-5.961697790429999486e+02
-6.007345442199999752e+02
-6.019915742220000539e+02
-5.992281723309999961e+02
-6.010247842610000362e+02
-6.065697793330000422e+02
-5.932099366109999892e+02
-6.016497848000000204e+02
-5.888269837249999910e+02
-5.972178643820000161e+02
-5.836464607740000474e+02
-5.949648181620000287e+02
-5.944379188699999759e+02
-5.997409375729999965e+02
-5.945399895230000311e+02
-6.005755526780000082e+02
-5.928513372520000075e+02
-5.872548881479999636e+02
-5.914813740050000206e+02
-5.898154546140000321e+02
-5.943970498480000515e+02
-6.041785513099999889e+02
-5.858388247479999791e+02
-5.853796755719999965e+02
-5.917326681660000531e+02
-5.901475052050000158e+02
-5.808680439510000042e+02
-5.916982943269999851e+02
-5.974703914870000290e+02
-5.982063244439999607e+02
-5.829029805870000018e+02
-5.903845923290000428e+02
-5.874257454190000090e+02
-5.921333892349999815e+02
-5.863897362630000316e+02
-5.869525813000000198e+02
-5.892441121680000151e+02
-6.012572428949999903e+02
-5.917003838020000330e+02
-5.969507542500000454e+02
-5.950401102780000429e+02
-5.979824648520000210e+02
-5.880976122549999445e+02
-5.813277205599999888e+02
-5.761538349769999741e+02
-6.016042158730000438e+02
-5.979149723729999550e+02
-5.978838702809999859e+02
-5.664604841679999936e+02
-5.807845689429999538e+02
-5.837583164820000547e+02
-5.988843859779999548e+02
-6.026222170889999461e+02
-5.861791180190000432e+02
-5.884536099849999573e+02
-6.004235741410000173e+02
-5.935400982590000467e+02
-5.911077064290000180e+02
-6.029835488539999915e+02
-5.957024566830000367e+02
-5.886194648279999910e+02
-5.840150064040000188e+02
-5.876385384249999788e+02
-5.943846286259999943e+02
-5.914674378759999627e+02
-5.978054832510000551e+02
-5.922251291439999932e+02
-5.867539865579999514e+02
-5.952028386350000346e+02
-5.980730580609999834e+02
-5.905288287959999707e+02
-5.729226303460000054e+02
-5.976347029690000454e+02
-5.944837522349999972e+02
-5.900555693549999887e+02
-5.870749640169999566e+02
-5.979691472350000367e+02
-5.920459517399999640e+02
-6.026945787670000527e+02
-5.963074971329999698e+02
-5.972347496769999680e+02
-5.894714384129999871e+02
-5.988012159149999434e+02
-5.982910428479999609e+02
-5.808837249709999924e+02
-6.035916703550000193e+02
-5.995367561159999923e+02
-5.833465450730000157e+02
-5.994489862069999617e+02
-5.942736215510000193e+02
-5.776148044340000069e+02
-5.923284020590000409e+02
-5.941809576529999504e+02
-5.873398134889999938e+02
-5.897253544689999671e+02
-5.921651565729999902e+02
-5.983256648190000533e+02
-5.989952900470000259e+02
-5.868519459619999452e+02
-5.976134772689999863e+02
-5.903221069590000525e+02
-5.969274820609999779e+02
-5.997235380509999914e+02
-6.037735043210000185e+02
-5.972157053199999837e+02
-6.032306209509999917e+02
-5.950370034019999821e+02
-5.876374157559999958e+02
-5.981100504639999826e+02
-5.971392918349999945e+02
-5.984885955710000189e+02
-5.977388157569999976e+02
-5.896389424899999767e+02
-5.994486133579999887e+02
-5.841282735349999484e+02
-5.817714318959999673e+02
-5.938058441220000532e+02
-5.947852392859999782e+02
-5.816528052139999545e+02
-5.898585473279999860e+02
-5.932070929530000285e+02
-5.941564068500000531e+02
-6.039959152310000263e+02
-5.983935748740000236e+02
-6.015370677199999818e+02
-6.060159631909999689e+02
-5.816241619740000033e+02
-5.964041398260000051e+02
-5.975222357789999705e+02
-6.046039609209999526e+02
-5.904041175810000368e+02
-5.979843650410000464e+02
-5.937590376269999979e+02
-5.961526822529999663e+02
-5.893973575019999771e+02
-5.953283366619999697e+02
-5.915738193570000476e+02
-5.951157890859999497e+02
-5.938528462540000419e+02
-5.762762244089999513e+02
-5.961320117860000209e+02
-6.009129360550000456e+02
-5.995143243940000275e+02
-5.808276223609999533e+02
-5.975508246609999787e+02
-5.866601700080000228e+02
-6.005041765439999608e+02
-5.998030512230000113e+02
-5.892839215909999666e+02
-5.793246072809999987e+02
-5.754060760290000189e+02
-5.974153832319999538e+02
-5.932760808399999632e+02
-5.976838497869999856e+02
-5.907921900170000526e+02
-5.855294700890000286e+02
-6.021444982220000384e+02
-5.834222190310000542e+02
-5.951972465750000083e+02
-5.897770098769999549e+02
-5.943615105119999953e+02
-5.940283959460000460e+02
-5.784240494450000369e+02
-6.003679027890000270e+02
-6.034159352750000380e+02
-6.030209777579999582e+02
-5.949605167470000424e+02
-5.970415953709999712e+02
-5.968114532450000524e+02
-5.830027463449999914e+02
-5.927541785839999875e+02
-5.863915890020000461e+02
-5.716393130510000447e+02
-5.987117478540000093e+02
-5.975089327550000462e+02
-5.978792027920000010e+02
-6.026840121039999758e+02
-5.966404206549999572e+02
-5.983530703919999496e+02
-5.945497209720000455e+02
-5.932557604180000226e+02
-5.853575574520000373e+02
-5.987225077120000378e+02
-6.004761952410000276e+02
-5.884357107660000565e+02
-5.722975872509999817e+02
-5.927351246599999968e+02
-5.813753339979999737e+02
-5.942321891440000172e+02
-5.908141556680000122e+02
-5.894979709460000095e+02
-5.693163863800000399e+02
-5.918302581550000241e+02
-5.979754985780000425e+02
-5.996401737689999436e+02
-5.977482925130000240e+02
-6.011143342479999774e+02
-5.954653900739999699e+02
-5.849727049639999450e+02
-6.023825873529999626e+02
-5.945686446859999705e+02
-6.033905275900000333e+02
-5.948794240989999480e+02
-5.896769258519999539e+02
-5.818570361590000175e+02
-5.930903855679999879e+02
-5.827334593799999993e+02
-5.824872045329999537e+02
-5.815988419430000249e+02
-5.985367465619999621e+02
-5.872172849590000396e+02
-5.883365792450000527e+02
-5.984618785159999561e+02
-6.001604846879999968e+02
-5.897999053700000331e+02
-5.811006402279999747e+02
-5.978660878639999510e+02
-5.767372369170000184e+02
-5.862439309469999671e+02
-5.863233597769999506e+02
-6.010114284539999971e+02
-5.876148176350000085e+02
-5.964743333569999777e+02
-5.962636564069999849e+02
-5.960659659120000242e+02
-6.031191225689999555e+02
-5.914997603939999635e+02
-5.966953124850000449e+02
-5.979274877870000182e+02
-6.004298690320000560e+02
-5.996257412469999508e+02
-5.902115391759999738e+02
-6.011511604309999939e+02
-5.951043226479999930e+02
-5.995403289590000213e+02
-5.744851185390000410e+02
-5.911866863169999533e+02
-5.848774783689999595e+02
-5.951218073520000189e+02
-5.929342511309999963e+02
-5.923195390260000295e+02
-5.958640964060000442e+02
-5.826314247650000198e+02
-5.936529433199999630e+02
-5.910314045889999761e+02
-5.885511411119999821e+02
-5.912332580319999806e+02
-6.027092189850000068e+02
-5.949631528510000180e+02
-6.000289586630000258e+02
-5.896215467849999641e+02
-6.019651022689999991e+02
-5.791054858210000020e+02
-6.019995636239999612e+02
-5.961850231089999852e+02
-6.001999418540000306e+02
-5.994084348330000012e+02
-5.954044208300000491e+02
-5.883044003349999684e+02
-6.013749908300000016e+02
-5.957675044940000362e+02
-5.983305057479999505e+02
-5.866044796539999879e+02
-5.979953691629999639e+02
-5.945159326299999520e+02
-5.928839187849999917e+02
-6.005591864369999939e+02
-6.019348551199999520e+02
-6.000506017659999998e+02
-5.905790510870000389e+02
-6.040730740980000064e+02
-5.859918312849999893e+02
-5.905515817819999711e+02
-5.998870880609999858e+02
-5.991661419140000362e+02
-6.010445229240000344e+02
-5.991908259099999441e+02
-5.781374845399999458e+02
-5.908733392410000533e+02
-5.967887032090000048e+02
-5.966783831139999847e+02
-5.987198474440000382e+02
-5.934081805749999603e+02
-5.887331663639999988e+02
-5.939348661100000299e+02
-5.871836045080000304e+02
-5.987934868029999507e+02
-5.815911282639999627e+02
-5.887656193719999465e+02
-5.761235479289999830e+02
-5.842807648149999977e+02
-5.940858723999999711e+02
-5.944584051419999469e+02
-5.901537050419999559e+02
-5.956707264330000271e+02
-5.917763642149999441e+02
-5.993177846679999448e+02
-6.055978924419999885e+02
-5.896424675619999789e+02
-5.884518988879999597e+02
-5.962722501109999484e+02
-5.925922022900000457e+02
-5.903433626229999618e+02
-5.924844378709999546e+02
-5.831871552390000488e+02
-5.856965323780000290e+02
-5.826946967039999663e+02
-5.861991500689999839e+02
-5.890996273179999889e+02
-5.680618462410000120e+02
-5.926152962080000179e+02
-5.733164336080000112e+02
-6.017884606280000526e+02
-6.035112371709999479e+02
-6.012367829820000225e+02
-5.991183857459999444e+02
-5.978038859570000341e+02
-5.957263834789999919e+02
-5.933785466599999836e+02
-5.941602552619999642e+02
-5.959680069480000384e+02
-6.016656414139999924e+02
-5.930208787909999728e+02
-5.955175000560000171e+02
-5.958353525400000308e+02
-5.996810795359999702e+02
-6.052082225000000335e+02
-6.029626977489999717e+02
-5.842934162080000533e+02
-5.975922099179999805e+02
-6.041147757569999612e+02
-5.894034662259999777e+02
-5.948518058969999629e+02
-5.873640067589999489e+02
-5.966853632329999755e+02
-5.723039708009999913e+02
-5.888053356509999503e+02
-5.875362755459999562e+02
-5.778387450599999511e+02
-6.010124662330000547e+02
-5.946612633559999495e+02
-5.719587017430000060e+02
-5.931199782339999729e+02
-5.921085038979999808e+02
-5.911094857440000396e+02
-5.992123183889999609e+02
-5.962997027430000117e+02
-5.997184641029999739e+02
-5.888570971640000380e+02
-5.986667144790000066e+02
-5.978697038569999904e+02
-5.954043874579999738e+02
-5.873789371090000486e+02
-5.835723511989999679e+02
-5.881123097690000350e+02
-5.712163363629999822e+02
-5.911237978689999863e+02
-5.847104501459999710e+02
-5.719516422250000005e+02
-5.828079765740000084e+02
-5.839366467180000200e+02
-5.906129154290000542e+02
-5.871274526539999670e+02
-5.843840810130000136e+02
-5.819980353439999590e+02
-5.977350244479999901e+02
-6.021524605319999637e+02
-5.961145604270000149e+02
-5.918951236440000230e+02
-5.931302856920000295e+02
-6.023589285689999997e+02
-5.994139209779999646e+02
-5.965387929170000234e+02
-5.917605280379999613e+02
-5.883471506859999636e+02
-6.029783410259999528e+02
-5.923431883419999622e+02
-5.826126312369999596e+02
-5.832297762910000074e+02
-5.906674229879999984e+02
-5.933918740230000139e+02
-5.983517674729999953e+02
-5.940826052920000393e+02
-5.984844916189999822e+02
-5.986778337790000251e+02
-5.981550081540000292e+02
-5.975961962149999636e+02
-5.933193941219999488e+02
-5.926891696789999742e+02
-5.925735860529999854e+02
-5.941182779600000003e+02
-6.016363595870000154e+02
-5.911047147599999789e+02
-5.980239930259999710e+02
-5.879578107480000426e+02
-5.949522019180000143e+02
-6.005175162379999847e+02
-5.917483752250000180e+02
-5.883695519640000384e+02
-5.848859286220000513e+02
-5.863036895960000265e+02
-6.029049326629999541e+02
-5.952694493210000246e+02
-5.793983035759999893e+02
-6.018961388699999588e+02
-5.686411309459999757e+02
-5.827186503980000225e+02
-5.935639247069999556e+02
-5.951708461859999488e+02
-5.967870425590000423e+02
-5.968598391240000183e+02
-5.958682361439999795e+02
-5.865683195870000191e+02
-5.974075148890000264e+02
-5.891643975660000478e+02
-5.957043745869999611e+02
-5.852962161100000458e+02
-5.874648268309999821e+02
-5.823947452490000387e+02
-5.861142199309999796e+02
-6.035338857389999703e+02
-5.888949076740000237e+02
-5.852705287999999655e+02
-5.945396411250000028e+02
-6.000666666079999914e+02
-5.948315331710000464e+02
-5.933245651290000069e+02
-5.901982789820000335e+02
-6.000003487489999543e+02
-5.918054361969999491e+02
-5.998694445080000150e+02
-5.906225819669999737e+02
-6.006956780470000012e+02
-5.889766809010000088e+02
-5.973400004699999499e+02
-5.892149617960000114e+02
-6.031193846300000132e+02
-5.938756764209999801e+02
-5.941083206719999907e+02
-5.917347869249999803e+02
-5.996134645880000562e+02
-5.989453960399999914e+02
-5.971121381330000304e+02
-5.957508362209999859e+02
-5.885508315250000351e+02
-6.010980212429999483e+02
-6.037942229049999696e+02
-5.885616312360000393e+02
-5.990939966160000267e+02
-5.991936669279999705e+02
-5.948267900380000128e+02
-6.012614904929999966e+02
-5.880439830010000151e+02
-5.880862641510000230e+02
-5.909224703439999757e+02
-5.989973260040000014e+02
-5.967887058109999998e+02
-6.029198825360000455e+02
-5.785713179919999902e+02
-5.843753262819999463e+02
-5.985402332920000390e+02
-6.070869291290000547e+02
-5.999292120820000491e+02
-5.923716183740000361e+02
-5.928136764990000529e+02
-5.983537599510000291e+02
-5.833425082029999658e+02
-5.972426434190000464e+02
-5.991131969799999979e+02
-5.729478047779999770e+02
-5.995465712459999850e+02
-5.903532432849999623e+02
-6.005352532130000327e+02
-5.878250329490000468e+02
-5.941594182080000337e+02
-5.884028781639999579e+02
-5.764058464329999651e+02
-5.549115158509999901e+02
-5.813861065539999800e+02
-5.889235689480000246e+02
-6.006399106110000048e+02
-5.969254744820000269e+02
-6.023415135809999583e+02
-5.896115302629999633e+02
-5.991893000540000003e+02
-5.925373540330000424e+02
-5.691746748870000374e+02
-5.797209076929999583e+02
-5.887282309350000560e+02
-5.914855310619999500e+02
-5.962970221980000360e+02
-5.933939646769999854e+02
-5.841399582210000290e+02
-5.945406239789999745e+02
-5.940283252799999900e+02
-5.907565521059999583e+02
-5.917176992390000123e+02
-5.714790316319999874e+02
-5.907545107659999530e+02
-5.806289327790000243e+02
-5.914360653510000247e+02
-5.999943855179999446e+02
-6.003967867190000334e+02
-5.967885957779999444e+02
-5.844918489890000046e+02
-5.893539770410000074e+02
-5.959661002379999672e+02
-5.874585691349999479e+02
-5.952273360630000525e+02
-5.838017670990000170e+02
-5.902356352860000470e+02
-5.928284672910000381e+02
-5.956398204179999993e+02
-5.995537946069999862e+02
-5.993860249169999861e+02
-6.029816166499999781e+02
-5.961309716179999896e+02
-6.039437000660000194e+02
-5.985253828319999911e+02
-5.910049589029999879e+02
-5.809883260939999445e+02
-5.776287458399999650e+02
-5.934306572850000521e+02
-6.018668680990000439e+02
