4.849168485420980446e+00
4.586681916156821082e+00
4.822511897341468234e+00
3.113369396650516041e+00
2.794915562230816608e+00
2.715330734919780831e+00
2.708368327979044032e+00
2.982938484112604538e+00
2.892690270319309587e+00
2.831462343030541007e+00
2.796264293660382982e+00
2.766899528352990689e+00
2.882561361012112133e+00
2.993801763644346359e+00
2.817439262876840989e+00
2.673261678175183231e+00
2.706799032067213062e+00
2.701121433775238501e+00
2.767217194222383547e+00
2.812952541370009829e+00
2.748045305303389974e+00
2.880038367799985011e+00
2.844820908247125857e+00
2.776052052826099015e+00
2.519395562431592683e+00
2.961716225434166017e+00
2.895211218546930088e+00
2.519727366204525865e+00
2.882166372713413693e+00
2.840498899841364278e+00
2.928277480021318269e+00
2.772687144269977200e+00
2.802459277134994764e+00
2.990280756049504607e+00
6.108317116849780071e+00
2.867072897573411883e+00
6.269743455676635158e+00
2.969493222757041639e+00
2.874017919220407169e+00
2.935177848103927456e+00
6.021000830426782358e+00
5.774189986482952897e+00
2.748344956514738868e+00
2.953171346197168035e+00
2.910270434169305975e+00
2.856790331823460871e+00
2.726143796647565232e+00
2.840195239767858038e+00
2.767413413279627310e+00
2.680725461512238006e+00
2.888667512885482846e+00
2.913241150334108021e+00
2.960925024380049564e+00
2.735813407379970030e+00
2.888971789408820268e+00
2.735781606780775199e+00
3.102929100060134893e+00
2.660112215678128056e+00
2.917424549152899615e+00
2.773582881400878719e+00
2.687933592929706350e+00
2.829391630722053463e+00
2.927117524118223901e+00
2.754530994561505963e+00
2.721956832868588805e+00
2.846004392125915050e+00
2.755061886782219194e+00
2.860565678323083283e+00
2.839462096947236613e+00
2.758590400911306251e+00
2.920640683137862847e+00
2.780067085521499060e+00
2.727993218466643999e+00
2.761927406721617739e+00
2.705057485525954597e+00
2.893789729748863948e+00
2.903458110598463371e+00
2.670340989461832404e+00
2.819656894020972970e+00
2.942596132669245801e+00
3.000143663226813029e+00
2.967632389633190204e+00
3.147155223372370969e+00
2.826343751209325461e+00
2.781727880293110022e+00
2.805821982949025184e+00
2.802817332613739332e+00
2.768579057928452603e+00
2.914664474686580853e+00
2.930894914526960271e+00
2.902399179988858879e+00
2.715748515603018998e+00
2.807993945862418794e+00
2.772389943712824767e+00
3.076782247738698572e+00
2.733305873845808698e+00
2.825359623127646547e+00
2.737531187036962521e+00
2.677799469713891600e+00
2.999316755529498835e+00
3.028619982764427565e+00
2.771782458996376874e+00
2.750783342977050960e+00
2.761914372314971278e+00
2.778832308722496425e+00
2.943204715951644346e+00
2.712577003515292073e+00
3.044583551160979784e+00
2.728685581007822325e+00
2.807608412866722691e+00
2.958354272226367598e+00
2.902092176344507557e+00
2.747786927692903003e+00
2.734014081894970527e+00
3.010003654482831248e+00
2.818700587150043457e+00
3.002848980551635627e+00
2.881125821619042515e+00
3.027145685294978072e+00
2.963386913651337551e+00
2.782428615436521646e+00
2.888705073211871532e+00
2.844128513270805403e+00
2.919373391671575835e+00
2.840286781295155993e+00
2.779413787114110246e+00
2.744989071016495252e+00
2.787323088556473927e+00
2.930478459228117227e+00
2.737137373242344296e+00
2.802522613646498240e+00
2.817396848156113798e+00
2.845407000764565097e+00
2.749541961854737426e+00
2.925838170507725877e+00
2.904889843006098982e+00
2.875652621580012891e+00
2.955349387128364924e+00
2.660107140699412120e+00
2.733881123970097082e+00
2.957629794277843338e+00
2.873526404959592995e+00
3.032635487492686188e+00
2.909221889096808233e+00
2.825725747485059891e+00
2.776121395040209716e+00
2.772748095301843740e+00
2.848411136054625370e+00
2.923031987508859952e+00
3.040431877217445233e+00
2.745051183493670610e+00
3.122011210742203335e+00
2.873659861570259100e+00
2.966599737072731280e+00
2.843795175465350322e+00
2.816513625033616020e+00
2.962388900870376762e+00
3.132005747121163974e+00
2.700154254852859648e+00
2.888445083431568250e+00
2.860428464408784954e+00
2.793780592673662522e+00
2.810546921864141012e+00
2.866587867134025025e+00
2.775012792763305480e+00
2.704092084230860671e+00
2.941933547855899000e+00
2.699732579349295225e+00
2.814026652325809064e+00
2.711823740584922149e+00
2.987088214298332822e+00
2.699120782773531513e+00
2.820727920236193675e+00
2.852615817105416340e+00
2.784424357026062058e+00
2.997802194942154497e+00
2.689383014745203138e+00
2.943189766223034187e+00
2.744632215798685326e+00
2.924217160198606447e+00
2.970946145590660059e+00
3.001749156741781999e+00
2.969767330953722695e+00
2.912484506396558093e+00
2.861401230166786380e+00
2.830263591964536474e+00
2.789458908103862989e+00
2.852355342519581782e+00
3.029115712547145289e+00
2.901263517848732487e+00
2.914109984197577052e+00
2.896942180990155880e+00
2.783545041848613621e+00
2.723862882011500730e+00
2.891668203649927715e+00
2.727321213205367911e+00
2.712074482753008109e+00
2.836951356650303957e+00
2.894910879457258446e+00
2.905279676726493676e+00
2.924507650870484810e+00
2.948713109137611532e+00
2.749011640571934478e+00
2.903913221843930526e+00
2.932566452785000166e+00
2.669124388259191072e+00
2.923332687191110946e+00
2.975460636607381026e+00
2.728440030493615165e+00
2.813162455316081001e+00
2.903221314333443104e+00
2.878429259162017306e+00
2.927264081014898878e+00
2.849887892531914879e+00
2.829300973738920089e+00
2.884703450963374660e+00
3.008356528073094172e+00
2.647327709219242653e+00
2.727996151023677207e+00
2.873819757744038306e+00
2.801508343731997641e+00
2.864059531504189238e+00
2.739928101246453807e+00
2.867132888444482219e+00
2.674694748938652111e+00
2.874596319485571705e+00
2.854994746054710042e+00
2.944314181604944736e+00
2.808320494530494038e+00
2.749095123854392586e+00
2.726444204453852382e+00
2.754775671447676988e+00
2.765325658941456766e+00
2.851362656695917153e+00
2.946444128097459370e+00
3.007810166882212144e+00
2.890902108339194587e+00
2.835761802408657939e+00
2.867744932869727759e+00
2.945005772490097762e+00
3.071989257793718675e+00
2.950905115384091282e+00
2.947644992192919755e+00
2.686813168048720168e+00
2.825133625158286144e+00
2.920748020627592645e+00
2.932303531355510806e+00
2.750499772768578044e+00
2.788684456872092987e+00
2.881266561774526114e+00
2.962089802825025764e+00
3.034409497744166018e+00
2.915819438854196477e+00
2.952166323227741085e+00
2.964346302306800851e+00
2.992139034202789372e+00
2.845009138825392636e+00
2.824805834035323482e+00
2.766306382163768784e+00
2.858445206751390799e+00
2.869753647963532384e+00
2.702342317323991328e+00
2.964716849886342764e+00
6.036873611398535289e+00
2.751943495059446132e+00
2.908731338573571357e+00
3.011202583686457768e+00
2.813930169709262241e+00
2.711357409121859074e+00
2.849126532816680601e+00
6.104315358826081450e+00
6.018182865284171790e+00
5.798344160189182084e+00
2.763284096867348882e+00
5.958957039616915807e+00
5.891169917766759134e+00
5.637720904762845819e+00
5.961926785863777667e+00
2.890453424637732915e+00
2.927877388143158122e+00
2.724602539821175284e+00
2.813608537092536110e+00
2.883966886078964897e+00
6.026045220540583003e+00
6.066748882226789874e+00
2.749095487610424993e+00
2.936480546504607769e+00
2.930696163030211299e+00
5.890576712003673165e+00
6.119717395435839258e+00
6.073557524219229009e+00
6.057489991737502244e+00
2.736674807133649967e+00
2.714539739992767320e+00
2.857421564977768558e+00
2.836127112807182105e+00
2.920860832015109487e+00
2.788200315615791514e+00
2.931457828453276626e+00
2.863890535617589439e+00
2.882176087611580950e+00
2.964923776423265878e+00
2.764331564772938066e+00
2.842625722813329148e+00
2.759285595946892933e+00
2.974875123429553625e+00
2.837183110058284718e+00
2.883634858993072925e+00
2.945497411304243141e+00
2.885686400148152142e+00
2.921239462967731626e+00
2.958378609982164065e+00
2.761883596388522655e+00
2.906854829536555940e+00
2.766308370373773418e+00
2.843070523219569878e+00
2.837643036042412525e+00
2.999608141074430190e+00
2.852535889344777420e+00
3.018742950302327976e+00
3.054203169404418716e+00
3.021572769270997050e+00
2.904737853920728696e+00
2.856199922974580474e+00
2.713057684606060782e+00
2.942266303379080572e+00
2.870084841951540788e+00
2.705551884551468333e+00
2.940958007180653144e+00
2.894418421721365320e+00
2.955413676628028341e+00
2.858697955363595167e+00
2.806880118565806992e+00
2.883577985766988316e+00
2.824158989858750246e+00
2.732491171074483027e+00
3.074804384021851966e+00
3.025351219280167925e+00
2.861379737119839284e+00
3.041233466868336066e+00
2.993457198625027349e+00
2.741598256492005170e+00
2.754328411791157283e+00
2.775242872254606308e+00
2.743601647469981586e+00
2.874308786473715127e+00
2.787490627786934461e+00
2.735007495419345069e+00
2.893954042482361544e+00
5.843022248802412832e+00
6.218909952716793477e+00
5.856446875025846488e+00
5.712259360358211246e+00
5.992168055053196163e+00
6.091228037103848081e+00
2.905094490717987199e+00
2.902823969861072939e+00
2.878091555180271932e+00
2.725333924494390825e+00
2.749666525235378689e+00
2.780731738230065364e+00
2.855295956639171351e+00
2.900643204532401764e+00
5.931183440090181058e+00
5.999188361770281475e+00
6.005862719043784992e+00
2.759563914824224806e+00
2.800961620586758460e+00
2.751435443545786619e+00
2.719926837251326113e+00
2.796370683582560801e+00
2.867781198069336845e+00
6.167194581006829601e+00
2.801776757702155507e+00
2.842646829980818968e+00
2.740054014066145793e+00
2.782585308665306290e+00
2.764945207413702200e+00
2.754469277374500091e+00
2.858033939616533292e+00
2.789794616096317625e+00
2.893990670337414972e+00
2.902567656403550522e+00
2.963926281134535934e+00
2.740254185290117217e+00
2.912194018261832884e+00
2.778978949182594693e+00
6.258894311298122126e+00
2.725519033138458891e+00
5.717457127080185053e+00
5.924581504207703020e+00
5.809122308920685818e+00
5.846398292966362042e+00
2.738667011522211148e+00
2.790058243119666326e+00
2.791444428965047297e+00
5.929641726107910848e+00
2.896358057975567224e+00
2.727747972229105589e+00
2.807202878311434446e+00
2.743094238264518481e+00
2.765209756962390131e+00
2.703365495082009407e+00
3.042852280344874316e+00
2.723022401670614379e+00
2.965521370686779790e+00
2.896029350679996117e+00
2.917474764243900065e+00
2.952019817006654279e+00
2.942098060908235446e+00
2.862001747029515375e+00
6.089123007461747505e+00
6.040463723920540318e+00
5.738221762880900911e+00
5.649660078270196450e+00
6.126992818667245544e+00
2.793811196197767632e+00
6.094530088530206058e+00
2.767058727240894633e+00
2.731791536702608436e+00
2.957077780512376464e+00
2.813402744009467327e+00
2.800037856886938847e+00
2.719379708683581143e+00
2.928022028605659521e+00
2.839307133791622473e+00
2.804623325867486194e+00
2.938231100509284044e+00
2.826737341883748034e+00
2.985360279765241653e+00
2.847870256876180228e+00
2.910240711693794058e+00
2.971656945207504563e+00
2.898522554681953967e+00
2.999476287620891135e+00
2.834617610895691531e+00
2.796259465786392173e+00
2.875734340998833627e+00
2.930901055989437509e+00
2.932663124192752768e+00
5.496889484062782216e+00
5.231321248021382431e+00
5.430198983462760864e+00
3.070717180073736063e+00
5.926244510649218533e+00
2.771447455753040412e+00
2.729046903224640719e+00
5.750581709705548938e+00
2.799160231212211691e+00
2.971107874177576935e+00
6.178921184155045765e+00
5.877678963672651413e+00
2.804814610629372318e+00
3.030463000929066286e+00
2.815784970483364180e+00
2.871599380136442559e+00
2.875439966335586739e+00
6.020370918805585170e+00
6.164987104609384261e+00
5.819279938274150688e+00
5.883546124574872138e+00
5.978441352058243119e+00
3.020129301867719551e+00
2.967087797824661255e+00
6.075737815278075438e+00
5.888783066135141908e+00
2.766596826427732303e+00
2.717338955669682310e+00
2.832646289249683313e+00
2.912131521755155994e+00
2.792353129530718903e+00
2.716540078850301132e+00
2.906050584556297611e+00
2.768767415295116940e+00
2.802315114329578805e+00
2.858888770134297985e+00
2.787723264601420059e+00
2.791494581760817439e+00
2.824260965279235425e+00
2.899673085021826857e+00
2.811252745663399111e+00
2.906618137974096072e+00
2.778417355258205212e+00
2.705211636822524301e+00
2.741661175273122808e+00
2.733140318388355361e+00
2.961330444242924909e+00
2.798488699280381464e+00
2.906463314752140814e+00
2.861872463964807878e+00
5.960651474461495347e+00
5.868912505737327479e+00
2.665752801742876876e+00
2.867164627292963619e+00
2.742789273713895248e+00
2.961060958507947038e+00
2.876854879899227946e+00
2.735797141602425153e+00
2.887183575736048891e+00
2.782859141243049450e+00
2.770519626351706233e+00
3.022728899521093027e+00
2.732284575222720058e+00
2.900307914687680011e+00
2.768561720460643194e+00
2.771197214201833070e+00
2.729938643999164860e+00
2.904425244346977131e+00
5.980200749138778527e+00
6.091734892458798178e+00
2.879077109075059315e+00
5.858965864382553512e+00
2.921752556257972699e+00
2.770620327652274728e+00
6.071124854588315856e+00
5.766728795426398158e+00
6.156425586328483135e+00
2.907124696327971769e+00
6.202623315984938657e+00
5.761091997182478330e+00
2.686671918936140102e+00
2.774652951271563417e+00
5.569201558571929667e+00
5.992603023728503508e+00
2.930680808276465932e+00
2.974778983386832998e+00
2.830478934738783536e+00
2.892444467919824902e+00
2.737610089110572797e+00
2.983527610061619928e+00
2.921036288716728713e+00
2.875250249978251293e+00
2.721759357474499819e+00
2.859612736018637857e+00
2.724784211639519782e+00
2.911561265026034295e+00
2.905210147304321922e+00
2.771369517043874797e+00
2.842497669304233643e+00
2.780272828338974378e+00
2.775587325234066594e+00
2.799227572027683575e+00
2.936147305568982624e+00
2.921723806248633259e+00
2.909748786407513776e+00
2.861312635836916307e+00
2.759588918661618262e+00
2.860397524820632587e+00
2.836734742622228467e+00
2.928878454289286282e+00
2.834163368615154610e+00
2.727958577398124529e+00
2.962927268766480715e+00
2.786111806801730317e+00
2.937931585316445382e+00
2.918276717516692820e+00
2.844777144171402927e+00
2.945523043535731578e+00
2.891847506352988706e+00
2.806836119191856493e+00
2.776720007490852460e+00
2.808317111723674042e+00
2.882927331723780906e+00
2.819600326287397429e+00
2.890581429401358537e+00
5.841159645138969125e+00
2.755821111755986319e+00
2.773243047408575190e+00
2.704271251187646996e+00
2.851541337592706338e+00
2.782910167432646187e+00
3.000512289593228132e+00
2.885734568528436128e+00
2.801402148924712954e+00
2.730989747326049155e+00
2.823877653157091050e+00
2.728672021331988162e+00
2.893541947164409045e+00
2.987355184774652450e+00
2.706731977865558747e+00
2.807124151155413028e+00
6.012308292162004797e+00
5.704648280130861338e+00
2.836483386166751774e+00
5.984334883677551176e+00
6.122135411766061353e+00
2.543057411856838090e+00
2.694921334658954226e+00
2.735643617140215422e+00
5.700382531023685750e+00
2.850835666958023928e+00
5.877175256872981812e+00
2.954961082654050664e+00
5.763856868451886939e+00
2.695314638404948671e+00
2.701925609634728165e+00
2.778093410956513853e+00
2.776451332186465670e+00
2.745087612445184178e+00
6.125091427889056028e+00
2.759232501983114982e+00
2.910914289359959994e+00
2.973913415013961448e+00
2.708088994106360836e+00
2.971607982221073030e+00
2.941430604314846153e+00
2.948156033862523007e+00
2.786271343570112524e+00
5.943287053474700876e+00
5.904995596950094239e+00
6.278978897878221055e+00
6.159679618291847625e+00
6.161563924848949547e+00
5.765458351250141611e+00
5.843777374267435043e+00
6.137747225163317388e+00
6.245946205339907742e+00
2.774843058625118264e+00
2.736341535700542060e+00
2.746605541391045957e+00
2.834411049936123916e+00
2.730798051852241670e+00
2.877109313182243611e+00
2.944677062090170772e+00
2.902587983162612240e+00
2.764176188306382453e+00
2.845454796688922983e+00
2.776104825110175867e+00
2.766510618089147666e+00
2.795827069044149571e+00
2.752183315115474205e+00
3.087402306146705744e+00
3.078224975533788932e+00
2.811353766426416989e+00
2.943075602154997306e+00
2.826200452904923832e+00
2.832286002507515388e+00
2.901837348991152421e+00
2.786731956970386559e+00
3.043288024489302579e+00
2.959122336098999551e+00
2.913281654766665341e+00
2.943614444861962998e+00
2.835350771950447601e+00
