4.842943732896347164e+00
4.566429130075271736e+00
4.468338617428182502e+00
3.914343495402517803e+00
3.048805175802481227e+00
2.732331788052102972e+00
3.416291703001955504e+00
3.068310447135361496e+00
2.868056833467565792e+00
2.844455132358392646e+00
2.709342724721255813e+00
2.807810000694491492e+00
2.798523003300133816e+00
2.933641252777851705e+00
2.905074181496920538e+00
2.975766959961750224e+00
2.762486018064163495e+00
2.712640411112391181e+00
2.954145731002450148e+00
2.749760171360403849e+00
2.877691435856179591e+00
2.763539397222336991e+00
2.979020140918822168e+00
2.957284058050561715e+00
2.757486174036055004e+00
2.884184633479625504e+00
2.909594301616635903e+00
3.046480920668960479e+00
2.746863119997062785e+00
2.614623682291583151e+00
2.652333312387415543e+00
2.846052353699769721e+00
2.887223060312452017e+00
2.742779247405813248e+00
3.072886916240166411e+00
3.038797953138708152e+00
2.676775859126049539e+00
2.945017656992908961e+00
2.747409143174710966e+00
2.731090258486526423e+00
2.954340704793542383e+00
3.066436531219911110e+00
2.841946340098630674e+00
2.746021485713467492e+00
2.789549246742204502e+00
2.683266852178515460e+00
2.817435181153241874e+00
2.852584442220773120e+00
2.904814968289719079e+00
2.797863649286719046e+00
2.710971965919234616e+00
2.873780262998546942e+00
2.950361672744546748e+00
3.035245459596307427e+00
2.762570180104027440e+00
2.881519911435630021e+00
2.909505971810334657e+00
2.798550696342662292e+00
2.776902410960817136e+00
2.835468391641846608e+00
5.853723430432975050e+00
2.956515009263440241e+00
2.944454788241789522e+00
6.092491280256378872e+00
2.942706237462380248e+00
2.727849885899149118e+00
5.838104486903262114e+00
2.799273655790015969e+00
2.901016890678163929e+00
5.842232535598014032e+00
2.876980535213959467e+00
2.893792321504775611e+00
3.004893841718871972e+00
2.898754215175892046e+00
2.973160103324407721e+00
2.741972647565981802e+00
2.762493257910325184e+00
2.726208722750333102e+00
6.093801686960284236e+00
6.029856880556950571e+00
2.843593677022087984e+00
6.138751338831049509e+00
2.814485921087543918e+00
2.852732900220419143e+00
3.070407790506010759e+00
2.976317523383551933e+00
2.796571114776093214e+00
2.987695600291301989e+00
2.770860877056081861e+00
2.871836520416856775e+00
2.829080062493813941e+00
2.828818481274470109e+00
3.019956622205027141e+00
2.886202695584632938e+00
2.976942727027175994e+00
2.753491238409884190e+00
2.874902085289166909e+00
2.796558778212966612e+00
5.636042405802141886e+00
3.053328184129573852e+00
3.124422186581064409e+00
2.753232645455156558e+00
2.841199394621926277e+00
2.887368525145344034e+00
2.955572025852187146e+00
2.920057876138759223e+00
2.844633895600627405e+00
2.825245830011965165e+00
2.765831158982774873e+00
2.798071657409795687e+00
2.731770305131820731e+00
2.950400142353575728e+00
2.777651526019778050e+00
2.733278068546996398e+00
2.900819367006501892e+00
2.681352084303737726e+00
2.778683141345914986e+00
2.856772479565007128e+00
2.820045567007738896e+00
2.921311349377193167e+00
6.071955945162975432e+00
2.826738226295459455e+00
2.625234846637534591e+00
2.933675169475993716e+00
3.037838211623522522e+00
2.769523424706857639e+00
2.881908742483009433e+00
2.903786493528750956e+00
3.107467940301234854e+00
2.777672766903977575e+00
2.903150185574284503e+00
2.850667465699919134e+00
3.049876390937835247e+00
2.984355206740645805e+00
2.898804236232588316e+00
2.833231017760464709e+00
2.763761205314236413e+00
2.818311019032498699e+00
2.770846080171181391e+00
2.734029626759739262e+00
2.856759702880170781e+00
2.715813137901796459e+00
2.676382259693110388e+00
2.770105232658138572e+00
2.980032717941197618e+00
2.988712766392916720e+00
3.017747835721202421e+00
2.691879826440994883e+00
2.895366298070073618e+00
2.800867901204910471e+00
2.941532933692906582e+00
2.900013275831681447e+00
2.992379153783824464e+00
2.752788222875126589e+00
2.891245752266659252e+00
2.783811954856147075e+00
5.827290450972904878e+00
2.736281235545790835e+00
2.741672664633763912e+00
2.998699217994362343e+00
2.763659892244339833e+00
2.730811784067148196e+00
2.979713409037854976e+00
2.832725542653223627e+00
2.737671455817881849e+00
2.788891356793950393e+00
2.749288998995922384e+00
2.818540047613302679e+00
2.900688366577837130e+00
2.969853026666471330e+00
2.885482628608253997e+00
3.076746008366630925e+00
2.786114678185375837e+00
2.733390019737395260e+00
2.870199122012268678e+00
3.114663705763433210e+00
2.936234663646623666e+00
2.859931642539730312e+00
5.985573823786654479e+00
2.734853012503597469e+00
2.996143855024321123e+00
3.040620167005408714e+00
2.988010207479217861e+00
2.886707120578740238e+00
2.789004302614106479e+00
3.024149963212803272e+00
3.096584570135296310e+00
2.867823216308843293e+00
2.734469966922292272e+00
2.765412446634317067e+00
2.924271533219854557e+00
2.950488264677559869e+00
2.714817489261479366e+00
5.864069661932743038e+00
6.199812093926718504e+00
2.891497362959198902e+00
6.076850253215065223e+00
5.778531041709476845e+00
2.817269245208913198e+00
2.696707993090834865e+00
2.774940179535407836e+00
5.980018227396969976e+00
2.831452807305818276e+00
3.008093249884385312e+00
2.832593687770979862e+00
2.725712017070035298e+00
5.621781301331456149e+00
5.289301844289092003e+00
5.458575729986715253e+00
5.462829028992213232e+00
2.883166661849432266e+00
2.912918467791365984e+00
2.869589169201752110e+00
6.003465499192945032e+00
2.832937168381960191e+00
2.766112253687474709e+00
2.883706469112277571e+00
6.184855778431700202e+00
2.835601699816107768e+00
2.799067880563098853e+00
2.725542881702652576e+00
5.688287791594232701e+00
2.749947817686728690e+00
2.791734228038191823e+00
2.853447914366057159e+00
2.763666043500915048e+00
5.776203424395647268e+00
5.613427473478213692e+00
2.793865064744537996e+00
5.927038552261998383e+00
2.727482355579958551e+00
2.731206693020504339e+00
2.691722311086342412e+00
2.911573629500034066e+00
6.179242186546826332e+00
5.518963942625463304e+00
2.752818737221904843e+00
2.903645639536615253e+00
2.757192231238148494e+00
2.734295155977130687e+00
2.773451459824022525e+00
2.738432033116761755e+00
2.848829057700724920e+00
2.853626114262343805e+00
5.535470350385772953e+00
2.870101391937225799e+00
6.179432498215350122e+00
6.063456852324422997e+00
6.048787729785200185e+00
5.948319594641835018e+00
6.130960936101289782e+00
3.002194863762177590e+00
2.755437896233555062e+00
6.007274007401360194e+00
2.914721770598353245e+00
2.905291379534934215e+00
2.960843798649297032e+00
3.029825572537137912e+00
2.772739800269762078e+00
2.881612916406365965e+00
2.788410837735358694e+00
2.799790706463609613e+00
2.773050846991450769e+00
5.549636654772995392e+00
2.818513970162291216e+00
2.893569940402338947e+00
2.781966570611515976e+00
2.790908812555508600e+00
2.873389287931588321e+00
2.792303887473567947e+00
2.994405116212567108e+00
2.762301033558796526e+00
2.888999480789153917e+00
2.758632088554035189e+00
3.016911168728704684e+00
2.984533966970388086e+00
2.927104371217398082e+00
2.936011920956725252e+00
2.887450086148676043e+00
2.745075773088969218e+00
2.720619414765688138e+00
2.771266136624197074e+00
2.945888490761318312e+00
2.737653374698850062e+00
2.783757532544815394e+00
2.772035353309910466e+00
2.898989824059408527e+00
2.513964598000536732e+00
6.146736613846408126e+00
3.765914895480247271e+00
3.262317121311169910e+00
2.766742850356715078e+00
2.689725264780773450e+00
2.681762480161134832e+00
2.722534664609433275e+00
2.767915461136773558e+00
2.877470069349115089e+00
6.080439540033269807e+00
2.751119226787527072e+00
2.916145915416441969e+00
2.841750340899073635e+00
2.851077690979324952e+00
2.736145281230512261e+00
2.911522797437794186e+00
5.887858184433452990e+00
5.799050525732639016e+00
5.785106222015288679e+00
5.819432790229645214e+00
2.757775008951963258e+00
2.922837833339372970e+00
5.568326139873632563e+00
5.983561230571639022e+00
3.094955411633582454e+00
2.800444607557878385e+00
2.972606600275252919e+00
3.285453697740998269e+00
2.984498952923253956e+00
2.965637368256611950e+00
2.939857989767533208e+00
2.713652520128544854e+00
2.682207113554059497e+00
2.712130896546108616e+00
2.968995284603867635e+00
2.888614027522541594e+00
2.876613634119117968e+00
2.921587582120378723e+00
2.723049026367318159e+00
2.768767234709339053e+00
2.760265566933732373e+00
5.765664142143557491e+00
5.826234118193329259e+00
2.692660023099834099e+00
5.942813222708585918e+00
2.831709730886977194e+00
2.799036619981953411e+00
6.040480610017715968e+00
2.743868072630315069e+00
2.798621267695934556e+00
2.818319002526151085e+00
6.169377764410281628e+00
2.697925869997172654e+00
6.080227791785436153e+00
6.125344888249150799e+00
2.734397922761059974e+00
2.701744806601837467e+00
2.828233017274213612e+00
2.782594832166551679e+00
2.704024038354688297e+00
6.211762632296891518e+00
2.666767706419140183e+00
6.021346194996596957e+00
5.954614009320838619e+00
2.783854522061093295e+00
5.825538773366803369e+00
2.719979044036920701e+00
2.929613114388997186e+00
2.845162385523891668e+00
2.856559293975883929e+00
2.953486245100863439e+00
2.874346012573990805e+00
2.871238582911562531e+00
2.842326863680530558e+00
2.813271760779609387e+00
2.757229406487606393e+00
2.815951881691162395e+00
2.588170203058524077e+00
2.789454606190966413e+00
2.937879167018275783e+00
2.751996729649219819e+00
2.773173452923563431e+00
2.737629814273653484e+00
2.729453241951582232e+00
2.823983356891467178e+00
2.762994571113015940e+00
2.874981912986584565e+00
2.911895602524239290e+00
2.669673762840695908e+00
2.859047743567777466e+00
2.842173464093984858e+00
2.707710102651316397e+00
2.969643244566592788e+00
2.881853223188162172e+00
5.772988913898934982e+00
5.879792768457065222e+00
5.923873817022101029e+00
2.776787532383419244e+00
5.943028605012766974e+00
2.781216100917007328e+00
2.958301201703437133e+00
2.870089545641389517e+00
2.809749810926232882e+00
3.104099386295483765e+00
2.827936526869017086e+00
2.866559087128678129e+00
3.210975864126044410e+00
2.759490532688959608e+00
2.962980593929025019e+00
2.795966559170549370e+00
2.805871522361635062e+00
2.865324239942139695e+00
2.941916382224349036e+00
2.967900604804682096e+00
2.734062179249037605e+00
2.811310014921869271e+00
2.782481985566124028e+00
2.723383924458687044e+00
2.744149048430132076e+00
2.988260530810525228e+00
2.927452476130055992e+00
2.843071930148795445e+00
2.756675171288775150e+00
2.772559287012632989e+00
2.977339752194902101e+00
2.782664550390506530e+00
2.921306557004930138e+00
3.010151657308980155e+00
5.887266003842530182e+00
2.932051500229830410e+00
5.805693154137583356e+00
2.814210191154882690e+00
2.894185204854727189e+00
2.953668566376396853e+00
2.888018524871334591e+00
2.871960654326587203e+00
2.704655246052627415e+00
2.955188149678459997e+00
2.749691073557173127e+00
2.702762660686284235e+00
2.748925972084370617e+00
2.749070752090603698e+00
2.700680654946082448e+00
3.099762087644792441e+00
2.971566253678352254e+00
3.021050479551773638e+00
2.681516548522496102e+00
2.963666141791277742e+00
2.981943326087872048e+00
2.691840448466439550e+00
2.893000172830965777e+00
2.915219031222182622e+00
2.864418614658129858e+00
2.851925665230424567e+00
2.998513465035633985e+00
2.718942073674980087e+00
2.862244748444828790e+00
3.050005081962979148e+00
2.904268238300311999e+00
2.732892057875685232e+00
2.732354479199212260e+00
2.801578126699307614e+00
2.935825948519428241e+00
2.912463218651867969e+00
2.806330344061439774e+00
2.907095801654978384e+00
2.923130855777756221e+00
5.525826454024773682e+00
3.026533330396346422e+00
2.893948686483573507e+00
5.956254359914459506e+00
2.768161303103560122e+00
5.477157291880524248e+00
2.813715337414216755e+00
2.780687325105072105e+00
3.069733050283037112e+00
3.026606515555004151e+00
2.957487785266407432e+00
2.740738221720563583e+00
2.775129186182150320e+00
2.835685631377356852e+00
2.942003399046302370e+00
2.980813982790606609e+00
5.545823022780298039e+00
5.527793954191853487e+00
5.279399208243301445e+00
5.422108077122771874e+00
5.823114372910771053e+00
2.939812579060100628e+00
2.827212938566884493e+00
2.712752476729124229e+00
2.778991543707897360e+00
5.789316885436484483e+00
5.509522665349512849e+00
5.984799829568236973e+00
6.240935186332253970e+00
5.879020071406458214e+00
5.701172861789054913e+00
3.284322304524938563e+00
5.610037700408081918e+00
3.120226434090962453e+00
6.129243835906676985e+00
2.815939985155933467e+00
5.499656261985834682e+00
5.880470814484159980e+00
3.025550363157089695e+00
2.880982818414577373e+00
2.892007780072523015e+00
6.149486726548810012e+00
2.855932247095508636e+00
5.772019577236376264e+00
5.840714339873163574e+00
6.049390051897795217e+00
2.952505884837488992e+00
2.889885983910092104e+00
2.851546422557416527e+00
2.909085423290282080e+00
6.254911190416695632e+00
5.903770320735724830e+00
2.894133549095480262e+00
2.605368879832566265e+00
2.941884770007146876e+00
2.710426903644516550e+00
3.059379185390395772e+00
3.079296835318088732e+00
2.911383519909391371e+00
5.453999908324164814e+00
5.650021327393375259e+00
5.456400553478455429e+00
6.002985007477530388e+00
6.026636292327586020e+00
2.769920215457477575e+00
6.160327588692016576e+00
5.778048978677837511e+00
5.808804179863529704e+00
2.729805487575992728e+00
2.743337565812854262e+00
2.739035231609845411e+00
2.945827048555294425e+00
2.801271318526643572e+00
2.756446444246650085e+00
2.755919628726497983e+00
3.009596318445382668e+00
6.141799492005580063e+00
2.966852540993569320e+00
2.962481729901468963e+00
2.786183411048166914e+00
5.756780002744589453e+00
6.118365958325800769e+00
2.924017783803648296e+00
6.049688587026607500e+00
6.055150700023905763e+00
2.832793321087862637e+00
5.892774643578353455e+00
2.960122463682879790e+00
5.818253174278341433e+00
2.796536608020713910e+00
2.695232457507144019e+00
2.781612661748576354e+00
2.887459436944526114e+00
3.052268828265295220e+00
5.677666245914776866e+00
5.422188211414280978e+00
5.899602867990353161e+00
6.000050666452743542e+00
6.045804578383261685e+00
3.094814695583565811e+00
2.872981378289807264e+00
2.818690653477248897e+00
2.762941367456066999e+00
6.189424609767858243e+00
2.694045285439723436e+00
5.816354012609617818e+00
2.900006551716737491e+00
2.906805463047019700e+00
2.755245724068907887e+00
5.868881835579925266e+00
5.605007493304536403e+00
5.501360558989021321e+00
6.040187579868690371e+00
2.723312872220156500e+00
2.803813652866395500e+00
2.795648940764916546e+00
2.818950336561465875e+00
6.045735687242703271e+00
2.756727044884930145e+00
6.135391267066836463e+00
5.792450517699740509e+00
6.029077707245114048e+00
2.762812697234469095e+00
2.855659818675887252e+00
2.700526059863151751e+00
2.703233249277613215e+00
