4.864756725674984850e+00
4.817550622463660837e+00
4.884439169444123152e+00
4.840879362264669972e+00
4.875772861813807424e+00
4.784036580127706273e+00
4.875918477579378241e+00
4.863498123778809301e+00
4.922499162011101603e+00
4.877882327403972873e+00
4.843605062347672963e+00
4.760620337729107199e+00
4.615853225569461316e+00
4.561059635654855171e+00
4.578781715696872645e+00
4.540380710909603934e+00
4.563838515986295974e+00
4.556158359846592454e+00
4.493913773093560771e+00
4.493966065737479809e+00
4.508808600949922862e+00
4.422702793541524180e+00
4.309580490024522703e+00
4.162219600165276923e+00
4.017519757263180225e+00
3.891498169086040182e+00
3.922530943153922145e+00
3.817835643397971435e+00
3.782476834033488000e+00
3.686009495375723422e+00
3.565505574248903020e+00
3.496289604709541532e+00
3.452594676471595569e+00
3.418147012637109849e+00
3.386599031476858812e+00
3.326829872416081191e+00
3.346076657818825240e+00
3.408640344770917707e+00
3.487116000364771651e+00
3.512551921324437831e+00
3.478545816860832751e+00
3.462011698420442762e+00
3.472910450904254986e+00
3.536921118713280077e+00
3.522277814142433794e+00
3.567035323626611021e+00
3.573028267450454987e+00
3.507599321473306109e+00
3.379078868567586547e+00
3.315864140763308932e+00
3.335255012738906011e+00
3.308876697612045614e+00
3.188434255241904935e+00
3.275047785910917497e+00
3.475194095298851149e+00
3.446872640525031173e+00
3.348326596973479230e+00
3.411009527984348200e+00
3.323052963766903289e+00
3.385300134404629624e+00
3.373231833123837120e+00
3.377744069641748670e+00
3.331223649051501035e+00
3.220617021627998788e+00
3.151835338338599968e+00
3.112698347093723505e+00
2.958982764397251497e+00
2.868523313483786641e+00
2.896373076797946311e+00
2.795179600669695841e+00
2.824362759986755123e+00
2.717669037980894320e+00
2.706509190821269062e+00
2.701539931224411717e+00
2.765345186409826628e+00
2.729759330050911093e+00
2.729410559076812515e+00
2.775029549392222794e+00
2.782698330757396477e+00
2.858226897921156695e+00
2.746496131437290433e+00
2.703682303821955735e+00
2.672194977916095837e+00
2.734671643909008409e+00
2.736734185119190865e+00
2.730664571125497986e+00
2.770675188469409633e+00
2.710919770114932792e+00
2.687107366667733199e+00
2.718780057305114184e+00
2.749613427374837382e+00
2.794535739617584280e+00
2.752152975399441814e+00
2.760688682195078680e+00
2.773690321575211559e+00
2.767368063702405401e+00
2.657175379985296182e+00
2.799419404090783825e+00
2.857252876453185486e+00
2.855586454653404438e+00
2.738230267892018954e+00
2.685753897884167518e+00
2.707451384605086719e+00
2.764184328151796599e+00
2.827947665710948133e+00
2.851520997643187449e+00
2.790018279510010579e+00
2.805257029222099963e+00
2.814192779466254013e+00
2.778366606479425904e+00
2.767999638728300127e+00
2.795586879351096066e+00
2.696900813897315174e+00
2.689596624031195038e+00
2.702346017814891699e+00
2.773551694127946110e+00
2.713023774315293402e+00
2.693245068685729660e+00
2.737329720731501492e+00
2.647281246864412907e+00
2.760568238605957792e+00
2.673163668764035883e+00
2.699213589177410721e+00
2.666604207601870336e+00
2.753687346087061005e+00
2.755702995607472783e+00
2.716634682838309001e+00
2.695897995102930267e+00
2.728175031041813803e+00
2.747117398292253654e+00
2.727086357268504457e+00
2.754648434918692157e+00
2.749993090900411552e+00
2.686699462165427654e+00
2.710888784144418029e+00
2.836533271442448711e+00
2.859866605280743102e+00
2.859284700759964437e+00
2.818020227038834147e+00
2.906471916258611010e+00
2.941339830757405238e+00
2.898956018983385619e+00
2.815298563207817129e+00
2.818799744572146881e+00
2.753907224290608191e+00
2.691405209179769553e+00
2.740770147239639964e+00
2.790881043684950935e+00
2.876070930975103579e+00
2.914170894096638431e+00
2.957504015212827575e+00
2.910515761853901928e+00
2.937901632117726258e+00
3.015704892724087482e+00
3.013730246720830674e+00
3.003137692480982057e+00
3.015464309190211356e+00
3.022655951311693734e+00
2.987548493330275612e+00
2.986527080071433637e+00
3.017290506398083050e+00
2.974834617251856717e+00
2.922714662775002914e+00
2.897387443888027825e+00
2.860879060708438892e+00
2.898818034992883153e+00
2.892875731862673661e+00
2.928449077583559212e+00
2.956154427630599546e+00
2.826000176928515017e+00
2.819408980619874772e+00
2.769602679085937158e+00
2.767998735548844014e+00
2.788913408480084399e+00
2.839867074354009091e+00
2.874139175474980323e+00
2.937609402218068766e+00
2.922797461337339975e+00
2.905400832931662514e+00
2.877140768193311882e+00
2.836924567203012337e+00
2.947284852198714500e+00
2.927938011638907767e+00
2.897390722702065879e+00
2.879186169736163148e+00
2.913191033900798033e+00
2.863006112462912700e+00
2.885698702221006329e+00
2.927337527515404769e+00
2.926527122717299978e+00
2.842291505106399274e+00
2.807760317406028161e+00
2.733851495601032244e+00
2.835734296438931157e+00
3.017126447466198069e+00
2.947539143081903568e+00
2.906277515998773708e+00
2.921549075405032170e+00
2.883950242289211374e+00
2.847253588987113559e+00
2.842946358973380327e+00
2.864386321710114647e+00
2.805235462487952969e+00
2.760707880236516143e+00
2.746810878091173080e+00
2.809364340914150660e+00
2.858642160187245373e+00
2.888739863677586506e+00
2.807485351698205900e+00
2.849049841613866985e+00
2.972683804241547989e+00
2.954223248165242843e+00
2.866019888277120842e+00
2.866157357857380461e+00
2.898924800680417579e+00
2.811202056060716714e+00
2.770224178654139280e+00
2.865774240933852912e+00
2.721582076660558513e+00
2.695922291164936091e+00
2.717509337610452658e+00
2.745105280312578611e+00
2.822188512484593126e+00
2.845203156191135285e+00
2.758314702857525447e+00
2.681258100220864637e+00
2.879740613319193177e+00
2.960083444769758376e+00
2.942676672691038053e+00
2.959232501849085928e+00
2.949745073730948963e+00
2.921825456799225229e+00
2.839860736022103094e+00
2.782576863269009770e+00
2.747127408767202184e+00
2.748736436983364229e+00
2.736070540026334985e+00
2.760820349099158300e+00
2.813240124838262357e+00
2.895583706267183643e+00
2.853817793763294919e+00
2.871756257066397033e+00
2.834018701420299546e+00
2.837246728784791117e+00
2.730717671235896926e+00
2.772928415953069603e+00
2.790699912208405298e+00
2.830194692949585811e+00
2.860270791376228861e+00
2.824826543347396246e+00
2.743201778943721525e+00
2.705523794018452222e+00
2.767857294009212765e+00
2.781558376162542423e+00
2.888796462196670856e+00
2.944557861547298927e+00
2.864643433308934561e+00
2.771730506380445380e+00
2.754578915188308663e+00
2.729392056850755921e+00
2.739507985022128000e+00
2.759713028559309667e+00
2.824762467889999407e+00
2.876361069128839709e+00
2.927616948987691980e+00
2.954035375549859399e+00
2.883465969974329468e+00
2.824133495428288398e+00
2.827636822507444858e+00
2.789654279655455760e+00
2.906744914848910621e+00
2.866696182018596772e+00
2.876062760094083792e+00
2.897531017953043353e+00
2.864549004642790386e+00
2.877511946108999297e+00
2.814435289716215927e+00
2.775492388748345807e+00
2.738980467254193751e+00
2.789438832453581263e+00
2.819367659600287457e+00
2.824434810718774003e+00
2.922378825546064984e+00
2.894793429590443168e+00
2.928435930663329856e+00
2.860103669449763686e+00
2.757070546794186949e+00
2.808880559938424781e+00
2.789588679357585921e+00
2.787093288714964867e+00
2.748445742597077412e+00
2.814376662779877414e+00
2.867190087873491500e+00
2.923998803009330683e+00
2.825097697425701160e+00
2.781094928261170107e+00
2.752805841318998414e+00
2.759735675748675732e+00
2.773230066186359366e+00
2.838967065677233226e+00
2.897959799583147866e+00
2.894481127939859455e+00
2.919019355879641786e+00
2.886475012883360947e+00
2.884744356091194284e+00
2.813681040914197240e+00
2.805076291297618152e+00
2.813183605810328114e+00
2.796614739287483609e+00
2.793336535399914666e+00
2.704860809727554383e+00
2.741613028857282419e+00
2.648108192653766846e+00
2.736962915349785863e+00
2.860360291991203230e+00
2.836416753581885164e+00
2.849095645990144643e+00
2.823304801115175344e+00
2.840223406705888021e+00
2.865896892771964133e+00
2.846677361416288132e+00
2.808753104137136525e+00
2.735310768450268881e+00
2.821506866906405175e+00
2.923280862318911044e+00
2.898204444134333091e+00
2.910783056155164861e+00
2.878439160378415629e+00
2.822656018717123239e+00
2.894183650012556175e+00
2.887198815461103685e+00
2.773516720699552351e+00
2.812405553969768768e+00
2.842125437062903437e+00
2.853624011673577598e+00
2.798186198236279232e+00
2.841585824852031372e+00
2.778149923960188339e+00
2.734143010158759157e+00
2.780943185324000755e+00
2.756514102993126603e+00
2.895128667261612776e+00
2.892400041488037310e+00
2.821341702098488557e+00
2.818883112156302495e+00
2.781429308826668390e+00
2.727601693796218196e+00
2.747306135107625558e+00
2.747279745493712344e+00
2.786003768841671668e+00
2.783479477201152186e+00
2.787151054392280169e+00
2.727267863632027112e+00
2.799926070452575022e+00
2.730142303983438712e+00
2.734706017106774745e+00
2.746351943943091900e+00
2.813168142859576726e+00
2.822294102321726506e+00
2.891508948628726205e+00
2.883012486965673915e+00
2.918007025351379014e+00
2.893179911446918773e+00
2.819954077640272505e+00
2.837766198967067943e+00
2.827019278321249995e+00
2.743501776926707159e+00
2.767838326203321042e+00
2.815334083195101034e+00
2.883240884837755313e+00
2.874708333031370522e+00
2.975222008523061401e+00
2.879063910370869284e+00
2.865813148130910371e+00
2.851619539840474893e+00
2.739201708527504220e+00
2.782317199745564462e+00
2.827372101439780572e+00
2.778197617161169752e+00
2.798451000107023301e+00
2.874355232047702380e+00
2.985244713587146048e+00
2.915727353508897224e+00
2.876361938282455011e+00
2.988313403911979194e+00
2.924794864601618638e+00
2.840952833117790455e+00
2.847007200552889472e+00
2.835915019883353594e+00
2.834667881780862153e+00
2.882703765564543996e+00
2.835612984876462406e+00
2.902836199305775189e+00
2.854587535879746341e+00
2.882256754697610113e+00
2.909033860236074798e+00
3.037707359177312050e+00
3.056006544495609933e+00
3.113938663493550418e+00
3.176529867638584026e+00
3.118169014020888419e+00
3.039678107958143638e+00
3.065641368457830751e+00
2.959804216498111096e+00
2.818136440983651347e+00
2.826131454833621603e+00
2.911338695514487984e+00
3.052408065773644097e+00
2.988691519712263656e+00
2.918846518746746277e+00
2.880057291096828287e+00
2.893402840946970755e+00
2.762289448989732055e+00
2.794056191274613798e+00
2.765445714527768661e+00
2.721695978613335232e+00
2.731736993196819174e+00
2.739083240794262686e+00
2.753590201900057544e+00
2.833837327723664590e+00
2.812770520323334189e+00
2.839275435740604259e+00
2.893719233097779231e+00
2.896477861127200182e+00
2.868703017044461845e+00
2.874220590003488063e+00
2.862054681518157118e+00
2.834261103003744342e+00
2.842086205589126724e+00
2.818763558725704499e+00
2.726951594729909889e+00
2.765347356120023026e+00
2.810328628470343038e+00
2.882794477585941539e+00
2.922791987124639945e+00
2.942358407808266740e+00
2.885212297214886146e+00
2.885444506484226235e+00
2.959200060827249956e+00
2.921055117590217520e+00
2.845066783047455861e+00
2.812446266153364238e+00
2.800640819526845515e+00
2.812968183254122678e+00
2.839055652853603728e+00
2.822552922444502066e+00
2.860847077353139589e+00
2.920899518983834930e+00
2.934662842644790715e+00
2.934579526951007544e+00
2.791482222762667220e+00
2.774228541414712090e+00
2.918158494667484781e+00
2.803092934599208164e+00
2.877514378765117620e+00
2.824743174166457926e+00
2.784753489987938035e+00
2.855650363752537668e+00
2.817852728586077493e+00
2.784791015498290889e+00
2.826164361816205339e+00
2.851394571082718432e+00
2.899783957469935558e+00
2.865461568403945503e+00
2.812216563495777866e+00
2.783962823027635647e+00
2.809326253748396507e+00
2.823199249078959472e+00
2.885430470484430021e+00
2.870047212155228955e+00
2.926318164520051113e+00
2.988566546021687031e+00
3.010503446269410688e+00
2.985206358026191609e+00
2.969274995684973995e+00
2.867456538467497040e+00
2.810143412710461863e+00
2.826581150435982348e+00
2.880342514354846450e+00
2.866953260867711073e+00
2.792074676651755016e+00
2.752329195427029251e+00
2.722888539768016258e+00
2.712589353366999578e+00
2.802955939717925560e+00
2.889657073079779703e+00
2.973130505040099347e+00
2.903241980958528590e+00
2.871697233344768563e+00
2.827968528820644423e+00
2.775845456793299526e+00
2.810222944892450947e+00
2.857314998385722227e+00
2.908441163235041316e+00
2.879139628430688269e+00
2.831575003421240133e+00
2.791476311918122288e+00
2.795158850584345434e+00
2.724904768978174907e+00
2.679744017625564467e+00
2.768124455294595609e+00
2.718961014799586628e+00
2.793067489338558751e+00
2.755028312014234260e+00
2.697744428221473090e+00
2.745495401562348281e+00
2.751166116395010075e+00
2.738638530365042456e+00
2.756630189198399083e+00
2.777286445435544149e+00
2.756579220700903221e+00
2.814343973291111300e+00
2.799854281922542931e+00
2.811473990631959907e+00
2.786058326740486812e+00
2.782296353733728633e+00
2.850390850392275244e+00
2.824585279293227558e+00
2.773827680300274157e+00
2.854212325668852746e+00
2.916231472294337657e+00
2.863532957728966100e+00
2.888982346778878885e+00
2.862128578523333466e+00
2.848942259857156323e+00
2.740580048092009502e+00
2.715728079171403131e+00
2.777163480963985354e+00
2.737740126454664136e+00
2.746642677888771367e+00
2.788420879279166709e+00
2.754287929756074060e+00
2.764896743099098053e+00
2.744415056072969428e+00
2.750979825444018090e+00
2.757365409226713471e+00
2.752671793004025869e+00
2.810765909854465505e+00
2.834004940009808404e+00
2.885042807308065171e+00
2.914049244607921363e+00
2.953970209734688712e+00
2.877933981174689571e+00
2.808125887491513595e+00
2.820335441042430169e+00
2.852925691286052778e+00
2.822009390487565383e+00
2.852191087567591765e+00
2.867858260095850653e+00
2.816564396565432560e+00
2.868101985634401885e+00
2.910503221094248971e+00
2.912347850103074620e+00
2.907407264213254461e+00
2.938117084120372535e+00
2.861170040385576208e+00
2.722215641715402423e+00
2.772122832776354961e+00
2.776510399764423376e+00
2.774385157111391109e+00
2.712404652702099739e+00
2.746629388905609037e+00
2.880560709306436262e+00
2.888410462520865529e+00
2.885749296110111217e+00
2.863998254189412229e+00
2.897450776113374538e+00
2.924586466494023540e+00
3.004572515350561357e+00
2.937495702124515606e+00
2.915674193046952745e+00
2.841657614843843049e+00
2.786262909346495675e+00
2.816513802558048951e+00
2.748909965786439091e+00
2.774488241099608565e+00
2.837867861617239029e+00
2.858315063109733156e+00
2.879456025015836307e+00
2.961834228987166195e+00
2.966695299487293269e+00
2.973839773760516447e+00
2.962639701347431931e+00
2.887568700481427886e+00
2.914798277754397038e+00
2.842590719748447903e+00
2.763085232127304725e+00
2.760322082656297304e+00
2.728147539998523996e+00
2.726485099904270903e+00
2.749379020797241058e+00
2.807851491799379318e+00
2.734409076930516491e+00
2.699568484035920424e+00
2.721477723590623121e+00
2.799309557730262910e+00
2.803180515057851263e+00
2.782347569948801613e+00
2.745752538012120603e+00
2.737658853838439654e+00
2.817456122107316663e+00
2.883306782151354497e+00
2.859711349070042097e+00
2.794902502771787312e+00
2.777404003741623661e+00
2.696862250838926389e+00
2.819026959785947195e+00
2.887059576801282557e+00
2.906698126741061650e+00
2.875418056561514835e+00
2.819132135959575347e+00
2.884002947293916819e+00
2.952217810392722352e+00
2.859682849548179639e+00
2.895538291924318219e+00
2.901271790094820169e+00
2.854808399875550240e+00
2.719370699261136171e+00
2.710038007113553693e+00
2.779628392429462469e+00
2.758784877441515793e+00
2.738855417870757591e+00
2.839792598060640660e+00
2.830557188964745396e+00
2.877514378765117620e+00
2.894480782454774026e+00
2.849776307010780219e+00
2.767728852326397426e+00
2.789744791195065687e+00
2.710764652270646557e+00
2.820267008635884309e+00
2.792711585538327324e+00
2.826333490584576946e+00
2.859843002683888358e+00
2.902273246956598829e+00
2.883588216094662648e+00
2.846988233203643137e+00
2.750280167546572230e+00
2.739393728546519302e+00
2.700033147944668865e+00
2.794237105186315517e+00
2.789191459903747727e+00
2.760138221176613449e+00
2.767808158091886295e+00
2.850172977206821834e+00
2.853187340501846858e+00
2.833266665882334223e+00
2.846860902819103423e+00
2.909674036726450641e+00
2.937093290993665562e+00
2.915018181761479532e+00
3.002610530854775917e+00
2.901718284051709951e+00
2.860555190867675179e+00
2.893549550292857653e+00
2.965182287819755569e+00
2.896645128420117565e+00
2.940128908738526725e+00
2.921272667862416572e+00
2.912426651436908376e+00
2.884445353963219105e+00
2.942176745200737020e+00
2.831257317871337165e+00
2.897453192029165514e+00
2.906433897407611600e+00
2.871218730783149820e+00
2.831139699838211676e+00
2.888512073715462147e+00
2.855322748832432644e+00
2.824689186441580624e+00
2.804887520026427161e+00
2.777164201123153209e+00
2.814535663302208057e+00
2.775673071526976177e+00
2.720619966110665811e+00
2.734201345914378578e+00
2.736899157806147898e+00
2.756337062117041103e+00
2.748247077684246253e+00
2.750839326460198908e+00
2.748213419660125112e+00
2.769044781147462775e+00
2.771542169984068771e+00
2.771153911279559345e+00
2.758389928925930601e+00
2.728097139032993113e+00
2.735723853023180663e+00
2.782636339876269016e+00
2.766588693680360311e+00
2.780629245332789878e+00
2.778433551481841679e+00
2.819921630116695166e+00
2.873757818606153869e+00
2.914277612033555176e+00
2.909158125643912296e+00
2.794906438505589730e+00
2.815060390115991851e+00
2.860211530638948840e+00
2.773006671466911932e+00
2.806579056431512953e+00
2.768479907819451302e+00
2.829606863152547724e+00
2.694938589281766994e+00
2.740604677803787581e+00
2.868305074429845281e+00
2.871633855490633547e+00
2.887956543994386394e+00
2.978463697948994238e+00
2.900355323059573109e+00
2.882379572506022392e+00
2.957263261868987136e+00
2.952247279615987541e+00
2.903778745014846674e+00
2.856827611179925785e+00
2.900998621164788016e+00
2.888775692226726033e+00
2.843955871668898183e+00
2.767026924335937998e+00
2.677659612422759405e+00
2.712186756106592433e+00
2.811695040362663267e+00
2.828018564295503356e+00
2.724613367066968106e+00
2.773479042646617820e+00
2.765447884159092151e+00
2.713237365215214414e+00
2.769712078899176699e+00
2.785140750482818728e+00
2.721591262478625595e+00
2.760502309363279672e+00
2.648299265566487648e+00
2.742551002260486648e+00
2.765836763079123184e+00
2.738502145334197113e+00
2.668392212550471321e+00
2.733274409933989624e+00
2.688572855624336899e+00
2.749094032586008041e+00
2.734630139525271009e+00
2.774563929701386211e+00
2.823448423470844570e+00
2.891213931897810951e+00
2.840401556118430371e+00
2.790390295281289124e+00
2.699488840502957121e+00
2.779328516026847495e+00
2.748914331149662882e+00
2.735679257515398088e+00
2.729334717472373661e+00
2.725381624653692381e+00
2.760004710140908646e+00
2.782603097820456561e+00
2.739156439490085138e+00
2.774453820123881531e+00
2.810472380223651978e+00
2.698922192283430999e+00
2.745884374841737863e+00
2.709627465169335725e+00
2.732952066904942967e+00
2.796054541671173954e+00
2.771195590354459171e+00
2.734863067870126674e+00
2.747629159839442003e+00
2.746321721867269083e+00
2.770627004849263386e+00
2.791350927418478012e+00
2.745983794562524949e+00
2.752864326478876578e+00
2.750492683138785921e+00
2.786331818000145955e+00
2.778476201085767983e+00
2.874092726409501530e+00
2.894412893835293765e+00
2.811307169271974438e+00
2.878424569100256569e+00
2.949854403186705998e+00
3.046846730638086864e+00
2.934728096434148892e+00
2.928299677287145464e+00
2.993755835067382076e+00
2.933568816305491378e+00
2.882243223602060755e+00
2.856223030507246907e+00
2.914181531751239618e+00
2.876340383195285177e+00
2.940958347205890000e+00
2.999964499789955941e+00
3.029478007842274945e+00
3.044315358171685748e+00
3.090710274354424136e+00
3.084380164636000732e+00
3.034702786106079575e+00
2.861091400147852681e+00
2.840175522745028935e+00
2.803642095560701097e+00
2.813201201478487068e+00
2.912605362901057315e+00
2.967473673008743429e+00
2.930173203071791299e+00
2.928833214780247385e+00
2.937600721677471771e+00
2.892066562166230259e+00
2.927060129208145067e+00
2.928324606323554846e+00
2.886312699622132438e+00
2.951423724238862789e+00
2.878627103325472003e+00
2.822046243419834788e+00
2.848807820826108284e+00
2.706260334853245464e+00
2.692301803290262363e+00
2.749421393675403724e+00
2.783322834311535487e+00
2.759880432192670430e+00
2.821087379008313967e+00
2.914947683921617294e+00
2.906056090305209505e+00
2.895479752994311706e+00
2.886995150671368915e+00
2.870299810124370854e+00
2.817229312640346262e+00
2.838858045059668100e+00
2.934054191728571404e+00
2.893801306240634030e+00
2.795156882895841743e+00
2.742534229503799548e+00
2.771750529899832394e+00
2.890970771211636148e+00
2.883102669000880081e+00
2.861913520706032443e+00
2.867675365169495283e+00
2.940928084805883191e+00
2.850603620288166606e+00
2.890737795096607776e+00
2.940098297676457140e+00
2.938782911342721071e+00
2.899409767521658576e+00
2.799752310473195838e+00
2.819211769271687817e+00
2.836630571646579391e+00
2.872049616563056240e+00
2.826963211646023488e+00
2.806211681252859247e+00
2.873525012941422041e+00
2.914119077868987606e+00
2.853511170470513392e+00
2.795673264170904559e+00
2.743707345909909723e+00
2.769512231422710524e+00
2.683027021854234029e+00
2.664023648543683453e+00
2.776253050426059410e+00
2.779001799207765799e+00
2.784678617004123780e+00
2.872322057151669661e+00
2.873047510919371827e+00
2.821656960014806703e+00
2.857219977530606414e+00
2.836308163793208159e+00
2.940353380122872284e+00
2.885903151528131261e+00
2.841559606976422181e+00
2.801026597517417116e+00
2.801187069797373752e+00
2.752018168544677845e+00
2.749149141098023108e+00
2.914430476096487865e+00
2.914596713097714176e+00
2.879137718137150692e+00
2.941758147774898191e+00
2.891362827456976259e+00
2.862181685358216487e+00
2.933514274722385018e+00
2.849879120243523634e+00
2.793293038691071040e+00
2.833412430268491544e+00
2.809190808756144353e+00
2.834427808218088707e+00
2.891827104098722234e+00
2.885440347676589745e+00
2.872717528752174676e+00
2.939435490021851560e+00
2.832443997681154624e+00
2.757428874876013847e+00
2.697037263368824878e+00
2.685770094404955177e+00
2.812817982024432339e+00
2.734036759079877310e+00
2.794323352799386040e+00
2.805744286281270927e+00
2.712169242506816680e+00
2.752004723833155087e+00
2.819015785695426324e+00
2.701223981827497678e+00
2.697794654898700628e+00
2.803434322398154599e+00
2.812764120931579459e+00
2.774552396333505921e+00
2.777311469749117023e+00
2.809548006352623251e+00
2.826897592768439438e+00
2.752922265520768352e+00
2.820133862071089847e+00
2.826355603953614626e+00
2.880802318799400297e+00
2.883598619780499472e+00
2.908578003079855812e+00
2.842001759323874666e+00
2.959085162681196035e+00
2.945740653893346384e+00
2.857784281572001817e+00
2.791772376108051734e+00
2.714742897587173243e+00
2.769359853829039597e+00
2.791167855934142850e+00
2.717544111877487456e+00
2.713340745280622190e+00
2.729520470705431023e+00
2.762773063427396369e+00
2.803399900121279487e+00
2.867436660154849992e+00
2.781847048275659873e+00
2.714624467582947176e+00
2.731469384781751497e+00
2.829963073964040010e+00
2.891035108745655169e+00
2.949789653517687960e+00
3.013417661061938091e+00
2.849125128877284308e+00
2.784777190369096544e+00
2.865570972773140213e+00
2.906721348874019117e+00
3.029630010413812524e+00
3.021238322277803423e+00
2.992184152086899918e+00
2.983593470967517369e+00
2.952690976042023685e+00
2.894798784026275218e+00
2.888444044810285050e+00
2.935336777952403331e+00
2.932644881331526232e+00
3.008050199049211226e+00
2.934851614647663975e+00
2.925619763400568729e+00
2.867744235457548641e+00
2.894796193171464083e+00
2.826472182774844910e+00
2.769291786720929682e+00
2.826904667653297398e+00
2.790918307654310482e+00
2.733738283011012626e+00
2.759329809935739064e+00
2.821864808951697334e+00
2.903769102390890477e+00
2.884232653583965078e+00
2.890570877871704969e+00
2.874895824199548144e+00
2.810067970708182372e+00
2.755199629790915594e+00
2.763376557764070096e+00
2.817145186176956528e+00
2.746958681888025833e+00
2.785806346464161809e+00
2.838364670016874314e+00
2.941434513974430676e+00
2.898699191016549825e+00
2.922174019458800398e+00
2.928103481777923900e+00
2.906470195959353298e+00
2.883011272957495486e+00
2.843557455020031544e+00
2.891137146522108736e+00
2.885971240327941612e+00
2.896902483688396313e+00
2.911604025275415175e+00
2.891932571828049969e+00
2.878539212864747565e+00
2.791546703890156689e+00
2.779315923028542468e+00
2.735693879073460621e+00
2.758624476074987619e+00
2.770489848384217080e+00
2.779723367531381051e+00
2.806581016111952209e+00
2.821574383212322790e+00
2.769413475810356573e+00
2.791871952651124200e+00
2.779018711703827638e+00
2.865034205729488637e+00
2.780135608203312181e+00
2.768632333842830917e+00
2.892823534196304447e+00
2.797489052704228651e+00
2.773083662639841851e+00
2.800616717796278632e+00
2.773450017577385740e+00
2.739369635518361878e+00
2.777499774977488567e+00
2.741212505443530567e+00
2.799042693493616785e+00
2.744534386740308474e+00
2.790683428839609626e+00
2.779907372557581802e+00
2.736266617126335454e+00
2.726915840285504711e+00
2.711141825873371491e+00
2.742224097334132527e+00
2.727458157332573574e+00
2.847161569001661618e+00
2.882171056686261057e+00
2.991318605565111088e+00
