-5.855257933970000295e+02
-5.959685136589999956e+02
-5.963939036199999464e+02
-6.024095981179999626e+02
-6.047802361990000009e+02
-5.942172935800000459e+02
-6.002435815940000339e+02
-5.951227192860000059e+02
-5.985002150200000415e+02
-5.967181657270000414e+02
-5.970349485929999673e+02
-6.019663088400000106e+02
-5.937761703080000188e+02
-6.017475644789999478e+02
-5.978208192529999678e+02
-5.768216044089999741e+02
-5.965808700339999859e+02
-6.019226050629999918e+02
-5.906465342169999531e+02
-5.999914389560000245e+02
-6.025800003240000251e+02
-5.815549171820000538e+02
-5.882273276380000198e+02
-5.939477723749999996e+02
-5.966710484860000179e+02
-5.980309883649999847e+02
-5.945004612860000179e+02
-5.901995495419999997e+02
-5.886077251159999832e+02
-5.936903250589999743e+02
-6.013545169249999844e+02
-6.021094048370000564e+02
-5.926007163259999970e+02
-6.036322823379999818e+02
-5.869886863059999769e+02
-6.017048028839999461e+02
-5.877259757909999962e+02
-5.808590446340000426e+02
-5.944556486010000071e+02
-5.965557320140000002e+02
-6.006787715030000072e+02
-5.932678664210000079e+02
-5.963645499020000216e+02
-5.892395151949999672e+02
-5.857996686640000235e+02
-5.938199583890000213e+02
-5.931091948880000473e+02
-6.046160202250000566e+02
-6.012787062359999481e+02
-6.007851920870000413e+02
-5.849176116019999654e+02
-5.780688767609999559e+02
-6.032594483609999543e+02
-5.979498938589999852e+02
-6.023347665909999478e+02
-5.916666442230000484e+02
-5.917590527009999732e+02
-6.010301004409999450e+02
-6.040271733079999876e+02
-6.055520578010000463e+02
-6.000016995209999777e+02
-6.009111271990000205e+02
-6.020775258930000291e+02
-6.055363066400000207e+02
-5.834236280059999444e+02
-6.024422896849999916e+02
-6.003314535580000211e+02
-6.028520176490000040e+02
-5.983004021839999496e+02
-5.942797163010000077e+02
-5.933450069990000202e+02
-5.961721907359999477e+02
-6.005329637139999477e+02
-5.999940376770000512e+02
-5.932377442709999968e+02
-6.027004015180000351e+02
-5.871612120730000015e+02
-5.872970188360000066e+02
-5.839593692559999454e+02
-5.907184260259999746e+02
-6.021111965379999447e+02
-5.963333655579999686e+02
-6.024423950279999644e+02
-5.975357547710000290e+02
-5.874717555500000117e+02
-5.956217369989999497e+02
-5.984349108540000088e+02
-6.044704274179999857e+02
-6.000719087889999628e+02
-5.849728109840000343e+02
-5.957287995579999915e+02
-5.943710819880000145e+02
-5.984603225350000457e+02
-6.044268112019999535e+02
-6.005437785130000066e+02
-6.011105015030000231e+02
-5.974687207749999516e+02
-5.910240625010000031e+02
-5.846504295250000496e+02
-5.951132561919999944e+02
-5.984025667570000451e+02
-5.889642578289999619e+02
-6.034423849519999976e+02
-6.039488548120000360e+02
-5.985438962109999466e+02
-5.936499601929999699e+02
-5.895485134269999890e+02
-5.916396933419999868e+02
-5.998551673680000249e+02
-5.896781435440000223e+02
-5.781380515429999605e+02
-5.816608069210000167e+02
-5.905052383720000080e+02
-5.959050195309999935e+02
-6.026843417219999992e+02
-6.006510101899999654e+02
-6.056197023339999532e+02
-5.971211530660000335e+02
-5.972000712120000117e+02
-6.019440455510000447e+02
-6.015779892499999733e+02
-5.875392202389999738e+02
-6.035321555269999863e+02
-5.808822343159999946e+02
-5.940420396260000189e+02
-5.983001616400000557e+02
-5.939783537050000177e+02
-5.949417407849999790e+02
-5.876238020849999657e+02
-5.807846417690000180e+02
-5.922777777459999697e+02
-5.978936002090000557e+02
-5.893477896639999472e+02
-6.019299466190000203e+02
-6.006464955960000225e+02
-5.874097202409999454e+02
-5.827180667400000402e+02
-5.840237254889999576e+02
-5.847723567470000035e+02
-5.998538797060000434e+02
-5.998426090540000359e+02
-6.004185562390000541e+02
-5.898050084499999457e+02
-5.961547209540000267e+02
-5.993001637209999899e+02
-5.996651304370000162e+02
-5.986969469529999515e+02
-5.871837772879999875e+02
-5.985314530079999713e+02
-5.890626332089999551e+02
-5.975727781939999659e+02
-5.978266037270000197e+02
-5.885570886629999450e+02
-5.844939649770000187e+02
-5.753796263159999853e+02
-5.960159627729999556e+02
-5.990740371890000233e+02
-5.823477723009999636e+02
-5.866203410690000055e+02
-5.978683840510000209e+02
-6.010903223279999565e+02
-5.809083391000000347e+02
-5.912341067629999998e+02
-6.021475571539999692e+02
-5.966407412419999901e+02
-5.926860212919999640e+02
-5.863299320559999614e+02
-5.924262837090000176e+02
-5.922870810550000442e+02
-5.932351443430000018e+02
-5.999314786920000415e+02
-6.021704208940000171e+02
-5.895705588770000531e+02
-5.988372659909999811e+02
-5.949767796500000259e+02
-5.977694408040000553e+02
-6.039295445369999698e+02
-6.010461485680000351e+02
-6.005428095600000233e+02
-5.936640944360000276e+02
-5.980339602320000267e+02
-5.960391355460000113e+02
-6.015143145890000369e+02
-5.955032936019999852e+02
-5.875177834270000403e+02
-5.980471593649999704e+02
-6.015397853460000306e+02
-5.932531330460000163e+02
-5.978568613639999967e+02
-5.980742134439999518e+02
-5.900754213860000164e+02
-5.889904962250000153e+02
-5.959500196200000346e+02
-5.979668441769999845e+02
-5.986697948380000298e+02
-6.001807236719999992e+02
-5.961726446129999886e+02
-5.920011730830000261e+02
-5.994322912479999559e+02
-6.004523855149999463e+02
-6.013017274410000255e+02
-6.008234986500000332e+02
-6.032743509230000427e+02
-6.020379569010000296e+02
-6.007297626390000005e+02
-6.011060764000000063e+02
-5.951545233919999873e+02
-6.029994055590000244e+02
-6.021181267409999691e+02
-6.024119799080000348e+02
-5.937841804189999948e+02
-5.956962690440000188e+02
-5.935189633439999852e+02
-6.029663133450000032e+02
-6.068585403439999482e+02
-6.018773159349999560e+02
-5.934963609159999578e+02
-5.934083786439999813e+02
-5.981715917970000191e+02
-6.043583650419999458e+02
-5.968328480630000286e+02
-5.970951507380000294e+02
-5.991830343130000074e+02
-5.831809283170000526e+02
-5.911391040879999537e+02
-5.987584983069999680e+02
-5.972347440779999488e+02
-5.865164933910000400e+02
-5.900249798800000463e+02
-6.020102789999999686e+02
-5.936645053189999999e+02
-5.961539414510000370e+02
-5.981137501599999950e+02
-5.993980462849999640e+02
-6.011969920120000097e+02
-5.935684478990000343e+02
-5.962488947250000138e+02
-6.015116966509999656e+02
-6.006339261309999529e+02
-5.950241354800000408e+02
-5.963543295539999463e+02
-5.995442281389999835e+02
-6.002285541210000019e+02
-5.867832162619999963e+02
-6.001763816120000001e+02
-5.800132184149999830e+02
-5.908990699129999484e+02
-6.022397470649999605e+02
-5.922011090729999978e+02
-5.994907974540000168e+02
-5.914503317800000559e+02
-5.957913917749999655e+02
-5.881312037970000119e+02
-5.963196542079999745e+02
-5.899307322820000081e+02
-5.765396961699999565e+02
-5.927465659920000007e+02
-5.930950542680000126e+02
-5.903838017919999857e+02
-5.977916185120000137e+02
-5.981273709570000392e+02
-5.973332958559999497e+02
-5.913039301969999997e+02
-5.983832892760000277e+02
-6.026605032229999779e+02
-6.043084098860000495e+02
-5.995162171670000362e+02
-5.917688002270000425e+02
-5.931818483499999957e+02
-5.994900116009999920e+02
-5.989105028000000175e+02
-5.990883225249999668e+02
-5.959070131180000089e+02
-5.955412886850000405e+02
-5.988331863849999763e+02
-5.984121124160000136e+02
-5.982809448340000245e+02
-5.993434145930000341e+02
-5.935997528269999748e+02
-5.972039906799999471e+02
-5.921848248640000065e+02
-5.866602173530000073e+02
-5.893185743589999674e+02
-6.010095979239999906e+02
-5.959388448089999883e+02
-5.956467409650000491e+02
-6.028805107919999955e+02
-6.042830215019999969e+02
-5.911149293019999504e+02
-5.989253871370000297e+02
-6.000240252009999722e+02
-6.055807102799999484e+02
-5.944110660139999709e+02
-5.966214380599999458e+02
-5.941278841700000157e+02
-6.029366527790000418e+02
-5.917448409669999592e+02
-5.971956014449999657e+02
-6.011734695210000154e+02
-6.022300172389999489e+02
-5.956378418030000148e+02
-5.883087920460000078e+02
-5.946747216940000271e+02
-5.930375149259999716e+02
-5.924814958749999505e+02
-5.988471769290000566e+02
-5.994023050409999769e+02
-5.986543415600000344e+02
-5.995100491250000232e+02
-6.030791323099999772e+02
-5.996324836989999767e+02
-6.051871978169999693e+02
-5.933793090200000506e+02
-5.981380528969999659e+02
-5.950607638400000496e+02
-5.993901935919999460e+02
-6.002347465809999676e+02
-5.897805747260000544e+02
-6.037699491280000075e+02
-5.901848547240000471e+02
-5.969766163289999668e+02
-6.009182311240000445e+02
-5.939293205320000197e+02
-5.806230782669999826e+02
-5.991216779589999533e+02
-5.991201999339999702e+02
-6.002243329030000041e+02
-5.927998947920000319e+02
-5.855707944709999992e+02
-6.014313408540000410e+02
-6.024999149400000533e+02
-5.837825565959999494e+02
-5.793647634479999624e+02
-5.791069171719999531e+02
-5.731787586819999660e+02
-5.910933030769999732e+02
-5.974122929420000219e+02
-6.014617593929999657e+02
-6.004176512389999516e+02
-5.910195886440000095e+02
-5.966906180219999669e+02
-5.919783386730000529e+02
-5.807793096499999592e+02
-5.990253387190000467e+02
-6.034272268969999686e+02
-5.948359306810000362e+02
-5.908750545350000039e+02
-5.995741098419999844e+02
-5.938660268510000151e+02
-6.042133379099999502e+02
-6.038173398870000028e+02
-6.045986593940000375e+02
-5.934820616399999835e+02
-5.923884113350000007e+02
-6.012214999020000050e+02
-5.948276934240000173e+02
-5.999818216099999972e+02
-5.969132913600000165e+02
-6.020277522469999667e+02
-5.945238547809999545e+02
-6.053239753269999710e+02
-5.915055917619999946e+02
-5.955808927909999966e+02
-5.989902415249999876e+02
-5.955012252819999503e+02
-6.016270819699999493e+02
-6.025078431839999666e+02
-5.948120575619999499e+02
-5.984215064940000275e+02
-5.939110472879999634e+02
-5.858599183380000568e+02
-5.871179900109999608e+02
-5.782697537400000556e+02
-5.944391283050000538e+02
-5.998384919009999976e+02
-5.926939292869999463e+02
-5.953238024570000562e+02
-6.000047935820000475e+02
-5.936736617970000225e+02
-5.985248477070000490e+02
-5.955485646580000321e+02
-5.796694072620000497e+02
-5.969510856990000320e+02
-5.882627269519999800e+02
-5.963124969120000287e+02
-5.936720860440000251e+02
-6.034878653509999822e+02
-5.947746140299999524e+02
-6.049166211289999637e+02
-5.990583362119999720e+02
-6.032943332060000330e+02
-5.999117210980000436e+02
-5.952166355939999676e+02
-6.009269122250000237e+02
-6.002003860270000359e+02
-5.958048553889999539e+02
-6.016143109849999746e+02
-5.941576118460000089e+02
-5.930653728119999641e+02
-5.889465644399999746e+02
-5.968829357150000305e+02
-5.951526073060000499e+02
-5.970322649189999993e+02
-5.937343725399999812e+02
-5.836702973100000236e+02
-5.810501739999999700e+02
-5.820491748980000466e+02
-5.862292281420000108e+02
-5.934936781489999476e+02
-5.882670090599999639e+02
-5.946918467360000022e+02
-5.993297596200000044e+02
-5.890362643350000553e+02
-5.945248369729999922e+02
-5.987389313899999479e+02
-6.057339628600000196e+02
-5.997005818760000011e+02
-5.790285372910000206e+02
-5.938195492339999646e+02
-5.968021230320000541e+02
-6.017546191640000188e+02
-5.919863925979999522e+02
-5.988464436740000565e+02
-5.987499871679999615e+02
-5.865713938420000204e+02
-6.025520574160000251e+02
-5.994753333190000149e+02
-5.998626054869999962e+02
-6.007713938159999998e+02
-5.960793214699999680e+02
-5.801320089700000153e+02
-5.953543934179999724e+02
-5.955142860170000176e+02
-6.013684306049999577e+02
-6.009746132720000560e+02
-5.980758913180000036e+02
-5.970153486630000543e+02
-5.960790751749999572e+02
-5.959794997410000406e+02
-5.996159762209999826e+02
-5.878393771160000369e+02
-5.815834409220000225e+02
-5.844970541440000034e+02
-5.926780726619999768e+02
-5.916417572929999551e+02
-5.906270919590000403e+02
-5.882684740089999877e+02
-6.020455275619999611e+02
-6.043176179199999751e+02
-5.982496732700000166e+02
-5.997216024470000093e+02
-5.977874525270000277e+02
-5.912836623529999542e+02
-6.007125180110000429e+02
-5.997936068389999491e+02
-6.018747656379999853e+02
-5.978012959630000296e+02
-5.980669479639999508e+02
-6.049335126239999454e+02
-5.926563579239999626e+02
-5.939836119159999726e+02
-5.969039722139999640e+02
-5.905757898570000179e+02
-5.921936917780000158e+02
-5.782702364750000470e+02
-5.905684798989999535e+02
-5.972762990259999469e+02
-5.953520319240000163e+02
-5.846592247639999869e+02
-5.906493549519999533e+02
-5.975336775499999931e+02
-5.938820338530000527e+02
-5.978583606180000061e+02
-5.976763030189999881e+02
-5.957035002379999469e+02
-5.909869675810000444e+02
-5.914788727200000267e+02
-5.957751544750000221e+02
-5.971086667609999949e+02
-5.954445073199999570e+02
-5.959013697579999871e+02
-5.817375915019999866e+02
-5.883567049649999490e+02
-5.984359389400000282e+02
-5.921637065469999470e+02
-5.956471776519999821e+02
-6.015011933869999439e+02
-5.929496728340000118e+02
-5.936729561439999543e+02
-5.917375496749999684e+02
-5.975918073330000198e+02
-5.833751810889999661e+02
-6.020383715189999521e+02
-5.981376974820000214e+02
-5.930132563290000007e+02
-6.034050039180000340e+02
-5.973969108029999688e+02
-5.938162594369999852e+02
-5.975628032250000388e+02
-5.906391186930000003e+02
-5.940092443150000463e+02
-5.986483418039999833e+02
-6.054842124199999489e+02
-5.887600912420000441e+02
-5.831809821399999691e+02
-6.004861431739999489e+02
-5.951280770800000255e+02
-5.921942355390000330e+02
-5.886333856349999678e+02
-6.017242502899999863e+02
-5.838388780330000145e+02
-5.868337756939999963e+02
-5.943632248330000039e+02
-5.931500546539999732e+02
-5.978162038030000076e+02
-5.959007245689999763e+02
-5.948427207280000175e+02
-5.932155477049999490e+02
-5.881905237629999874e+02
-5.932145353140000452e+02
-5.929033845930000552e+02
-6.050525941119999516e+02
-5.957686176140000498e+02
-5.916114184690000002e+02
-5.854802923739999869e+02
-6.001351554079999460e+02
-5.914198389289999795e+02
-5.901030982529999847e+02
-5.948552576360000330e+02
-5.905652926110000180e+02
-6.021749805839999681e+02
-5.964769412829999737e+02
-5.975835047489999852e+02
-5.996851738530000375e+02
-5.985629929379999794e+02
-5.961191740100000516e+02
-5.915872434670000075e+02
-5.958193912839999484e+02
-5.880041160910000144e+02
-5.955870475599999736e+02
-5.961977499099999704e+02
-5.847992166870000119e+02
-5.924315096259999791e+02
-5.850365771599999789e+02
-5.937463133019999759e+02
-5.846064749549999533e+02
-5.837737685639999654e+02
-5.914886672799999587e+02
-6.037468092560000059e+02
-5.932620908930000496e+02
-5.986578028840000343e+02
-6.059711188539999966e+02
-5.946107202209999514e+02
-5.916170734659999653e+02
-6.026243816549999792e+02
-5.948515836289999470e+02
-5.933186917179999682e+02
-5.755205814720000035e+02
-5.955154083249999530e+02
-5.916877029889999449e+02
-5.887700850109999919e+02
-5.968555237870000383e+02
-5.952720039470000302e+02
-5.978651906280000503e+02
-5.920632756180000342e+02
-5.996887965690000328e+02
-6.010446605859999636e+02
-5.851468988970000282e+02
-5.970951365759999589e+02
-5.981346119400000134e+02
-5.988762788289999435e+02
-5.945739971409999498e+02
-5.827723286570000027e+02
-5.972609497790000432e+02
-5.810680794910000486e+02
-5.806984024250000402e+02
-5.873263148549999642e+02
-5.874455656650000037e+02
-5.927964682430000494e+02
-5.932777285549999533e+02
-5.836944756520000510e+02
-5.807868651070000396e+02
-5.994842698910000536e+02
-6.041648900469999717e+02
-5.965063893210000288e+02
-5.829982241129999920e+02
-5.930300689440000497e+02
-6.024040762829999949e+02
-5.976459147210000538e+02
-6.011571480769999880e+02
-6.025460330849999764e+02
-5.921092855919999920e+02
-5.956071278540000549e+02
-5.955045815820000144e+02
-5.928130620059999956e+02
-5.920795164620000151e+02
-5.904761551740000414e+02
-5.840014028169999847e+02
-5.989505690150000419e+02
-6.030217329319999635e+02
-6.010638893149999831e+02
-5.840092876239999669e+02
-5.908457055239999818e+02
-6.037331091089999973e+02
-5.970950647370000297e+02
-6.062896637019999844e+02
-5.907785880820000557e+02
-5.896008546770000294e+02
-5.824747450830000162e+02
-6.006625272380000524e+02
-5.927492124609999564e+02
-5.904954030740000235e+02
-5.941658195449999766e+02
-6.025391364639999665e+02
-5.924434630529999595e+02
-6.038546490019999737e+02
-6.055795138559999486e+02
-6.000189020130000017e+02
-5.993299115840000013e+02
-5.985719979230000263e+02
-5.927900774180000099e+02
-6.000483518260000437e+02
-6.019340681400000221e+02
-5.762116935960000319e+02
-6.029740739200000235e+02
-5.971712020590000520e+02
-5.912130657520000341e+02
-6.024003310709999823e+02
-5.954308027429999584e+02
-5.980399809330000380e+02
-5.984150855909999791e+02
-6.018638271889999487e+02
-5.992968517680000105e+02
-5.960167123840000158e+02
-5.940935105900000508e+02
-5.966630705689999559e+02
-5.961502832920000401e+02
-6.012144153760000336e+02
-5.926976701109999794e+02
-5.862264890830000468e+02
-5.982155975839999655e+02
-5.901270176880000236e+02
-5.952838235030000078e+02
-5.904336130450000155e+02
-5.990284510180000552e+02
-5.912327752080000209e+02
-5.954827417359999799e+02
-5.982888291980000304e+02
-5.882243706799999927e+02
-6.043823578310000357e+02
-6.027635115130000258e+02
-5.946361800619999940e+02
-5.960092980169999919e+02
-6.000112520510000422e+02
-5.919409769119999964e+02
-5.957334240689999660e+02
-5.993528540419999899e+02
-6.018115557549999721e+02
-6.003687342150000177e+02
-5.879730350060000319e+02
-5.994026276189999862e+02
-6.031044450010000446e+02
-5.871133829359999936e+02
-5.936591870089999929e+02
-5.929030165289999559e+02
-5.951270694920000324e+02
-5.989472154009999940e+02
-5.885426561499999707e+02
-5.809124679020000031e+02
-5.940661938880000434e+02
-5.905205688040000496e+02
-5.940486922310000182e+02
-5.982080700929999466e+02
-5.951194404450000093e+02
-5.951167215579999947e+02
-6.063723729849999700e+02
-6.047429994330000227e+02
-6.021931791270000076e+02
-6.016689543600000434e+02
-5.957088128059999690e+02
-5.885675490789999458e+02
-5.953301972079999587e+02
-6.031997799089999717e+02
-6.033565113150000343e+02
-5.932695888179999884e+02
-6.013451974109999583e+02
-6.007067771980000543e+02
-5.949421806020000076e+02
-5.890604216870000300e+02
-5.945427390160000414e+02
-5.846897849859999496e+02
-5.837899835140000278e+02
-5.970914309600000252e+02
-5.991933659420000140e+02
-5.979623741249999966e+02
-5.979230998340000269e+02
-5.994715358380000225e+02
-5.996795182749999640e+02
-6.034429108419999466e+02
-5.881164434859999801e+02
-6.025854264900000317e+02
-5.839902068039999676e+02
-5.836491315060000034e+02
-6.010588598839999577e+02
-5.951763069849999965e+02
-5.967604260470000099e+02
-5.909143853389999776e+02
-5.982840792179999880e+02
-6.007118374609999591e+02
-6.038563806030000478e+02
-5.992707905060000257e+02
-5.989194330190000528e+02
-6.009711484499999870e+02
-5.955029376940000247e+02
-6.003533478010000408e+02
-5.921317142630000490e+02
-5.834399719819999746e+02
-5.991821951379999973e+02
-5.964023723379999637e+02
-6.008067912110000179e+02
-5.995183380619999980e+02
-5.952430494459999863e+02
-5.945326600119999512e+02
-5.970180510830000458e+02
-5.983100935769999751e+02
-5.911868904719999591e+02
-5.978941932699999597e+02
-5.877914920619999748e+02
-5.965486530460000267e+02
-6.005585950040000398e+02
-5.948915423790000432e+02
-6.015446031999999832e+02
-6.054391912160000402e+02
-5.993868603949999851e+02
-5.990383693799999492e+02
-5.932440411920000543e+02
-5.950350366870000016e+02
-5.975218064260000119e+02
-5.952691334009999764e+02
-5.954727786649999643e+02
-5.886092719150000221e+02
-5.908074930259999746e+02
-6.004861610589999827e+02
-5.990584244000000353e+02
-5.965313831790000449e+02
-5.993152182659999880e+02
-5.994416546429999926e+02
-5.873515496789999588e+02
-5.884396151690000352e+02
-5.935654758619999711e+02
-6.010389544500000056e+02
-5.995342093990000194e+02
-5.900893286689999968e+02
-5.858897829430000002e+02
-5.949274862930000154e+02
-6.027380288000000519e+02
-6.061832551160000548e+02
-6.040058841540000003e+02
-5.923247088809999923e+02
-5.928213271079999913e+02
-5.950180355899999540e+02
-5.921653689590000340e+02
-5.994344888540000511e+02
-5.957484677820000343e+02
-5.853202429250000023e+02
-6.018426452779999636e+02
-5.933780721849999509e+02
-5.877015825590000304e+02
-6.013001979780000283e+02
-5.922275643650000347e+02
-5.906388052920000291e+02
-5.888965712780000104e+02
-6.042488388960000520e+02
-5.848383816860000479e+02
-5.867377664089999598e+02
-5.878083755440000004e+02
-5.898987457020000420e+02
-5.912759875750000447e+02
-5.933352163660000542e+02
-6.002386725410000281e+02
-5.959196037230000229e+02
-5.956410887009999442e+02
-5.952002965650000306e+02
-5.940635345099999540e+02
-5.935475414659999842e+02
-6.017129379990000189e+02
-5.891799425939999537e+02
-5.952813704469999720e+02
-5.872425658900000371e+02
-5.900100348890000532e+02
-5.908592404050000368e+02
-5.871516609349999953e+02
-5.963897352120000050e+02
-5.988294489610000255e+02
-5.973468827860000374e+02
-5.814789881709999690e+02
-5.988281943389999924e+02
-5.990231600380000145e+02
-5.993499852129999681e+02
-6.004187422290000313e+02
-5.874213602080000101e+02
-5.928079509530000450e+02
-5.921883685990000004e+02
-6.035652623900000435e+02
-6.013604684870000483e+02
-6.031616894640000055e+02
-5.952159221330000491e+02
-5.974589767100000017e+02
-5.993630078700000468e+02
-5.984803755880000153e+02
-5.983161368639999864e+02
-5.995656336270000111e+02
-5.998027728490000072e+02
-5.940437445730000263e+02
-6.020497958040000412e+02
-5.978785398710000436e+02
-5.951029527120000466e+02
-5.907693299219999972e+02
-5.989853377030000274e+02
-5.901736669929999834e+02
-5.880311215980000270e+02
-5.939285341730000027e+02
-5.957410282700000153e+02
-6.002644471470000553e+02
-5.996211244840000063e+02
-5.981441885409999486e+02
-5.960088044410000521e+02
-5.927059354100000519e+02
-5.875395608970000012e+02
-5.906697583850000228e+02
-5.945307779519999940e+02
-5.943189590350000344e+02
-5.809077904230000513e+02
-5.852378474829999959e+02
-5.901592196509999440e+02
-5.977902877559999979e+02
-5.998965577809999559e+02
-6.008959306320000451e+02
-5.920439063520000218e+02
-6.011937931459999618e+02
-5.968505745009999828e+02
-5.980808089399999972e+02
-6.014473217610000120e+02
-5.723719836770000029e+02
-5.893461230210000394e+02
-5.907462571920000300e+02
-5.963656843549999849e+02
-5.914196768829999655e+02
-5.870994919150000442e+02
-5.903718398790000492e+02
-6.031046649959999968e+02
-5.961505765050000036e+02
-6.022944706329999462e+02
-5.916239283950000072e+02
-5.984179532540000537e+02
-6.028935035069999913e+02
-5.921087873569999829e+02
-6.066486199160000297e+02
-5.965810725710000497e+02
-6.040461816619999809e+02
-5.962689118419999659e+02
-5.944317102239999713e+02
-6.013153222619999951e+02
-5.893569505369999888e+02
-6.030347596799999792e+02
-6.002876260350000166e+02
-5.905607637629999545e+02
-5.997800220909999780e+02
-5.995126759910000374e+02
-6.024863920760000155e+02
-5.931895326879999857e+02
-5.981414949620000243e+02
-6.008882053239999550e+02
-5.938061859260000119e+02
-5.914485607279999613e+02
-5.911367424889999711e+02
-5.904959378539999761e+02
-5.920783777980000195e+02
-6.035205247400000417e+02
-5.987885959940000475e+02
-5.991380441369999517e+02
-5.930049798249999640e+02
-5.951646325799999886e+02
-5.900092231510000147e+02
-5.891140301660000205e+02
-5.870183497970000417e+02
-5.890458284589999494e+02
-5.879393793130000176e+02
-5.927175109370000428e+02
-6.026224252240000396e+02
-5.990524769580000566e+02
-5.848040027089999739e+02
-5.940662783059999583e+02
-6.041817481849999467e+02
-5.936897418080000079e+02
-5.948441861490000520e+02
-5.997207404959999621e+02
-5.989519741130000057e+02
-6.025196458149999899e+02
-6.029626612050000176e+02
-5.961593023279999670e+02
-6.023450192990000005e+02
-5.987877366899999743e+02
-5.994515424659999780e+02
-5.954593848120000530e+02
-5.985624763209999628e+02
-5.908319772139999486e+02
-5.903460829599999897e+02
-5.947892508209999960e+02
-5.916633609640000486e+02
-5.954844933890000220e+02
-5.922975380550000182e+02
-5.889823375529999794e+02
-5.812200775769999836e+02
-5.830931663420000177e+02
-5.953788299699999698e+02
-6.010527184569999690e+02
-5.989736661680000225e+02
-5.907239163240000153e+02
-5.943103389950000519e+02
-5.935366343370000095e+02
-5.989016388940000297e+02
-5.965013052150000021e+02
-6.008133006379999870e+02
-6.043689990029999990e+02
-6.048210430149999866e+02
-5.996589477840000200e+02
-6.020634945140000127e+02
-6.027102513920000320e+02
-5.925977626730000338e+02
-6.028563968199999863e+02
-6.025353326330000527e+02
-5.970236815709999973e+02
-6.052000427379999792e+02
-5.994661425130000225e+02
-5.959423863959999608e+02
-5.985730859010000131e+02
-5.953152840359999800e+02
-6.013409840340000301e+02
-5.988656363359999659e+02
-5.951235918290000200e+02
-5.781951146579999659e+02
-5.863377487720000545e+02
-6.014100674129999788e+02
-5.929623856099999557e+02
-6.020729464170000256e+02
-5.924611682639999799e+02
-5.965875654300000406e+02
-5.980887015680000331e+02
-5.896031121199999916e+02
-5.880302164810000249e+02
-5.857874144370000522e+02
-5.917595029599999634e+02
-5.965642293240000527e+02
-5.896044303920000402e+02
-5.969861578779999718e+02
-5.916611688770000228e+02
-5.966259506090000286e+02
-6.002905456480000339e+02
-5.979557295219999560e+02
-6.015213623629999802e+02
-6.003658970489999547e+02
-6.015234411120000004e+02
-6.001981746180000528e+02
-6.003907955089999859e+02
-5.984798447110000552e+02
-5.991927319919999491e+02
-5.927845719289999806e+02
-5.999204505930000551e+02
-5.948108792020000237e+02
-5.974593906500000458e+02
-5.853260452890000352e+02
-5.838044025499999634e+02
-5.949438028639999629e+02
-6.048145793840000124e+02
-5.945475502199999482e+02
-5.996248090589999720e+02
-5.886452010970000401e+02
-6.026608111819999749e+02
-5.899678600189999997e+02
-5.912120641669999941e+02
-5.937756451000000197e+02
-5.960855571780000446e+02
-5.986438582969999516e+02
-5.994038534339999842e+02
-5.943371692890000304e+02
-5.822927064030000111e+02
-5.731764361330000384e+02
-5.972435770619999857e+02
-5.750187813610000376e+02
-5.899656461020000506e+02
-5.976145506489999661e+02
-5.968668492860000470e+02
-6.020933172999999670e+02
-5.941615574380000453e+02
-5.945459107870000253e+02
-5.907389009900000474e+02
-5.917946180410000352e+02
-5.940381966910000529e+02
-5.996508393379999688e+02
-6.034896527629999810e+02
-5.981129947270000002e+02
-5.863423824310000327e+02
-6.034854557149999437e+02
-5.979299760459999789e+02
-5.987217504779999899e+02
-5.940281895140000188e+02
-6.008510382760000539e+02
-5.958194541530000379e+02
-5.944289473060000546e+02
-5.907605595530000073e+02
-5.889377780080000093e+02
-5.956368815649999533e+02
-6.017978632010000410e+02
-6.015438868109999930e+02
-5.950672756369999661e+02
-6.019779878719999715e+02
-5.946670094930000232e+02
-5.962986683530000391e+02
-6.021425416990000485e+02
-5.914187865760000022e+02
-5.965302354850000484e+02
-6.055438932560000467e+02
-5.974358256059999803e+02
-6.037863652749999801e+02
-5.927668121709999696e+02
-5.744125304609999603e+02
-5.981183232939999925e+02
-5.895932339160000311e+02
-5.957906447069999558e+02
-5.745307891300000165e+02
-5.950054732199999989e+02
-5.927130296829999452e+02
-6.032096371349999799e+02
-6.011744271950000211e+02
-5.877344220310000082e+02
-5.955215541080000321e+02
-5.827416796119999844e+02
-5.961148863979999533e+02
-5.897085950770000409e+02
-5.988073450309999544e+02
-5.980998974269999735e+02
-5.892433442059999606e+02
-5.937784052849999625e+02
-5.906659890549999545e+02
-5.918762723180000194e+02
-6.016725346770000442e+02
-5.905708090729999640e+02
-5.968036360730000069e+02
-6.004046499600000288e+02
-5.968661409129999811e+02
-5.914392374169999584e+02
-5.934352854290000323e+02
-5.969687599149999642e+02
-5.981333910979999473e+02
-5.872740924690000384e+02
-5.950349390799999583e+02
-6.004824843110000074e+02
-5.906042405379999991e+02
-5.863888908540000102e+02
-5.743977998430000298e+02
-5.947220639580000352e+02
-5.899142709779999905e+02
-5.968088928299999907e+02
-5.933834799569999632e+02
-5.984083045119999724e+02
-5.978832407019999664e+02
-6.006209419499999740e+02
-6.031502738530000443e+02
-5.916441082649999998e+02
-5.981047853210000085e+02
-5.912577654279999706e+02
-5.973668506679999837e+02
-5.847930384720000347e+02
-5.924358015200000409e+02
-5.966374514440000212e+02
-5.935227509999999711e+02
-5.863824346000000105e+02
-5.923507305699999961e+02
-5.992351634520000516e+02
-6.000119236939999610e+02
-5.981369466270000430e+02
-5.933404808090000415e+02
-5.989189032890000135e+02
-6.045683234050000010e+02
-5.970202040310000484e+02
-5.986998692729999902e+02
-5.990198184160000210e+02
-5.928737729030000310e+02
-5.937669163399999661e+02
-5.910273712829999795e+02
-5.988887030490000143e+02
-6.020673530479999727e+02
-6.058049025779999965e+02
-5.961199358600000551e+02
-5.977592665900000384e+02
-6.009324560909999491e+02
-6.016428700259999687e+02
-6.029544137660000160e+02
-5.973254208949999793e+02
-5.925214585689999467e+02
-5.998533297019999964e+02
-5.985531609600000138e+02
-5.908957275589999654e+02
-5.884308133859999543e+02
-5.966360692350000363e+02
-5.953555293910000046e+02
-5.963553079099999650e+02
-6.059157111719999875e+02
-6.003426556059999939e+02
-5.945270990789999814e+02
-5.947833857939999689e+02
-6.040601387220000333e+02
-5.999893585209999856e+02
-5.974204478609999569e+02
-6.024786655929999597e+02
-5.961474657469999556e+02
-5.864712148200000001e+02
-5.999526974880000125e+02
-6.005001665510000066e+02
-5.822417067999999745e+02
-5.914841074690000369e+02
-5.959504293210000014e+02
-5.938667957029999798e+02
-5.913390319789999694e+02
-6.043933576949999633e+02
-5.887082301399999551e+02
-5.940294771620000347e+02
-5.911671844889999647e+02
-5.858584621139999626e+02
-5.810184533240000064e+02
-5.815083768060000011e+02
-6.002109028759999774e+02
-5.849760938089999627e+02
-6.006301905249999891e+02
-5.919830304979999482e+02
-6.011589298430000099e+02
-6.001081502419999651e+02
-5.965484870860000228e+02
-5.910759169399999564e+02
-5.967262703210000154e+02
-5.961663412619999463e+02
-5.730787579630000437e+02
-5.965461476880000191e+02
-5.935677135570000473e+02
-5.921831822440000224e+02
-5.877606636100000514e+02
-5.786745103700000072e+02
-5.992984646139999541e+02
-6.003442299099999673e+02
-5.915729749810000158e+02
-5.973035110160000158e+02
-5.975929742130000477e+02
-5.958263075710000294e+02
-5.993221970990000500e+02
-5.907772663490000014e+02
-5.957380546509999704e+02
-5.960015651769999749e+02
-5.903835591580000255e+02
-5.825875026080000225e+02
-6.019536140019999948e+02
-6.034410938539999734e+02
-6.002994765099999768e+02
-6.013956353580000496e+02
-5.963669578860000229e+02
-6.008222116169999936e+02
-5.900548805710000124e+02
-5.967900463570000511e+02
-6.036614419219999945e+02
-6.000799947230000271e+02
-5.963460205410000299e+02
-5.767538268490000064e+02
-5.954195542009999826e+02
-5.875799410629999784e+02
-5.809528066840000520e+02
-5.985190864669999655e+02
-5.972954888040000014e+02
-6.045850563599999532e+02
-5.832325135720000162e+02
-6.004792616219999672e+02
-6.020974403290000510e+02
-5.894545610540000098e+02
-6.016555122019999544e+02
-6.040715075010000419e+02
-5.986285248839999440e+02
-5.963500637990000541e+02
-5.907118055759999606e+02
-6.033593427350000411e+02
-5.886213124829999970e+02
-5.946136000589999639e+02
-5.984773426949999475e+02
-5.859761814610000101e+02
-6.002339056240000446e+02
-5.944660279080000009e+02
-5.984254914570000210e+02
-5.914101994159999549e+02
-5.994756954340000448e+02
-6.020186439899999868e+02
-5.989639708429999700e+02
-5.980061606299999539e+02
-6.018785031979999758e+02
-5.969189046669999925e+02
-6.000855738300000439e+02
-5.992186701000000539e+02
-6.013632001769999533e+02
-5.971572612659999777e+02
-6.012566907980000224e+02
-5.999699288220000426e+02
-6.010385999930000480e+02
-5.996986550289999514e+02
-6.020351896759999590e+02
-6.014973874089999981e+02
-5.937758316230000446e+02
-6.052243483260000403e+02
-5.909884700159999511e+02
-5.935133671779999531e+02
-5.822050101429999813e+02
-5.826061067900000126e+02
-5.811204798449999771e+02
-5.974069855139999845e+02
-5.832499015639999698e+02
-5.980910216600000240e+02
-5.998506048949999467e+02
-6.049560420650000196e+02
-6.032925858710000284e+02
-6.004951282800000172e+02
-6.006902772500000083e+02
-6.009403488469999957e+02
-5.985799654820000342e+02
-5.942676852409999810e+02
-5.842599323299999696e+02
-5.811005844740000157e+02
-5.941566072220000478e+02
-5.870673956209999460e+02
-5.989591673510000192e+02
-5.900960291100000177e+02
-5.954832645430000184e+02
-6.008357661649999955e+02
-5.995882654969999521e+02
-5.926551689840000563e+02
-5.975671434140000429e+02
-6.013074044930000355e+02
-5.992054939150000337e+02
-5.949617411949999450e+02
-6.018617648760000520e+02
-5.869604812190000303e+02
-5.877242145330000085e+02
-5.996886871169999722e+02
-5.857818150540000488e+02
-5.993598515830000224e+02
-6.035783357139999907e+02
-5.962235454699999764e+02
-5.993859959740000249e+02
-6.046388407099999540e+02
-5.998657484450000084e+02
-5.986215821280000000e+02
-5.974922775659999843e+02
-6.014053330829999595e+02
-5.860785525769999822e+02
-5.965287611520000155e+02
-5.953745133129999658e+02
-5.860008241079999607e+02
-5.975488508380000212e+02
-5.980805621949999704e+02
-5.958384835199999543e+02
-5.985766310279999516e+02
-6.041347100919999775e+02
-6.052166417299999921e+02
-5.919483919020000258e+02
-6.013242692579999584e+02
-6.004320291589999670e+02
-5.976041467019999800e+02
-5.949468311699999958e+02
-5.978437751449999951e+02
-5.890529881290000276e+02
-6.000356071349999638e+02
-6.003458243369999536e+02
-5.982738616909999791e+02
-6.009244693079999706e+02
-6.043431595849999667e+02
-5.986304817139999841e+02
-5.915287222079999765e+02
-5.858780212579999898e+02
-5.967944473149999567e+02
-5.944066619980000041e+02
-5.974694243740000275e+02
-6.013424891319999688e+02
-5.995775941389999844e+02
-6.000312929289999602e+02
-5.954266195579999703e+02
-6.026128929290000542e+02
-6.001324123829999735e+02
-5.816828907469999876e+02
-5.983279450170000473e+02
-6.011184229320000441e+02
-5.928745005140000330e+02
-5.994094216030000553e+02
-6.002433517590000065e+02
-5.962295885869999665e+02
-5.938328614450000487e+02
-5.981435262940000257e+02
-5.922968669639999462e+02
-5.941812305979999564e+02
-5.806051692419999881e+02
-5.998496375290000060e+02
-5.926348246600000493e+02
-6.004342106130000047e+02
-5.921634545970000545e+02
-5.916782123970000384e+02
-5.799175253199999815e+02
-5.940099057190000167e+02
-5.923026845499999808e+02
-5.982427254000000403e+02
-5.884169244140000501e+02
