4.870674901900145848e+00
4.386827327351738859e+00
3.605811420471126016e+00
3.286455233226219352e+00
2.818418173373142377e+00
2.723288269721000354e+00
2.819200063847899340e+00
2.818401497303036685e+00
2.904796206276784698e+00
3.010800890128737528e+00
2.752576429456591534e+00
2.691433447068679818e+00
2.781111108891552330e+00
2.956765293356914182e+00
3.040149173971566476e+00
2.928481005572684204e+00
3.135646185397835684e+00
2.713879326720332053e+00
4.752192862247911265e+00
2.849943683654117432e+00
2.957668845560638360e+00
2.777024846845991046e+00
2.766818208701106840e+00
2.855369328125522355e+00
2.958858901671385766e+00
2.982168003315708749e+00
3.055068084347712709e+00
2.751400552445971925e+00
2.733352154406746060e+00
2.830879368676807673e+00
2.722790296736052440e+00
2.716701308572585738e+00
2.680895745828248522e+00
2.723647737869197893e+00
2.712605389657699817e+00
2.956753117864255653e+00
2.896665324127038144e+00
2.639331165276536328e+00
2.877084287955428810e+00
5.444735989926416053e+00
5.413802452989949998e+00
5.826137142223824839e+00
3.325616634550650819e+00
2.688739667576613979e+00
2.742130740865576843e+00
2.693277000235958063e+00
2.764425618460370160e+00
2.930910609349933971e+00
2.895541745511537091e+00
2.822467891757141079e+00
2.811769905237624823e+00
2.890725341501679146e+00
2.951546204957665953e+00
3.069012544777228513e+00
3.140729533086222602e+00
2.775573814547183105e+00
2.951245669204785038e+00
2.637486872005242677e+00
2.799058949004111341e+00
2.565348514334845564e+00
2.890739178826065903e+00
2.701486442682990763e+00
5.234822919641122674e+00
5.579494421540360349e+00
2.879271088313846150e+00
3.005046089496798078e+00
2.778345550862959090e+00
2.853772590799764419e+00
2.630225275522992234e+00
2.899218687853677423e+00
2.876445375806743865e+00
2.783206424252430811e+00
2.733342642260571331e+00
2.999862996871690779e+00
3.150398387505935816e+00
2.945055177751344289e+00
2.897778804532879171e+00
6.021815340908420744e+00
3.034759463285352954e+00
3.084010538243992183e+00
2.717168010999688299e+00
6.044608589478727367e+00
2.853660806753318013e+00
2.729698884492573363e+00
2.921715934172930407e+00
3.108937117408455908e+00
2.995838113116261248e+00
2.686593568070912763e+00
2.832295888497527336e+00
2.951776753076017723e+00
2.997460758708944351e+00
2.708915096491582464e+00
3.012382943783874278e+00
2.785622013123819407e+00
2.674450036923479157e+00
3.017147825347641810e+00
2.781120277873648572e+00
2.681817480739507875e+00
2.742108677642080661e+00
2.811300944402786772e+00
3.130196319721815890e+00
2.876808127074170773e+00
2.809790205691521159e+00
2.653504475217631775e+00
2.988429855291905302e+00
2.941366349164959093e+00
2.838967065677233226e+00
3.349863430052037128e+00
2.725567280402374504e+00
2.771355083709050593e+00
2.840607329427986549e+00
2.984399939686368519e+00
2.945669024177699491e+00
3.263695604678843676e+00
3.005605097147661553e+00
2.882469253955711963e+00
2.869150745429733362e+00
2.932906578805400510e+00
2.880982124206951323e+00
2.957160293254323946e+00
2.750072180870894556e+00
2.817425775419824419e+00
2.877180911934457797e+00
2.852573574861829275e+00
2.945155513720794982e+00
3.020296839716255288e+00
2.768167083107520021e+00
2.761602071262259095e+00
5.960115938469653152e+00
2.786648345234827406e+00
2.866965120122670907e+00
3.007409682766882142e+00
2.923525782338852519e+00
2.865852229267936480e+00
2.985417558734456023e+00
2.948333936310471248e+00
2.785583960321425856e+00
2.946589554043793413e+00
3.072219393207457738e+00
2.944820877404940251e+00
2.947783743764118114e+00
2.899404938948680233e+00
3.080776850081810458e+00
2.712571289385774076e+00
2.761158090367155538e+00
2.860786779891154819e+00
2.925591393205825064e+00
2.937173130750041050e+00
2.870374365827565111e+00
2.860561133763793062e+00
2.604256707776712254e+00
2.840743212611798629e+00
2.719160348342848366e+00
2.758080854507351187e+00
2.581072645238796870e+00
2.642104653491228028e+00
3.137009085100009198e+00
2.805367712083391307e+00
2.932071963646185608e+00
2.960796683326972545e+00
2.800073927595483791e+00
2.683253622004449834e+00
2.816218208875157725e+00
2.849105298159406718e+00
2.983233313034701073e+00
2.912613259600388194e+00
2.883020117862516773e+00
2.911619480632728685e+00
2.756617855271201289e+00
2.701303574202647884e+00
2.896834997026927372e+00
2.682644031547980035e+00
2.754857528076542827e+00
2.913059903263233164e+00
2.930975264310498929e+00
2.801180643942835946e+00
2.788941376221451218e+00
2.735087018725363972e+00
2.905146812124991484e+00
2.610446130453566660e+00
2.670178458455539250e+00
3.021267449266946681e+00
2.767719097018336960e+00
2.890184423181330065e+00
2.972044750672506286e+00
2.954661740368937917e+00
2.743738507948597860e+00
3.041864395399636933e+00
2.769375019747235100e+00
2.747281747473309110e+00
2.893125299740749501e+00
2.950399633947916822e+00
2.763892002231636003e+00
3.016597420936376395e+00
2.988709755061538242e+00
2.802852475604094451e+00
2.682913714602092714e+00
2.838343531005364184e+00
2.748049126198437886e+00
2.801870089779324502e+00
2.862627115081529450e+00
2.849032291849286747e+00
3.192005482451432119e+00
2.853432143927729481e+00
2.934626722429957812e+00
2.957874405717727306e+00
2.803346928227043566e+00
2.830936240892754530e+00
2.992249321162927522e+00
2.904102098756171202e+00
2.837472466826770567e+00
3.071097849304056382e+00
2.853774518072512478e+00
2.948473842515819676e+00
2.792510698278522163e+00
3.438086822638426909e+00
3.037143723961709174e+00
2.825116988728077594e+00
2.838645803900162523e+00
2.971216754126161153e+00
2.912514549319883184e+00
3.016957573450445462e+00
2.801000714030612126e+00
2.778851921207749598e+00
2.738167635481801643e+00
3.150136663702069129e+00
2.776985595929514439e+00
2.840210731618343143e+00
3.494958798040400438e+00
4.151004938566081215e+00
3.782586548910678470e+00
3.644447969171736634e+00
3.600536904407452443e+00
3.298299713488754836e+00
2.526035827141016377e+00
2.757902463830074868e+00
2.429397867785349163e+00
2.692896953097166257e+00
2.794997137744509086e+00
2.814292273378868448e+00
2.771199920612008594e+00
2.737821396658298934e+00
2.931924282787671032e+00
3.148493290448624027e+00
2.934163765027439474e+00
2.652751590330312048e+00
2.793670345620613560e+00
2.881465078740327534e+00
2.718956785239515561e+00
2.757681091061836565e+00
3.067116724221625734e+00
2.753124406923886269e+00
3.111026840128513271e+00
3.131212385003610432e+00
2.818295051977348198e+00
2.757883608856617208e+00
2.718703551327360302e+00
2.849101261801693319e+00
2.714624283395402848e+00
2.844050984071839761e+00
2.784354323716720980e+00
2.935602323203876374e+00
2.817479902324060426e+00
3.151782670172548428e+00
2.932090721652383269e+00
2.681737869367548655e+00
3.029735797062179437e+00
2.968406474861554400e+00
2.877683269576413405e+00
2.935199311801500510e+00
2.811529654832045644e+00
2.825098405365732201e+00
2.701821607730606534e+00
2.852917278856855088e+00
2.870412165526059045e+00
2.962118498642482667e+00
2.631821802478275796e+00
3.294309942916725742e+00
2.752720290912245460e+00
2.945960115140732860e+00
2.971901243312099261e+00
2.824957698798337802e+00
2.829655279358247011e+00
2.731859073964101992e+00
2.797164635841087321e+00
2.960606356812739204e+00
3.012514066357200981e+00
2.825229548196040330e+00
2.958563671783996263e+00
3.054125406724485181e+00
2.708462663578731888e+00
3.027354620786933737e+00
2.888352471565753810e+00
3.109310373700251873e+00
2.869828217855556751e+00
2.861319450882756410e+00
2.729615357518344609e+00
2.852761994979602367e+00
2.685290673279152163e+00
2.722808476555044432e+00
2.741469131688336169e+00
2.985798385691841084e+00
3.030729450148923920e+00
2.864076290883327491e+00
2.727022918862252787e+00
2.802246241856700237e+00
2.839579898506115363e+00
2.892525194358728680e+00
2.753268966156412478e+00
2.746322814237248444e+00
2.729455989753269307e+00
5.689645771047614708e+00
2.726141228916799442e+00
2.739879741886494635e+00
2.746503413433160290e+00
5.465024885579205183e+00
2.903117806772574028e+00
2.740131566184368594e+00
2.828129593918921270e+00
5.882396960423531773e+00
6.076949481442149192e+00
2.760861640865039934e+00
2.814330471000162870e+00
2.979808215305139729e+00
2.993187264439028716e+00
2.882051179281866826e+00
3.412767498673181521e+00
3.136127867291128357e+00
2.815778045230127979e+00
2.982878810813473169e+00
2.903515627648661113e+00
2.863807430676859944e+00
2.997657418718822964e+00
2.691164989367987648e+00
2.808324233417501592e+00
2.858940538031527812e+00
3.224240375654396029e+00
2.778297860201458302e+00
2.938817619383686797e+00
3.171362010241025597e+00
5.625519709324641404e+00
2.842641729096369918e+00
2.987707817039678027e+00
2.714640491851545434e+00
2.892359071761319012e+00
2.721735843170677960e+00
2.767693985974605919e+00
2.865729052091282369e+00
2.746384896550372545e+00
2.746364506033384778e+00
2.807205906234881088e+00
2.803535803231341106e+00
2.860817715269534656e+00
2.624584348044467053e+00
6.091253483479406761e+00
2.763417268528225890e+00
2.848806416729644742e+00
5.600682994064206000e+00
5.421893119566265185e+00
5.981079835614970364e+00
6.159112679599228812e+00
6.211180483611791203e+00
2.671891839128223367e+00
5.768713808120489617e+00
2.772409060726789942e+00
6.244505584912227292e+00
2.870288138845994208e+00
2.889598588039521854e+00
6.249431974187733552e+00
3.025062974551108397e+00
2.715176973974256835e+00
6.154254300888126750e+00
2.893046318329521860e+00
