-5.826241634860000431e+02
-5.825994584110000005e+02
-5.877922743619999437e+02
-5.867971939579999798e+02
-5.949883501399999659e+02
-5.973712901180000472e+02
-5.878226276960000405e+02
-5.952418462269999964e+02
-5.928054884639999500e+02
-5.818777689979999650e+02
-5.747158679789999951e+02
-5.836024093690000427e+02
-5.973016403379999701e+02
-5.886269419540000172e+02
-5.820292182829999774e+02
-5.960207502539999496e+02
-5.946825650069999938e+02
-5.864662153479999915e+02
-5.918135095180000462e+02
-5.980631345660000306e+02
-6.049136253310000484e+02
-5.806297322320000376e+02
-5.948064396600000237e+02
-5.936702439460000278e+02
-5.906825016010000127e+02
-5.910670833850000463e+02
-5.902850257129999818e+02
-6.012139124259999790e+02
-5.984876169420000451e+02
-5.927326293019999639e+02
-6.007894443180000508e+02
-5.856063112010000395e+02
-5.839638156889999436e+02
-6.033927933339999754e+02
-5.649950225669999782e+02
-5.952240088400000104e+02
-5.779272824890000493e+02
-6.056187548970000307e+02
-6.014764579430000140e+02
-5.973031507910000073e+02
-5.619104772880000382e+02
-5.876651597039999615e+02
-5.983748601700000336e+02
-5.940378474100000403e+02
-5.880551750800000264e+02
-6.009187561850000066e+02
-6.031706645799999933e+02
-6.031836735619999672e+02
-5.966330738729999439e+02
-5.870954435820000299e+02
-5.871776666499999919e+02
-5.684625052239999832e+02
-5.860330228840000473e+02
-5.853674173529999507e+02
-5.949328581129999520e+02
-5.927921102599999585e+02
-5.995672185690000333e+02
-5.754489353359999768e+02
-6.020586513719999857e+02
-5.991477254459999813e+02
-5.889966845850000254e+02
-6.019559012580000399e+02
-5.979137932580000552e+02
-6.012005577720000247e+02
-6.034079125109999495e+02
-6.001459506769999734e+02
-5.974834543800000120e+02
-6.016721704169999612e+02
-5.893253693899999917e+02
-5.949217510610000090e+02
-5.966389600129999735e+02
-5.886689599889999727e+02
-5.883152570710000191e+02
-5.943118964049999704e+02
-5.923766529939999828e+02
-5.959038286720000315e+02
-5.914769754640000201e+02
-5.882978736390000449e+02
-5.928742569040000490e+02
-5.951801399040000433e+02
-5.917406068760000153e+02
-5.973505760609999697e+02
-5.960397273830000131e+02
-5.979360105939999812e+02
-6.027717013809999571e+02
-5.954568602140000166e+02
-5.895828287110000474e+02
-5.844847251290000258e+02
-5.958576314859999457e+02
-5.995939502039999525e+02
-5.970320342100000062e+02
-5.884830403079999996e+02
-5.849354495669999778e+02
-5.935964724809999780e+02
-5.982418055609999783e+02
-6.018699744440000359e+02
-5.890932622420000371e+02
-5.967920083200000363e+02
-6.034244445389999782e+02
-5.950490549080000164e+02
-6.048779290820000369e+02
-5.809785239779999984e+02
-5.707254050340000049e+02
-5.880457199530000025e+02
-5.867084745879999446e+02
-5.850472372980000273e+02
-5.962637472090000301e+02
-5.965525383509999529e+02
-5.863811997530000326e+02
-5.974559338679999883e+02
-5.997194025170000486e+02
-6.042760007240000277e+02
-6.027577559060000567e+02
-5.933735235689999854e+02
-5.927886378030000287e+02
-5.941396812330000330e+02
-5.949026500259999466e+02
-5.859479330550000213e+02
-5.929813549360000025e+02
-5.884582606310000301e+02
-5.932839871380000432e+02
-5.884664744699999801e+02
-5.972730234089999612e+02
-5.920394047009999667e+02
-5.927484554620000381e+02
-5.863130990250000423e+02
-5.898430334570000468e+02
-6.017578128010000000e+02
-6.041866591269999844e+02
-5.922457246070000565e+02
-5.929469255259999727e+02
-5.872391464940000105e+02
-5.839807821550000426e+02
-5.967786604269999771e+02
-5.944618433839999625e+02
-5.973410347469999806e+02
-5.950834158579999666e+02
-5.931475251350000235e+02
-5.932240834399999585e+02
-5.755213450989999728e+02
-5.801891929280000113e+02
-6.012915867189999517e+02
-5.924806632150000496e+02
-5.937265262890000486e+02
-5.969001263019999897e+02
-5.942559881879999466e+02
-5.906929783369999996e+02
-6.012522671890000083e+02
-6.030125890470000058e+02
-6.037734396590000188e+02
-5.922558387880000055e+02
-5.900811266409999689e+02
-6.006600603110000520e+02
-5.869696962560000202e+02
-5.983778457529999741e+02
-5.879083786429999918e+02
-5.853551445509999667e+02
-5.915732796739999912e+02
-5.971307137840000223e+02
-5.892706262750000406e+02
-5.880824878969999645e+02
-5.784395686569999953e+02
-5.968959942980000051e+02
-5.892827724290000333e+02
-5.942428942750000260e+02
-5.937606787260000374e+02
-5.857566172159999951e+02
-5.857624423349999461e+02
-5.916971492879999914e+02
-5.817720785789999809e+02
-5.934750053740000340e+02
-5.922277545990000363e+02
-5.920200557269999990e+02
-5.985941430850000415e+02
-5.869573494940000273e+02
-5.985906960849999905e+02
-5.965190655280000556e+02
-5.904867794819999745e+02
-5.907553669049999598e+02
-5.958430595559999574e+02
-5.866500970030000417e+02
-5.905396218419999741e+02
-5.900850711440000396e+02
-5.922291758039999650e+02
-6.008358427729999676e+02
-5.902277967789999593e+02
-5.905007532490000131e+02
-5.955675295160000360e+02
-5.984717244060000212e+02
-5.921786591689999568e+02
-5.961205173939999895e+02
-5.975719058399999994e+02
-5.910006351629999699e+02
-5.863199298529999623e+02
-5.947158344529999567e+02
-6.015191348030000427e+02
-5.850126550070000349e+02
-5.853884789129999717e+02
-6.049562519989999601e+02
-6.025799297949999982e+02
-5.915784963820000257e+02
-5.931640221579999661e+02
-5.950545932769999808e+02
-5.871881986170000118e+02
-5.734022236780000412e+02
-5.898472069870000496e+02
-5.996994090450000385e+02
-6.007648656400000391e+02
-5.968566029659999685e+02
-5.998866030369999862e+02
-5.992762838820000297e+02
-5.990977282369999557e+02
-5.865197467499999675e+02
-5.966852656659999639e+02
-6.003781231289999596e+02
-5.902169182789999695e+02
-5.917514782040000227e+02
-5.863436108060000151e+02
-5.837101701799999773e+02
-5.912010179269999526e+02
-5.895234524940000256e+02
-5.921777095830000235e+02
-5.973040280379999558e+02
-5.925808867990000408e+02
-5.757270134279999638e+02
-5.743827298769999743e+02
-5.992565544850000379e+02
-5.891333757090000063e+02
-5.821764819620000253e+02
-5.890758753410000281e+02
-6.048987789269999666e+02
-5.859262793699999747e+02
-5.892126117230000091e+02
-5.878477184820000048e+02
-6.037250069789999998e+02
-5.897108357519999799e+02
-5.980892697279999766e+02
-5.995172232579999445e+02
-5.928206168709999702e+02
-6.018994656700000405e+02
-5.866596693789999790e+02
-5.901474980379999806e+02
-6.026541247720000456e+02
-5.890468629450000435e+02
-5.940151408079999555e+02
-5.984822885940000106e+02
-5.875532544899999721e+02
-5.867064525429999549e+02
-5.850734016569999767e+02
-6.011146858329999532e+02
-5.920298293649999550e+02
-5.979340359340000077e+02
-5.927592011530000491e+02
-5.915661096439999938e+02
-5.961067898569999670e+02
-5.951545192209999868e+02
-5.708224368139999569e+02
-6.001019037989999561e+02
-5.966308436000000484e+02
-5.943867021649999742e+02
-5.910882916960000557e+02
-5.996246837579999465e+02
-5.905343796759999577e+02
-5.946890415410000514e+02
-5.900912337229999594e+02
-5.845953678560000526e+02
-5.881932041589999471e+02
-5.900572404869999446e+02
-5.969111667509999961e+02
-5.709700877530000298e+02
-5.978361879640000325e+02
-5.935235484529999894e+02
-5.901606348510000544e+02
-6.001509801070000094e+02
-5.997537452049999729e+02
-5.879445148439999684e+02
-5.985462402519999614e+02
-6.029002045859999726e+02
-5.910125054620000355e+02
-5.921856605870000294e+02
-5.925076264470000069e+02
-5.861642597459999706e+02
-5.949450989519999666e+02
-5.903044138389999489e+02
-5.987494002539999656e+02
-5.920872714659999474e+02
-5.862763861290000023e+02
-6.024650653920000423e+02
-5.910409501169999658e+02
-5.974093305229999942e+02
-5.837075022029999900e+02
-5.925580770190000521e+02
-6.014009642180000128e+02
-5.848535456020000538e+02
-5.988129404860000022e+02
-5.974769030119999798e+02
-5.967641315260000283e+02
-5.979023213479999868e+02
-5.879161240309999812e+02
-5.873850484179999967e+02
-5.997547608789999458e+02
-6.000038061760000119e+02
-5.995090464249999513e+02
-5.831287651479999568e+02
-6.023418342469999516e+02
-5.890767718109999578e+02
-5.976218677000000525e+02
-5.948746145569999726e+02
-5.836127288879999924e+02
-5.902689582540000401e+02
-6.003793071269999473e+02
-5.864642309900000328e+02
-6.059064468999999917e+02
-5.949429584900000236e+02
-6.033692809000000352e+02
-5.975177539139999681e+02
-5.847401497839999820e+02
-5.763855015789999925e+02
-5.835202960090000488e+02
-5.989458730070000456e+02
-5.993736405890000469e+02
-5.939355553220000274e+02
-5.939892075599999544e+02
-5.999055107279999675e+02
-6.000398835759999656e+02
-5.915593193700000256e+02
-6.054481668129999434e+02
-5.927810280449999709e+02
-5.961400790100000222e+02
-6.031625486289999571e+02
-5.921816358309999941e+02
-5.937079752890000464e+02
-5.857364244389999612e+02
-5.891803713419999440e+02
-5.886421607900000481e+02
-5.941277567409999847e+02
-5.892081191800000397e+02
-5.839264700019999736e+02
-5.821414049750000004e+02
-5.976922875220000151e+02
-5.806687441630000421e+02
-5.851941074180000442e+02
-5.634513890919999994e+02
-5.687211753489999637e+02
-5.852777405719999706e+02
-5.872674473230000558e+02
-5.986073741229999996e+02
-5.966471377809999694e+02
-6.031972166440000365e+02
-5.944912082340000552e+02
-5.950149937779999618e+02
-5.943446861329999820e+02
-5.992433288869999615e+02
-5.923690206979999857e+02
-6.012120833970000149e+02
-5.884760594660000379e+02
-5.982134230679999973e+02
-5.883390234879999525e+02
-5.995582467579999957e+02
-5.861452757509999856e+02
-5.931077946210000391e+02
-6.001354252080000151e+02
-5.962752939240000387e+02
-6.004068348380000089e+02
-6.032976281049999443e+02
-5.929594493219999549e+02
-5.921547191930000054e+02
-5.959455899340000542e+02
-6.007027922080000053e+02
-5.926528734360000499e+02
-5.964914271789999702e+02
-5.993556531780000114e+02
-5.946601786319999974e+02
-5.910511803919999920e+02
-5.907437402580000025e+02
-6.036891030660000297e+02
-5.943487374060000548e+02
-5.884345465239999839e+02
-5.996200456289999465e+02
-5.674637067449999677e+02
-6.033873015530000430e+02
-5.848079408429999830e+02
-5.897641332319999492e+02
-5.921023308579999593e+02
-5.968008859479999728e+02
-5.932908048619999590e+02
-5.827633531809999567e+02
-5.889477642650000462e+02
-5.957192221020000034e+02
-5.867943808600000466e+02
-5.872106674560000101e+02
-5.957760413669999480e+02
-5.864847155439999824e+02
-5.866681731600000376e+02
-5.891610749819999455e+02
-5.919261289370000441e+02
-5.998255874190000441e+02
-5.943256890049999583e+02
-5.813798614229999657e+02
-5.988207523840000022e+02
-5.941528817869999557e+02
-5.951356722990000208e+02
-5.942668292409999822e+02
-5.941679425249999440e+02
-5.764815698869999778e+02
-5.866045609579999791e+02
-5.925636331130000372e+02
-5.972875273859999652e+02
-5.896812001030000374e+02
-5.941542357280000033e+02
-6.004279993019999893e+02
-5.940491640689999713e+02
-5.883043013740000333e+02
-5.956758038750000424e+02
-6.008131844819999969e+02
-5.945232364309999866e+02
-6.002130386779999753e+02
-6.012619045080000433e+02
-5.949575460830000111e+02
-5.962685591639999529e+02
-6.030293278010000222e+02
-5.862095371780000050e+02
-5.980826721969999653e+02
-6.027245067889999746e+02
-5.918702121889999717e+02
-5.936452173159999575e+02
-5.910073711019999791e+02
-5.974958576679999851e+02
-5.985006742799999984e+02
-5.900471803049999835e+02
-5.936896977249999736e+02
-5.939934940470000129e+02
-6.021983562399999528e+02
-5.927221867810000049e+02
-5.912660449759999892e+02
-5.970445713230000138e+02
-5.888290175820000059e+02
-6.000416636039999503e+02
-5.986674832840000136e+02
-5.969053425890000426e+02
-6.001235649789999798e+02
-6.019100124670000014e+02
-5.892768838040000219e+02
-5.915621861639999679e+02
-5.971512803340000346e+02
-5.894812445649999972e+02
-5.838361628239999845e+02
-5.894788792909999984e+02
-5.938010764079999717e+02
-5.912101553710000417e+02
-5.792551154269999643e+02
-6.032930928680000306e+02
-5.971795922759999939e+02
-6.036913810280000234e+02
-5.871523610279999730e+02
-5.979804371330000095e+02
-5.964184863670000141e+02
-5.889692739089999804e+02
-5.930181592779999846e+02
-5.926572862010000335e+02
-5.872514150060000020e+02
-5.783125885089999656e+02
-5.833767547390000345e+02
-5.823984191790000295e+02
-5.832946140289999448e+02
-5.913747813429999951e+02
-5.959657913480000389e+02
-5.993669009899999764e+02
-5.724658367519999729e+02
-5.974804697639999631e+02
-5.935486034240000208e+02
-5.872123696359999485e+02
-5.986941360710000026e+02
-5.910708075720000352e+02
-5.950353545789999998e+02
-5.952569068130000005e+02
-6.025783902429999443e+02
-5.828772901769999635e+02
-6.033752552199999855e+02
-5.846599678779999749e+02
-5.700404074130000254e+02
-5.900427886170000420e+02
-6.027126074919999610e+02
-5.921235266370000545e+02
-5.898986331270000392e+02
-5.905567262979999441e+02
-6.034803131390000317e+02
-5.916942061250000506e+02
-5.916982512329999508e+02
-5.850721990920000053e+02
-5.804256141519999801e+02
-5.934502238390000457e+02
-5.890451648299999761e+02
-5.998464586329999975e+02
-5.920200121819999595e+02
-5.858030101020000302e+02
-5.660815812619999861e+02
-5.888983278289999816e+02
-5.905453193910000209e+02
-5.990316497430000027e+02
-5.960940755939999462e+02
-5.867503710439999622e+02
-5.866086883169999737e+02
-5.808023599800000056e+02
-5.723656183809999902e+02
-5.836373797600000444e+02
-5.817681063600000471e+02
-5.792080671200000097e+02
-5.777304668870000341e+02
-5.615307190949999949e+02
-6.009166104619999942e+02
-6.024478630260000500e+02
-5.939088577090000172e+02
-5.969297542150000027e+02
-5.988902115869999534e+02
-5.956043701789999432e+02
-5.930820704909999677e+02
-5.924359858489999624e+02
-5.978502070959999628e+02
-5.955671530969999594e+02
-5.781077852119999534e+02
-5.728061340960000507e+02
-6.006724810470000193e+02
-5.982761442260000422e+02
-6.034576078520000237e+02
-5.977575172049999992e+02
-5.865136580119999508e+02
-5.852254072959999576e+02
-5.931413513689999490e+02
-5.948136374670000350e+02
-5.904139052629999469e+02
-5.968152072630000475e+02
-6.005522668249999469e+02
-6.040288098390000187e+02
-5.829387403069999891e+02
-6.005961872809999704e+02
-5.880580894930000113e+02
-5.966617977800000290e+02
-6.045640854519999721e+02
-5.995706898879999471e+02
-5.994867506240000239e+02
-6.017236299940000208e+02
-5.891246206289999918e+02
-5.876786775849999458e+02
-5.950329363969999577e+02
-5.845463470229999530e+02
-5.920996964260000368e+02
-5.928363324719999810e+02
-6.033579104689999895e+02
-5.934609051700000464e+02
-5.951090929739999638e+02
-5.569434958309999502e+02
-5.909796025409999629e+02
-5.962274695959999917e+02
-5.940677638820000084e+02
-6.026984517810000170e+02
-6.006617467620000070e+02
-6.038488707149999755e+02
-6.016711450660000082e+02
-5.894002013890000171e+02
-5.995973451249999471e+02
-5.893226279870000326e+02
-6.057347493140000552e+02
-6.032648025439999628e+02
-5.948020161629999620e+02
-5.956925882580000007e+02
-5.855162433010000314e+02
-5.928035632559999613e+02
-6.024365385139999489e+02
-6.012014354499999627e+02
-5.971623108759999923e+02
-6.008707478339999852e+02
-5.879836181760000500e+02
-5.974413372019999997e+02
-5.904666149449999466e+02
-5.916749518799999805e+02
-6.041517871309999919e+02
-6.046130151500000238e+02
-5.829494989160000387e+02
-5.955078243489999750e+02
-5.844959006699999691e+02
-5.909729811270000255e+02
-5.975952195410000058e+02
-5.991403896790000090e+02
-5.865286588730000403e+02
-6.011109287189999577e+02
-5.845197677319999912e+02
-5.904685049360000448e+02
-5.966144224739999800e+02
-5.854429485120000436e+02
-5.975231486699999550e+02
-6.019922781579999764e+02
-5.918249196990000200e+02
-6.009388550099999975e+02
-5.984013960519999955e+02
-5.923459369470000411e+02
-5.693309400169999890e+02
-5.939635570619999498e+02
-6.039663408549999986e+02
-6.005676730420000240e+02
-6.025993443260000504e+02
-5.959140107829999806e+02
-5.895107652179999604e+02
-5.879350526519999676e+02
-6.002958669250000412e+02
-5.775546106020000252e+02
-5.956855923460000213e+02
-6.005655066550000356e+02
-5.868442193099999713e+02
-5.791691794780000464e+02
-6.003225395969999454e+02
-5.875280044260000523e+02
-6.016796526890000223e+02
-5.969679305829999976e+02
-5.785222409729999526e+02
-5.798766524860000118e+02
-5.940506532550000429e+02
-5.936277178399999457e+02
-5.815358780169999591e+02
-5.985829148289999466e+02
-5.813564144160000069e+02
-5.932861200360000566e+02
-5.848862926309999466e+02
-5.898517858709999473e+02
-5.890125147710000419e+02
-5.963492391580000458e+02
-5.994122849220000262e+02
-5.914633862050000062e+02
-5.984721612419999701e+02
-5.936032060899999578e+02
-6.012161410590000514e+02
-5.691145290309999609e+02
-5.857355406279999670e+02
-5.896059170790000508e+02
-5.767743502209999633e+02
-6.001372373369999877e+02
-5.850479036230000247e+02
-6.009607469779999747e+02
-5.941430120119999856e+02
-5.899782686620000050e+02
-5.962881889559999991e+02
-5.992711864169999672e+02
-5.994160350619999917e+02
-6.026681201630000260e+02
-5.984816812369999752e+02
-5.980415276910000557e+02
-5.984728123419999974e+02
-5.639827562599999737e+02
-5.797029728930000374e+02
-5.858148128330000191e+02
-5.861687527840000485e+02
-5.809458961479999743e+02
-5.796085419270000330e+02
-5.762849762910000209e+02
-5.838512719660000130e+02
-5.750212335779999648e+02
-5.957761772129999827e+02
-5.928648935200000096e+02
-5.982194970130000229e+02
-5.886083663110000543e+02
-5.967079469640000298e+02
-5.989761114189999489e+02
-6.001172174619999851e+02
-5.794743718329999638e+02
-5.923001365149999629e+02
-5.930721194230000037e+02
-6.006940986979999479e+02
-5.941720764770000187e+02
-5.927543797270000141e+02
-5.948617574690000538e+02
-5.986956521780000458e+02
-5.785687391379999553e+02
-5.913318567310000162e+02
-5.971747105199999623e+02
-5.903848320079999894e+02
-5.972818625359999487e+02
-5.934507992789999662e+02
-5.797107509600000412e+02
-5.930948118940000313e+02
-6.007188824290000184e+02
-6.008392472929999713e+02
-6.046047804090000000e+02
-5.958363795879999998e+02
-6.001009145629999466e+02
-5.947287989290000496e+02
-5.916393785069999467e+02
-5.966375789669999676e+02
-6.025927479130000393e+02
-6.003905592950000027e+02
-6.030232742819999885e+02
-6.034318116849999569e+02
-5.915952085129999887e+02
-5.844954718709999497e+02
-5.791748246089999839e+02
-5.778140976810000211e+02
-5.887591024659999448e+02
-5.941091740870000422e+02
-5.868022899830000370e+02
-5.969478705020000007e+02
-5.971849093089999769e+02
-5.983406359159999965e+02
-6.000626595359999556e+02
-5.925948643079999556e+02
-6.029972102469999982e+02
-5.670376180050000130e+02
-6.018461957040000243e+02
-5.925089677070000107e+02
-5.856796721890000299e+02
-5.972874759649999987e+02
-6.032739855419999913e+02
-5.903870781159999979e+02
-5.946159301659999983e+02
-5.904079645440000377e+02
-5.983646134919999895e+02
-5.973482678399999486e+02
-6.026104273209999747e+02
-6.006864771729999575e+02
-5.894919121299999460e+02
-5.892376554390000365e+02
-5.840409864529999595e+02
-6.044761806699999624e+02
-5.854255852640000057e+02
-5.985091116950000014e+02
-5.994163521780000110e+02
-5.971973127160000558e+02
-5.969276244669999869e+02
-6.016848801229999708e+02
-5.948453777749999745e+02
-5.868456170839999686e+02
-5.839058143700000301e+02
-5.987519920879999518e+02
-5.906433258219999516e+02
-5.924581505539999853e+02
-5.934079549819999784e+02
-5.827712057659999800e+02
-5.862777764969999907e+02
-5.920450215859999616e+02
-5.806401395530000400e+02
-5.926945992129999468e+02
-5.870963628690000178e+02
-5.878684780229999660e+02
-5.997156773089999433e+02
-6.034761384070000076e+02
-5.859535893510000051e+02
-5.897974988710000162e+02
-5.959434806900000012e+02
-5.883656357219999791e+02
-5.807526743720000013e+02
-5.960471613930000103e+02
-5.943303583780000281e+02
-6.005964535970000497e+02
-5.920426764479999520e+02
-5.980860226260000445e+02
-5.966547747050000225e+02
-5.877401619889999438e+02
-5.905469657009999764e+02
-5.961522849489999771e+02
-6.006150073060000523e+02
-5.954027720389999558e+02
-6.005924636219999684e+02
-6.017060841359999586e+02
-5.921562548440000455e+02
-6.017218260089999831e+02
-5.945984626480000088e+02
-5.981169848629999706e+02
-5.920803974699999799e+02
-5.999569294420000460e+02
-5.902020868600000085e+02
-5.977001221330000362e+02
-5.990437271429999555e+02
-5.881991800170000033e+02
-5.925453124680000201e+02
-5.872427322329999697e+02
-5.937003950939999868e+02
-5.969526728590000175e+02
-5.857436059770000156e+02
-5.895543297420000499e+02
-5.872850477900000215e+02
-5.977584760329999654e+02
-6.003352481560000342e+02
-5.885529842830000007e+02
-5.799938829720000513e+02
-5.960907871040000146e+02
-5.961506564239999761e+02
-5.964050139299999955e+02
-5.944669161670000221e+02
-5.908861631209999814e+02
-5.927713740059999736e+02
-6.006387425829999529e+02
-5.933494410179999932e+02
-6.006472879369999873e+02
-6.006737245220000432e+02
-5.740232123649999494e+02
-6.018543304800000442e+02
-5.990947710020000159e+02
-5.891241985189999468e+02
-5.986775764770000023e+02
-6.002383956730000136e+02
-6.000365354780000189e+02
-6.003115610229999675e+02
-5.937390217439999560e+02
-5.966298946319999459e+02
-5.813464928859999645e+02
-5.921579079629999569e+02
-5.852016135889999759e+02
-5.904173415129999967e+02
-5.878344861770000307e+02
-5.934425215999999637e+02
-5.876278160330000446e+02
-5.874963338500000418e+02
-6.010161131930000238e+02
-5.982249291849999508e+02
-5.903015530339999941e+02
-5.771151567099999511e+02
-5.944672701529999586e+02
-5.899082874599999968e+02
-5.891789411989999508e+02
-5.945424722879999990e+02
-5.851854882210000142e+02
-5.977959662600000001e+02
-5.888370037690000345e+02
-5.945974387820000402e+02
-5.982623187630000530e+02
-5.994233388430000105e+02
-5.963388647650000394e+02
-5.999858362280000392e+02
-5.973124382460000561e+02
-5.934239926080000487e+02
-5.948622270959999696e+02
-5.964606172449999804e+02
-5.883908684299999550e+02
-5.931914585230000512e+02
-5.894679570020000483e+02
-5.788214631910000207e+02
-5.872857777409999471e+02
-6.019528315889999703e+02
-5.901933221809999850e+02
-5.940387975039999446e+02
-5.880201486370000339e+02
-5.883363943750000544e+02
-5.747054584549999845e+02
-5.869246145199999773e+02
-5.878587747049999734e+02
-5.805567748610000081e+02
-6.011239737719999994e+02
-5.977267368149999811e+02
-6.031877239630000531e+02
-5.966600674970000000e+02
-5.918338022000000365e+02
-5.975041730540000344e+02
-5.808146458910000547e+02
-5.881030426920000309e+02
-5.757914446600000247e+02
-5.834313988669999844e+02
-5.915123688500000299e+02
-5.892952002900000252e+02
-6.030630399110000326e+02
-5.997977210400000558e+02
-5.831513530700000274e+02
-5.722295749329999808e+02
-5.895694714170000452e+02
-5.997432984529999658e+02
-5.954357469980000133e+02
-6.000689792660000421e+02
-5.849290152329999728e+02
-5.913247484690000420e+02
-5.908878100609999819e+02
-5.884354485269999486e+02
-5.950138812530000223e+02
-5.655686149900000146e+02
-5.932129714520000334e+02
-5.981021126480000021e+02
-5.808890436279999676e+02
-5.956344460200000412e+02
-5.964791764230000126e+02
-5.793267923399999972e+02
-5.854951326520000521e+02
-6.005367806760000349e+02
-5.891812426669999923e+02
-5.821820391820000395e+02
-5.887035852010000099e+02
-5.982933612389999780e+02
-5.888677451710000241e+02
-5.907729969289999872e+02
-5.883439017489999969e+02
-5.829138086689999909e+02
-5.850089427469999919e+02
-6.011028964719999976e+02
-5.773569188599999507e+02
-5.873385594269999501e+02
-5.774061315569999806e+02
-5.709160076260000096e+02
-5.601452194910000344e+02
-5.793944633090000025e+02
-5.892764431970000487e+02
-5.946490339109999468e+02
-5.938363000680000141e+02
-5.838389420969999719e+02
-5.818023540440000261e+02
-5.879553814780000494e+02
-5.898479776970000330e+02
-5.884823688760000095e+02
-5.980941186219999963e+02
-6.016185282820000566e+02
-5.869283591979999528e+02
-5.941419991190000474e+02
-6.031623386630000141e+02
-5.819535813520000147e+02
-5.765691686809999510e+02
-5.985699684480000542e+02
-5.989165073819999634e+02
-5.904853466439999465e+02
-5.977111369589999867e+02
-5.899319188749999512e+02
-5.945149170129999447e+02
-6.016146566249999523e+02
-5.995142083680000269e+02
-5.744855956479999577e+02
-5.869881343759999481e+02
-5.762131397580000112e+02
-5.899849462969999649e+02
-5.824093736500000205e+02
-5.942799831500000209e+02
-5.931879342290000068e+02
-5.792038424329999771e+02
-5.894280702610000162e+02
-5.932152431509999815e+02
-5.963558135389999961e+02
-5.977428404119999641e+02
-6.029429495120000411e+02
-5.953578851250000525e+02
-5.977879144180000139e+02
-5.854289041319999569e+02
-5.911035312650000151e+02
-5.890583635440000307e+02
-5.904243658269999742e+02
-5.886513915309999447e+02
-6.047186538009999595e+02
-6.032317674519999855e+02
-5.931781861619999745e+02
-5.805473542830000042e+02
-5.971028962389999606e+02
-6.005845787409999730e+02
-5.938685724150000169e+02
-5.996161302059999798e+02
-5.969157094600000164e+02
-5.999753565570000546e+02
-6.052704128020000098e+02
-5.902052040600000282e+02
-5.953573852580000221e+02
-5.973217054560000179e+02
-5.984528499220000413e+02
-5.882884308750000173e+02
-5.930521114519999628e+02
-5.953882083620000003e+02
-5.986264287569999851e+02
-5.923473845930000152e+02
-6.017116954589999978e+02
-5.969827544439999656e+02
-5.961415427790000194e+02
-5.771317456279999760e+02
-5.974060030450000340e+02
-5.876322835119999581e+02
-5.907442093339999474e+02
-5.941242654310000262e+02
-5.842716493269999773e+02
-5.921726978670000108e+02
-5.993312218529999882e+02
-5.937372929000000568e+02
-5.972042102960000420e+02
-5.989655101309999736e+02
-5.991250231840000424e+02
-5.911640397099999973e+02
-5.802748581160000185e+02
-5.951522354149999501e+02
-5.964566146470000376e+02
-5.968073183510000490e+02
-5.952206480249999458e+02
-5.960951612860000068e+02
-5.748140326039999763e+02
-5.878303936319999821e+02
-5.847563114619999851e+02
-5.985687526619999517e+02
-5.949904277289999754e+02
-5.901879688220000162e+02
-5.633949399800000037e+02
-5.961812798910000311e+02
-5.932253472710000324e+02
-5.957081528869999829e+02
-5.952198234249999587e+02
-5.977853652820000434e+02
-5.935688075150000031e+02
-5.946127360509999562e+02
-5.921822609079999893e+02
-5.944435647789999848e+02
-5.824738254080000388e+02
-5.933040020160000267e+02
-5.872358149640000420e+02
-5.780177584130000241e+02
-5.989044996290000427e+02
-6.026264512469999772e+02
-5.937417667350000556e+02
-5.980837154690000261e+02
-5.913941125879999845e+02
-6.008491826900000206e+02
-5.927306139249999433e+02
-5.878496287110000367e+02
-5.777631824490000554e+02
-5.949525313980000192e+02
-5.964290999690000490e+02
-5.944062611780000225e+02
-5.980856300189999502e+02
-5.741088209639999604e+02
-5.900076603559999739e+02
-5.950721328619999895e+02
-5.968620665559999452e+02
-5.851036427479999702e+02
-5.947348122820000071e+02
-5.948458881789999850e+02
-5.911314829890000055e+02
-5.965820785820000083e+02
-5.891367426260000002e+02
-5.928962574670000549e+02
-5.880898493749999716e+02
-5.947608021070000177e+02
-5.905469678189999740e+02
-6.014250084349999952e+02
