4.869384149972149523e+00
4.825512408024665412e+00
4.767662005637564704e+00
4.796616098876373080e+00
4.791168333506974797e+00
4.765219092549680013e+00
4.685412468502639705e+00
4.577404832435076898e+00
4.568013353745805638e+00
4.538610360011090528e+00
4.516883328136780840e+00
4.478806649097502479e+00
4.473966696344531258e+00
4.410310079801646133e+00
4.330759517682781556e+00
4.290009440549053643e+00
4.304233845877800668e+00
4.261687693860261916e+00
4.205090367637775550e+00
4.164096300519477545e+00
4.129564020571662830e+00
4.148831642764020167e+00
4.160607407578850392e+00
4.220626493780278210e+00
4.175680303854691466e+00
4.157350839176313428e+00
4.119917717624952402e+00
4.081441902073335015e+00
4.075671969135887807e+00
4.004150971179782914e+00
3.941327821940215248e+00
3.849491524864030900e+00
3.819102905133612058e+00
3.746838000234331112e+00
3.691401224467478759e+00
3.618296007791512725e+00
3.514533681727918690e+00
3.408569347981642572e+00
3.448590146712131155e+00
3.483275470013820208e+00
3.424623482954002096e+00
3.483508145533752209e+00
3.541327575924034576e+00
3.529144513901350866e+00
3.534582577900819089e+00
3.616991152878314519e+00
3.533641040060520933e+00
3.524168270670400283e+00
3.488507130564591385e+00
3.468640367636864230e+00
3.446552770523033882e+00
3.387012400331595785e+00
3.450934656002631495e+00
3.489209795928012170e+00
3.503875568566897414e+00
3.469257845707061083e+00
3.408579029449075204e+00
3.373341370214404833e+00
3.363523450193264264e+00
3.323326947503058904e+00
3.296033221919949074e+00
3.221945530265836410e+00
3.162501699604286287e+00
3.092522918265926180e+00
3.055610577282386942e+00
3.090521800602610725e+00
3.082765154856918155e+00
3.017972995240348233e+00
2.927234872708372571e+00
2.872993908799668983e+00
2.860756543294098453e+00
2.834803167770206578e+00
2.692605615384473516e+00
2.649957358147485564e+00
2.709822687926278117e+00
2.731624791218588921e+00
2.719684172840662661e+00
2.679807642350472641e+00
2.757064018117824311e+00
2.751753622692264312e+00
2.719493519021511041e+00
2.714124905010821376e+00
2.700811914961869675e+00
2.771027787662909692e+00
2.749835085964247305e+00
2.702814459040797868e+00
2.689792742945076753e+00
2.639152326031978468e+00
2.705847187111644292e+00
2.719414091307169823e+00
2.737215738665844000e+00
2.729196585077739989e+00
2.712863063259920438e+00
2.726226329562532857e+00
2.753552795934735897e+00
2.717072505473492328e+00
2.690664787742984565e+00
2.692509238609962274e+00
2.750720087540715397e+00
2.764473548435578909e+00
2.751216821699081994e+00
2.714587629825200743e+00
2.722487281880303200e+00
2.727226246573613011e+00
2.780306817601251979e+00
2.709441824435431467e+00
2.725027889765534006e+00
2.681391243366025634e+00
2.716245386558438391e+00
2.718819412907006239e+00
2.783632339228728103e+00
2.709612887480423726e+00
2.698902369482823804e+00
2.804486405743482624e+00
2.761898079220158397e+00
2.826709394331153646e+00
2.841780075938319161e+00
2.827915309905868035e+00
2.884874693985858496e+00
2.900802992276448666e+00
2.903188075202845386e+00
2.899724469669489046e+00
2.908757982369794881e+00
2.927990607908434129e+00
2.934494675408357178e+00
2.977320103717435273e+00
2.926053485498855355e+00
2.915999657064451078e+00
2.902349737712531574e+00
2.852875041076982754e+00
2.880381224768693738e+00
2.854356670074712721e+00
2.916537159029522819e+00
2.955156002650282776e+00
2.929568056898491424e+00
2.886343881106337772e+00
2.814249633561315633e+00
2.830446784520069148e+00
2.842138983230763749e+00
2.895968749831392852e+00
2.871842788176261152e+00
2.884125690742343817e+00
2.905631428794781090e+00
2.883694331929096855e+00
2.820093792766474650e+00
2.777524797369053111e+00
2.707293851801093165e+00
2.725054678350510073e+00
2.745110198152343806e+00
2.779305308885657411e+00
2.759339413700315546e+00
2.720882393636299579e+00
2.732880165686010887e+00
2.764695281581678987e+00
2.749055292277694296e+00
2.743983600534085188e+00
2.724062040409505947e+00
2.797054522171492863e+00
2.767794970730310666e+00
2.843426981654356034e+00
2.859786880171318213e+00
2.844652702879562511e+00
2.863411426952124472e+00
2.939928400488692528e+00
2.859225244712280123e+00
2.800805776914921719e+00
2.773854718618117943e+00
2.822506155883455214e+00
2.861801181074604017e+00
2.930084981702749225e+00
2.917654366096162466e+00
2.912599697864435289e+00
2.888887848290410787e+00
2.875052869079106177e+00
2.894311317049359289e+00
2.839674981401920650e+00
2.813748745001941387e+00
2.821429779384913239e+00
2.852034536957783750e+00
2.935498083801111768e+00
2.918143587968214270e+00
2.842254211009282550e+00
2.827574755864113332e+00
2.816041192880530009e+00
2.817136489416159240e+00
2.842326511856088533e+00
2.782088603908940971e+00
2.752140984760773179e+00
2.796615275650192078e+00
2.825259811061630710e+00
2.866637577371788925e+00
2.892374284217034131e+00
2.887611123402872515e+00
2.834132847980136205e+00
2.874862605412648264e+00
2.798809389722708207e+00
2.776969211208507371e+00
2.811944700736485281e+00
2.802826787370207740e+00
2.825037698863503532e+00
2.818863068685671269e+00
2.784552028603524132e+00
2.764059514554634056e+00
2.766162142753023634e+00
2.798684155098606130e+00
2.751245172644560810e+00
2.765205598142749022e+00
2.807237966400426110e+00
2.749779082035500810e+00
2.709334604658494960e+00
2.731927341639964091e+00
2.772391386510930644e+00
2.747200211124045222e+00
2.817285395553670302e+00
2.774453099261186217e+00
2.750182903008453028e+00
2.762069151922160071e+00
2.846646799306159270e+00
2.876413391708500633e+00
2.844178791848360532e+00
2.889656380956047155e+00
2.929605263512474966e+00
2.868374103913225337e+00
2.877343392784392773e+00
2.844552337363473349e+00
2.878040305485661587e+00
2.898731446684911894e+00
2.907075162427005477e+00
2.905340599654367306e+00
2.855871495708446783e+00
2.787402733729017257e+00
2.778107449325889267e+00
2.742870212022435528e+00
2.758692625139669286e+00
2.729396636621361782e+00
2.777248638490979360e+00
2.793309327661366748e+00
2.849815432620154798e+00
2.861333605156868742e+00
2.879445953651500911e+00
2.851241308623316151e+00
2.899405801194444798e+00
2.900973802018901537e+00
2.885475697350438740e+00
2.859311455578072980e+00
2.839668642641250074e+00
2.882136186928022425e+00
2.890797467827865397e+00
2.887214228283034867e+00
2.894219411171170986e+00
2.913943376251501682e+00
2.908055192048459414e+00
2.854885636938895299e+00
2.775170445215933146e+00
2.785589524678752760e+00
2.711763632767428600e+00
2.770576293842131221e+00
2.775115493092134678e+00
2.803880525272073765e+00
2.858216401884224211e+00
2.871021769335788232e+00
2.855780278662908511e+00
2.869338076978730445e+00
2.833436605961036747e+00
2.790136376595237611e+00
2.765271415250228237e+00
2.788509637781444006e+00
2.717270137472533431e+00
2.728918833530964427e+00
2.754084239815478341e+00
2.750851686296445830e+00
2.805862077864840209e+00
2.777949243596793849e+00
2.803296095670237520e+00
2.807235116622759818e+00
2.764910667634671082e+00
2.769101478819438356e+00
2.711391893474641268e+00
2.730743122302059067e+00
2.752693408282149701e+00
2.736046965971161704e+00
2.731038447184514162e+00
2.722009184407723215e+00
2.720975009073034467e+00
2.745397239016605262e+00
2.787099029456972854e+00
2.759480204676235893e+00
2.778543863249238299e+00
2.824998053096674067e+00
2.842684822487361540e+00
2.783013294973633034e+00
2.779287318720394584e+00
2.801209203183510965e+00
2.720040624696623777e+00
2.785741732465520482e+00
2.819058176058096610e+00
2.865308534870198098e+00
2.933199447702115936e+00
2.865738473762041938e+00
2.783607192116014151e+00
2.798802065170026054e+00
2.866057396494354759e+00
2.830525746217476435e+00
2.863053090670866663e+00
2.866009071862823276e+00
2.893470580462154551e+00
2.904645417258361562e+00
2.852327821271601227e+00
2.828682732297844726e+00
2.817538464688636335e+00
2.804990196061298402e+00
2.835663767092283738e+00
2.824218298928041104e+00
2.821684957609548405e+00
2.804272454666272285e+00
2.816131033883189083e+00
2.779551402654751868e+00
2.873456107199134024e+00
2.939153109315675305e+00
2.908874868398432678e+00
2.863129057517317388e+00
2.835524113810354851e+00
2.818354307038063222e+00
2.871476797747110954e+00
2.820618549183849133e+00
2.769040628087641842e+00
2.726901171659875445e+00
2.731498306790615338e+00
2.723060410640938844e+00
2.764635419001934213e+00
2.781414208635599739e+00
2.844992970114337716e+00
2.897766898837792926e+00
2.951505886831330638e+00
2.877589268815130996e+00
2.851224649163934366e+00
2.794871374500086159e+00
2.789315865942758155e+00
2.814230623101099393e+00
2.809395842525577613e+00
2.843074568139217995e+00
2.849318865974813431e+00
2.826700196342017524e+00
2.836385199510108368e+00
2.769247009567763484e+00
2.752698675845214993e+00
2.745994173336863131e+00
2.708893501044291607e+00
2.717916481424696329e+00
2.736036914955644495e+00
2.808192657208546716e+00
2.727953628638140948e+00
2.758843417086225713e+00
2.719974448409396395e+00
2.748438647668890678e+00
2.766122195420874341e+00
2.785387764746589223e+00
2.760441269072754444e+00
2.732234616573034902e+00
2.816901311725350077e+00
2.835099645515127609e+00
2.871597464826851187e+00
2.887734752362134838e+00
2.887464112331094679e+00
2.842423965561788002e+00
2.822376658066743982e+00
2.842582804422766340e+00
2.876877995327573601e+00
2.899102274843024407e+00
2.814603702122201234e+00
2.846722677044604577e+00
2.901624544974763076e+00
2.802645357514931934e+00
2.833659471425598486e+00
2.799153800704777151e+00
2.760148727876814867e+00
2.796636551287992933e+00
2.824054355000980010e+00
2.763986070876624179e+00
2.754090775555519066e+00
2.803459470012006349e+00
2.857339321816713795e+00
2.871611046085454699e+00
2.828400961674281344e+00
2.804940641083158326e+00
2.734141730049852281e+00
2.794296691477123673e+00
2.828510915658625891e+00
2.806204019667850158e+00
2.790640249118470972e+00
2.738536287873505337e+00
2.775949927502295189e+00
2.801962348069652275e+00
2.749226072915794017e+00
2.727388127861526179e+00
2.755779563027493051e+00
2.804035841425712050e+00
2.872055187492051243e+00
2.926225726084712431e+00
2.949750328417644063e+00
2.861390745773810362e+00
2.885338108437207172e+00
2.874753902510613024e+00
2.857934568880120985e+00
2.856266444153976014e+00
2.824410912031038112e+00
2.761600441772849468e+00
2.798304665328634311e+00
2.749290453917155652e+00
2.724349830693554964e+00
2.838127551749568767e+00
2.875152343789803222e+00
2.815927200763542526e+00
2.851531518324845749e+00
2.805001426024593236e+00
2.809881136276052516e+00
2.834361480122110422e+00
2.880390598512639677e+00
2.862258199394317248e+00
2.821833092158358092e+00
2.796255710767525660e+00
2.779515065618460845e+00
2.829205365469251721e+00
2.888192514359110952e+00
2.862440392392477051e+00
2.863247456997036977e+00
2.868787374484208730e+00
2.825938074339209738e+00
2.810078646586247952e+00
2.807133947641259120e+00
2.806269766077380989e+00
2.837169187764452261e+00
2.853727562329662959e+00
2.884888559372788208e+00
2.839946830488205176e+00
2.819098614805803038e+00
2.832203029445452991e+00
2.836827277082621723e+00
2.903439684236612361e+00
2.926704802333162991e+00
2.921822889909653664e+00
2.919484372282201257e+00
2.977779373963087561e+00
2.941697129209599471e+00
2.792897778294078481e+00
2.707632360568915875e+00
2.748101526508801129e+00
2.756078554758554233e+00
2.825150615453979164e+00
2.809825083523883382e+00
2.782832010740137640e+00
2.771138574665655607e+00
2.724516287343498266e+00
2.730192850331273124e+00
2.770585678155433218e+00
2.824674848544519001e+00
2.798464043006448687e+00
2.777326412217332674e+00
2.752676697325713739e+00
2.766630622255164429e+00
2.797224517267071331e+00
2.863323942553479551e+00
2.940001360543902820e+00
2.953268697562075662e+00
2.916099106683447850e+00
2.932888337458485317e+00
2.898129914272305374e+00
2.907407608162295709e+00
2.875859175968114023e+00
2.915138761705863946e+00
2.933721527343725377e+00
2.869562510209526351e+00
2.870086409849013531e+00
2.844659733606112795e+00
2.813853940772335083e+00
2.850675007783244563e+00
2.877801591493061917e+00
2.875491957909115825e+00
2.900263953504921943e+00
2.910210645297003129e+00
2.884250335875857996e+00
2.832879983338510765e+00
2.896615438749162053e+00
2.867216420153874346e+00
2.814727340258732280e+00
2.805459855353485743e+00
2.741106528393232544e+00
2.795897887978028518e+00
2.815585374304959476e+00
2.759456105829552808e+00
2.751501771760287429e+00
2.774415073488464056e+00
2.799458697677106311e+00
2.875823708087823505e+00
2.938507444264859991e+00
2.925044273169211007e+00
2.859721140251266114e+00
2.815561578087042882e+00
2.759950361872473668e+00
2.739336598521620036e+00
2.766965124463985681e+00
2.721191834472534765e+00
2.764318722578856136e+00
2.804750612799647769e+00
2.850600287658723975e+00
2.875285203245061982e+00
2.892302024339781674e+00
2.937867423829740865e+00
2.864551971949540476e+00
2.866131539200529765e+00
2.843582775303015620e+00
2.834345779893483019e+00
2.780621693075129741e+00
2.739351383083229674e+00
2.750619384793178135e+00
2.752405130063523497e+00
2.761148130760101349e+00
2.783620843433961767e+00
2.762447646562736114e+00
2.748919060285333504e+00
2.718607547992169859e+00
2.724569874310438955e+00
2.743835454250127093e+00
2.721481030615499286e+00
2.759701070768354025e+00
2.758094450884523319e+00
2.759491619845945376e+00
2.753538087624719743e+00
2.734649703344104843e+00
2.682667888502041187e+00
2.797668314865076944e+00
2.843932840275944507e+00
2.794089118120608450e+00
2.771445110407204204e+00
2.773647057575999497e+00
2.755781921705707127e+00
2.742933101626797043e+00
2.748394986169201193e+00
2.729851827480751947e+00
2.793012352282029820e+00
2.766535197679581337e+00
2.734626299880845046e+00
2.741449434149752395e+00
2.734085221788085107e+00
2.753175620987517114e+00
2.761484021318972193e+00
2.833290842818647182e+00
2.830892085544766790e+00
2.873526578961816735e+00
2.852142002074931959e+00
2.844108471911716673e+00
2.866207598901377551e+00
2.817011537072576122e+00
2.808282571252401549e+00
2.872774616986163654e+00
2.916846584926948260e+00
2.926422730912265013e+00
2.926839421628730342e+00
2.928019979440030784e+00
2.848062850430095327e+00
2.834778650970830149e+00
2.886840660653095192e+00
2.848703740300138954e+00
2.823326052725756430e+00
2.828449928847954986e+00
2.781436679128252099e+00
2.753460549926219691e+00
2.741315195303160035e+00
2.781255112354851899e+00
2.744489934395824893e+00
2.731255022878676275e+00
2.733920445075167294e+00
2.747407141287945276e+00
2.736061768308603259e+00
2.808679404987333150e+00
2.788067789706699440e+00
2.775751249661972508e+00
2.709518222858079195e+00
2.728121331612654021e+00
2.741179673060487598e+00
2.747927946653623277e+00
2.782862195653963866e+00
2.741979029824991088e+00
2.702737501127329356e+00
2.744032980851359937e+00
2.816493919752002917e+00
2.851964936670856154e+00
2.857863887591569618e+00
2.904096589302773257e+00
2.957645854391630635e+00
2.949381799631915602e+00
2.934856214535900953e+00
2.969954881812179259e+00
3.005815363591050726e+00
2.958284300063129368e+00
2.903974173438875095e+00
2.860888148809736631e+00
2.873255122678805673e+00
2.841158390516093757e+00
2.972928858886468628e+00
3.031544490849507945e+00
3.003006826499067916e+00
3.081628465600615208e+00
3.086182269406652967e+00
3.027107695474344773e+00
3.058906013593748696e+00
3.080575757873842857e+00
3.156407609926195956e+00
3.119160944869629581e+00
3.050730568240991314e+00
3.011241272299514993e+00
2.969180695073979415e+00
2.946128476492496429e+00
2.945441393068278124e+00
2.946134586199347538e+00
2.924842901764127312e+00
2.866058268772635920e+00
2.828912511902763161e+00
2.806122591762520102e+00
2.844217467072445604e+00
2.861735312708007850e+00
2.896063707862794878e+00
2.876927701559425898e+00
2.895250420948074055e+00
2.902806572956593278e+00
2.886562315280929436e+00
2.912373259044931828e+00
2.938337284928331350e+00
2.965702277707592316e+00
2.931298858867857238e+00
2.882109990961483348e+00
2.836451832836228704e+00
2.814946891150879260e+00
2.817468012240777586e+00
2.802283533120800918e+00
2.829407535156432729e+00
2.833176838815395726e+00
2.889655169739116403e+00
2.908598631643767973e+00
2.887089364740897501e+00
2.901994831146327503e+00
2.916504414534632161e+00
2.822940842454903176e+00
2.825511281166649180e+00
2.800958407402723171e+00
2.696667943963439118e+00
2.733891914469187334e+00
2.716702780946049334e+00
2.743796275236191740e+00
2.801718936652997094e+00
2.768658519933435258e+00
2.795737648635865824e+00
2.803407034306648615e+00
2.870622406378100955e+00
2.916558245603883215e+00
2.808140309884817665e+00
2.870999477533912714e+00
2.869780653638880796e+00
2.918719753590604871e+00
2.838309532098287402e+00
2.800474602634345889e+00
2.820498182945700538e+00
2.712191180577062433e+00
2.774342084170587253e+00
2.772272894215142447e+00
2.747585667454247371e+00
2.778113028658121486e+00
2.815018472408307382e+00
2.879907811024512654e+00
2.895424839293881725e+00
2.830959378020108552e+00
2.809906760018915151e+00
2.873733808131853085e+00
2.887854220697437135e+00
2.855933122466280949e+00
2.815510078120836646e+00
2.879154910733356054e+00
2.923459081293938500e+00
2.887092828434859815e+00
2.825813334245558472e+00
2.798271430722902409e+00
2.726894754111349961e+00
2.740773066125687052e+00
2.774414893270290783e+00
2.785673886153941403e+00
2.742778700515227097e+00
2.751764706511077740e+00
2.767339155217516833e+00
2.744217192570587827e+00
2.791155495489278771e+00
2.803928315774139257e+00
2.747739070581484810e+00
2.773486253796835221e+00
2.818530822964333105e+00
2.766980664912568777e+00
2.772555860573417075e+00
2.827499425287297363e+00
2.810624485768242753e+00
2.801988579562735726e+00
2.771994588739307375e+00
2.717327547425962830e+00
2.748012190657094234e+00
2.815600113652505065e+00
2.795068693252457770e+00
2.791321192553805286e+00
2.767344936938653355e+00
2.741313553754841870e+00
2.795614601478537242e+00
2.734950822226973610e+00
2.767243755074713096e+00
2.775747827162978965e+00
2.755462574596142300e+00
2.785950825122367469e+00
2.815355927764729316e+00
2.810781386020620776e+00
2.847133646318697142e+00
2.884126557556030868e+00
2.896148822142949886e+00
2.860575641370107558e+00
2.859712223284014421e+00
2.868750773420375655e+00
2.774547710889109453e+00
2.815738269086812462e+00
2.876238863516032751e+00
2.878395733737804996e+00
2.729373920883688687e+00
2.770923492267514554e+00
2.813869399954447292e+00
2.804060092080767230e+00
2.781946081432923989e+00
2.761823491825645238e+00
2.771348227848676515e+00
2.842603032433477228e+00
2.712840024771088654e+00
2.706945326378056293e+00
2.715839649169295100e+00
2.715272730316422578e+00
2.745686070911967924e+00
2.800336765462325239e+00
2.715473255254045259e+00
2.748885228597222063e+00
2.793024525492033394e+00
2.873884131275998399e+00
2.726936192872873477e+00
2.828026520384842257e+00
2.761776240031042384e+00
2.832839388316958917e+00
2.747079540166247558e+00
2.803174985618985815e+00
2.806790872152751248e+00
2.770911402408962054e+00
2.723458279467486420e+00
2.749677981146156469e+00
2.772095416828216141e+00
2.761704184013921370e+00
2.755433359745794952e+00
2.704391428769141736e+00
2.825893663958358726e+00
2.835443880594359367e+00
2.813033416083072336e+00
2.834327257040019088e+00
2.779376548796510082e+00
2.817946770256670064e+00
2.770792846822006439e+00
2.772832667147442365e+00
2.810939166897783004e+00
2.802439294614604393e+00
2.801378946162050632e+00
2.772880992758254060e+00
2.813343384658189894e+00
2.805997861724060627e+00
2.816061078883056013e+00
2.744440926673409109e+00
2.815515228159847450e+00
2.797972301506932435e+00
2.798214788038974277e+00
2.732982619776422872e+00
2.720220946908541215e+00
2.909646198423444297e+00
2.925115211406210225e+00
2.769109965313765187e+00
2.689364423056124220e+00
2.716697627635435097e+00
2.751791598213789491e+00
2.691262343213682406e+00
2.888773788305341927e+00
2.869596661553675876e+00
2.845962754499784531e+00
2.761353472484100458e+00
2.797685829395430979e+00
2.875484133150451260e+00
2.731079823073649937e+00
2.909877317001525743e+00
2.902192791666329263e+00
2.889705348301103260e+00
2.811363192474426675e+00
2.805240453151922164e+00
2.828285169497588569e+00
2.772967543986045058e+00
2.798991425495977126e+00
2.792758671994413522e+00
2.766563572376387725e+00
2.754857165081340042e+00
2.851885341313706856e+00
2.819451897089219727e+00
2.881036098350730601e+00
2.989151384590616800e+00
2.917216481511099690e+00
2.902562144037574843e+00
2.916731389758062676e+00
2.906276999874581879e+00
2.792691175192846487e+00
2.802702624253954333e+00
2.777461250854815766e+00
2.744766292419082987e+00
2.757782805080922106e+00
2.764940686524758107e+00
2.804962923106114836e+00
2.849267976165105853e+00
2.870540193064713197e+00
2.811713534483910149e+00
2.794340530429317848e+00
2.803403823925479710e+00
2.777440188374900032e+00
2.755222858499834615e+00
2.743782243546306177e+00
2.754135980666169381e+00
2.760397616286465183e+00
2.781960639549021508e+00
2.793726006608378665e+00
2.820610394932274723e+00
2.800247310506698284e+00
2.839935386588927635e+00
2.777607783687250365e+00
2.755757609079579673e+00
2.820576891346874948e+00
2.809231211559489960e+00
2.774125808250231362e+00
2.748847394818417555e+00
2.759286320772094570e+00
2.827484040626931261e+00
2.859277880864327770e+00
2.863433079364698042e+00
2.876995133815835715e+00
2.891391879354993311e+00
2.897300467676764857e+00
2.878353001283894042e+00
2.897560698242574784e+00
2.877771533669759574e+00
2.888772230550550102e+00
2.962381136855958275e+00
2.961331794986843402e+00
2.978287763128338206e+00
2.910431239524480240e+00
2.917613579622908571e+00
2.875831184197013890e+00
2.814217830943440024e+00
2.781571678026651284e+00
2.762997647483616870e+00
2.790689699697908033e+00
2.819244224965265389e+00
2.774023792255574605e+00
2.859416723739301336e+00
2.861788601556725542e+00
2.918482139743191706e+00
2.863353802798389580e+00
2.811279779744449314e+00
2.803320174364676287e+00
2.855222583267371217e+00
2.884338745709317475e+00
2.862653838660902395e+00
2.878204127576777793e+00
2.855367051711565463e+00
2.887774921977126930e+00
2.883864421223715890e+00
2.836276608513351505e+00
2.800161602479400269e+00
2.865409918318843285e+00
2.883086020222081824e+00
2.896637015575130647e+00
2.824359219362862827e+00
2.798244628333984352e+00
2.772595534873415257e+00
2.773159569876930242e+00
2.747020385799857856e+00
2.780416155901846764e+00
2.822834214048001389e+00
2.821996987950200264e+00
2.837016038023049802e+00
2.883392619814374225e+00
2.835565023059777978e+00
2.765235071381816567e+00
2.765022423055552903e+00
2.749353742245621124e+00
2.750161086191134086e+00
2.787906741625336249e+00
2.879548923008602213e+00
2.859944754711181147e+00
2.803147516631973257e+00
2.815162339901555288e+00
2.834928217786122584e+00
2.822963867994062515e+00
2.823703596342930222e+00
2.835125746770326138e+00
2.892279896552198970e+00
2.890886023349934497e+00
2.911095670018421178e+00
2.873624366544799358e+00
2.864459634904985563e+00
2.799633011664207416e+00
2.790079927170546092e+00
2.780260059778580928e+00
2.765434143131960898e+00
2.788870022069870114e+00
2.785163909000689664e+00
2.715883834040034639e+00
2.773249718290799581e+00
2.769822015942540627e+00
2.713303705816950906e+00
2.774386779091913446e+00
2.802432693214950366e+00
2.763312866832128734e+00
2.729435655955275042e+00
2.768205917196190136e+00
2.832553265165547174e+00
2.816034445812053644e+00
2.752770422683301188e+00
2.720222968802373575e+00
2.736000913742537843e+00
2.715610244493859238e+00
2.737822675046724274e+00
2.724136009820361082e+00
2.802984302489045731e+00
2.867874997275857485e+00
2.901282130369260859e+00
2.938553045292869648e+00
2.934295315744480881e+00
2.933979379613973926e+00
2.925106493787875905e+00
2.865293353218828720e+00
2.868220528481030041e+00
2.901073249678470134e+00
2.891747395607023208e+00
2.896896615345463388e+00
2.853598605270194710e+00
2.732578452670663793e+00
2.726794088302231689e+00
2.734764889346066319e+00
2.763242479407118424e+00
2.743463139901828551e+00
2.769428099806889865e+00
2.771146513629331398e+00
2.789724717602079185e+00
2.775637944689472558e+00
2.817273327172924446e+00
2.907643891538302050e+00
2.931408705724945829e+00
2.890037543008741050e+00
2.820776134328990103e+00
2.874078634971562796e+00
2.900326016157493747e+00
2.924841363219550683e+00
2.885530107276650824e+00
2.862426418268249950e+00
2.891892978656022350e+00
2.919221471557099434e+00
2.835559380439774735e+00
2.881073584620844397e+00
2.888741248364068870e+00
2.836911877376524949e+00
2.792377302586453780e+00
2.869697022335284675e+00
2.959856922217694031e+00
2.880819501461346466e+00
2.821419146458037375e+00
2.784696213234040041e+00
2.750094725641281990e+00
2.743560460423644543e+00
2.756082364516706740e+00
2.770466025779778185e+00
2.818363177448925061e+00
2.780839082003847107e+00
2.829138031273836784e+00
2.833774514671200784e+00
2.881024991214064634e+00
2.882007286597311868e+00
2.834026993519997983e+00
2.903010334118705682e+00
2.858418093981354602e+00
2.862792692459584565e+00
2.828484576588672361e+00
2.816995207663655520e+00
2.719321422708246061e+00
2.753152738225759677e+00
2.789537775331246028e+00
2.762258858253512361e+00
2.810731399475943970e+00
2.825505795428492561e+00
2.754887475015994180e+00
2.696613802530870352e+00
2.752976207670527753e+00
2.800534413286149604e+00
2.787235189215291342e+00
2.766627007747882061e+00
2.741460559628754012e+00
2.740429345923736548e+00
2.784356478614044228e+00
2.777770868880296895e+00
2.752179136611569099e+00
2.739918611929923919e+00
2.733063665559219757e+00
2.764708122026627191e+00
2.847660618823809386e+00
2.785493493081611760e+00
2.742583635917052565e+00
2.732057100428173513e+00
2.760743378150167793e+00
2.803300554703330505e+00
2.763976302358614578e+00
2.784954577726538094e+00
2.780348539302222033e+00
2.767576015216203889e+00
2.772106780050147989e+00
2.885448665285868408e+00
2.867587139042159894e+00
2.800418183057665544e+00
2.799027152422783882e+00
2.729795963071232734e+00
2.743974854112187334e+00
2.798068976991095802e+00
2.805098750489900095e+00
2.839974999889963936e+00
2.848397795252622267e+00
2.826680208300896613e+00
2.871101008324158599e+00
2.902348359518546861e+00
2.856437641538845273e+00
2.893437229317408210e+00
2.879700331631747989e+00
2.908586770237394425e+00
2.888507746224683537e+00
2.894580280455181676e+00
2.835527816827053904e+00
2.863422602411316742e+00
2.895290831678227317e+00
2.922958945999754921e+00
2.884885439666539320e+00
2.807025115669611992e+00
2.817754779962231115e+00
2.779470992832988596e+00
2.730798051852241670e+00
2.743105721622846715e+00
2.779437892812141708e+00
2.872711785056064837e+00
2.937955241320058253e+00
2.897595900052317486e+00
2.855257781707284170e+00
2.836889493794215067e+00
2.839938555673344300e+00
2.821395045008762814e+00
2.804730646604054911e+00
2.890285107043939927e+00
2.904625793454296723e+00
2.858901362411792046e+00
2.866197655431320435e+00
2.875261553319975683e+00
2.847033192641069466e+00
2.825298745265711009e+00
2.806341746829847494e+00
2.837445329869811239e+00
2.871776105478977215e+00
2.896919916048767529e+00
2.865934751525232915e+00
2.946630957551352292e+00
2.944729698970688148e+00
2.900452723283038825e+00
2.923554514627698886e+00
2.918194304702824482e+00
2.934130876426612300e+00
2.918299847513960099e+00
2.886872702423852743e+00
2.792427259571858666e+00
2.779688651629890650e+00
2.769034127633677400e+00
2.773522128990500768e+00
2.808306607192313287e+00
2.870298590739297939e+00
2.865589293670675719e+00
2.866990756873834201e+00
2.882522159498517755e+00
2.881147861530191978e+00
2.867438403871999331e+00
2.916464126300887472e+00
2.918500642453244698e+00
2.876286147100111545e+00
2.836621405827714604e+00
2.843112554929895897e+00
2.880220477671804780e+00
2.781801215040355935e+00
2.657916853477549690e+00
2.620423820682448390e+00
2.749925999004336763e+00
2.724369468335746891e+00
2.740116420884338932e+00
2.786413824255112193e+00
2.817609447741116657e+00
2.772566680893355784e+00
2.821270281274022018e+00
2.759282515437663452e+00
2.752245628573148029e+00
2.707522483747826225e+00
2.724253292188522302e+00
2.814613650219155883e+00
2.889497015052965967e+00
2.848225236879976308e+00
2.911848210329652797e+00
2.899228000692597895e+00
2.856093485864914960e+00
2.886325518717526961e+00
2.830658050701285067e+00
2.797032355908669388e+00
2.811789821448253068e+00
2.784595123173205344e+00
2.743355791726621806e+00
2.714098192770483031e+00
2.745998907501603359e+00
2.796404119579285918e+00
2.806347804531719170e+00
2.868342029814435978e+00
2.887110320025890520e+00
2.880890313774545408e+00
2.802913840987624639e+00
2.765170157512915061e+00
2.729064674939016388e+00
2.772052849424050613e+00
2.817050407784710053e+00
2.804975044452267863e+00
2.789008067396005597e+00
2.811136069278753258e+00
2.712582164654187888e+00
2.736245968475787826e+00
2.756437918763997796e+00
2.777800208798322235e+00
2.732101572050351646e+00
2.809193122588762304e+00
2.877790124383639014e+00
2.871036224083562516e+00
2.886077788279449496e+00
2.880805790052498594e+00
2.839774991086441602e+00
2.821026231710722421e+00
2.782013838930353256e+00
2.746900981105798500e+00
2.732028367349065512e+00
2.707102140666287848e+00
2.722798009401358410e+00
2.731266556013894675e+00
2.775062701994317038e+00
2.834924690357752741e+00
2.891633621328953740e+00
2.863122945316879164e+00
2.884237507557240399e+00
2.846943273056208756e+00
2.836940076913856856e+00
2.897130649453007134e+00
2.843899611449039799e+00
2.740225720629598349e+00
2.739774078277258162e+00
2.758535481011618273e+00
2.752112461364905727e+00
2.791898637128504390e+00
2.822944739097809297e+00
2.841719373900244872e+00
2.865573066595929586e+00
2.842690626853368929e+00
2.872283760355163640e+00
2.863570149306630785e+00
2.885151989064008049e+00
2.878457573076247389e+00
2.872458354789499513e+00
2.871686090087146148e+00
2.897364837227096590e+00
2.894061160376538933e+00
2.877052137170962087e+00
2.872255211501930638e+00
2.893190107822159796e+00
2.912921557474556611e+00
2.853981254318255001e+00
2.905866308005238707e+00
2.875923677707737713e+00
2.884398030785626510e+00
2.804888946108205605e+00
2.762473891279336513e+00
2.744854823119065923e+00
2.768010476858785207e+00
2.773759362309571319e+00
2.800958407402723171e+00
2.838431961488596222e+00
2.851034022946762558e+00
2.842206537181983350e+00
2.847869027887343307e+00
2.871936802925858512e+00
2.794285955302356239e+00
2.846688602569659388e+00
2.852430717826464512e+00
2.880879900308237040e+00
2.865678453699926465e+00
2.873068220561425967e+00
2.857457261272685844e+00
2.793384506293396630e+00
2.786850910974607132e+00
2.847136983005910782e+00
2.857915674053382649e+00
2.758285336943950394e+00
2.708381250858157951e+00
2.735303456657048660e+00
2.766268786651073341e+00
2.782660237973727302e+00
2.801352708960441085e+00
2.803951854080237283e+00
2.851123462777436224e+00
2.899850168543195661e+00
2.876035639556645318e+00
2.860052621893520275e+00
2.866514608370241746e+00
2.910239852658196291e+00
2.900348254951463645e+00
2.871974407963970854e+00
2.886929337548807872e+00
2.909971477523447536e+00
2.895145764896820850e+00
2.896483730318539784e+00
2.868488277821612975e+00
2.890204664033327653e+00
2.956925599334552235e+00
2.975769480319334193e+00
2.936577940392524511e+00
2.894691002507866706e+00
2.888205325111079969e+00
2.897353620116122297e+00
2.906019958637586775e+00
2.872380371747446759e+00
2.850583624453069564e+00
2.824446317422230290e+00
2.773828040812912565e+00
2.778912377172047865e+00
2.755165875224212524e+00
2.722448162959214546e+00
2.757501042610863706e+00
2.802291919126199904e+00
2.908510443508841803e+00
2.890687288518078546e+00
2.900486510915022187e+00
2.893106634744042616e+00
2.851480141961364012e+00
2.917981836818042574e+00
2.868145219475470853e+00
2.846340106171432627e+00
2.862589561917670888e+00
2.815327689630462871e+00
2.782485938868334951e+00
2.803361731921159006e+00
2.846921319601228628e+00
2.857548074836187002e+00
2.821637290652361685e+00
2.764469569374927715e+00
2.739770245841793184e+00
2.742612076105551022e+00
2.715061877747908525e+00
2.854789134069275036e+00
2.929566862182872544e+00
2.897166029070477933e+00
2.906146245459783728e+00
2.924980170872958141e+00
2.883865808251139917e+00
2.945274350548688691e+00
2.903196169741204535e+00
2.834073217120545607e+00
2.856686367104376512e+00
2.766911816448077488e+00
2.807405563861410602e+00
2.835539102181452442e+00
2.787657977586202929e+00
2.734233896359270499e+00
2.784569805194331948e+00
2.823870393626449538e+00
2.806304509492866917e+00
2.725477205921928103e+00
2.777771768882389747e+00
2.842862465895950042e+00
2.878999305314261736e+00
2.888221078795735863e+00
2.863411252335227974e+00
2.784667305083320166e+00
2.763702227085978791e+00
2.732814300313872735e+00
2.789473964746758128e+00
2.838222330967043572e+00
2.821165184812828297e+00
2.837082480295558984e+00
2.843996659632356483e+00
2.927306782692924436e+00
2.903518210722984438e+00
2.872222310337415596e+00
2.821527423223102460e+00
2.713799918932860766e+00
2.717134888076040866e+00
2.730717488133842075e+00
2.741532600572168299e+00
2.763505925450495671e+00
2.770208836892988025e+00
2.770564021999851967e+00
2.788335345685665434e+00
2.719298438936042839e+00
2.775345744227194267e+00
2.741855211348695587e+00
2.792502999103134265e+00
2.802611639168010260e+00
2.774554558843635554e+00
2.763998914616284441e+00
2.785284725122370464e+00
2.854827490409884927e+00
2.786096014138780941e+00
2.785359043283289537e+00
2.781310122945659380e+00
2.752017441805192810e+00
2.770130141347153518e+00
2.786027638053865552e+00
2.808906370814093112e+00
2.829323240635470249e+00
2.870171597657533713e+00
2.916486584916858860e+00
2.907240960085696102e+00
2.849916840892028791e+00
2.918934565899003353e+00
2.914654353435412126e+00
2.926188818241228784e+00
2.877530190979757929e+00
2.896078900858883642e+00
2.921857114918524179e+00
2.942958035718484133e+00
2.895952347674249694e+00
2.840063731679273396e+00
2.855412054327711058e+00
2.893854177390422944e+00
2.853764005659893410e+00
2.950282867794205455e+00
2.899387176628882123e+00
2.900702501119341026e+00
2.859159841631803367e+00
2.855025218802803799e+00
2.864368342235334541e+00
2.894058223325854051e+00
2.867900102862720235e+00
2.907703389274772565e+00
2.885087347031281890e+00
2.845950280661979637e+00
2.802292989678274449e+00
2.765094211776517596e+00
2.770712724192098797e+00
2.806481961459934560e+00
2.842582804422766340e+00
2.850210693966324982e+00
2.851823802411362685e+00
2.881404345106739928e+00
2.899195233163851970e+00
2.924798454594778274e+00
2.865204181205939893e+00
2.897163267750024307e+00
2.950001186440439405e+00
2.948910646323485985e+00
2.943371875927335513e+00
2.896045234453356265e+00
2.853605964389617888e+00
2.825343518937121878e+00
2.899715330855772155e+00
2.916864755178066204e+00
2.900315844869313153e+00
2.873503436573549674e+00
2.898717820002492118e+00
2.886638356289197294e+00
2.872523106956669903e+00
2.906127836142106347e+00
2.836345183506408407e+00
2.769704857922591135e+00
2.829035878174753549e+00
2.898015527908710531e+00
2.866264119023227863e+00
2.856199222743399879e+00
2.841838841313841790e+00
2.858206780483175002e+00
2.844197426340161705e+00
2.813508130430761867e+00
2.824375329165725645e+00
2.863444080124492253e+00
2.927634369247635426e+00
2.878497177347929981e+00
2.853038205142020445e+00
2.846173044633793836e+00
2.828253171128780163e+00
2.786408620428812988e+00
2.733382154035545852e+00
2.759435811900686542e+00
2.803730372200579080e+00
2.845553724672932994e+00
2.863498035620070326e+00
2.832486716650230107e+00
2.833509131801060565e+00
2.844148202889575483e+00
2.798162611429150015e+00
2.795559693513984367e+00
2.838644747058004292e+00
2.872201246431036026e+00
2.924959828783978644e+00
2.892799509126064539e+00
2.921975701473234377e+00
2.922048938672999530e+00
2.872003307797538429e+00
2.839686250274843449e+00
2.824381525219282985e+00
2.867574236179422975e+00
2.857634861209527699e+00
2.866188584165389130e+00
2.815762418955122470e+00
2.812936188398165616e+00
2.749307367319994810e+00
2.761110102839073210e+00
2.788468396808541971e+00
2.788219862205991717e+00
2.785513597166597854e+00
2.725324934755486872e+00
2.680942744632939689e+00
2.720755042263084622e+00
