4.841239613983178813e+00
4.685013233705962676e+00
3.984843535196834097e+00
3.223047626083114459e+00
2.699934258458898118e+00
2.917264986249963776e+00
3.012340120238748309e+00
2.790512676910821721e+00
2.821501905014419886e+00
2.826903075805748067e+00
2.769524327389091489e+00
2.731511303289810400e+00
2.878626234855786059e+00
2.784982944292477836e+00
2.729846332671492792e+00
2.766447902997632990e+00
2.919708375848519388e+00
2.894848527988985953e+00
2.757153604716284345e+00
2.753868007003966945e+00
2.693958611411838344e+00
2.872324668278292137e+00
2.812667417239372192e+00
2.661108415679450889e+00
2.919212907617394048e+00
2.793620231885500349e+00
2.829242478120247650e+00
2.714082533748743753e+00
2.843354884638919167e+00
2.825984784106241321e+00
2.870080312465140615e+00
2.878646556977775273e+00
2.754595614604800513e+00
2.872772354364334202e+00
2.850023684112116040e+00
2.823210583714931055e+00
2.784445725813307959e+00
2.791106769724153391e+00
2.903533709120664330e+00
2.779050917129803011e+00
2.821726244694903851e+00
2.759133559652377610e+00
3.003697055297022356e+00
3.009187265691518842e+00
3.027058803525296771e+00
2.816726291282133143e+00
2.742698853319481600e+00
2.852294690245031461e+00
2.932579410689504229e+00
3.052019003872681768e+00
2.823660567419533418e+00
2.898421294429089912e+00
2.770279949752371351e+00
2.945375018567244929e+00
2.672438212569188565e+00
2.919529756656026986e+00
2.948544217067127438e+00
2.794173580864295570e+00
2.734410356914265261e+00
2.739195867403424689e+00
2.750783342977050960e+00
2.881992539893190042e+00
2.941296652838676362e+00
2.946376248886078741e+00
2.760859286526569534e+00
2.614316545485645626e+00
2.711314072548586029e+00
2.793318277604612376e+00
2.918257356711364991e+00
3.000950682700400218e+00
2.702648700811853377e+00
2.940541616777426537e+00
2.947308433130133132e+00
2.711248236513949195e+00
2.779643682201011767e+00
3.059921894428025979e+00
2.763696980495510491e+00
2.992666369644300772e+00
2.873248161924061961e+00
2.784543409609554043e+00
2.749975636255710842e+00
2.758794301864493814e+00
2.857241151880603791e+00
2.711078936512177684e+00
2.792248198137121662e+00
2.908865586444309592e+00
2.805813607494268336e+00
2.833241782834638123e+00
2.772258465583611109e+00
2.796010550766931502e+00
2.784685619598736839e+00
2.899553758770476719e+00
2.749135682355456467e+00
2.803090615731143487e+00
3.021923559589156483e+00
2.937391019255012115e+00
2.892638587864027944e+00
3.020725906135808270e+00
2.736932224224779553e+00
2.794846328512535560e+00
2.838186921258006201e+00
2.873089974226355814e+00
2.934016019042841261e+00
2.843082306230334755e+00
2.937651102496686928e+00
2.741037394856188580e+00
2.762625743744527185e+00
3.070357308197206869e+00
2.938524970116810131e+00
3.028445475817584942e+00
2.805969707605554309e+00
2.814160265514385806e+00
2.772472001662054542e+00
2.831541982736614838e+00
2.812714880680230234e+00
2.967762288324319542e+00
3.150476948019140799e+00
2.769990252690430754e+00
2.825826958608753880e+00
2.869773161767320335e+00
2.816417760205328857e+00
2.782811168584745865e+00
2.733533427635375102e+00
2.839533236290781471e+00
2.751012359114367367e+00
2.719993014696912681e+00
2.970136865533303361e+00
3.060409449730542075e+00
2.754737192546686586e+00
2.885395986688829240e+00
2.753194689810366746e+00
2.788825917837110424e+00
2.821128320371123710e+00
2.841778844315651753e+00
2.754629920697152734e+00
2.747713413003619376e+00
2.850922833048976202e+00
2.853162806430786347e+00
2.897196403421763211e+00
2.877849544364680323e+00
2.880786698108695365e+00
2.746721864332098750e+00
2.820430109043653655e+00
2.808595022426694232e+00
2.992233279675901247e+00
2.787855089490843596e+00
6.266049951923460704e+00
2.764733802737616042e+00
5.928503183772443563e+00
2.929714149878789975e+00
2.900104480876509072e+00
6.198311140947992293e+00
2.748955619867297973e+00
2.949634214610346916e+00
6.108002455795183749e+00
2.815607572088127508e+00
5.982170258359419179e+00
2.856534438791172192e+00
5.925182275677263632e+00
2.722283967553715822e+00
6.136305810501950120e+00
2.871910339826088343e+00
2.741263577257758044e+00
2.888389343561563738e+00
2.972011776558094009e+00
2.787761467557796635e+00
2.751179201724234691e+00
2.772801832082488094e+00
3.020579580146830256e+00
2.683765451748718167e+00
2.723134223647449836e+00
2.859964510269314530e+00
2.773579816771098105e+00
2.706352526926231850e+00
2.757250260676386677e+00
2.876352029915671515e+00
2.886771553136825208e+00
2.727590145164775048e+00
2.989980100268227137e+00
2.986157564496555672e+00
2.823181538619151443e+00
2.915479720389082097e+00
2.696482338158364467e+00
2.700833575028272371e+00
2.851022272799705881e+00
2.905708347374182043e+00
2.998552150622029622e+00
2.742855811011581935e+00
2.720159737956578727e+00
3.089598193940435777e+00
2.921711484729455410e+00
2.852882577324205471e+00
2.940696686161291318e+00
2.796663726657174998e+00
2.737460319347113202e+00
2.862338379716835579e+00
2.739891603695299160e+00
2.941911793375185269e+00
6.002901131952782521e+00
6.166763170416065698e+00
5.975549681828442594e+00
5.929122110397120338e+00
5.759191436304232248e+00
5.561318638596425501e+00
2.952918217628114572e+00
2.699888886602558102e+00
2.742452916642325711e+00
2.830211829527959466e+00
3.307864265655409142e+00
3.112547188397310371e+00
2.862399343208421154e+00
2.916682190434878752e+00
2.731821553469405917e+00
2.836316978054462368e+00
2.859371434424005987e+00
2.836768231632609272e+00
2.867471011187384455e+00
2.846974710108960416e+00
2.859933915320422404e+00
2.719962499741494621e+00
3.032921034250644521e+00
2.940923324400008365e+00
2.766823630085589958e+00
2.810754169257781321e+00
2.902886494508526205e+00
2.881960790850561782e+00
2.893635256904366848e+00
2.906654606244092331e+00
2.860435281561182208e+00
2.966905121502876774e+00
2.705543568305637692e+00
2.903616538043548356e+00
2.779171819085679118e+00
2.797350174718925331e+00
2.700014999958333828e+00
2.688786529273009762e+00
6.261266086024456001e+00
2.852331151882613991e+00
2.784130744056392270e+00
2.919140626965408547e+00
2.932279147693820587e+00
2.879465401771655664e+00
2.816797649814413607e+00
2.832153420985522807e+00
5.924883627549152543e+00
2.887447488700010556e+00
2.910666590319132219e+00
2.978707941373238466e+00
2.841602716777980486e+00
2.945600617870657079e+00
3.098438800428370943e+00
2.903314829638700800e+00
2.932666704554065529e+00
2.790831417337851228e+00
2.816555698011313780e+00
2.868590071794852925e+00
2.723521433732438712e+00
2.855921742625312731e+00
2.878845949334559062e+00
2.908469528807204441e+00
2.854452486905325603e+00
2.790736461939750779e+00
2.719660456748231425e+00
3.025156029033874372e+00
2.793991052240504036e+00
2.670753077317332025e+00
2.783098093851526400e+00
2.834116793641363152e+00
3.076121746615370967e+00
2.825866592746374195e+00
2.893492699144063707e+00
2.767719097018336960e+00
2.869753647963531940e+00
2.756118466249228849e+00
2.845211591428658870e+00
2.862933809922960204e+00
2.921234670477536710e+00
2.795797739465428311e+00
2.807785782427142607e+00
2.828003712868849995e+00
2.904799648857042893e+00
2.925627624972118479e+00
2.803071351214592166e+00
2.774443547812786015e+00
2.693454473348305900e+00
3.272581397001455894e+00
2.608733600810937414e+00
2.710535371471843202e+00
2.837281974002583862e+00
2.802322964970312302e+00
2.810564534039381002e+00
2.753958605353391764e+00
2.795246858508206866e+00
2.741452352312547358e+00
2.760680713157535493e+00
2.887388093069582773e+00
2.942181843462432944e+00
2.769809560240559243e+00
2.843619348647071998e+00
2.747401863579479908e+00
2.829540775461629742e+00
2.940442993836132501e+00
2.788113878592479278e+00
2.794428743052862263e+00
2.958607273701597595e+00
2.740901494034398755e+00
2.828809113390296837e+00
2.731287059245146587e+00
2.734373237142288193e+00
2.895913672746479151e+00
2.691961552474329000e+00
2.901451188629578848e+00
2.833684174356768448e+00
2.964807413644265477e+00
2.936860568702572838e+00
2.816454686303332178e+00
2.751195194819880729e+00
2.992184987596856249e+00
2.707326725757346786e+00
2.850350855596552435e+00
2.694807043185096340e+00
2.945166888310405628e+00
2.957788024859118181e+00
2.794790510932796401e+00
2.888120669224192749e+00
3.071127968678609488e+00
2.738404827632320515e+00
2.877288132947411370e+00
2.900106722174202289e+00
2.903876202595420786e+00
2.793936470287039064e+00
2.956033321869021346e+00
2.840947377196557433e+00
2.762756051481925823e+00
2.975733354989992918e+00
2.982276144155668440e+00
2.690706041172093776e+00
2.909004984526496251e+00
2.914278813017038949e+00
2.923480459999689973e+00
2.886391172381179260e+00
2.810895053181459158e+00
2.808785146642583719e+00
2.901453084232106239e+00
2.967747630779949297e+00
2.895535529051577850e+00
2.773911498227727979e+00
2.789455323176910806e+00
2.724072135608747391e+00
2.858287074455608145e+00
2.918926001117533975e+00
2.860279356985956589e+00
3.107702205810588758e+00
3.127943893358703153e+00
2.737704330273815323e+00
2.834271158516771472e+00
2.732986095829980311e+00
2.714020817900997695e+00
2.889507397464142535e+00
2.888307809081296806e+00
2.727406277033181503e+00
2.713762332998230775e+00
2.808812204473627450e+00
2.825227778427785719e+00
2.819579578589687330e+00
2.876270849555027542e+00
2.638509048686398017e+00
2.790737178596364831e+00
2.720229585898954916e+00
2.784018678098262978e+00
2.745100362464003130e+00
2.747900653226022172e+00
2.777838188231993133e+00
2.744249442015065821e+00
2.702975582575617430e+00
2.873786874491565335e+00
3.006826566332018835e+00
2.947605299221725872e+00
2.723428354115452255e+00
2.727095524546215621e+00
2.800670098387169293e+00
2.850019122742863065e+00
2.662515164276064716e+00
2.750971101265878183e+00
2.738388759836703379e+00
2.827328597811014976e+00
2.864916229141787785e+00
2.889009518848977276e+00
2.795170835566227030e+00
2.911304862085041467e+00
2.777206870220509938e+00
2.754559492913521979e+00
2.872530939781154480e+00
2.701484962016260649e+00
2.911569679743213346e+00
2.892612141300661577e+00
2.738142618637677828e+00
2.968750073684209845e+00
2.740059305927519784e+00
2.811313038421726418e+00
2.919490880273476918e+00
2.900911925584780615e+00
2.744127183641457801e+00
2.800680095976689543e+00
6.006913516940293185e+00
5.915073372325993617e+00
3.012136119102189369e+00
2.866956225686049908e+00
2.838782309371396639e+00
6.059657416059096136e+00
6.210910158744851195e+00
6.256077844784222464e+00
6.025351607997661674e+00
2.790957362626667049e+00
3.043839844669886663e+00
2.707601152311765791e+00
2.949065445187678325e+00
2.770877478345082245e+00
2.781145447473037713e+00
6.209110483797175561e+00
5.741220950285748970e+00
2.834702982677373750e+00
2.725001834861767946e+00
2.821108470087600129e+00
2.707788027154267141e+00
2.760778875607389438e+00
2.696745816720589772e+00
2.772732587178215358e+00
2.958213312119327032e+00
2.975722097239592578e+00
2.755384002276270117e+00
2.813705563842813007e+00
2.739107153800303784e+00
2.804416873433762003e+00
2.712840762005761519e+00
3.063101206294039258e+00
3.069144994945660621e+00
3.042409735719368680e+00
5.639498293288154329e+00
2.918334799162015880e+00
2.831807020261091434e+00
2.982441449551021861e+00
2.782148450388655547e+00
6.219349403273625398e+00
2.867666996009125668e+00
2.973042549308704707e+00
2.911858169622964176e+00
2.806630898426082599e+00
2.927366563995700943e+00
2.775004684680729916e+00
2.933317916626153821e+00
2.813014575148874208e+00
2.691900072439540548e+00
2.802719393731737618e+00
2.885655211559412514e+00
2.938349877056849024e+00
2.747150887738058156e+00
2.875839529598270605e+00
2.715373270841414666e+00
2.932588788084684595e+00
2.904353112140463988e+00
2.800489600052105121e+00
2.945376546385877425e+00
2.726485099904270459e+00
2.816754160376797600e+00
2.843967123579314915e+00
2.764136031384851755e+00
2.802880125870530037e+00
2.852875216338773168e+00
2.912291709290125929e+00
2.829115939653233713e+00
2.818872469623271204e+00
3.065008482859387318e+00
2.834475965676900966e+00
2.752660894480102982e+00
2.912772390695847591e+00
6.258398037836839123e+00
5.662267566973500088e+00
2.902223457971490728e+00
2.910265451810195358e+00
2.925623010573986882e+00
2.808344352104990449e+00
3.103261510089022401e+00
2.764310040498351828e+00
3.106945123429121658e+00
2.874685026224612194e+00
2.768251072428221882e+00
2.790329550429483163e+00
2.757313184968294362e+00
2.967331124091142414e+00
3.153640118973628059e+00
3.128216264902412558e+00
2.939632800198010987e+00
2.931865276577352741e+00
2.834842676410809670e+00
2.819990070904506041e+00
2.837378191218082879e+00
2.716754681600825450e+00
2.892200027660603912e+00
2.884624585626351045e+00
2.911191165141856274e+00
3.028306622520249292e+00
2.692282674609038917e+00
2.759180313064008683e+00
2.677505555549791971e+00
2.684148654601678174e+00
2.857549999562562171e+00
2.862055555016359332e+00
2.872826134662521014e+00
2.930155456626831523e+00
2.719579563094266295e+00
2.989669379714084751e+00
2.755916363027005822e+00
2.895726161086368933e+00
2.943070675332143615e+00
2.886459596114243187e+00
2.834174482984418653e+00
2.797098675413507873e+00
3.001819115136687088e+00
2.972496257356769256e+00
2.820075530903383587e+00
2.973308762977703967e+00
2.869314378035282775e+00
2.978086801958599761e+00
2.722436225148350708e+00
2.874466907097731561e+00
2.739385332515306803e+00
2.888604161182352303e+00
2.765531594467870224e+00
2.831711320032463952e+00
2.936959992917846485e+00
2.962435822089653392e+00
2.920011472580201772e+00
2.785069837544472904e+00
2.815120778936492041e+00
2.744267115278685498e+00
2.733420567713647831e+00
2.916629904530226192e+00
2.726988998877700077e+00
2.892383273357803208e+00
2.828664172361222029e+00
2.918802665477747027e+00
2.732743859200858605e+00
2.899804303741892131e+00
2.663894517431198761e+00
2.880700609226859665e+00
2.936019925000509900e+00
2.795097314942719180e+00
2.948264913470294069e+00
2.914540787156700841e+00
2.917584788827910280e+00
2.832875923862533174e+00
2.753311279169138981e+00
