4.871690055822517351e+00
4.765937893006999992e+00
4.741000738240820134e+00
4.648684114886706631e+00
4.624737073607536608e+00
4.606064914870392712e+00
4.595207068239688830e+00
4.589224880085961189e+00
4.530424041963400761e+00
4.488470786359202158e+00
4.487145529175535330e+00
4.431000225682685034e+00
4.431428099382861419e+00
4.459501541652384660e+00
4.417421985728779532e+00
4.311254225860497336e+00
4.429270368807937786e+00
4.396397729960290768e+00
4.445817922497501407e+00
4.463005825673993066e+00
4.348818345251959983e+00
4.326284549125265499e+00
4.296392672929233214e+00
4.293830108423015268e+00
4.272497396137299397e+00
4.281916743702520733e+00
4.206803418273785233e+00
4.128576752344566003e+00
4.081375380922465546e+00
4.127716802301243604e+00
4.002896701140312707e+00
4.019868405806338529e+00
4.034727376168059543e+00
4.117278834375928120e+00
4.090700917935702563e+00
4.048062376001634988e+00
4.072527593522234035e+00
4.035272109783924144e+00
3.963718077764865289e+00
4.366202125417466107e+00
4.358581535316277566e+00
4.276354054565641327e+00
4.189196820394095688e+00
4.165897982428278468e+00
4.177937290099026590e+00
4.118300741810875465e+00
4.121645909099907357e+00
4.113513583300777654e+00
3.711364169682085823e+00
3.650030410832216354e+00
3.567351538606757355e+00
3.552356119535315049e+00
3.485265269674605815e+00
3.468981983233697886e+00
3.386355858441342015e+00
3.341429334880509305e+00
3.428090722253423817e+00
3.435396629211829644e+00
3.444049070498270471e+00
3.381944263289979435e+00
3.320236437364062265e+00
3.212907872940025999e+00
3.112649193211467935e+00
3.043447715995790670e+00
3.023982969528763665e+00
3.021815844819138341e+00
2.993753830895252932e+00
2.908055363984668240e+00
2.860871545525943471e+00
2.815585374304959920e+00
2.742286819426444033e+00
2.714203197993842132e+00
2.733333130081293305e+00
2.719624054901706334e+00
2.703689516198189313e+00
2.725277600539071532e+00
2.682270120625438015e+00
2.654641218696040639e+00
2.741802326937520018e+00
2.738230450491704104e+00
2.752408036610850761e+00
2.729291849546324755e+00
2.775944704060222978e+00
2.778236131073095194e+00
2.759009423688146612e+00
2.740027372126052185e+00
2.720210837416835226e+00
2.754259610131187141e+00
2.739248437071745368e+00
2.645398268692258803e+00
2.676411963805273242e+00
2.739222334897260414e+00
2.725298332293181858e+00
2.729416421142072391e+00
2.711161190338929217e+00
2.736713539996468381e+00
2.754984936437946619e+00
2.705767358809696432e+00
2.757765218433215093e+00
2.772280288859696462e+00
2.678534487364312877e+00
2.692043461759114908e+00
2.699959999703699154e+00
2.736761955304114480e+00
2.724055249072602880e+00
2.746138743763687273e+00
2.728953279189660464e+00
2.728878157778393820e+00
2.772688586913431230e+00
2.756810113156145547e+00
2.752984199010229727e+00
2.676660792853662763e+00
2.700155736249300276e+00
2.751120862484961904e+00
2.713236259524776095e+00
2.756805578926449840e+00
2.826882912325871189e+00
2.840399443740263763e+00
2.814132015382363239e+00
2.798790095737798911e+00
2.785399612263920854e+00
2.822429095655017761e+00
2.804180272379078076e+00
2.751712375957923395e+00
2.708631204132448733e+00
2.792614903634226486e+00
2.787571344378471760e+00
2.741637831661942748e+00
2.722437510761266388e+00
2.756624929147960312e+00
2.742634864505299142e+00
2.728286092036537269e+00
2.782379557141692494e+00
2.773686536002221370e+00
2.816422198463859328e+00
2.781176729371940048e+00
2.828130477895247630e+00
2.786216251477979355e+00
2.802171300973586021e+00
2.873593395036952991e+00
2.870238491833039252e+00
2.811921940595079938e+00
2.760731424822052915e+00
2.751110503051449552e+00
2.776859737185153332e+00
2.796276452713501115e+00
2.769329882841695678e+00
2.713787390345824502e+00
2.679807082608746782e+00
2.678268283798320493e+00
2.745390500457084215e+00
2.762845272540610519e+00
2.818406287248167441e+00
2.843453885681988424e+00
2.838901372009953850e+00
2.810015836254308841e+00
2.765260566384296403e+00
2.753534092761518615e+00
2.773898880637144071e+00
2.773308673768572596e+00
2.753474532295514088e+00
2.704742131886143319e+00
2.751009996346795994e+00
2.775810692392404189e+00
2.761516974418227299e+00
2.795453093865107430e+00
2.767296153287537308e+00
2.776615565756267667e+00
2.748499408768355412e+00
2.744213912944834188e+00
2.756150032200714417e+00
2.727125593000806703e+00
2.720885885148438099e+00
2.764487655968099755e+00
2.839598211015072593e+00
2.895113469278881357e+00
2.874341837708243030e+00
2.850437159454668912e+00
2.906192182220577180e+00
2.931858796054134686e+00
2.957540363207237899e+00
2.987817096142265427e+00
2.969541715484057764e+00
2.931064311815760881e+00
2.856141803202355334e+00
2.858692883119835937e+00
2.879787839407618399e+00
2.967693717350225135e+00
2.926090053296377835e+00
2.924333257342603076e+00
2.927891049885565700e+00
2.974489199845916421e+00
2.861747368304896177e+00
2.831582596358439119e+00
2.813132595524072244e+00
2.780779926567365390e+00
2.788653797085611785e+00
2.777303188346565310e+00
2.737339767000070090e+00
2.728368376887549740e+00
2.758510648882835259e+00
2.788139523051169189e+00
2.798447605369805746e+00
2.808043268897400857e+00
2.821973954521904915e+00
2.828108555200807839e+00
2.815675229851624994e+00
2.801626134943775881e+00
2.725916543109858203e+00
2.759421134948414789e+00
2.796674632487662127e+00
2.784115838107315000e+00
2.846887774395049586e+00
2.861572644543556088e+00
2.858783132733226484e+00
2.885700088366772498e+00
2.934813281965310772e+00
2.906057466740807893e+00
2.844272490462191882e+00
2.809235127218795647e+00
2.818635485478745206e+00
2.795174592042508177e+00
2.746406197196620269e+00
2.814517365375456048e+00
2.835221860807368710e+00
2.822779481291445070e+00
2.757137827530571794e+00
2.787885578713731771e+00
2.778588310635456082e+00
2.740352167149324725e+00
2.763624612714251860e+00
2.778219213813049482e+00
2.725125134741522182e+00
2.748298928428274390e+00
2.861221068005756596e+00
2.787706942990959558e+00
2.714850640458881692e+00
2.721218477079706766e+00
2.716437556801186926e+00
2.743553535107343677e+00
2.760014855032487002e+00
2.741269961167633884e+00
2.777782928884112490e+00
2.720948547841358867e+00
2.751785783813849751e+00
2.710130808651124656e+00
2.891471770569444821e+00
2.775947225723140566e+00
2.755462393138400579e+00
2.760307591555694717e+00
2.709326484571396687e+00
2.726240818416451273e+00
2.759699440156481831e+00
2.757718441030556189e+00
2.770043140458285258e+00
2.765777648329669880e+00
2.868979609547617216e+00
2.882619988829606683e+00
2.915748445939738698e+00
2.885921863114107477e+00
2.893586183268091361e+00
2.738033053124084848e+00
2.924039671413505737e+00
2.961820723811621647e+00
2.924333941259103398e+00
2.901499267620104572e+00
2.916796016179397100e+00
2.908547747588132726e+00
2.959641532348132653e+00
2.928727197947941452e+00
2.921537437720078234e+00
2.891121235783792098e+00
2.929709883247827218e+00
2.875388321601101804e+00
2.797958362806709509e+00
2.879494052780800839e+00
2.797714245594070448e+00
2.772757652590647659e+00
2.794647741666201668e+00
2.790977427354080387e+00
2.848809751457615391e+00
2.768372446041175383e+00
2.738577733057800501e+00
2.760695745640943333e+00
2.784092491279698933e+00
2.726035399623416122e+00
2.751465972895176471e+00
2.722893497733615220e+00
2.909261246433533898e+00
2.859883564063403938e+00
2.791435652133145595e+00
2.769781579836215091e+00
2.729202447602595338e+00
2.745342237317598855e+00
2.763911358925969175e+00
2.769119896284738314e+00
2.729303390977265042e+00
2.782566800635700943e+00
2.865655596892271451e+00
2.816808300186578684e+00
2.811260393489013243e+00
2.792729847299949331e+00
2.821535752032924727e+00
2.839089290600068871e+00
2.819662568464531560e+00
2.755728034476551791e+00
2.718853250912965258e+00
2.743660693307392595e+00
2.695045454162137144e+00
2.769318508225444120e+00
2.794546295912808898e+00
2.767880958422887172e+00
2.777974261939803569e+00
2.791017377230031293e+00
2.749867815004932492e+00
2.746657787202475109e+00
2.757829037485826529e+00
2.790398896215378066e+00
2.811625152825319773e+00
2.859322122461895432e+00
2.840246820260520444e+00
2.852365509537653221e+00
2.853362052036159113e+00
2.791028125977952357e+00
2.877375540314472513e+00
2.906969212083265308e+00
2.894704302687927555e+00
2.875194254307002595e+00
2.897946514344252211e+00
2.868285376318053803e+00
2.885120968001169128e+00
2.939251945648756248e+00
2.900761451757107423e+00
2.857401966822308736e+00
2.788655769362723191e+00
2.780067804928505915e+00
2.737554200376679070e+00
2.704723460910560817e+00
2.718350051041991566e+00
2.749307367319994366e+00
2.759648890710555413e+00
2.780450862719929361e+00
2.825670539889602928e+00
2.879982118000040892e+00
2.806811714383421030e+00
2.748492313978701862e+00
2.785092458070288046e+00
2.869786577430454066e+00
2.902143518160327229e+00
2.849098804885502823e+00
2.886607870840789403e+00
2.853424258675880676e+00
2.819335027980889308e+00
2.740258017048759154e+00
2.740938890234512204e+00
2.757738384981432311e+00
2.817379278691458211e+00
2.845228461828680278e+00
2.867515475110813838e+00
2.833057888571993477e+00
2.857879983484261199e+00
2.874969391141408259e+00
2.850048069770052095e+00
2.821656605613092506e+00
2.821293674894551184e+00
2.855532349667921022e+00
2.901302810807585786e+00
2.913796320953131236e+00
2.936218316133865969e+00
2.887127465145936434e+00
2.925586607844655518e+00
2.875695046419213252e+00
2.851959677134303650e+00
2.837017624196226162e+00
2.853555326255301505e+00
2.875134779449478817e+00
2.869092365191472371e+00
2.822105774063049299e+00
2.825810326260415728e+00
2.825683987992995139e+00
2.896921124228272415e+00
2.896476480139274834e+00
2.855846809617071269e+00
2.849365718892539423e+00
2.933544784045404086e+00
2.938430022988466561e+00
2.896378083054766073e+00
2.857570296598142434e+00
2.888304346844355663e+00
2.815725838926794289e+00
2.841599197635021667e+00
2.892994296572324764e+00
2.879827251763549256e+00
2.822743700728070237e+00
2.813163877203032293e+00
2.829038705991842928e+00
2.822851218183487720e+00
2.815696539046777414e+00
2.763630040363579621e+00
2.774730617555513312e+00
2.705658145442620732e+00
2.735623146560943741e+00
2.792622781544259691e+00
2.854415877197995499e+00
2.843135768829903043e+00
2.819169203861308315e+00
2.844487300024382215e+00
2.829090843362934482e+00
2.794184317470842949e+00
2.750808244861862040e+00
2.725827947615182989e+00
2.761917268855097252e+00
2.721634251695109530e+00
2.829031813182735888e+00
2.792154186286996520e+00
2.788346642725756830e+00
2.780469205008392120e+00
2.749701256500422186e+00
2.716609283647539730e+00
2.790759394860116149e+00
2.805614905862883646e+00
2.754156676734277998e+00
2.814101810524985314e+00
2.800391758308112600e+00
2.782532838979622891e+00
2.713507140215407620e+00
2.734057241536834049e+00
2.748385162236180790e+00
2.742101566317338257e+00
2.738742959826642842e+00
2.712913010031836603e+00
2.727093874438501597e+00
2.764868532136745216e+00
2.838174765584388748e+00
2.923025487401708755e+00
2.883197183683419151e+00
2.795222710268360888e+00
2.742497584319811388e+00
2.679493608874631949e+00
2.738747341395332047e+00
2.726379283958854760e+00
2.758211195684622918e+00
2.765619460446429034e+00
2.787980272527049497e+00
2.772657389581338006e+00
2.885961191700262329e+00
2.904234494664643229e+00
2.917457283320529449e+00
2.897437143407946447e+00
2.860096851506956028e+00
2.946740741904520178e+00
2.945994059736034565e+00
2.869069709853701688e+00
2.861663327507273369e+00
2.915427584420508200e+00
2.894045092945166431e+00
2.897201925996875094e+00
2.868678092780715172e+00
2.755601204819013272e+00
2.688632552060620018e+00
2.761080585567904588e+00
2.763037639989726735e+00
2.707991691272334744e+00
2.732974021098627304e+00
2.763488013362822571e+00
2.707960487156339191e+00
2.760811112698585035e+00
2.808256576596946719e+00
2.800464425769411125e+00
2.807381164003207363e+00
2.788511789467637225e+00
2.760344000301411693e+00
2.781353267745756863e+00
2.771635076989753532e+00
2.782475696210121363e+00
2.835633791588751507e+00
2.853156497635557454e+00
2.850864430308814423e+00
2.916328685179364388e+00
2.903647705903730891e+00
2.851621643907199299e+00
2.869273601453859346e+00
2.899066228977875248e+00
2.846965050716288470e+00
2.848752358489589742e+00
2.866536237342901305e+00
2.840103871339919372e+00
2.788339111370781609e+00
2.784226104324143858e+00
2.729419535359121518e+00
2.722079535943062734e+00
2.780968716113145334e+00
2.794462560135669182e+00
2.750192175103405301e+00
2.722867973295803878e+00
2.774827922592678409e+00
2.753557880270542046e+00
2.721199184183326292e+00
2.729431076250140364e+00
2.778061554393638222e+00
2.751667676155679754e+00
2.764121198500529175e+00
2.801462832164653527e+00
2.777205429924117119e+00
2.796336174353863058e+00
2.828137726490702608e+00
2.857079977879513510e+00
2.831516907948812278e+00
2.807538067417786554e+00
2.812746878053551836e+00
2.861153263982899375e+00
2.853494874710658546e+00
2.918066825828359967e+00
2.949739988541362212e+00
2.947247868775207280e+00
2.985113230683217989e+00
2.899629286650278193e+00
2.904327288719368738e+00
2.957786503451524940e+00
2.947982869692427510e+00
2.961644982100319012e+00
2.914150476554016045e+00
3.008374478019649967e+00
2.947347281879079794e+00
2.950703983797764440e+00
2.932329619943842669e+00
2.934991311741825371e+00
2.964735569996083342e+00
2.965663837996478147e+00
2.931294594543510268e+00
2.919500470971018391e+00
2.887353978991838321e+00
2.849047033658798966e+00
2.777948523641142309e+00
2.789170844534267335e+00
2.807969551116963114e+00
2.760661877159171329e+00
2.754145420997228477e+00
2.732603520454440549e+00
2.752396410403123106e+00
2.790688266360110692e+00
2.812402709428363234e+00
2.871376150907435587e+00
2.834386882555026244e+00
2.881859122164024622e+00
2.957327509762826434e+00
2.933350473434772177e+00
2.899476504474557181e+00
2.915807949779957831e+00
2.884196421882531336e+00
2.863429237819576478e+00
2.866730716338735441e+00
2.935394692371027237e+00
2.897128923606956175e+00
2.873021058050219345e+00
2.875824751267017199e+00
2.867404924317456860e+00
2.861157982356094642e+00
2.887250075764134394e+00
2.878692411495191283e+00
2.876887901882866583e+00
2.863272603158840024e+00
2.940734942153066189e+00
2.986807827765288526e+00
2.951319874225767581e+00
2.965977410568057859e+00
2.941926069771298557e+00
2.893331816435854353e+00
2.880062846536512566e+00
2.821728548248396251e+00
2.840989616313301713e+00
2.806401610603871166e+00
2.808212420740282766e+00
2.823499424473112640e+00
2.848542083241882406e+00
2.838308827453418282e+00
2.756930358206387321e+00
2.697620432900076803e+00
2.741643849955715861e+00
2.774351996412856458e+00
2.765834051421017570e+00
2.821830788690208092e+00
2.822382327042174399e+00
2.828930186483929354e+00
2.846386656798404413e+00
2.817883070675573531e+00
2.852988958969171485e+00
2.809779706667410615e+00
2.762602396292307638e+00
2.750858411478134258e+00
2.769671821714623672e+00
2.788691987294401375e+00
2.742681534557011247e+00
2.743054866385285617e+00
2.735983552582142320e+00
2.803708972058263083e+00
2.825642758736496951e+00
2.900585802902579058e+00
2.964302953478270997e+00
2.930479312331005115e+00
2.932368496625211041e+00
2.921075144531546819e+00
2.897671306411409020e+00
2.933498593829559464e+00
2.946410697781285837e+00
2.945761701156425882e+00
2.868017085025819757e+00
2.834352306965385537e+00
2.890205529023844644e+00
2.891503761021243957e+00
2.856273096186707328e+00
2.791623362848219436e+00
2.771426708394071348e+00
2.768024024462215849e+00
2.789191459903748171e+00
2.733691643181432429e+00
2.705091126006663238e+00
2.732819972116714791e+00
2.747757995166240974e+00
2.785767039793528799e+00
2.830942245966879600e+00
2.847180008359148307e+00
2.799747310026388547e+00
2.800118926045820800e+00
2.805896826328437843e+00
2.808363402410735343e+00
2.797587710868061794e+00
2.814768374129565931e+00
2.775974243396361452e+00
2.849130569138592861e+00
2.910070274065559737e+00
2.917545886528607024e+00
2.880282798615441120e+00
2.860505200135108783e+00
2.883605555550204258e+00
2.851141876511935624e+00
2.787893469987689610e+00
2.719880512081367385e+00
2.757522076067569827e+00
2.781144548562695551e+00
2.804377649319007126e+00
2.765810188715053464e+00
2.799582468869242113e+00
2.730508743805812877e+00
2.740973002420855398e+00
2.781133761615934841e+00
2.744138844883764250e+00
2.763962734915216046e+00
2.739130153899226094e+00
2.767897035657215454e+00
2.748628021395401078e+00
2.706474828998045368e+00
2.767602753286678041e+00
2.803308580945023554e+00
2.853311760043055756e+00
2.883322042367102878e+00
2.808150458931999882e+00
2.727126326373606080e+00
2.737420866436142575e+00
2.727871881155711886e+00
2.755945935609042330e+00
2.731730220940567389e+00
2.727309480055389646e+00
2.727038320229476120e+00
2.781412950282643681e+00
2.785169653719500094e+00
2.696285964062417051e+00
2.787562914088218324e+00
2.780774892004025833e+00
2.745547850611969043e+00
2.704428405412131031e+00
2.710820539984157840e+00
2.783009342420538434e+00
2.749334646782744418e+00
2.764532691070952453e+00
2.830573616778055079e+00
2.812345106845886455e+00
2.773806229713964733e+00
2.833249194829144724e+00
2.873868125018961717e+00
2.906982284087744173e+00
2.878283516264511288e+00
2.774819813969909177e+00
2.778616382302530496e+00
2.802469803583974794e+00
2.817366323359459024e+00
2.862707809050724528e+00
2.836583332109246847e+00
2.772275238860673063e+00
2.758969735245386357e+00
2.758409142966285810e+00
2.749080027936618542e+00
2.723653979491521326e+00
2.793987473128682897e+00
2.790036917318479137e+00
2.798492451303022488e+00
2.814263313906500752e+00
2.838662537181903645e+00
2.831420314965618079e+00
2.852515030635246696e+00
2.816696824296147206e+00
2.868807417726048747e+00
2.872184186294465036e+00
2.846283717411179026e+00
2.795252045880657121e+00
2.785409485156535858e+00
2.795336652355133289e+00
2.819006562603215915e+00
2.923468658973445766e+00
2.927629416439177845e+00
2.853854586344581001e+00
2.881711991160810005e+00
2.884832230823830113e+00
2.864927747780038114e+00
2.857203002938363046e+00
2.782047806922087752e+00
2.756056058936392272e+00
2.761421735266092803e+00
2.704719209086222875e+00
2.730411873692318636e+00
2.714079770382587853e+00
2.718320437328903605e+00
2.716108429352554587e+00
2.671597649347671410e+00
2.727943181226471392e+00
2.814694654842688770e+00
2.787821012905957296e+00
2.835338604117680461e+00
2.911825715938369363e+00
2.882235417171886471e+00
2.871187210893779707e+00
2.813047457829320308e+00
2.788830758579659896e+00
2.780961344571333704e+00
2.823905274615279737e+00
2.830905508843416296e+00
2.873387199804439351e+00
2.864487737798854461e+00
2.888276475685802591e+00
2.880717618927617352e+00
2.942012576451704664e+00
2.935729721891986443e+00
2.878879990551881374e+00
2.894455734676210312e+00
2.891292790431297721e+00
2.923611807336945478e+00
2.911388672094469943e+00
2.882756319913287069e+00
2.830830620153738320e+00
2.736402199969880211e+00
2.780454099603157037e+00
2.737153631055443626e+00
2.733407031526772446e+00
2.743572306318899034e+00
2.780416155901846320e+00
2.835955218264209154e+00
2.853312110512973732e+00
2.860347006920664015e+00
2.860929044908314456e+00
2.910614024565950420e+00
2.938360597339951585e+00
2.931459363525273254e+00
2.929343612483861659e+00
2.937138233042496438e+00
2.872762085519787956e+00
2.822286307233906832e+00
2.802264976764331728e+00
2.796535177679694506e+00
2.779626413746998370e+00
2.806719437350302826e+00
2.833373078152610969e+00
2.838840256160955366e+00
2.864272682549620974e+00
2.790673753773450283e+00
2.799102177484773080e+00
2.705596607035128276e+00
2.742634135279439445e+00
2.724956329925307230e+00
2.733241665129521270e+00
2.828391945965055942e+00
2.901375708177071022e+00
2.884532717789832557e+00
2.827707375242353383e+00
2.803563625102879264e+00
2.805087164421098844e+00
2.880256585792314361e+00
2.917708347316434025e+00
2.870414952580898849e+00
2.841468810316241989e+00
2.813209554938984613e+00
2.744175832558839900e+00
2.711286963786754711e+00
2.751685120067338008e+00
2.813223418074007220e+00
2.836435967900562627e+00
2.872234844158812805e+00
2.863364803862756158e+00
2.856778955397144326e+00
2.898600524391038213e+00
2.902002239833732844e+00
2.900375837714829430e+00
2.893579271421469201e+00
2.826949062151633552e+00
2.851637599696006387e+00
2.858811116530785679e+00
2.871929490777933580e+00
2.825422092360714732e+00
2.763777487425498780e+00
2.690986993651214298e+00
2.755940674252622014e+00
2.768868722059606657e+00
2.769359131640387162e+00
2.755935050032928491e+00
2.740356911061039291e+00
2.753814445455612159e+00
2.724087186563602270e+00
2.720105512659389380e+00
2.784779344939200207e+00
2.811036997266311399e+00
2.805479816359405021e+00
2.789698370792083271e+00
2.822416872115102393e+00
2.848838008732683225e+00
2.781032362271247838e+00
2.833972653361354510e+00
2.883803217974485911e+00
2.897061442220374428e+00
2.900696812836528693e+00
2.870453274310523106e+00
2.887898543924284134e+00
2.925774598290169504e+00
2.918838638911031236e+00
2.869621926317123872e+00
2.800322124327842221e+00
2.835721248642045111e+00
2.942132220006436150e+00
3.003201125465958299e+00
2.883753630253458322e+00
2.878537996969989354e+00
2.845847852573991421e+00
2.802352761520219282e+00
2.796727730759646313e+00
2.772874681625550508e+00
2.750913302886879297e+00
2.848541556656669638e+00
2.929188624858426238e+00
2.897035381213008076e+00
2.862592880589205357e+00
2.859294668270481399e+00
2.844429819840876394e+00
2.925693592979278446e+00
2.860554316911322115e+00
2.854784930603355253e+00
2.864839611566413868e+00
2.834309439704846501e+00
2.781593428234975018e+00
2.767124319577998204e+00
2.705269857149190216e+00
2.753446204304706768e+00
2.813180584320885913e+00
2.779560576781876513e+00
2.750961650041672701e+00
2.803123971571717998e+00
2.737225054685858527e+00
2.703002404734409225e+00
2.781579587212992255e+00
2.821404969159869047e+00
2.806822758921553085e+00
2.786822204590740704e+00
2.739461625940395884e+00
2.742578531236616879e+00
2.785575165024272604e+00
2.790181714512514954e+00
2.756907869334773498e+00
2.808805262028680083e+00
2.822223414260465635e+00
2.799901962569403935e+00
2.771488769596586632e+00
2.797570910629434415e+00
2.793657280340593463e+00
2.695649457922896008e+00
2.773193105429190730e+00
2.785754116931355995e+00
2.842708919323257533e+00
2.843030425443948239e+00
2.774938377694178282e+00
2.772982870484417717e+00
2.746274931611909942e+00
2.757411104641453115e+00
2.830033745381845822e+00
2.850486800530743992e+00
2.814643494299056137e+00
2.711390233809954697e+00
2.713670761164662881e+00
2.767980671897836586e+00
2.772205259355807971e+00
2.782597886867594017e+00
2.771259280543774572e+00
2.757303755482881424e+00
2.707694406686249167e+00
2.737559862359177032e+00
2.762107166639267142e+00
2.728056817590132521e+00
2.715736732454012703e+00
2.757879982885404146e+00
2.728043438070589133e+00
2.795253476878259313e+00
2.764630535894443852e+00
2.758498323363637095e+00
2.785061758740728255e+00
2.783532467926321807e+00
2.809676849746248095e+00
2.855593983744888043e+00
2.804700340499854061e+00
2.751970385015071408e+00
2.785816576876517736e+00
2.750050544990036983e+00
2.740030291803359219e+00
2.705346743025744072e+00
2.745730868093229748e+00
2.815949040732094399e+00
2.754889834457995512e+00
2.702200954777419728e+00
2.761879070488062471e+00
2.727137326941935225e+00
2.719144166828967535e+00
2.728634273771404661e+00
2.695118735788833320e+00
2.740281189951133456e+00
2.857372744323008362e+00
2.911945912959235994e+00
2.866106243669274800e+00
2.893478529382929487e+00
2.917465166887172945e+00
2.881070807876822126e+00
2.902456545755681461e+00
2.989368495184224983e+00
3.051719679131752017e+00
3.031616895321702643e+00
2.967031176108535728e+00
2.868215124428430407e+00
2.829873672092095394e+00
2.868570027034376135e+00
2.850020701679199853e+00
2.877436706515019260e+00
2.893560090960614506e+00
2.796116771524393751e+00
2.785610525540137328e+00
2.828593643491407850e+00
2.836084272372737303e+00
2.895984288631414660e+00
2.924729218235424977e+00
2.847364746568307403e+00
2.849296579859668110e+00
2.808443875173580739e+00
2.835612455890261341e+00
2.799332241803391685e+00
2.777695807679451789e+00
2.741284735302043973e+00
2.750032363445928496e+00
2.744909652429383673e+00
2.728877608101909935e+00
2.768625290645160497e+00
2.691246551321524461e+00
2.768455526101150976e+00
2.877243298714934561e+00
2.901737927518610149e+00
2.913218495066924874e+00
2.882593970714571352e+00
2.906294203964904010e+00
2.890546488122963442e+00
2.894686338793893920e+00
2.906743022697396484e+00
2.955025888211472829e+00
2.932148700185582157e+00
2.872967977545172857e+00
2.876194186768341599e+00
2.807682496294764185e+00
2.821536106449818337e+00
2.891735465079750877e+00
2.905670834764322752e+00
2.812077346020197766e+00
2.792864837402627032e+00
2.877276663791648925e+00
2.920271562714673141e+00
2.870105398761515492e+00
2.860671949035750394e+00
2.811675301310590847e+00
2.791581093215814047e+00
2.797567157370846047e+00
2.754873862811145546e+00
2.699362517336268752e+00
2.731712100496682893e+00
2.825366524895486897e+00
2.813844345375202671e+00
2.729976190372362943e+00
2.722772667704742133e+00
2.771533871342726663e+00
2.772146100045955297e+00
2.748218695810069612e+00
2.738924241376529789e+00
2.783904811591086048e+00
2.798909073192624941e+00
2.746238518410227147e+00
2.802460704452428342e+00
2.840438170423710496e+00
2.970400814704978742e+00
2.950697205746465546e+00
2.866527167148428923e+00
2.906243795692302179e+00
2.893050984687272731e+00
2.903649772269376594e+00
2.926096033967443333e+00
2.951968326388343389e+00
2.956698665741911647e+00
2.948554900285901059e+00
2.904504949212515896e+00
2.915568212201525178e+00
2.943468192455967802e+00
2.924227248351263242e+00
2.908207179689920263e+00
2.906346503774110968e+00
2.906269774126276850e+00
2.887014201558419924e+00
2.900210509600983588e+00
2.819935105636298456e+00
2.873266607887266400e+00
2.915993655685828134e+00
2.864560873851348610e+00
2.873501870540543290e+00
2.876085881888787110e+00
2.882319898970272298e+00
2.897866456550405090e+00
2.892133295683309235e+00
2.911407563361749329e+00
2.930656069892882964e+00
2.884100032939219016e+00
2.857614564632536602e+00
2.893890806509464841e+00
2.876484660136396698e+00
2.888359049702789338e+00
2.829952826461953119e+00
2.872073989297629026e+00
2.821793046982715936e+00
2.873083361129641577e+00
2.862782737128334531e+00
2.874955304000393674e+00
2.877830606550704218e+00
2.795185145925042747e+00
2.782007368789666035e+00
2.768325486643505418e+00
2.756463313740997290e+00
2.737304330906595418e+00
2.782549190939847872e+00
2.764739047360527557e+00
2.784054776759969485e+00
2.750460506896980739e+00
2.734638184477061973e+00
2.742346622876109308e+00
2.779736858049697279e+00
2.828284639140834500e+00
2.810525039916918821e+00
2.809014417905326688e+00
2.835231383855646214e+00
2.886360511093512660e+00
2.893448634415340504e+00
2.838796223754004533e+00
2.793976556809308232e+00
2.764210375496047423e+00
2.703187932793426285e+00
2.751818671351729861e+00
2.759605225390037830e+00
2.813493380123720744e+00
2.867219210315109290e+00
2.898298983886928415e+00
2.892038900153315328e+00
2.866428090847561894e+00
2.952504868751278266e+00
2.919519481010531159e+00
2.955495897476428269e+00
2.869696151163045883e+00
2.924428491175668832e+00
2.930811491720339390e+00
2.939483798220361432e+00
2.946328902210342271e+00
2.976482823736767536e+00
2.917049536775130125e+00
2.869396800723107432e+00
2.798013045001756627e+00
2.832805323349983251e+00
2.880079165578613321e+00
2.921881756676679931e+00
2.951783359259279926e+00
2.906729605587695886e+00
2.914987135477616231e+00
2.953454926014615900e+00
2.884261083882663446e+00
2.903212186527191818e+00
2.903053048085755705e+00
2.930342300824257062e+00
2.899101929908639796e+00
2.935155873203329158e+00
2.832789437992170978e+00
2.828244331736562867e+00
2.810145547831997881e+00
2.861560064021023031e+00
2.892535565900616668e+00
2.879028655640648360e+00
2.862809808562210456e+00
2.798942121588082976e+00
2.835155374930975025e+00
2.810731221586297401e+00
2.788049138734825405e+00
2.801619174691663883e+00
2.762529275862972700e+00
2.812998755776475956e+00
2.792596103986396461e+00
2.877032846527824983e+00
2.874610582322412178e+00
2.800099105388950349e+00
2.833022943782842251e+00
2.835779610618568203e+00
2.812936010647949736e+00
2.852684875691669841e+00
2.852824740498441258e+00
2.741241689453886465e+00
2.744047375684318890e+00
2.803174985618985371e+00
2.852814224585961345e+00
2.828368434274431742e+00
2.823351908636258401e+00
2.874449860408074819e+00
2.953694127698397676e+00
2.961089157725582677e+00
2.847315402269302798e+00
2.783319780406125599e+00
2.794726104647824005e+00
2.804120182873765188e+00
2.850101401704858706e+00
2.864046961905478472e+00
2.792813814059218913e+00
2.772505365188677295e+00
2.776569286007464221e+00
2.742721458697546577e+00
2.774821435696358751e+00
2.779501753912021034e+00
2.782721509601705723e+00
2.755551850355931087e+00
2.731784398520497703e+00
2.751990188935999893e+00
2.752619842985950527e+00
2.798140811324548061e+00
2.881119574054503030e+00
2.900290502691067029e+00
2.877297690542290898e+00
2.868655608468886342e+00
2.876520467509314116e+00
2.869261403218605011e+00
2.904117766207148676e+00
2.904531631778176859e+00
2.921356020754744875e+00
2.883110993354228047e+00
2.871697407457826312e+00
2.884002947293917263e+00
2.827927509679128981e+00
2.851849049301172556e+00
2.846344673436441042e+00
2.834325492952423975e+00
2.751049617873149611e+00
2.767944544242171290e+00
2.720945791448260209e+00
2.777154118877812827e+00
2.807265751581065061e+00
2.786942769415977850e+00
2.744493031508733694e+00
2.744679580570380306e+00
2.722618959751804901e+00
2.748390256131759912e+00
2.765982104063581914e+00
2.773546826718452873e+00
2.742506335453028132e+00
2.764768706420123401e+00
2.851301106512603489e+00
2.891474710247350810e+00
2.873660731540867985e+00
2.865661180251426465e+00
2.830174729588263105e+00
2.846000351370322701e+00
2.848877322736098616e+00
2.881819217091870389e+00
2.882995143943186900e+00
2.836469636713920384e+00
2.816647830311769685e+00
2.778565997056755332e+00
2.771321165076324977e+00
2.801152976900762148e+00
2.787768641763516353e+00
2.756525893221393186e+00
2.815382922445897496e+00
2.866517399214593365e+00
2.883191634283090998e+00
2.873615492719929332e+00
2.908639028824305583e+00
2.913686839727289701e+00
2.861329411305171710e+00
2.894569743502477976e+00
2.907960453651321497e+00
2.878903437074610050e+00
2.905023407823076553e+00
2.877866223437080428e+00
2.904004304404523840e+00
2.887681769170557633e+00
2.866901637656932511e+00
2.897267333195195249e+00
2.872472280109940712e+00
2.874845908914076098e+00
2.893952487515992100e+00
2.878887632402487906e+00
2.860392105988268430e+00
2.897619367687895409e+00
2.882206272979087380e+00
2.804262113283991997e+00
2.833537894576318994e+00
2.823649765817283441e+00
2.875299810454555516e+00
2.834677053916371925e+00
2.825554989732105948e+00
2.863422253178877774e+00
2.897760169510237738e+00
2.919461251669561719e+00
2.892164760175325977e+00
2.925259817520487804e+00
2.927141438331943402e+00
2.892070019899241284e+00
2.865363851241234272e+00
2.847102737872309497e+00
2.814572081151946570e+00
2.875729298804044376e+00
2.894992573392891622e+00
2.846826127461949962e+00
2.839511753805572969e+00
2.884299915057378261e+00
2.857671079743083098e+00
2.828832621418241100e+00
2.835618098404649512e+00
2.900168270980150620e+00
2.852046282934411980e+00
2.846974007608780610e+00
2.869108049551289064e+00
2.814595175153969286e+00
2.733376849247099116e+00
2.753474350706757612e+00
2.828622456249684447e+00
2.923729809678042635e+00
2.917419921780202152e+00
2.850542930741440273e+00
2.892077626897314069e+00
2.849781219672836485e+00
2.848840114853762984e+00
2.833886024525333891e+00
2.883569142573141342e+00
2.875002260868676274e+00
2.861874211072177321e+00
2.876769889998155971e+00
2.866294820844499380e+00
2.773679685904629100e+00
2.799367964380531149e+00
2.852351135467020349e+00
2.783721789259839596e+00
2.754591258245041363e+00
2.737960737483282614e+00
2.752591506199203675e+00
2.759048205450568059e+00
2.734367385703683873e+00
2.747537442874982805e+00
2.689687900110345531e+00
2.706676744644620047e+00
2.747316690882214196e+00
2.715367194321976374e+00
2.732979509619492209e+00
2.763658806727053108e+00
2.820228004966975011e+00
2.874796166687300758e+00
2.836312747212478946e+00
2.785404997482412881e+00
2.752263977164981057e+00
2.729932233591156443e+00
2.795409451225347564e+00
2.816563331437800688e+00
2.872458876990234611e+00
2.900844704564517151e+00
2.884253282913967098e+00
2.886545513238965022e+00
2.852209494409553514e+00
2.879192421495999632e+00
2.857302574107264626e+00
2.914401653856242280e+00
2.945449880748270299e+00
2.921258290531667967e+00
2.911646441448548561e+00
2.869000000000000217e+00
2.826451131719775578e+00
2.780585010389000633e+00
2.766983917553551997e+00
2.735013893931802276e+00
2.748762266912146313e+00
2.806207583198363942e+00
2.821812538068395160e+00
2.832401454596434665e+00
2.864951308486760162e+00
2.880575289764181868e+00
2.887666358844109826e+00
2.780272288823525173e+00
2.737511461163222748e+00
2.765881776215317611e+00
2.726782902982927137e+00
2.760779600040539350e+00
2.796508179855728304e+00
2.838497137571218687e+00
2.864439037577863889e+00
2.917008056211021660e+00
2.882593450349875575e+00
2.882822228303368650e+00
2.860963823609099510e+00
2.848051088024931676e+00
2.848405518882450416e+00
2.913707260518804354e+00
2.916206611336034538e+00
2.888450968945119879e+00
2.856066000637940139e+00
2.939030452377110247e+00
2.890656845770524619e+00
2.870999999999999996e+00
2.853103748551741425e+00
2.846383143570099250e+00
2.791334627019842696e+00
2.745447868745644282e+00
2.784339059812939166e+00
2.736111839819418190e+00
2.773889327280380179e+00
2.755329562865393545e+00
2.811380799536057129e+00
2.814926109154554990e+00
2.852208442593212823e+00
2.934811919016276249e+00
2.902829826221303033e+00
2.898102310133304549e+00
2.897091472494439657e+00
2.871646914228836778e+00
2.892697529988228933e+00
2.888029605111415155e+00
2.943610707957151629e+00
2.921701216757113695e+00
2.932790480071838068e+00
2.856090684834779569e+00
2.829724721593957604e+00
2.775639205660562769e+00
2.751442712469223562e+00
2.769595277292334234e+00
2.779555540009948977e+00
2.758774365547135510e+00
2.731965409737099559e+00
2.756986942297695808e+00
2.751773428173184488e+00
2.740261848802044931e+00
2.786832251858730292e+00
2.785950645650421276e+00
2.752879401644757973e+00
2.722147314162111531e+00
2.749269721216890616e+00
2.739699801073102847e+00
2.781975377317347675e+00
2.795911300452859738e+00
2.800786139640083050e+00
2.740183570493043064e+00
2.821117863542748072e+00
2.938889075824400621e+00
2.922929181489007711e+00
2.935028790318759295e+00
2.893607782682373397e+00
2.901051878198664280e+00
2.885228240538346256e+00
2.884165563902322038e+00
2.893319546818152954e+00
2.890146882080562918e+00
2.855007180376259779e+00
2.887935941117808269e+00
2.979794791592199399e+00
2.876256768788211016e+00
2.865031587958498882e+00
2.937169726113899593e+00
2.968114047674044187e+00
2.951297003014098141e+00
2.915811722316788757e+00
2.810393033011574726e+00
2.709404916213152603e+00
2.752034520132332851e+00
2.715468467870691516e+00
2.744161256194686427e+00
2.736228426136970260e+00
2.722376535308810297e+00
2.721445388024533063e+00
2.745946467067411412e+00
2.749379020797241946e+00
2.779028787184472549e+00
2.808446901759048764e+00
2.756474741404317363e+00
2.769387657948954917e+00
2.713783521211668326e+00
2.778462524490838081e+00
2.774150140133010645e+00
2.748201957644307303e+00
2.727615442103230592e+00
2.677623946710963931e+00
2.703025897027255375e+00
2.734999451553875804e+00
2.858403225578924456e+00
2.911831382480791763e+00
2.903665786553266237e+00
2.895573518320679440e+00
2.903794242021978445e+00
2.898220488506698000e+00
2.818340823960082897e+00
2.799700341107954848e+00
2.730593342114493449e+00
2.774439583050962721e+00
2.760796624164844282e+00
2.740536808729268081e+00
2.752835810577884956e+00
2.732779903321890469e+00
2.746242159752122269e+00
2.749815993843951478e+00
2.746900253012475535e+00
2.731681167339995220e+00
2.713085881427272472e+00
2.750795703064842446e+00
2.841134456515566509e+00
2.902295298552509895e+00
2.857141403571058280e+00
2.852614414883301475e+00
2.873444448740918311e+00
2.890030795683672604e+00
2.911172444222430933e+00
2.905169186123245151e+00
2.901290747236478396e+00
2.898311404939089897e+00
2.908278356691463173e+00
2.771182238684421151e+00
2.782753312818080360e+00
2.798148316297762062e+00
2.829548727270834618e+00
2.779679118171735741e+00
2.774626821754593742e+00
2.784633189488338711e+00
2.817884667618602013e+00
2.833299489993954090e+00
2.868703191339250669e+00
2.960769832324019468e+00
3.015610220171035305e+00
3.022826988102362389e+00
2.972942313601123043e+00
2.945496392800371677e+00
2.950343369846974095e+00
2.971293489374618790e+00
2.967567016934916868e+00
2.920303580109437913e+00
2.969179011107279109e+00
2.975716048281488835e+00
2.946907022625586681e+00
2.948409232111444567e+00
2.930499786725807354e+00
2.885533572842291505e+00
2.707144251790066125e+00
2.671147693408210344e+00
2.713617880247696235e+00
2.772633585600520423e+00
2.856484027611566834e+00
2.843647305838049810e+00
2.825213089308485692e+00
2.774810083591307208e+00
2.732558874022661843e+00
2.771030494238559960e+00
2.779929495508834059e+00
2.794386336926231174e+00
2.849571371276740095e+00
2.857213327702361028e+00
2.760244554382817572e+00
2.747371471061021531e+00
2.755684307027929325e+00
2.737594016650386930e+00
2.738576637598443941e+00
2.724873758543687519e+00
2.755617898040292335e+00
2.740125727042465709e+00
2.776129679968138309e+00
2.789237888743088423e+00
2.755488522930189976e+00
2.810500845045238449e+00
2.840952305125870936e+00
2.834495545948167550e+00
2.894072217481796105e+00
2.846529290205880969e+00
2.811986842074479132e+00
2.804709967180207819e+00
2.852910618999480619e+00
2.821349499796153015e+00
2.867751383924345365e+00
2.816055752289005731e+00
2.812256567242753746e+00
2.833028414965158337e+00
2.844214830142055117e+00
2.878184323492850805e+00
2.852498729184643089e+00
2.857093278141265014e+00
2.828159295372168813e+00
2.788581359759833678e+00
2.707049131434448253e+00
2.712201319961333290e+00
2.789256173247627313e+00
2.832550440857144025e+00
2.870163932600366063e+00
2.833571950736384792e+00
2.851909886374392578e+00
2.905219785145351175e+00
2.898801131502469985e+00
2.827324707209979859e+00
2.834190007744716855e+00
2.820660383669043814e+00
2.776608362733210988e+00
2.781575452868391807e+00
2.809190274794500564e+00
2.856758652739149085e+00
2.864314577695682651e+00
2.833979710583687694e+00
2.816657238642998440e+00
2.822676743801882715e+00
2.823054551368074261e+00
2.817751763374481300e+00
2.879209961083074809e+00
2.906605236353914545e+00
2.911555254498873868e+00
2.872771658172644127e+00
2.925862095178103583e+00
2.958770014718953956e+00
2.926049384408950793e+00
2.863592324336689199e+00
2.886876512772931225e+00
2.884060505606634628e+00
2.842313318408088652e+00
2.894794811381282695e+00
2.958842172201822773e+00
2.907183172763629031e+00
