-5.445426113729999997e+02
-5.862735220350000418e+02
-5.701708111299999473e+02
-5.922082748599999604e+02
-5.901679792390000330e+02
-5.825884994650000408e+02
-5.856225145460000476e+02
-5.659345796520000249e+02
-5.743575584510000454e+02
-5.533716670310000154e+02
-5.761069782470000291e+02
-5.694440041860000292e+02
-5.835156871399999545e+02
-5.772201920679999603e+02
-5.803198670169999787e+02
-6.020282374859999663e+02
-5.936396308270000191e+02
-5.829315258880000101e+02
-5.741078621689999864e+02
-5.900383514169999444e+02
-5.958343362479999996e+02
-5.824678890110000111e+02
-5.963051569069999687e+02
-5.973951509859999760e+02
-5.750462803259999873e+02
-5.964363903480000317e+02
-5.634398753069999657e+02
-6.041630667429999448e+02
-5.715969410760000073e+02
-5.774928355690000217e+02
-5.955101699509999662e+02
-5.930230317460000151e+02
-5.751696339009999974e+02
-5.944223296569999775e+02
-5.843434366850000288e+02
-5.762738675560000274e+02
-5.764297373110000535e+02
-5.777482645310000180e+02
-5.710255102239999587e+02
-5.832450146300000142e+02
-5.624495364690000088e+02
-5.776829124419999744e+02
-5.711645380300000170e+02
-5.857802668479999966e+02
-5.795603596820000121e+02
-6.029822247390000030e+02
-5.958389544450000130e+02
-5.991449975269999868e+02
-5.687615108349999673e+02
-5.918846780679999711e+02
-5.722632724730000291e+02
-5.866774695039999870e+02
-5.733567894320000278e+02
-5.652286436800000047e+02
-6.010478116640000508e+02
-5.808554697240000451e+02
-5.605787907970000106e+02
-5.968835617280000179e+02
-5.795707181120000087e+02
-5.812060966400000552e+02
-5.701722329819999686e+02
-5.812960378400000536e+02
-5.735473842500000501e+02
-5.848749765049999496e+02
-5.828124313539999548e+02
-5.862807506750000357e+02
-5.677870576130000018e+02
-5.826059476679999989e+02
-5.574638348280000173e+02
-5.477334624710000526e+02
-5.285258651249999957e+02
-5.881489095829999769e+02
-5.893622312820000388e+02
-5.655581412740000360e+02
-5.656069818989999476e+02
-5.594121037449999676e+02
-5.231225074479999648e+02
-5.993536903259999917e+02
-5.755990994090000186e+02
-5.722665126050000026e+02
-5.295780214650000062e+02
-5.685219963270000108e+02
-5.858297051519999741e+02
-5.847146278819999452e+02
-5.946863738280000007e+02
-5.811071640259999640e+02
-5.680724131059999991e+02
-5.619889153320000332e+02
-5.649973414520000006e+02
-5.865467812959999492e+02
-5.992181825930000514e+02
-5.789729112879999775e+02
-5.821432695019999528e+02
-5.794406789449999451e+02
-5.849541564400000198e+02
-5.860513948799999753e+02
-5.605581732470000134e+02
-5.784016647070000090e+02
-5.924782479110000395e+02
-5.780705490750000308e+02
-5.882456353640000088e+02
-5.802268249119999837e+02
-5.451782796290000306e+02
-5.851526835319999691e+02
-5.798213946119999491e+02
-5.686208601280000039e+02
-5.949485025620000442e+02
-5.825557287249999945e+02
-5.959648088300000381e+02
-5.791018463220000285e+02
-5.849598079290000214e+02
-5.838580709310000429e+02
-5.868498334079999950e+02
-5.787478076730000112e+02
-5.612369426950000388e+02
-5.893146836769999481e+02
-5.668203923419999910e+02
-5.990139674050000167e+02
-5.839894255970000359e+02
-5.853749771090000422e+02
-5.792304974329999823e+02
-5.686187774129999752e+02
-5.862888267119999455e+02
-5.952342551189999540e+02
-5.952167601439999771e+02
-5.894905688559999817e+02
-5.912189741030000505e+02
-5.878010738809999793e+02
-5.844921922300000006e+02
-5.953878033070000129e+02
-5.893828023099999882e+02
-5.706004496479999943e+02
-5.879377408349999996e+02
-5.916288760759999832e+02
-5.894447885990000486e+02
-5.695584311940000362e+02
-5.790400000800000271e+02
-5.733037716620000310e+02
-5.529462971069999639e+02
-5.961780688610000425e+02
-5.966339586079999435e+02
-5.858031133429999500e+02
-5.871075925970000071e+02
-5.861841472859999840e+02
-5.581136976279999544e+02
-5.700239467200000263e+02
-5.723428890689999662e+02
-5.600006010959999685e+02
-5.863303254390000347e+02
-5.677381281369999897e+02
-5.924600664739999729e+02
-5.786300906080000459e+02
-5.950335739959999728e+02
-5.622817221149999796e+02
-5.798390440050000052e+02
-5.604859055719999787e+02
-6.024867360089999693e+02
-5.872125967440000522e+02
-5.923591294970000263e+02
-5.820572861460000240e+02
-5.686230937650000214e+02
-5.701830393669999921e+02
-5.750817021780000005e+02
-5.732913868179999781e+02
-5.730622606749999477e+02
-5.859780542649999688e+02
-5.560120088170000372e+02
-5.853481019549999473e+02
-5.723119714179999846e+02
-6.032259024149999505e+02
-5.832895258710000235e+02
-5.808539386730000160e+02
-5.892932381699999951e+02
-5.844564783429999579e+02
-5.765464168219999692e+02
-5.649011424510000552e+02
-5.743544277380000267e+02
-5.939215961859999879e+02
-5.950592420409999477e+02
-5.898088187509999898e+02
-5.765795962060000193e+02
-5.800526378680000334e+02
-5.940696556799999826e+02
-5.756017902470000536e+02
-5.737397134399999459e+02
-5.978665456730000187e+02
-5.877246774489999552e+02
-5.960550031919999583e+02
-5.922395239989999709e+02
-6.003861303969999881e+02
-5.823383328239999628e+02
-5.867717171460000145e+02
-5.935090922919999912e+02
-5.646107162040000276e+02
-5.850304819420000513e+02
-5.575926253129999850e+02
-5.940514665419999574e+02
-5.681737444939999477e+02
-5.877636128289999533e+02
-5.769310295709999536e+02
-5.929426664149999624e+02
-5.847064151209999636e+02
-5.868644126489999735e+02
-5.831932595670000410e+02
-5.822647193919999609e+02
-5.697317303119999679e+02
-5.345186479840000402e+02
-5.751740004580000232e+02
-5.897019433899999967e+02
-5.536260127320000493e+02
-5.896613399730000538e+02
-6.031816025660000378e+02
-5.944092140750000226e+02
-5.927071799289999490e+02
-5.872703118839999661e+02
-5.996093540849999499e+02
-5.704591851950000319e+02
-5.854088918610000292e+02
-5.763726681729999655e+02
-5.726567705740000065e+02
-5.905166864599999599e+02
-5.949375347850000253e+02
-5.703920929649999607e+02
-5.954383342439999751e+02
-5.757409176339999703e+02
-5.824247764860000416e+02
-5.992245357580000018e+02
-5.800976623730000483e+02
-5.932196237959999507e+02
-5.906982327189999751e+02
-5.980839433520000057e+02
-5.887155873949999432e+02
-5.719738138090000348e+02
-5.948508552319999581e+02
-5.866424467120000372e+02
-5.668201224629999615e+02
-5.940882144849999804e+02
-5.818492310689999840e+02
-5.892732151500000555e+02
-5.854943756999999778e+02
-5.995073872860000392e+02
-5.765535330049999629e+02
-5.859713556770000196e+02
-5.751750888660000101e+02
-5.663848683190000202e+02
-5.383152912389999756e+02
-5.324451319429999785e+02
-5.571405952100000150e+02
-5.702151870730000383e+02
-5.952460509730000240e+02
-5.756042453940000314e+02
-5.686258495119999452e+02
-5.899348678100000143e+02
-5.903098731740000176e+02
-5.825506110439999929e+02
-5.732298563020000302e+02
-5.686914220879999675e+02
-5.510668278209999471e+02
-5.759609818999999789e+02
-5.995546286270000564e+02
-5.956491738979999582e+02
-5.902692130809999753e+02
-5.942344732440000143e+02
-5.909851081150000027e+02
-5.621732312389999606e+02
-5.885933945699999867e+02
-5.898787400070000331e+02
-5.845720760509999536e+02
-5.925891030989999990e+02
-5.902390447779999931e+02
-5.968180091880000191e+02
-5.551881177169999546e+02
-5.886653237960000524e+02
-5.760857812929999682e+02
-5.861775862629999665e+02
-5.756862462230000119e+02
-5.928419073649999973e+02
-5.646196318360000532e+02
-5.734378300419999732e+02
-5.800521426569999903e+02
-5.806870255989999805e+02
-5.734904595350000136e+02
-5.872553019719999838e+02
-5.940111747920000198e+02
-5.895969737039999927e+02
-5.836230325650000168e+02
-5.922383319660000325e+02
-5.775280246219999754e+02
-5.967872078389999615e+02
-5.808660331749999841e+02
-5.667712511669999458e+02
-5.857849132740000186e+02
-5.865030534920000491e+02
-5.912108868190000521e+02
-5.669637380440000243e+02
-5.900754582130000472e+02
-5.814267696719999776e+02
-5.634139961780000476e+02
-5.750455146130000230e+02
-5.767722001719999980e+02
-5.938623911360000420e+02
-5.827212578889999577e+02
-5.846093898970000282e+02
-5.670179652199999509e+02
-5.780525933070000519e+02
-5.721484247150000328e+02
-5.973263745860000427e+02
-5.749255636330000243e+02
-5.871826331910000363e+02
-5.816626088250000066e+02
-5.829720440229999667e+02
-5.926858459129999801e+02
-5.523289073680000456e+02
-5.983234324530000094e+02
-5.869149993910000376e+02
-5.749830540210000436e+02
-5.985234852490000321e+02
-5.885965610360000255e+02
-5.931742710940000052e+02
-5.922297116529999812e+02
-5.500982014759999856e+02
-5.722623829020000130e+02
-5.625027666009999621e+02
-6.014374392409999928e+02
-5.877572570429999814e+02
-5.937214493479999646e+02
-5.991265545469999552e+02
-5.840389230759999464e+02
-5.901454230399999688e+02
-5.765243929050000133e+02
-5.850963816370000359e+02
-5.897177950559999999e+02
-5.985471689349999451e+02
-5.994292641690000210e+02
-5.999665792470000270e+02
-5.968995191510000495e+02
-5.771500178520000190e+02
-5.824725962009999876e+02
-6.041538411159999669e+02
-5.985535572249999632e+02
-5.758172943399999895e+02
-5.952189368540000487e+02
-5.772735150910000357e+02
-5.768503407340000422e+02
-5.784771895579999637e+02
-5.974447255090000226e+02
-6.002024105839999493e+02
-5.916831351649999533e+02
-5.770356190149999520e+02
-5.731761344359999839e+02
-5.933332268049999811e+02
-5.749106813060000150e+02
