-5.897066527299999734e+02
-5.917137134549999473e+02
-5.913059552329999633e+02
-5.916476541810000072e+02
-5.911965481390000150e+02
-5.988579509190000181e+02
-5.793410579940000389e+02
-5.817890244080000457e+02
-6.023916533599999639e+02
-5.820098304370000051e+02
-5.995468675160000203e+02
-6.013073761660000400e+02
-5.779070180940000228e+02
-5.942867713639999465e+02
-5.918810281209999857e+02
-5.899788644730000442e+02
-6.025909553210000240e+02
-5.916788505460000351e+02
-5.952206449369999746e+02
-5.883898332500000379e+02
-5.982108639990000256e+02
-6.012901024359999838e+02
-6.012167891200000440e+02
-5.972366709509999509e+02
-6.017969642589999921e+02
-5.880595517499999687e+02
-5.967429993800000148e+02
-5.919354300749999993e+02
-5.989205008760000055e+02
-5.920115796310000178e+02
-5.907379439909999519e+02
-5.922088986049999448e+02
-5.969614357000000382e+02
-5.986654107540000496e+02
-5.944296989639999538e+02
-5.867364332019999438e+02
-5.979986368249999487e+02
-6.014646826130000363e+02
-5.815891423870000381e+02
-6.004283445370000436e+02
-5.932754128730000502e+02
-5.856956210499999997e+02
-6.030495032349999747e+02
-5.934122466879999820e+02
-5.955439293900000166e+02
-5.995167942970000468e+02
-5.984764437579999594e+02
-5.928625402760000043e+02
-5.870562479720000510e+02
-5.969194978289999653e+02
-5.940039513860000397e+02
-6.029376496439999755e+02
-5.900250827820000268e+02
-5.916306643980000217e+02
-5.951484329830000206e+02
-5.990439389059999939e+02
-6.006727241050000430e+02
-5.884656303220000382e+02
-5.829807733489999464e+02
-6.022505819040000006e+02
-6.025437531190000300e+02
-6.029858816590000288e+02
-5.938370689089999814e+02
-5.913469243859999551e+02
-5.922666976340000247e+02
-5.996244144730000016e+02
-5.974660529389999510e+02
-5.998811303969999926e+02
-6.049465623099999902e+02
-6.004459158380000190e+02
-5.905736591940000153e+02
-6.025663537359999964e+02
-5.973194116879999456e+02
-5.962540048109999589e+02
-5.853628636209999740e+02
-5.904237331360000098e+02
-5.863773908849999543e+02
-5.942280672150000100e+02
-5.909265272129999857e+02
-5.867064756600000237e+02
-5.825824516269999549e+02
-5.828557158849999951e+02
-5.872971206680000478e+02
-5.955726167880000048e+02
-5.983841559649999908e+02
-5.923736818950000043e+02
-5.880865864070000271e+02
-5.996634568460000310e+02
-5.982682415970000420e+02
-5.835733080439999867e+02
-5.856135413040000230e+02
-5.771488237429999799e+02
-5.852839805060000344e+02
-6.014044574719999900e+02
-5.945327904819999958e+02
-5.983214807299999620e+02
-5.950827664500000083e+02
-6.014153262219999760e+02
-5.992760368199999448e+02
-5.984567484680000007e+02
-5.875350564999999960e+02
-5.923408512140000539e+02
-6.044675890480000362e+02
-6.024455427689999851e+02
-6.005437693349999790e+02
-5.996408869099999492e+02
-6.019195719739999504e+02
-5.996959009720000040e+02
-5.957849793970000292e+02
-6.015174595070000123e+02
-5.946410327669999560e+02
-6.029578025250000337e+02
-5.872737306999999873e+02
-5.996518336899999895e+02
-5.882007977590000110e+02
-6.030676595610000277e+02
-5.981607799030000479e+02
-5.858058290970000144e+02
-6.016490075030000071e+02
-5.948662608780000483e+02
-6.001382892709999624e+02
-5.906711271189999479e+02
-5.922993901150000511e+02
-6.006521482570000217e+02
-5.981402759630000219e+02
-6.003988179929999660e+02
-5.894645342950000213e+02
-5.869166898900000433e+02
-5.956536297650000051e+02
-5.890221491239999523e+02
-5.996438551219999908e+02
-5.967376549760000444e+02
-5.959215734309999561e+02
-5.998672595430000456e+02
-5.987089935650000143e+02
-5.996530289500000208e+02
-5.990475888649999661e+02
-5.932047539589999587e+02
-5.801456083900000067e+02
-5.954267315509999889e+02
-5.958203911519999565e+02
-5.823554570879999801e+02
-5.826274810160000470e+02
-6.008892885779999915e+02
-6.028076196319999553e+02
-5.946349440269999604e+02
-6.022469729859999461e+02
-5.924130256299999928e+02
-5.907160100820000252e+02
-6.010534572069999513e+02
-6.047679107139999815e+02
-5.966629440599999725e+02
-6.012945013329999711e+02
-5.918996031369999855e+02
-5.995799339279999458e+02
-6.003189412059999768e+02
-6.002445435060000136e+02
-5.945028748270000278e+02
-5.941401347109999733e+02
-5.821052375269999857e+02
-5.901324897670000382e+02
-5.820138057369999842e+02
-5.968462257979999777e+02
-6.007178929670000116e+02
-5.853940196730000025e+02
-6.002001601990000381e+02
-6.028862202860000252e+02
-5.945564644019999605e+02
-5.968328125030000137e+02
-5.960735280510000393e+02
-6.012355554849999635e+02
-5.951760374609999644e+02
-5.933310945140000285e+02
-5.929673160510000116e+02
-6.011819807320000564e+02
-6.017509419120000302e+02
-5.903683866300000318e+02
-5.961242828209999516e+02
-6.013470276719999674e+02
-6.004618679229999998e+02
-6.025966433190000089e+02
-5.965550987750000331e+02
-5.887958101240000133e+02
-6.025721271260000549e+02
-5.838315145799999755e+02
-6.044486689059999662e+02
-5.940509413559999530e+02
-5.840450072720000207e+02
-6.011431085079999548e+02
-6.003627019320000500e+02
-6.021373363290000498e+02
-6.031833300099999633e+02
-5.958842707190000283e+02
-5.914838524250000091e+02
-6.003278202530000272e+02
-5.968020888649999733e+02
-5.988852933949999624e+02
-5.851567733450000333e+02
-6.027961512069999799e+02
-6.055685894749999534e+02
-5.876921766279999702e+02
-5.991511279110000032e+02
-6.037592818340000349e+02
-5.965048712310000383e+02
-5.959394136180000032e+02
-5.882569402950000494e+02
-5.960819905040000322e+02
-5.878622624739999765e+02
-5.978547553719999996e+02
-5.847021684879999839e+02
-5.910384671199999502e+02
-5.926207269669999960e+02
-6.010536722699999927e+02
-5.960229663009999967e+02
-5.909014416109999956e+02
-5.911834198330000163e+02
-5.768757433780000383e+02
-5.994684607039999946e+02
-5.866187402159999920e+02
-5.916841460030000235e+02
-5.998373262080000359e+02
-6.011706041649999861e+02
-5.956011805069999809e+02
-5.938782806909999863e+02
-6.020159070099999781e+02
-5.864249303200000440e+02
-5.795574398459999657e+02
-5.737198350219999838e+02
-5.933351929670000118e+02
-5.907111922589999722e+02
-5.991162346620000108e+02
-5.928512993210000559e+02
-6.029444725160000189e+02
-6.026765711819999751e+02
-5.937725886519999676e+02
-5.956558153590000302e+02
-5.916456361399999651e+02
-5.978935246710000229e+02
-5.828644928119999804e+02
-5.933460978790000127e+02
-5.983955988100000241e+02
-5.929764531040000293e+02
-5.781586837300000070e+02
-5.855704080499999691e+02
-5.876394135240000196e+02
-5.985038133570000127e+02
-5.975157571339999549e+02
-5.852642620479999778e+02
-5.899964804759999879e+02
-5.998034630480000260e+02
-5.996661930669999947e+02
-5.870637768980000146e+02
-5.780049894170000471e+02
-5.836167669090000345e+02
-5.839161494630000107e+02
-5.984281362059999765e+02
-5.965919098440000425e+02
-5.932492857969999704e+02
-6.005815765099999908e+02
-6.015751574339999479e+02
-5.802837233149999747e+02
-6.013132776359999525e+02
-5.964167794799999456e+02
-5.991084647200000290e+02
-5.902827069869999832e+02
-5.935493417840000347e+02
-5.905627274140000509e+02
-5.811178468660000362e+02
-5.777700439090000373e+02
-5.915674381759999960e+02
-5.941455847910000330e+02
-5.970040995399999701e+02
-6.024584966129999657e+02
-5.978693294040000410e+02
-5.975352936900000032e+02
-6.014484499659999983e+02
-6.008512017399999650e+02
-5.959789510680000149e+02
-5.937214921529999856e+02
-5.889168422929999451e+02
-6.001717516109999906e+02
-6.028294134819999499e+02
-5.899369244770000478e+02
-5.922214699080000173e+02
-5.881250003440000000e+02
-5.863712719390000530e+02
-5.863733163140000215e+02
-5.985142425420000336e+02
-5.919026688909999621e+02
-6.025413154799999802e+02
-5.955980209040000091e+02
-5.874278758489999746e+02
-5.845639501680000194e+02
-5.991417674309999484e+02
-5.973009669509999640e+02
-5.954664207880000504e+02
-5.918391346089999843e+02
-5.889486454240000057e+02
-5.928678961189999654e+02
-5.976267818159999479e+02
-5.979329829639999616e+02
-5.936532191039999589e+02
-6.024162121470000102e+02
-5.990080875810000407e+02
-5.974601332370000364e+02
-5.995487643610000532e+02
-5.931155677379999815e+02
-5.968500728950000394e+02
-6.000131950799999458e+02
-6.020877593760000082e+02
-5.808965466219999598e+02
-5.908446738439999990e+02
-6.061559546879999516e+02
-5.900488228089999438e+02
-6.006391415399999687e+02
-5.890747069990000000e+02
-5.858193385570000373e+02
-5.904531829620000281e+02
-5.879045007339999529e+02
-5.974786680619999970e+02
-5.957547259020000183e+02
-5.960047729719999552e+02
-5.836367670639999687e+02
-5.845514307319999716e+02
-5.827142711919999556e+02
-5.904992923040000505e+02
-5.851740508560000080e+02
-5.959308576979999543e+02
-5.930804949800000259e+02
-5.942354128499999888e+02
-5.932066093350000529e+02
-5.974554577909999580e+02
-5.949595277380000198e+02
-6.041246950019999531e+02
-5.953052979889999961e+02
-5.941283826589999535e+02
-5.969344957219999515e+02
-5.926946202000000312e+02
-5.940759393929999987e+02
-5.830018995489999725e+02
-5.929965853510000215e+02
-5.949634640499999705e+02
-5.990968652909999719e+02
-5.804843221700000413e+02
-5.947694711650000272e+02
-5.964290105649999987e+02
-6.043142022179999913e+02
-5.921079623529999481e+02
-5.942528148080000392e+02
-5.903613192410000465e+02
-5.895994851919999746e+02
-6.008215644819999852e+02
-5.913554773480000222e+02
-5.969592737100000477e+02
-5.802750536309999916e+02
-5.894846983899999486e+02
-5.960715194169999904e+02
-5.905226163009999709e+02
-5.946464659060000031e+02
-5.997824680349999653e+02
-5.982277668360000007e+02
-5.982294070660000216e+02
-5.939750951690000420e+02
-5.910234823460000371e+02
-5.974471152900000561e+02
-5.991670779800000446e+02
-5.997388066680000520e+02
-5.984157386509999697e+02
-6.003551108299999441e+02
-6.001120167169999604e+02
-5.896661890799999810e+02
-5.900145532540000204e+02
-5.946297932339999761e+02
-5.907402851360000113e+02
-5.920573024620000524e+02
-6.003532790850000538e+02
-6.009125772510000161e+02
-5.958572849250000445e+02
-6.030506173200000148e+02
-5.852656241129999444e+02
-5.959260433619999731e+02
-5.951374706679999917e+02
-5.959717288370000006e+02
-5.841913373539999839e+02
-5.977553540479999583e+02
-5.952572838930000216e+02
-5.928294074130000126e+02
-5.905795003580000184e+02
-5.827697843529999773e+02
-5.904730442909999510e+02
-6.016978524600000355e+02
-5.997090234339999597e+02
-5.947293106419999731e+02
-5.963997487100000399e+02
-5.977331415500000276e+02
-5.862639785190000339e+02
-5.997018516419999514e+02
-5.934409208130000479e+02
-5.938226154239999914e+02
-6.047739537270000483e+02
-5.985932464759999903e+02
-6.016457289119999814e+02
-5.924374104639999814e+02
-5.924469918940000071e+02
-5.955944959669999434e+02
-5.977146539709999615e+02
-5.916898529000000053e+02
-5.880881066839999676e+02
-5.953888524740000321e+02
-6.031172952440000472e+02
-6.044603548430000046e+02
-6.009670584100000497e+02
-6.005264131640000187e+02
-5.956237325040000314e+02
-5.974342532919999940e+02
-5.949455676979999907e+02
-5.886250636500000155e+02
-5.961295717049999894e+02
-6.001930521949999502e+02
-5.978250855060000504e+02
-5.986403018759999668e+02
-5.964118881389999842e+02
-5.925521239559999458e+02
-6.060234389759999658e+02
-6.022864861990000236e+02
-5.928192094080000061e+02
-5.896351302230000329e+02
-5.870419017149999945e+02
-5.993556487419999712e+02
-6.000688130830000091e+02
-5.906630858989999524e+02
-5.832997703529999853e+02
-5.916850700969999934e+02
-5.998758345109999937e+02
-5.990127702590000354e+02
-5.973363748409999516e+02
-5.928545863289999716e+02
-6.013726793509999879e+02
-5.989026925949999622e+02
-5.992538767409999991e+02
-6.006257464960000334e+02
-5.947025876120000021e+02
-6.014276254330000029e+02
-5.829125662049999619e+02
-5.898173948899999459e+02
-5.847635249800000565e+02
-5.997956358080000427e+02
-5.917192171570000028e+02
-5.888419135699999742e+02
-5.880569681560000390e+02
-5.895790405850000298e+02
-6.035602433689999771e+02
-5.992241198140000051e+02
-5.919249005670000088e+02
-5.925676836229999935e+02
-5.920496591209999906e+02
-5.988454326639999863e+02
-5.992040819530000135e+02
-5.783827538169999798e+02
-6.000413059669999711e+02
-6.012587466139999606e+02
-5.853712644629999886e+02
-5.823183844169999475e+02
-5.874670314590000544e+02
-5.944567000270000108e+02
-5.900719895879999513e+02
-5.891609269099999437e+02
-6.004120210180000186e+02
-5.905538238049999791e+02
-6.005078733899999861e+02
-5.959730421499999693e+02
-6.064423397220000425e+02
-6.003187164780000558e+02
-5.986166478620000362e+02
-5.888168276610000476e+02
-6.010714292799999612e+02
-5.884983610739999449e+02
-5.980388911999999664e+02
-5.969333694360000209e+02
-5.909447652339999877e+02
-5.756525200590000395e+02
-5.848450222850000273e+02
-5.908500657099999671e+02
-5.920437163240000018e+02
-5.979895968770000536e+02
-5.851355460239999502e+02
-5.903590983269999697e+02
-5.993616552250000495e+02
-6.007666153569999778e+02
-5.979419466179999745e+02
-5.893630251590000171e+02
-6.017262744820000080e+02
-5.971993358229999558e+02
-5.912050903750000543e+02
-5.877979338259999622e+02
-5.954536545859999705e+02
-6.048855233580000004e+02
-5.866023601580000104e+02
-5.904020722609999439e+02
-5.950195545609999499e+02
-5.907243342829999619e+02
-5.918724019490000501e+02
-6.043951042840000127e+02
-5.952360482430000275e+02
-5.938070128430000523e+02
-5.888510951980000527e+02
-5.975705828879999899e+02
-5.987424241910000546e+02
-5.964071819450000476e+02
-5.897426167359999454e+02
-5.770635864680000395e+02
-5.871703835299999810e+02
-5.844063256040000169e+02
-5.974805244939999511e+02
-5.889388886489999777e+02
-5.896722202390000120e+02
-5.699917637730000024e+02
-5.697989927339999667e+02
-5.848542290069999581e+02
-5.869059748370000307e+02
-5.981769797020000397e+02
-5.901773693000000094e+02
-5.948053024280000045e+02
-5.958846211349999749e+02
-5.905947316250000085e+02
-5.903427777160000005e+02
-5.972457963120000386e+02
-6.064694884049999928e+02
-5.936235344740000528e+02
-5.988350079260000030e+02
-6.012383270719999473e+02
-5.983429327349999767e+02
-6.038874210840000387e+02
-5.866770146510000359e+02
-5.818105565439999509e+02
-5.705143500090000543e+02
-5.923371274249999487e+02
-5.831259261110000125e+02
-5.808924311250000301e+02
-5.992634641619999911e+02
-6.037689525869999443e+02
-5.976140094899999440e+02
-5.973970989959999542e+02
-6.012139811570000347e+02
-5.990336640980000311e+02
-5.932326844970000366e+02
-5.996044062040000426e+02
-5.963339934110000513e+02
-5.898006031139999550e+02
-5.809856175119999762e+02
-5.868472074879999809e+02
-5.887646171049999566e+02
-5.922820454420000260e+02
-5.965102739229999997e+02
-5.960052615240000478e+02
-5.933923307170000498e+02
-5.860786427049999929e+02
-5.971249372920000269e+02
-6.014968104089999770e+02
-6.037322457000000213e+02
-5.962620545690000426e+02
-5.945363135579999607e+02
-5.953051765689999684e+02
-6.003144518789999893e+02
-5.963720189319999463e+02
-5.820706989999999905e+02
-5.988727918229999432e+02
-5.926222721679999950e+02
-6.037865512229999467e+02
-6.021501016570000502e+02
-5.898158657039999753e+02
-6.035728059220000432e+02
-6.037506036529999847e+02
-5.904515400090000412e+02
-5.928032537899999852e+02
-6.021842709549999881e+02
-5.966574326290000272e+02
-5.962787745589999986e+02
-5.920216617749999841e+02
-5.938768377320000127e+02
-6.004771029260000432e+02
-5.968171364329999733e+02
-5.742152573900000334e+02
-5.909246817959999589e+02
-5.982052755509999997e+02
-5.974626494269999739e+02
-5.951007693139999901e+02
-5.927681726770000523e+02
-5.944338765439999861e+02
-5.856429670539999961e+02
-5.993211921549999488e+02
-5.869985497290000467e+02
-5.854704362600000422e+02
-6.015426036100000147e+02
-5.977725399600000173e+02
-5.946514713599999595e+02
-5.990831542380000201e+02
-5.963922043530000110e+02
-5.967671286739999914e+02
-5.901135053259999950e+02
-6.021195247860000563e+02
-5.964277313200000208e+02
-5.937016667030000008e+02
-6.025699767009999732e+02
-6.002708628430000317e+02
-6.029553283540000166e+02
-5.969782320350000191e+02
-5.795213085100000399e+02
-5.983725045090000094e+02
-5.971400569019999693e+02
-5.953080752109999594e+02
-6.035106358589999900e+02
-5.966177044470000510e+02
-6.003231376219999902e+02
-6.001472518619999619e+02
-5.918868446349999886e+02
-5.870537190720000353e+02
-5.978810289079999620e+02
-5.923688163509999640e+02
-5.872315983419999839e+02
-5.952348117039999806e+02
-5.955445038300000533e+02
-5.835410548900000549e+02
-6.016628705360000140e+02
-6.047960052409999889e+02
-6.019294398810000075e+02
-5.883799563979999903e+02
-5.870114263740000524e+02
-5.992373971980000533e+02
-5.881580940259999579e+02
-6.021196068499999683e+02
-6.019447846949999530e+02
-5.862946504289999439e+02
-5.866234101999999666e+02
-5.761662887229999797e+02
-5.921998922599999560e+02
-5.957069856739999523e+02
-6.007682873759999893e+02
-5.960210173850000501e+02
-5.857121389300000374e+02
-5.971509229060000052e+02
-5.933066847540000026e+02
-5.977532485899999983e+02
-6.026068021459999500e+02
-6.034961903670000538e+02
-5.953720767549999664e+02
-5.913733046580000519e+02
-5.883028255719999606e+02
-5.900723588209999662e+02
-5.985126758410000321e+02
-5.679141918650000207e+02
-5.986798892049999949e+02
-5.917818995710000536e+02
-5.864460533520000354e+02
-5.841673203159999730e+02
-5.914379708940000455e+02
-5.942230536150000262e+02
-5.822150250490000190e+02
-5.861660255460000144e+02
-5.941394934060000423e+02
-5.985584862279999925e+02
-6.006013265320000301e+02
-5.899798818189999565e+02
-5.874034192169999642e+02
-5.956148046340000519e+02
-6.020256059539999569e+02
-6.006228367420000041e+02
-6.012009159599999748e+02
-6.044766336809999530e+02
-5.975596520320000309e+02
-6.001521333010000490e+02
-6.020207997009999872e+02
-5.970178738890000432e+02
-5.959521731459999501e+02
-5.900363195249999535e+02
-6.023173535240000547e+02
-5.919304964030000065e+02
-5.983668056940000497e+02
-5.918544995989999506e+02
-5.902542333330000019e+02
-5.949616993170000114e+02
-6.045193363419999741e+02
-5.933529730750000226e+02
-5.900293856600000026e+02
-5.986441209959999696e+02
-5.993982425440000270e+02
-5.996516676879999750e+02
-6.032014868530000058e+02
-5.960637554730000147e+02
-6.016002649329999485e+02
-5.911365907050000033e+02
-5.760723445349999565e+02
-5.852354552900000044e+02
-5.925848042869999972e+02
-5.975798567890000186e+02
-5.868099882740000339e+02
-5.920519508239999595e+02
-5.959541455679999444e+02
-6.000289519279999695e+02
-5.901860145650000504e+02
-5.993354101139999557e+02
-6.021171929299999874e+02
-5.971560993800000006e+02
-6.010056456910000406e+02
-5.959157424229999833e+02
-5.742468762250000509e+02
-5.961279490919999944e+02
-5.978498626739999509e+02
-5.855520221169999786e+02
-5.700530330410000488e+02
-5.933613792779999585e+02
-5.857980505100000528e+02
-5.978683310239999855e+02
-5.915915055059999759e+02
-5.931725871910000478e+02
-5.798403588759999820e+02
-5.830839171449999867e+02
-5.992458156200000303e+02
-5.781008533760000319e+02
-5.992362751350000281e+02
-5.945612145930000452e+02
-5.723250392940000211e+02
-5.889863824430000250e+02
-5.921554563260000350e+02
-6.043484325160000026e+02
-6.055680922289999444e+02
-6.033870558630000005e+02
-5.960739236209999490e+02
-5.919726153420000401e+02
-5.971958666069999708e+02
-5.997615878509999447e+02
-5.978364058610000029e+02
-5.964784430979999570e+02
-6.009077893180000274e+02
-5.921355455929999607e+02
-5.805769187130000546e+02
-5.666581985750000285e+02
-5.773046279120000008e+02
-6.003964626929999895e+02
-5.946917404780000425e+02
-5.954808843680000336e+02
-6.000563619360000303e+02
-5.885245468719999735e+02
-5.967703332429999818e+02
-5.998002050390000477e+02
-5.951562003159999676e+02
-6.006176060689999758e+02
-5.979841759260000345e+02
-5.843090396530000135e+02
-5.922211049520000188e+02
-6.035888853919999519e+02
-5.973943322390000503e+02
-5.980638750030000210e+02
-6.005512428770000497e+02
-6.007016052699999591e+02
-6.027776714870000205e+02
-5.931191728100000091e+02
-5.976629049829999758e+02
-5.957241757269999880e+02
-6.027401102159999482e+02
-5.930883952860000363e+02
-5.763494306200000210e+02
-6.001071859099999983e+02
-5.791665475119999655e+02
-5.834844703700000537e+02
-5.988540653769999835e+02
-6.015197273969999969e+02
-5.990962834829999792e+02
-5.944285505650000232e+02
-5.843901319269999703e+02
-6.009112118130000226e+02
-5.953136545219999789e+02
-5.989742143790000455e+02
-5.987460917690000315e+02
-5.908432874789999687e+02
-5.952698283329999640e+02
-5.880154893549999997e+02
-6.008303605659999675e+02
-6.006761711850000438e+02
-5.943485367660000520e+02
-5.863134348090000003e+02
-5.906670364110000264e+02
-6.009741543669999828e+02
-6.001775843350000059e+02
-6.053040668930000265e+02
-5.984777416760000506e+02
-5.953844803680000268e+02
-5.954201764550000462e+02
-6.024119433869999511e+02
-5.983889084520000097e+02
-6.038773143700000219e+02
-5.935979846400000497e+02
-5.928434399960000292e+02
-5.890356385090000231e+02
-5.994836357000000362e+02
-5.932132732759999953e+02
-6.026446528789999775e+02
-6.022596135589999449e+02
-5.792683639159999984e+02
-5.909665069310000263e+02
-5.835192437289999816e+02
-5.919068945080000503e+02
-5.802823239189999640e+02
-5.931036829529999750e+02
-5.981197389010000052e+02
-5.905426794889999655e+02
-5.802738746700000547e+02
-5.924891400489999569e+02
-5.900544745559999456e+02
-5.936812105650000149e+02
-5.928206559689999722e+02
-5.925649435510000558e+02
-5.958622777949999545e+02
-5.957470893360000446e+02
-5.882266246970000338e+02
-5.817359810250000010e+02
-5.909588965079999525e+02
-5.940159277149999753e+02
-5.971378769200000534e+02
-6.041485011070000155e+02
-5.896137483349999684e+02
-5.973685650800000531e+02
-6.040323328599999968e+02
-5.935813164959999995e+02
-6.042096336260000271e+02
-5.998239458489999834e+02
-5.932620680889999676e+02
-5.963138536760000079e+02
-5.952802210439999726e+02
-6.070468540619999658e+02
-6.031438434599999709e+02
-5.941024320870000111e+02
-5.835869244030000118e+02
-5.994171808820000251e+02
-5.896758420529999967e+02
-5.919930633269999589e+02
-6.010809342100000094e+02
-5.936682519080000020e+02
-5.930430927500000280e+02
-5.920927166210000223e+02
-5.838166905839999572e+02
-5.870336878949999573e+02
-5.771741156079999655e+02
-5.967421630979999918e+02
-5.929167874219999703e+02
-5.977213873539999440e+02
-6.029344423310000138e+02
-6.026495558499999561e+02
-5.911996931879999693e+02
-6.055566178130000026e+02
-5.955776875789999849e+02
-6.039527955910000401e+02
-5.973865516880000541e+02
-6.038639397189999727e+02
-5.945735157990000062e+02
-5.936114447270000483e+02
-5.963768514969999615e+02
-6.008718110209999850e+02
-5.944488641630000529e+02
-5.902907143190000170e+02
-5.971581512779999912e+02
-5.855710528619999877e+02
-5.951023876440000322e+02
-5.962705401340000435e+02
-5.829730513020000444e+02
-6.001302760419999913e+02
-5.918116435880000381e+02
-5.946495567650000567e+02
-5.944202844400000458e+02
-5.949236584980000089e+02
-5.761404031680000344e+02
-5.913406286069999851e+02
-5.988460741540000072e+02
-5.952326884809999683e+02
-5.875754368679999970e+02
-5.854949947689999590e+02
-6.026020883119999780e+02
-5.908373767250000128e+02
-5.975147298360000150e+02
-5.955215278169999920e+02
-5.860275426650000554e+02
-5.953532078980000506e+02
-5.925926344550000522e+02
-5.989480920119999610e+02
-5.936442079969999668e+02
-5.892897134710000273e+02
-5.912910649860000376e+02
-5.928978527599999779e+02
-5.892852024699999447e+02
-5.857412045219999754e+02
-6.015799941789999821e+02
-6.004105763259999549e+02
-5.937204267839999829e+02
-5.972297427250000510e+02
-5.891271489990000418e+02
-5.870178761390000091e+02
-6.047921765480000431e+02
-5.938375384739999845e+02
-5.939867832239999643e+02
-5.905380740250000144e+02
-5.981986463580000191e+02
-5.872878656730000557e+02
-5.847500887710000370e+02
-5.891209321530000125e+02
-5.967797264700000142e+02
-5.810209792350000271e+02
-5.929902777700000343e+02
-5.940445811140000387e+02
-6.000920157100000552e+02
-5.939525448580000102e+02
-5.993875578580000365e+02
-5.977644888920000312e+02
-6.036055814600000531e+02
-5.968551112860000103e+02
-5.985154909169999655e+02
-5.942366882219999979e+02
-5.957050255020000122e+02
-5.964056204859999752e+02
-5.967802904430000126e+02
-5.923103036349999684e+02
-5.880452060080000365e+02
-5.960635228529999949e+02
-6.017295339319999812e+02
-5.985582114699999465e+02
-6.011047945530000334e+02
-5.966610970369999905e+02
-6.062947379319999754e+02
-5.836759556949999705e+02
-5.964445661959999825e+02
-5.987781323770000199e+02
-6.012486496559999978e+02
-5.907618266399999811e+02
-5.925551340829999845e+02
-5.930592486299999564e+02
-6.003075492389999681e+02
-6.055489019179999559e+02
-5.892609499210000195e+02
-5.986645964959999446e+02
-5.943194470859999683e+02
-6.011235151470000346e+02
-5.996644690560000299e+02
-5.985241582590000462e+02
-6.014807629480000060e+02
-6.056537154259999625e+02
-5.888637536590000536e+02
-5.924495459800000390e+02
-5.903285092710000299e+02
-5.925914911170000323e+02
-5.957590291599999546e+02
-6.006978818889999729e+02
-5.995592184619999898e+02
-5.945768527359999780e+02
-5.989559634170000209e+02
-5.994934189169999854e+02
-5.983671688379999978e+02
-5.972843876010000486e+02
-6.010268560089999710e+02
-5.846508585770000082e+02
-5.926518343320000213e+02
-5.946757163559999526e+02
-5.930458532400000422e+02
-5.825605336810000381e+02
-6.027438085610000371e+02
-5.961393999670000312e+02
-6.039014509500000258e+02
-6.000121795320000047e+02
-5.950712057020000429e+02
-6.052930894359999456e+02
-5.998285130079999590e+02
-5.943682674520000546e+02
-5.887688204989999576e+02
-5.956284337419999702e+02
-6.018187198179999768e+02
-6.000116764209999474e+02
-5.957326213710000502e+02
-6.059485712729999705e+02
-6.017851971589999494e+02
-5.872948133639999924e+02
-6.031345694279999634e+02
-5.949025764289999643e+02
-5.923780959059999986e+02
-5.937940471560000333e+02
-6.023557931579999831e+02
-6.016657474889999548e+02
-5.877613610829999971e+02
-5.975815134179999859e+02
-5.977390252970000120e+02
-5.987861539149999999e+02
-5.906373781590000362e+02
-5.984849207349999460e+02
-5.813673053029999664e+02
-5.884258283330000268e+02
-5.903286805950000371e+02
-5.939064769809999689e+02
-6.021115051259999973e+02
-6.017583449720000317e+02
-6.024879042659999868e+02
-5.955315922319999800e+02
-5.914179242540000132e+02
-5.974792252419999841e+02
-6.049409462060000351e+02
-5.977437632889999577e+02
-5.973017656230000512e+02
-5.977818099129999609e+02
-5.861817913439999757e+02
-6.056401902070000460e+02
-5.930730673839999554e+02
-5.908217443869999670e+02
-6.000233498699999473e+02
-6.025560699510000404e+02
-6.014370056760000125e+02
-5.921750738050000109e+02
-5.973683448169999792e+02
-5.908031126119999499e+02
-5.946726407319999907e+02
-5.962125074079999649e+02
-6.007298192829999834e+02
-6.015299722949999932e+02
-5.920104946239999890e+02
-5.835752494219999562e+02
-5.970491423700000269e+02
-5.898390228189999789e+02
-5.947189093780000348e+02
-5.961592458170000555e+02
-5.910926925940000274e+02
-5.906559516969999777e+02
-5.888978603049999947e+02
-5.900638852460000408e+02
-5.938721947029999910e+02
-6.009129796099999794e+02
-5.997630770120000534e+02
-5.777380263620000278e+02
-6.015377775289999818e+02
-5.919118566749999673e+02
-5.972595101099999511e+02
-5.999009548000000223e+02
-6.023356008900000234e+02
-5.932760479830000122e+02
-5.877191566870000088e+02
-5.924830751670000382e+02
-5.839991265999999541e+02
-5.818940227069999764e+02
-5.943590349249999463e+02
-6.010993070360000274e+02
-5.859565071289999878e+02
-6.026454177430000527e+02
-5.957151429299999563e+02
-5.913622060019999935e+02
-5.843850609569999506e+02
-5.945440412609999612e+02
-6.027251705720000245e+02
-5.863360317850000456e+02
-5.928717799400000104e+02
-5.948694158849999667e+02
-5.928239978200000451e+02
-6.021024039730000368e+02
-5.882494146880000017e+02
-5.976713383740000154e+02
-6.023399823649999689e+02
-5.946825329710000005e+02
-5.975253633810000338e+02
-6.012288248229999681e+02
-5.873897410079999872e+02
-6.002564371099999789e+02
-5.971993684569999914e+02
-5.972834652090000418e+02
-5.991996642530000372e+02
-6.023850975550000157e+02
-5.992356279509999695e+02
-5.912540285730000278e+02
-6.010993569969999726e+02
-5.981794227279999632e+02
-5.936423851199999717e+02
-5.933004346029999851e+02
-5.971616844569999785e+02
-5.936613819030000059e+02
-5.935311742300000333e+02
-5.881751142189999655e+02
-5.938944766639999671e+02
-5.935628518580000446e+02
-5.827510218620000160e+02
-5.978646086300000206e+02
-5.948735914679999723e+02
-5.991464665390000164e+02
-5.950329893199999560e+02
-6.035797118899999987e+02
-5.944738017820000096e+02
-5.892205621370000017e+02
-5.824517361489999985e+02
-5.922509201579999853e+02
-5.956173865649999470e+02
-5.991615588910000270e+02
-5.953380688449999525e+02
-5.922251308969999855e+02
-5.898114875920000486e+02
-5.928137105619999829e+02
-5.906114281669999855e+02
-5.952642861399999674e+02
-6.017749836619999542e+02
-6.005788429719999613e+02
-5.712019089760000270e+02
-5.842153710940000337e+02
-6.000269385059999649e+02
-5.935655497410000407e+02
-5.941040865420000046e+02
-5.989980555240000513e+02
-5.881474260850000064e+02
-5.991330567149999524e+02
-5.952472119310000380e+02
-5.806314048990000174e+02
-5.820479826219999495e+02
-5.809909168469999940e+02
-5.902602286180000419e+02
-5.925844199719999779e+02
-5.854924398430000565e+02
-5.969038477240000020e+02
-5.986092446970000083e+02
-5.998685056509999640e+02
-5.863125635899999679e+02
-5.865803196739999521e+02
-5.895418551039999784e+02
-5.820301964740000358e+02
-6.024505088040000373e+02
-5.994182428330000221e+02
-6.012751572839999881e+02
-5.974381974049999826e+02
-5.764816069639999796e+02
-5.933247024669999519e+02
-5.942816717470000185e+02
-5.990788628660000086e+02
-5.892396320320000314e+02
-5.986549968409999565e+02
-5.984117835890000379e+02
-6.016983223969999699e+02
-5.987501906100000042e+02
-5.985618294839999862e+02
-5.990194836990000340e+02
-5.924871448280000550e+02
-5.995590283389999513e+02
-5.856171511469999587e+02
-6.031721835580000288e+02
-5.950922929470000327e+02
-5.961607181140000193e+02
-5.866585134900000185e+02
-5.949052721780000184e+02
-6.003837541740000461e+02
-5.926528242040000123e+02
-5.879510427290000507e+02
-6.062885930249999547e+02
-5.982993360240000129e+02
-5.967450015540000550e+02
-6.018622054259999459e+02
-5.980340232040000501e+02
-5.990795299210000167e+02
-5.885445251099999950e+02
-5.926771689600000173e+02
-5.997899335749999636e+02
-5.825325150669999630e+02
-5.968097748669999874e+02
-6.008643313249999665e+02
-5.932796611600000460e+02
-5.950529694030000201e+02
-5.829544804500000055e+02
-5.907535252679999758e+02
-5.965961272250000320e+02
-5.984495173840000461e+02
-5.925230161429999498e+02
-5.953029236810000384e+02
-5.985454290769999943e+02
-5.950721798700000136e+02
-6.000159505999999965e+02
-5.959458897140000317e+02
-6.032023439859999598e+02
-5.995095014470000478e+02
-5.982475736269999516e+02
-5.973450571179999997e+02
-6.031167716559999690e+02
-5.884882421720000139e+02
-6.006100081939999882e+02
-6.004459217920000356e+02
-5.986466412849999870e+02
-5.994707907759999443e+02
-6.030111208470000292e+02
-6.020683097639999914e+02
-6.028107713079999712e+02
-5.976905283309999959e+02
-5.907611417389999815e+02
-5.975522482330000003e+02
-5.841053883260000248e+02
-5.919299793620000401e+02
-5.965616289229999438e+02
-5.958106898769999589e+02
-5.874951133549999440e+02
-5.964462320549999959e+02
-5.907084163990000434e+02
-5.930562392020000289e+02
-5.812713325439999608e+02
-5.979213203799999974e+02
-5.967779439720000028e+02
-6.028679784319999726e+02
-5.945317622979999896e+02
-5.989082305379999980e+02
-5.954470151320000468e+02
-5.958700160219999589e+02
-5.899737254259999872e+02
-5.969332033409999667e+02
-5.940304352519999611e+02
-5.979749319080000305e+02
-6.012550238080000327e+02
-5.897361909109999942e+02
-6.016111397460000489e+02
-5.795152839480000466e+02
-5.997289760490000390e+02
-6.052926225070000328e+02
-5.942118888749999996e+02
-6.035526337369999510e+02
-5.921622444659999474e+02
-5.944938055809999469e+02
-5.974226948939999602e+02
-5.960772229179999613e+02
-5.835346111410000276e+02
-5.856162188680000327e+02
-5.834129021630000125e+02
-5.880945049719999815e+02
-5.998074452729999848e+02
-5.946775178469999901e+02
-5.871624341550000281e+02
-5.860768037999999933e+02
-5.838763268479999624e+02
-5.952069589779999887e+02
-5.863836861029999454e+02
-5.906256127899999910e+02
-5.922306708329999765e+02
-5.977071377859999757e+02
-5.922389000260000103e+02
-5.956116869180000322e+02
-6.053064481269999533e+02
-5.998039658559999907e+02
-5.919898427440000432e+02
-6.027840776729999561e+02
-5.945879508340000257e+02
-5.967642491579999842e+02
-5.970111060379999799e+02
-6.023792743760000121e+02
-5.923720184500000414e+02
-5.975657107509999832e+02
-6.023005679569999984e+02
-5.944381216509999604e+02
-5.973829284380000217e+02
-5.904496156169999495e+02
-5.894743154029999914e+02
-5.923807419720000098e+02
-5.956867292910000060e+02
-5.896235059360000150e+02
-5.988007303299999649e+02
-6.034491683569999623e+02
-6.037058738099999573e+02
-6.004742996810000477e+02
-5.918322806700000456e+02
-5.947702556059999779e+02
-5.962947494960000085e+02
-5.991908083419999684e+02
-5.914918206410000039e+02
-5.881249040149999701e+02
-5.993556859569999915e+02
-5.934948406029999433e+02
-6.033887541039999860e+02
-5.902742888689999745e+02
-5.980385452020000230e+02
-5.880441514399999505e+02
-5.769146064550000119e+02
-5.813450005580000379e+02
-6.012631855639999685e+02
-5.929073526700000230e+02
-6.016576973740000085e+02
-5.988246076350000067e+02
-6.004803577190000397e+02
-5.904695811149999827e+02
-5.982930630710000059e+02
-5.938331950599999800e+02
-5.942354526850000411e+02
-5.921441563670000505e+02
-5.998693624239999735e+02
-5.933127200159999575e+02
-6.033077533519999633e+02
-6.005073966669999663e+02
-5.986851287980000507e+02
-5.914246476170000051e+02
-5.955164763000000221e+02
-5.813026905250000027e+02
-6.010412032870000303e+02
-5.985762750840000308e+02
-6.004701951219999501e+02
-5.912379036569999471e+02
-5.699234162359999800e+02
-5.944714181750000535e+02
-6.034162894019999612e+02
-6.018466064670000151e+02
-5.917437259499999982e+02
-5.964921554620000279e+02
-5.935509981579999703e+02
-5.875786852859999954e+02
-5.958980160160000423e+02
-5.979583877410000241e+02
-5.871073815949999926e+02
-6.040853292320000492e+02
-5.995455957230000195e+02
-5.919827593720000323e+02
-6.006002523879999444e+02
-5.983499308030000066e+02
-5.846291499320000185e+02
-5.994039099970000279e+02
-5.956836948809999512e+02
-5.981866165449999926e+02
-5.996624945470000512e+02
-5.931855391020000070e+02
-5.977585791609999433e+02
-6.034841751709999471e+02
-6.019085985469999969e+02
-5.845135119829999439e+02
-5.955970422220000273e+02
-6.032770193239999799e+02
-5.882460479280000527e+02
-5.888041522480000367e+02
-5.961370681849999755e+02
-5.997814296770000055e+02
-5.862254269339999837e+02
-5.963791420969999990e+02
-5.947364215269999477e+02
-6.030390698859999929e+02
-5.997524214459999712e+02
-5.837651293019999912e+02
-5.905261086609999666e+02
-5.948142840240000169e+02
-5.948327181219999602e+02
-5.972499600740000005e+02
-5.897339009070000202e+02
-6.027024556390000498e+02
-5.939241821389999814e+02
-5.982255911739999874e+02
-5.880730071110000381e+02
-5.915198717099999612e+02
-5.946833408109999937e+02
-5.992731416059999674e+02
-5.951444981790000384e+02
-5.978702882699999464e+02
-5.920475662809999449e+02
-5.934174296590000495e+02
-5.967688859239999601e+02
-5.987238755629999787e+02
-6.001468822680000130e+02
-5.968661280300000271e+02
-5.950008068820000062e+02
-5.897306005320000395e+02
-5.866046921680000423e+02
-5.983569793450000134e+02
-5.991170203929999616e+02
-5.984350454509999508e+02
-5.999590473770000472e+02
-5.974345861010000363e+02
-5.822897618480000119e+02
-5.907494167600000310e+02
-5.903047720069999968e+02
-5.974702790720000394e+02
-5.854906831270000112e+02
-5.893763596380000536e+02
-5.908471656530000473e+02
-6.017270320119999951e+02
-5.949682790470000100e+02
-5.989938979969999764e+02
-6.038083540000000085e+02
-6.023330063240000527e+02
-5.943781378349999613e+02
-5.949339304430000084e+02
-5.952251502950000486e+02
-5.972687006209999936e+02
-5.954844061190000275e+02
-5.974718647739999824e+02
-6.000352345109999987e+02
-5.942574353039999551e+02
-5.911152029099999936e+02
-5.954822717340000509e+02
-6.035391136599999982e+02
-5.984918844860000036e+02
-5.796871305720000009e+02
-5.871245488319999595e+02
-6.005615741359999902e+02
-5.855675075770000149e+02
-5.838773941059999970e+02
-6.026495958839999503e+02
-5.995082511209999439e+02
-6.005237136380000038e+02
-6.008492111849999446e+02
-5.992034884549999560e+02
-6.012003413050000518e+02
-5.992388969800000496e+02
-5.841633787759999450e+02
-5.853459697690000212e+02
-5.754941043789999640e+02
-5.872421463140000242e+02
-5.949215471280000429e+02
-5.849180917160000490e+02
-5.973658937950000336e+02
-5.922594819600000164e+02
-5.876554165789999615e+02
-5.898002112169999691e+02
-5.818109120719999510e+02
-5.921249977799999442e+02
-5.877796163949999482e+02
-5.912719853260000491e+02
-5.945181323360000079e+02
-5.943459025370000290e+02
-5.834481792240000004e+02
-6.024395122460000493e+02
-6.002823979680000548e+02
-5.940047769169999583e+02
-6.020308566170000404e+02
-5.933515588660000049e+02
-5.831525781569999936e+02
-6.017815390539999498e+02
-6.029733053209999980e+02
-5.874977218880000009e+02
-5.977760674170000357e+02
-6.011987036689999968e+02
-5.900637542790000225e+02
-5.947069015670000454e+02
-5.941102580609999677e+02
-5.988944793240000308e+02
-5.911205527329999541e+02
-5.899076448560000472e+02
-6.029753155360000392e+02
-5.961075815660000217e+02
-5.921660427690000006e+02
-5.729673325119999845e+02
-5.870136933899999576e+02
-5.928319392089999837e+02
-5.786547198600000002e+02
-5.912665574930000503e+02
-5.970951478599999973e+02
-6.016539452219999475e+02
-5.949677413629999592e+02
-5.854844595170000048e+02
-6.017495329810000158e+02
-5.948637351730000091e+02
-5.998164211499999965e+02
-5.989759297099999458e+02
-5.903193448109999508e+02
-6.008615791810000246e+02
-5.938465067299999873e+02
-5.942616199149999829e+02
-5.929149745180000082e+02
-5.986310475589999669e+02
-5.888097418720000178e+02
-5.965697276930000044e+02
-5.910594672040000432e+02
-5.963480266719999463e+02
-5.968395912570000519e+02
-5.961248950640000430e+02
-5.910871151970000028e+02
-5.919139324760000136e+02
-5.970528562079999801e+02
-6.067171429789999593e+02
-5.904075483320000330e+02
-5.993946887289999950e+02
-5.934401256219999823e+02
-5.893664204780000091e+02
-5.908330118310000216e+02
