-5.860421676939999998e+02
-5.887488222670000368e+02
-5.973408473389999926e+02
-6.023844132489999765e+02
-6.054379734550000194e+02
-6.017787403679999443e+02
-6.034698118769999837e+02
-6.008454938739999989e+02
-6.038633813940000437e+02
-5.981250718789999610e+02
-6.040005877400000145e+02
-6.032148192050000262e+02
-5.980638688750000256e+02
-5.941665106499999638e+02
-5.985284212110000226e+02
-5.949956936190000079e+02
-5.959455312789999653e+02
-5.992923530509999637e+02
-5.990456317650000528e+02
-5.822108381699999882e+02
-5.922920196649999980e+02
-5.996328881399999773e+02
-5.807268457530000205e+02
-5.953411579119999715e+02
-5.984920045650000020e+02
-5.878109943299999713e+02
-5.748004830940000147e+02
-6.006416456040000185e+02
-5.955754672489999848e+02
-5.901779758379999521e+02
-6.029232651940000096e+02
-5.964519362300000012e+02
-6.041801147209999954e+02
-5.925430059940000547e+02
-5.948703142980000393e+02
-5.944102949890000218e+02
-6.012695431270000199e+02
-5.816706886150000173e+02
-5.939836627890000500e+02
-5.928590529130000277e+02
-6.025550587100000257e+02
-5.897194967970000334e+02
-5.976399864539999953e+02
-6.013836438859999589e+02
-6.013197071990000495e+02
-5.891801249100000177e+02
-5.982341950989999759e+02
-5.989952850710000121e+02
-6.016873184360000550e+02
-6.031877610819999518e+02
-5.992374302580000176e+02
-5.980826704170000312e+02
-5.894092980220000300e+02
-5.933874707989999706e+02
-5.983480482129999700e+02
-6.023063694160000523e+02
-6.035279955930000142e+02
-6.038509521639999775e+02
-5.963060683459999609e+02
-6.063547476759999881e+02
-6.023489236279999659e+02
-5.924862323569999489e+02
-6.028660057439999491e+02
-5.948370283900000004e+02
-5.974199891319999551e+02
-5.998100248859999510e+02
-5.985575881869999648e+02
-6.027651840680000532e+02
-5.997910546839999597e+02
-5.905771299220000401e+02
-5.896479300849999845e+02
-5.984078227590000552e+02
-6.004170379280000134e+02
-6.006654379620000554e+02
-6.006334064320000152e+02
-6.003266085730000441e+02
-5.969818107150000515e+02
-6.058568084830000089e+02
-5.929305407130000276e+02
-5.940860142400000541e+02
-6.061423789929999657e+02
-6.031693969130000141e+02
-6.000312528800000109e+02
-5.870898448279999684e+02
-5.926336342450000529e+02
-5.990706063510000376e+02
-5.996009422890000451e+02
-5.987903639170000361e+02
-5.996793432539999458e+02
-5.966960633029999599e+02
-5.948520030370000313e+02
-5.980010559099999909e+02
-5.987958725309999863e+02
-5.923978509150000491e+02
-6.032060701640000389e+02
-6.038841034839999793e+02
-5.996233531130000074e+02
-6.031683766439999772e+02
-5.971959360409999817e+02
-5.931496381250000240e+02
-5.930784044450000465e+02
-5.938119060300000456e+02
-5.927562235350000037e+02
-5.923520275790000369e+02
-5.908949060940000209e+02
-5.943260599650000131e+02
-5.971023829599999999e+02
-5.979368619880000324e+02
-5.980202294370000118e+02
-5.963781140360000563e+02
-5.960313019239999903e+02
-5.943880868080000255e+02
-5.973698106929999767e+02
-5.990342482610000161e+02
-5.957555780579999691e+02
-5.970935641319999831e+02
-5.997026608549999764e+02
-6.021397773270000471e+02
-6.028956571410000151e+02
-6.017916972409999516e+02
-5.944010711209999727e+02
-5.907035838960000547e+02
-5.987356595190000235e+02
-5.919822783229999459e+02
-5.937397525119999955e+02
-5.992294010729999627e+02
-5.959133846500000118e+02
-5.954364873120000539e+02
-5.943263102670000535e+02
-5.920337224539999852e+02
-6.044533212989999811e+02
-6.012189332789999980e+02
-5.999737987900000462e+02
-5.926858905630000436e+02
-6.038587895489999937e+02
-5.943266718669999591e+02
-5.986114271220000091e+02
-6.006794981330000383e+02
-5.971073983449999787e+02
-5.991074808590000202e+02
-5.990466246529999808e+02
-6.011007630049999761e+02
-6.045006281979999585e+02
-5.971787419790000513e+02
-6.016491850209999939e+02
-6.038889350580000155e+02
-6.053284338769999522e+02
-6.036348009790000333e+02
-5.951754819300000463e+02
-6.003929951180000444e+02
-6.050742082289999644e+02
-5.985400526329999593e+02
-6.001735971279999831e+02
-5.998905155700000478e+02
-5.948044571159999805e+02
-5.962829536650000364e+02
-5.874516829960000450e+02
-5.999663247619999993e+02
-6.016926145480000514e+02
-6.024286917429999448e+02
-6.006214088299999503e+02
-5.978914303179999479e+02
-5.781640438829999766e+02
-5.929270856120000417e+02
-5.929020153550000032e+02
-6.000240702999999485e+02
-6.008715601769999921e+02
-5.994526289880000149e+02
-5.949046402259999695e+02
-5.982724515950000068e+02
-5.972365265409999893e+02
-6.037841969859999836e+02
-5.974704601639999737e+02
-5.965854987819999451e+02
-5.954422740439999870e+02
-5.969970244170000342e+02
-5.955663533120000466e+02
-5.913712404340000148e+02
-5.961960800790000121e+02
-6.000064642329999742e+02
-5.965624020840000412e+02
-5.945193077010000025e+02
-6.000840434740000546e+02
-5.993284206939999876e+02
-6.070590895379999665e+02
-6.026863542950000010e+02
-5.973777781060000507e+02
-6.047164130429999886e+02
-5.816686134289999472e+02
-5.943025129220000053e+02
-5.921635083209999948e+02
-5.939476040529999636e+02
-5.985745601270000407e+02
-5.992871052220000365e+02
-6.011918110399999478e+02
-6.015584732879999592e+02
-5.972758078509999677e+02
-5.859200530550000394e+02
-5.973566956030000483e+02
-5.897631684780000114e+02
-5.828980458250000538e+02
-5.911098091430000068e+02
-5.998057460630000151e+02
-5.893878973309999765e+02
-5.960145785370000340e+02
-5.945469115079999938e+02
-6.031120389200000318e+02
-5.973204725660000349e+02
-5.975737682269999596e+02
-5.948943680739999991e+02
-6.030189783929999976e+02
-6.035315365850000262e+02
-6.018772912270000006e+02
-5.955665966029999936e+02
-5.998708708200000501e+02
-6.030155178080000269e+02
-5.904825569900000346e+02
-6.013885415800000374e+02
-5.901993916390000550e+02
-5.978126857019999534e+02
-5.829148629349999737e+02
-5.999645233960000041e+02
-5.960665251230000194e+02
-5.965410858410000401e+02
-6.050561967749999894e+02
-5.947845515779999914e+02
-5.947277175259999922e+02
-6.005269641270000420e+02
-5.975896857220000129e+02
-5.922652802620000330e+02
-5.939843199350000305e+02
-5.947243741879999561e+02
-5.924561191200000394e+02
-6.037386111470000287e+02
-6.054881985790000272e+02
-5.819537128599999960e+02
-5.996991009979999490e+02
-6.004732549059999656e+02
-5.980572240430000193e+02
-5.925829664619999448e+02
-5.999462966600000300e+02
-6.038089777950000325e+02
-6.054957723200000146e+02
-6.032766655499999615e+02
-5.930296698360000391e+02
-5.989579205799999500e+02
-5.975919378109999798e+02
-5.978182812180000383e+02
-5.901287290010000106e+02
-5.993822203229999559e+02
-5.895546097720000489e+02
-6.007153222770000411e+02
-6.038627922959999523e+02
-5.968391214319999563e+02
-5.965290131990000191e+02
-5.908747813810000480e+02
-5.993200442889999522e+02
-5.935370832390000260e+02
-5.942044840139999451e+02
-5.943741908450000437e+02
-5.874601662110000007e+02
-5.946172962069999812e+02
-5.998373150270000451e+02
-5.882970766079999976e+02
-6.027373630450000519e+02
-5.929673082350000186e+02
-6.002655986820000180e+02
-6.035890454379999710e+02
-5.917339012310000044e+02
-6.053767942010000525e+02
-6.011531654389999630e+02
-5.973015684360000250e+02
-5.858524519769999870e+02
-5.996217232750000221e+02
-5.928598120750000362e+02
-5.829186957609999808e+02
-5.949496603139999706e+02
-6.015762824329999603e+02
-6.000383128070000112e+02
-5.938330417890000490e+02
-5.994154715240000542e+02
-6.016596841210000548e+02
-5.980204718449999746e+02
-5.964828963649999878e+02
-5.915696184680000442e+02
-5.992216878850000512e+02
-5.906825622159999511e+02
-6.016519799110000122e+02
-6.024720052699999542e+02
-6.039548647640000354e+02
-5.977387913310000158e+02
-5.984811373559999765e+02
-6.002073442900000373e+02
-5.968286834619999581e+02
-5.920870218589999467e+02
-5.987286507699999447e+02
-6.007049121799999511e+02
-5.950143415950000190e+02
-5.876644607870000527e+02
-5.783618224800000007e+02
-5.801029913470000565e+02
-5.776425664610000013e+02
-5.951108065470000383e+02
-5.941867942019999873e+02
-6.025222110060000205e+02
-6.026607543999999734e+02
-6.002471895510000195e+02
-6.005748043910000433e+02
-5.983025161860000480e+02
-5.994030490850000206e+02
-5.962716430760000321e+02
-5.850270879449999484e+02
-5.961076788660000148e+02
-5.959312672999999450e+02
-5.967026280930000439e+02
-5.897765780959999802e+02
-5.921849987619999638e+02
-5.959694137989999945e+02
-5.991762635049999517e+02
-6.016906694629999492e+02
-5.949565035010000429e+02
-5.976280804839999519e+02
-5.859499357160000272e+02
-5.919703737040000533e+02
-5.913871477489999506e+02
-5.935033381700000064e+02
-5.958153056940000170e+02
-6.004266463730000396e+02
-5.966005419340000344e+02
-5.993105296539999927e+02
-5.994475600150000218e+02
-5.983274085460000151e+02
-5.904076705300000185e+02
-5.827130251429999817e+02
-6.002602685250000150e+02
-5.893354866629999833e+02
-5.884423705399999562e+02
-6.053357559019999599e+02
-6.000005593670000508e+02
-6.041227720770000360e+02
-6.014464700940000057e+02
-5.912787892110000030e+02
-6.045372170130000313e+02
-6.046975604369999928e+02
-5.952637411539999448e+02
-5.967510056600000325e+02
-5.967859860559999561e+02
-6.000216629359999843e+02
-5.936998745749999671e+02
-5.896430615739999439e+02
-5.942503681499999857e+02
-5.947499982000000500e+02
-6.014805709940000042e+02
-5.930961690120000185e+02
-5.879527010660000315e+02
-5.881450615019999759e+02
-5.976732046179999998e+02
-6.034694126379999943e+02
-5.996949875039999824e+02
-6.016289617459999590e+02
-5.951918539250000322e+02
-6.016129807219999748e+02
-6.002953053799999452e+02
-5.956596670459999814e+02
-6.038751193099999455e+02
-6.055505758269999887e+02
-6.017711379730000090e+02
-5.944644873869999628e+02
-5.990503892850000511e+02
-5.966567949450000015e+02
-5.920463091809999696e+02
-5.998224417549999998e+02
-5.954266060730000163e+02
-5.939834634239999787e+02
-5.848400846150000234e+02
-6.021538049409999758e+02
-5.902016458560000274e+02
-5.965557195970000066e+02
-5.945408064560000412e+02
-6.024060204779999594e+02
-6.053250969599999962e+02
-5.988532319649999636e+02
-5.817413986929999510e+02
-5.999192600400000401e+02
-5.949899132100000543e+02
-6.023463692069999524e+02
-5.976542032679999465e+02
-5.950046665070000245e+02
-5.976868575859999737e+02
-5.944565133170000308e+02
-6.017866081299999905e+02
-6.025941105499999821e+02
-5.967802163400000381e+02
-6.036114686759999586e+02
-6.048224076960000275e+02
-6.032536860400000478e+02
-6.017004701560000512e+02
-6.044145148060000565e+02
-5.865100255319999860e+02
-5.993058291219999774e+02
-5.969819083620000129e+02
-5.974405101349999541e+02
-5.916278983329999619e+02
-6.017436279820000209e+02
-6.018588483979999637e+02
-6.022697104630000240e+02
-5.896871312749999561e+02
-5.876812142219999942e+02
-6.022586632410000220e+02
-5.963864795030000323e+02
-5.955077133580000464e+02
-5.964369160070000362e+02
-5.891622220689999949e+02
-5.928388782939999828e+02
-5.994292373619999807e+02
-5.937494110420000197e+02
-5.982923683200000369e+02
-5.982279518100000359e+02
-5.963315853340000103e+02
-5.996150677169999881e+02
-5.994823010119999935e+02
-5.845273625910000419e+02
-5.897345258809999677e+02
-5.982414451710000094e+02
-6.000162049650000426e+02
-5.950663044489999720e+02
-5.982565269100000478e+02
-5.982705244840000205e+02
-5.945240488120000464e+02
-6.014808479580000267e+02
-5.977916358600000422e+02
-6.058472138710000081e+02
-5.964797063009999647e+02
-5.998239768050000293e+02
-5.984224436060000016e+02
-6.002985227359999953e+02
-5.991649942080000528e+02
-6.028377810829999817e+02
-5.982454641660000334e+02
-5.980594866330000059e+02
-5.873835790489999908e+02
-5.926655817299999853e+02
-5.935338763680000511e+02
-5.893579091389999576e+02
-5.930127370269999574e+02
-5.994069674610000220e+02
-5.955702481439999474e+02
-5.834204588329999979e+02
-5.990058321279999518e+02
-5.861301895770000101e+02
-5.923806485500000463e+02
-5.999724867679999534e+02
-5.977345450410000467e+02
-5.989279833140000164e+02
-6.011890040700000100e+02
-5.984027106510000067e+02
-5.911543568179999966e+02
-5.855163567179999973e+02
-5.947935287289999451e+02
-5.972409052860000429e+02
-6.007003188879999698e+02
-6.036656629420000399e+02
-6.009222978550000107e+02
-5.907129783459999999e+02
-5.993334624069999563e+02
-5.956143539260000352e+02
-5.912240192709999747e+02
-6.022480043460000161e+02
-5.919465071360000366e+02
-5.942653029929999775e+02
-6.031881539969999722e+02
-5.993198495340000136e+02
-6.043753128299999844e+02
-5.924555309930000249e+02
-5.959220866220000516e+02
-6.057906318950000468e+02
-6.060016547650000120e+02
-5.965482834370000091e+02
-5.944067463420000195e+02
-5.996321944110000004e+02
-6.016631567470000164e+02
-5.999533115489999773e+02
-5.910726040020000482e+02
-5.904843310630000133e+02
-5.961539230729999872e+02
-5.995558416530000159e+02
-5.907203210620000391e+02
-6.028906462099999999e+02
-5.953760749550000355e+02
-6.015093960299999480e+02
-5.932215795240000489e+02
-5.958421847770000568e+02
-5.960993798160000097e+02
-5.901719079069999907e+02
-5.909851640079999697e+02
-5.911792670419999922e+02
-5.993354691700000103e+02
-5.895409256369999866e+02
-6.003046374860000469e+02
-6.031026895170000444e+02
-5.991818995869999753e+02
-6.012352419149999605e+02
-5.902305054270000255e+02
-6.028584868340000185e+02
-6.036909220750000031e+02
-6.025164822780000122e+02
-5.921245795830000134e+02
-5.942258916649999492e+02
-6.026186983210000108e+02
-5.987666768840000486e+02
-5.951165251850000004e+02
-6.039656697469999926e+02
-6.018256370330000209e+02
-5.947489858760000061e+02
-5.919730809760000056e+02
-6.050072463310000330e+02
-5.967293566790000341e+02
-5.954420216989999517e+02
-5.909780359909999561e+02
-5.904186676479999960e+02
-6.041747380589999921e+02
-6.042566659000000300e+02
-6.040059427950000099e+02
-6.033919126829999868e+02
-5.988388193490000049e+02
-6.011811070219999920e+02
-5.973257594350000090e+02
-5.894013493520000111e+02
-5.950802008929999829e+02
-5.997711564759999874e+02
-5.981745751619999965e+02
-5.935861824539999816e+02
-5.981807717249999996e+02
-6.035842074729999922e+02
-5.976799623450000354e+02
-6.022916855189999978e+02
-5.997861988539999629e+02
-6.040244121719999839e+02
-6.058075325050000401e+02
-6.040351484809999647e+02
-5.953400164529999756e+02
-5.938496748280000475e+02
-5.890013727890000155e+02
-5.911874847469999850e+02
-5.989905601069999648e+02
-5.977155166920000511e+02
-6.000472108679999792e+02
-5.970285865070000000e+02
-5.940457408710000209e+02
-5.831629906980000442e+02
-5.962100515839999844e+02
-5.914152485439999509e+02
-5.914966188930000044e+02
-5.944571534420000489e+02
-5.971735015220000378e+02
-6.026834036049999668e+02
-6.006330302769999889e+02
-5.958735046049999937e+02
-5.914109557430000450e+02
-5.991927277930000173e+02
-5.892198451010000326e+02
-5.933126646629999641e+02
-5.890218785160000152e+02
-6.013842517790000102e+02
-6.017065947529999903e+02
-5.969442332339999666e+02
-6.003848235000000386e+02
-6.010843426679999766e+02
-6.022495659280000382e+02
-5.989517794020000565e+02
-5.908277619790000017e+02
-6.032520770349999566e+02
-5.834417906520000088e+02
-5.937226483939999753e+02
-5.890228455010000062e+02
-5.987694735779999746e+02
-5.932500269490000164e+02
-5.988633184340000071e+02
-5.928166703570000209e+02
-5.960324058779999632e+02
-5.987044103250000262e+02
-5.860272058699999889e+02
-6.025488258090000500e+02
-5.924337321240000165e+02
-5.899730680909999592e+02
-5.923297179989999677e+02
-5.976852465289999827e+02
-5.920235199810000495e+02
-6.028978364170000077e+02
-5.995837155719999600e+02
-5.930999681270000110e+02
-6.013833894130000317e+02
-5.999704455859999825e+02
-6.043002354809999588e+02
-5.927452594310000222e+02
-5.999383194829999866e+02
-5.990015646929999775e+02
-5.951347644610000316e+02
-5.989025607349999518e+02
-5.879710048050000069e+02
-5.786753476310000224e+02
-5.905878456950000555e+02
-5.901978153149999571e+02
-5.892481500610000467e+02
-5.995952031650000436e+02
-5.930743859189999512e+02
-5.975637617800000498e+02
-6.017054909390000148e+02
-6.029237068410000120e+02
-5.929801170690000163e+02
-5.874765330290000520e+02
-5.961691024110000399e+02
-5.954814108430000488e+02
-5.953160201350000307e+02
-5.945654350769999610e+02
-5.836872759619999442e+02
-5.731597128739999789e+02
-5.962020615449999923e+02
-5.929167203440000549e+02
-5.896348645809999880e+02
-6.040953929129999551e+02
-6.056259002560000226e+02
-6.042632610230000410e+02
-6.012014514940000254e+02
-5.954088430929999731e+02
-6.009702225720000115e+02
-5.972400494290000097e+02
-5.902018094439999913e+02
-5.949436340370000380e+02
-5.956668413090000058e+02
-6.021927106609999782e+02
-5.989463064210000312e+02
-5.983917464019999670e+02
-5.944933409120000078e+02
-5.933116565689999788e+02
-5.919456307079999533e+02
-5.955703012359999775e+02
-6.035349806719999606e+02
-6.037969675560000269e+02
-5.980903400170000168e+02
-5.973920584449999751e+02
-6.015005165830000351e+02
-5.950860227409999652e+02
-5.901541063759999588e+02
-5.954123258119999491e+02
-5.774866285440000411e+02
-5.954395275099999481e+02
-5.969291654239999616e+02
-5.950988332350000292e+02
-6.013054403999999522e+02
-5.982566578199999867e+02
-5.915515763670000524e+02
-6.047113399849999951e+02
-5.995797732500000166e+02
-5.962499160260000508e+02
-5.965596450389999745e+02
-5.981761025810000092e+02
-5.908707553430000416e+02
-5.959775455110000166e+02
-5.880932598230000394e+02
-6.007506123619999698e+02
-5.953219590129999688e+02
-5.876914265350000051e+02
-5.989566243430000441e+02
-5.969780996099999584e+02
-5.997693046389999836e+02
-5.834338686759999746e+02
-5.747951401100000339e+02
-5.964016748789999838e+02
-5.844577314550000438e+02
-6.036516887090000409e+02
-6.055717764879999550e+02
-5.955125826140000527e+02
-5.920185954710000260e+02
-6.035147899360000565e+02
-5.947095032270000274e+02
-5.958516036150000446e+02
-5.959742897349999566e+02
-5.989951895100000456e+02
-5.915151506739999832e+02
-5.996237134509999578e+02
-6.022476215130000128e+02
-5.987730075340000440e+02
-5.965424767739999652e+02
-5.870927510579999762e+02
-5.887407337710000093e+02
-6.007513302390000263e+02
-5.951427423779999799e+02
-6.009692087849999780e+02
-6.005993473610000137e+02
-5.932958871329999511e+02
-6.014617493030000333e+02
-6.018151097109999910e+02
-6.010115420040000345e+02
-5.916710036959999570e+02
-5.949391641019999497e+02
-6.005558688510000138e+02
-5.963928770549999854e+02
-5.944288625120000233e+02
-5.981491299120000349e+02
-6.020062100489999466e+02
-5.997848329229999536e+02
-5.980147488439999961e+02
-6.031395342939999864e+02
-6.024426165549999723e+02
-5.972195349050000459e+02
-6.026993056909999495e+02
-5.932572628970000324e+02
-6.013879217600000402e+02
-5.960469910020000270e+02
-5.896277804879999849e+02
-5.894405595629999652e+02
-5.954677605059999905e+02
-5.946952788360000568e+02
-5.946100487139999586e+02
-6.040795025800000531e+02
-5.972863396200000352e+02
-5.820560003030000189e+02
-5.991743691310000486e+02
-5.782270463789999440e+02
-5.865842322339999555e+02
-6.004293977380000342e+02
-6.032745997120000538e+02
-5.920108980740000106e+02
-6.012923748719999821e+02
-5.958153089080000200e+02
-5.880378285609999693e+02
-5.988245795699999690e+02
-6.058849073269999508e+02
-5.985339990969999917e+02
-5.970185879010000463e+02
-5.921360318270000107e+02
-5.986924564079999982e+02
-5.951628321250000226e+02
-5.993443524199999501e+02
-5.882276392229999828e+02
-5.925087672509999948e+02
-6.000863684089999879e+02
-5.925233116209999480e+02
-5.960691176039999846e+02
-5.829196896150000384e+02
-5.982542684950000194e+02
-5.922999604460000000e+02
-5.937910342279999441e+02
-5.928851684280000427e+02
-5.935662765839999793e+02
-5.896718699289999677e+02
-6.001594650069999943e+02
-5.945136455440000418e+02
-6.041534909609999886e+02
-5.990926192450000372e+02
-6.039918053630000259e+02
-5.932661768519999441e+02
-5.984047414919999710e+02
-6.039387962920000064e+02
-5.970893277599999465e+02
-5.900638216199999988e+02
-6.009587140810000392e+02
-6.057805854810000028e+02
-6.036926092590000508e+02
-5.947724987530000362e+02
-5.979517441799999915e+02
-5.937778487150000046e+02
-6.021771516720000363e+02
-5.904303420490000462e+02
-6.053909422709999717e+02
-5.904495408129999987e+02
-5.958467414389999703e+02
-5.948153787459999648e+02
-6.035034353300000021e+02
-6.022922638520000191e+02
-5.998809045030000107e+02
-6.004972049709999737e+02
-5.946041829969999526e+02
-6.013800441339999452e+02
-5.935597529399999530e+02
-5.935639621420000367e+02
-6.008529186929999923e+02
-6.025660292810000556e+02
-6.029297055839999757e+02
-6.005352000300000554e+02
-5.981855482390000134e+02
-5.945422754639999994e+02
-5.980035076619999472e+02
-5.900549581000000217e+02
-6.023491446750000478e+02
-5.902448979030000373e+02
-6.032948448270000199e+02
-5.927918906940000170e+02
-5.969363459209999974e+02
-5.974324667319999662e+02
-5.931444513709999455e+02
-5.944355314189999717e+02
-5.939237308460000122e+02
-5.924977323929999784e+02
-5.939167669270000260e+02
-5.855896026230000189e+02
-5.916784310489999825e+02
-5.880169064860000390e+02
-5.940928651819999686e+02
-5.913977484170000025e+02
-6.022868954960000565e+02
-5.919943479889999480e+02
-5.921293850030000385e+02
-5.960478442749999886e+02
-5.880249233869999443e+02
-5.960311894410000377e+02
-5.940860507080000161e+02
-5.899276696939999738e+02
-5.965911347769999793e+02
-6.048012144269999908e+02
-6.048353118119999863e+02
-6.017222331250000025e+02
-5.841421745059999466e+02
-5.991219322790000206e+02
-5.954084866330000523e+02
-5.943559523159999571e+02
-5.920836693319999995e+02
-6.003223134319999872e+02
-5.960701640580000458e+02
-5.984260601690000385e+02
-5.972578801720000001e+02
-5.862256568569999899e+02
-5.988038349989999460e+02
-5.942637534640000467e+02
-5.937596791910000320e+02
-5.869922938610000074e+02
-6.002570681849999801e+02
-5.997754459489999590e+02
-5.934222116250000454e+02
-5.986758494079999764e+02
-5.999150685839999824e+02
-6.003472211109999535e+02
-5.960401148480000302e+02
-6.029532246549999854e+02
-6.039682979389999673e+02
-5.962051376819999859e+02
-5.913510252260000470e+02
-6.024544392809999636e+02
-5.972569251270000450e+02
-6.018141419559999576e+02
-5.961502846360000376e+02
-6.004977124289999892e+02
-6.002309364349999896e+02
-6.024596033760000182e+02
-5.938237650249999433e+02
-6.000968954029999622e+02
-5.955087885960000449e+02
-5.967857337829999551e+02
-5.932118421139999782e+02
-5.880304213499999832e+02
-5.961091980219999868e+02
-5.929706700579999961e+02
-5.949778944250000450e+02
-5.933266662080000060e+02
-5.999005651039999520e+02
-5.987925628850000521e+02
-6.001854738819999966e+02
-5.946312086230000205e+02
-5.905260541510000394e+02
-5.888584919190000164e+02
-5.973303399359999730e+02
-5.952152940270000272e+02
-5.929598995220000006e+02
-5.881227717960000518e+02
-5.987071356699999569e+02
-5.957573381079999990e+02
-5.921835814949999985e+02
-5.976498332190000156e+02
-6.010282164630000352e+02
-5.952501521860000366e+02
-6.007009620940000332e+02
-5.994387548250000464e+02
-5.964754920350000020e+02
-5.923484477490000017e+02
-5.916789250430000493e+02
-6.001647581820000141e+02
-6.012256918099999439e+02
-5.861293220369999517e+02
-6.046258708369999795e+02
-5.922216890370000328e+02
-6.018496635129999959e+02
-5.918815302489999794e+02
-5.981795730769999864e+02
-6.048734391809999806e+02
-6.022352731610000092e+02
-5.858737975559999995e+02
-5.929863721360000000e+02
-5.948841143570000440e+02
-6.020226624350000293e+02
-5.980257367140000042e+02
-5.979352668210000274e+02
-5.972119304929999544e+02
-5.950524149469999884e+02
-5.941108810250000261e+02
-6.026493928730000107e+02
-6.058574697730000480e+02
-6.020559673359999806e+02
-6.022976994089999607e+02
-6.008757428430000118e+02
-5.966420791430000463e+02
-5.941572355719999905e+02
-5.973474592100000109e+02
-5.885642928659999598e+02
-6.017746087519999492e+02
-6.003045171859999982e+02
-5.908547330940000393e+02
-6.052505707349999966e+02
-5.982341469230000257e+02
-5.959489080450000529e+02
-5.990291193199999498e+02
-5.993896236839999574e+02
-5.953260631829999738e+02
-5.921858364940000001e+02
-5.964209244370000533e+02
-5.914464035040000454e+02
-6.031135020230000237e+02
-5.925784598770000002e+02
-5.880433452769999576e+02
-6.010616561240000237e+02
-5.940941627129999461e+02
-5.960010911010000427e+02
-5.985423220379999520e+02
-6.028206639469999573e+02
-5.965731730969999944e+02
-6.031841548280000325e+02
-5.981354158340000140e+02
-6.060065979820000166e+02
-6.014680368529999441e+02
-6.048456851810000217e+02
-5.956146487590000334e+02
-5.979394921690000047e+02
-5.931862251060000517e+02
-5.975147422190000270e+02
-5.973590448239999660e+02
-5.996418431050000208e+02
-6.020079640279999467e+02
-6.060352315699999508e+02
-6.023595475399999941e+02
-5.990946235999999772e+02
-6.024061070479999671e+02
-5.836584860729999491e+02
-6.034000135100000080e+02
-5.976382205849999991e+02
-6.003203400710000324e+02
-6.052080952689999549e+02
-5.993063196760000437e+02
-5.943595464129999755e+02
-6.043724928020000107e+02
-5.997564707789999829e+02
-5.932078680719999966e+02
-6.016383504850000463e+02
-5.747986849579999671e+02
-5.953931072689999837e+02
-5.976896130019999873e+02
-5.926914868190000334e+02
-5.965849909490000300e+02
-5.998818440889999692e+02
-6.013114125810000132e+02
-5.940008612259999836e+02
-5.976654957020000438e+02
-5.944993189909999955e+02
-5.963915231610000092e+02
-5.939027342929999804e+02
-5.989914409250000062e+02
-5.983465854329999729e+02
-6.031023898299999928e+02
-6.019048467500000470e+02
-5.996328596739999739e+02
-6.020433273119999740e+02
-6.021946090589999585e+02
-5.920365420819999827e+02
-6.019588530810000293e+02
-5.999963180629999897e+02
-6.001189397240000289e+02
-6.030801249170000347e+02
-6.012946756960000130e+02
-6.005917916319999676e+02
-5.964645759320000025e+02
-6.018086950419999539e+02
-5.894203150890000416e+02
-5.952096776409999848e+02
-6.034377164869999888e+02
-5.988677331049999566e+02
-5.977383984240000245e+02
-5.954734690239999964e+02
-5.984816164119999939e+02
-6.040480243980000523e+02
-5.873714459760000182e+02
-5.974311301239999921e+02
-5.961766344720000461e+02
-5.972559541690000060e+02
-5.927164670189999924e+02
-5.987140250689999448e+02
-5.855339799880000555e+02
-5.835304829799999879e+02
-6.025112384289999454e+02
-6.025464346109999951e+02
-5.988334306980000292e+02
-6.023318800509999846e+02
-5.923981051340000477e+02
-6.008169834010000159e+02
-5.882983463040000061e+02
-5.802393595620000042e+02
-5.939107483830000547e+02
-5.959191138270000465e+02
-5.821092457390000163e+02
-5.990755668430000469e+02
-5.930241637740000442e+02
-5.932559292690000348e+02
-6.004273113839999496e+02
-5.987299414660000139e+02
-5.979498299289999750e+02
-6.012276542350000454e+02
-5.957907060009999896e+02
-5.961174228099999937e+02
-5.955099336389999962e+02
-5.951540910830000257e+02
-5.939037868520000529e+02
-6.011931736069999488e+02
-6.037288639409999860e+02
-5.972707888930000308e+02
-5.965672200100000282e+02
-5.943122871000000487e+02
-6.016995214840000017e+02
-5.911637812730000405e+02
-5.975129451130000007e+02
-5.954683631350000041e+02
-5.883575767219999761e+02
-6.023856767610000134e+02
-5.951750783249999586e+02
-5.943223743339999601e+02
-5.976884824029999663e+02
-5.945543550859999868e+02
-6.040354128850000279e+02
-5.988914316049999798e+02
-6.032282876609999676e+02
-6.023705991680000125e+02
-5.880966108029999759e+02
-6.054508695929999931e+02
-6.034632417399999440e+02
-5.964133871440000121e+02
-5.959598252980000552e+02
-5.868446749659999568e+02
-5.961792649960000290e+02
-5.910155058750000308e+02
-5.957313572350000186e+02
-5.971286629710000398e+02
-5.885879471189999776e+02
-5.941050940330000003e+02
-5.894684494629999563e+02
-5.919277930680000281e+02
-5.844176578179999524e+02
-6.044300725150000062e+02
-6.055552400159999706e+02
-5.974325071890000345e+02
-6.052644465570000420e+02
-5.981376044690000526e+02
-6.002430796529999952e+02
-6.015047012909999467e+02
-5.963513902600000165e+02
-5.993812329429999863e+02
-5.929173960240000270e+02
-5.918059510619999628e+02
-5.940062091400000099e+02
-5.944102858080000260e+02
-6.014282268130000375e+02
-5.867761437289999549e+02
-5.975114141510000536e+02
-5.945976775960000396e+02
-5.870561912719999782e+02
-5.971030406290000201e+02
-5.924440103970000564e+02
-5.900027369099999532e+02
-5.901616384699999571e+02
-5.898896086839999953e+02
-6.052993818879999708e+02
-5.888451207800000020e+02
-6.023495844870000155e+02
-6.007775984480000488e+02
-5.921273687980000204e+02
-5.983774469810000483e+02
-5.986348568350000505e+02
-6.021029755690000229e+02
-6.022360917790000485e+02
-5.951599837229999821e+02
-6.009236745900000187e+02
-6.024219575869999517e+02
-6.013594954599999483e+02
-5.918291207510000049e+02
-6.023509275269999534e+02
-5.971343183960000260e+02
-6.028828545789999680e+02
-5.977494830870000442e+02
-5.995616750970000339e+02
-5.969479210060000014e+02
-5.965782748740000443e+02
-6.003351151470000104e+02
-6.012710686420000457e+02
-5.950892058140000245e+02
-6.008212149460000546e+02
-5.969347893850000446e+02
-5.964488598350000075e+02
-5.985357042770000362e+02
-5.923075875389999965e+02
-6.009833742519999760e+02
-5.994460753370000248e+02
-5.972488905430000159e+02
-5.936179003309999871e+02
-6.005683180969999739e+02
-5.992019665159999704e+02
-6.012809871140000268e+02
-5.994228310639999791e+02
-6.045150044560000424e+02
-5.965417199989999517e+02
-6.045229634869999700e+02
-6.026676409970000350e+02
-5.909576336640000136e+02
-6.024760226780000494e+02
-5.981941354159999946e+02
-5.937401300789999823e+02
-5.932778197879999880e+02
-5.932319772480000211e+02
-5.967899642749999884e+02
-5.991369466190000139e+02
-5.967670026189999817e+02
-5.841806722219999983e+02
-6.002064390650000405e+02
-5.911812572860000046e+02
-5.946180401509999456e+02
-6.012780440669999962e+02
-5.956794450529999949e+02
-5.991975475530000494e+02
-6.055510649079999439e+02
-5.943281571830000303e+02
-5.880521029459999909e+02
-5.964532292129999860e+02
-5.989808635040000127e+02
-6.019537233229999629e+02
-6.032711567029999742e+02
-5.998508035439999730e+02
-6.002235999480000146e+02
-5.945713185990000511e+02
-6.015724454600000399e+02
-5.948980346590000181e+02
-5.986031915739999931e+02
-6.027424827510000114e+02
-5.874921161769999571e+02
-5.919539799399999538e+02
-6.029696529289999489e+02
-5.974466098279999642e+02
-5.887982906070000126e+02
-6.004119303039999522e+02
-5.941950061930000402e+02
-5.988144587589999901e+02
-5.984690361770000209e+02
-5.947095643599999448e+02
-5.915878053440000031e+02
-5.955336024660000476e+02
-5.985915417400000251e+02
-6.067191691609999680e+02
-5.990130307020000373e+02
-5.977181323419999899e+02
-6.048955268920000208e+02
-5.960768970919999674e+02
-5.971893765720000147e+02
-6.052492665390000184e+02
-5.926690203460000248e+02
-5.982594211309999537e+02
-5.984057892680000350e+02
-6.048372775489999640e+02
-6.039095505139999887e+02
-6.006357414660000131e+02
-6.017786653189999697e+02
-5.963363027340000144e+02
-6.028890468109999574e+02
-6.001865474050000557e+02
-5.949805562909999708e+02
-5.995557260640000550e+02
-5.904161372539999775e+02
-5.927908119080000233e+02
-6.020055038790000026e+02
-6.000966293279999491e+02
-5.992265573360000417e+02
-5.999273371289999659e+02
-5.982615350270000363e+02
-5.867780911390000256e+02
-5.809334873819999530e+02
-5.869834651190000159e+02
-5.947880138949999491e+02
-6.005020337790000440e+02
-6.046895231620000004e+02
-6.022050805469999659e+02
-6.055305699929999719e+02
-6.016755026380000118e+02
-5.958848868630000197e+02
-6.003140118339999844e+02
-6.028673448560000452e+02
-5.919366987570000447e+02
-5.992450089970000136e+02
-5.983606370259999494e+02
-6.005527625129999478e+02
-6.000794692910000094e+02
-6.021741416319999871e+02
-6.038311141039999939e+02
-5.943259182980000332e+02
-5.855767651390000310e+02
-5.855725521619999654e+02
-5.829508613880000212e+02
-5.961797689979999859e+02
-5.861566141370000196e+02
-5.913110493789999964e+02
-6.008058949149999535e+02
-6.006240374879999990e+02
-5.891989039490000550e+02
-5.995424472009999590e+02
-5.971968768750000436e+02
-5.978577525690000130e+02
-6.021754097750000483e+02
-6.040516858400000046e+02
-5.989662845530000368e+02
-6.055185081869999522e+02
-6.008700498040000184e+02
-6.013448304820000203e+02
-5.989951041909999958e+02
-5.991660125380000181e+02
-5.915681379379999498e+02
-5.994358099519999996e+02
-6.059769194570000082e+02
-6.010165887160000011e+02
-5.985890014509999446e+02
-5.991041192899999714e+02
-5.937355376960000513e+02
-6.064932427700000517e+02
-5.988309694380000110e+02
-5.979927221640000425e+02
-5.900214135749999969e+02
-5.936277837479999562e+02
-5.985847660870000482e+02
-5.896469873260000440e+02
-5.997929940039999792e+02
-5.890984478970000282e+02
-5.976466727179999907e+02
-5.988074542489999885e+02
-5.958666104010000026e+02
-5.963364561020000565e+02
-5.943490231040000253e+02
-5.970924758429999883e+02
-6.023506943759999785e+02
-5.995679572850000341e+02
-5.939296088769999642e+02
-5.977188976139999568e+02
-5.975635435770000186e+02
-5.993819755120000536e+02
-5.945924878429999580e+02
-5.937355219669999542e+02
-5.955781266090000372e+02
-5.939470181689999890e+02
-5.979473978879999549e+02
-6.055463748949999854e+02
-5.996808266049999929e+02
-5.872220206969999481e+02
-6.029283988140000474e+02
-5.984120624690000341e+02
-6.008002956770000083e+02
-5.960948355640000500e+02
-6.047580512929999941e+02
-5.987289006739999877e+02
-6.028260392429999683e+02
-5.997123557139999548e+02
-5.967345267580000154e+02
-5.869699348630000486e+02
-5.953091121720000274e+02
-5.904973962799999754e+02
-5.913875633750000134e+02
-5.920172720519999530e+02
-6.004594226829999570e+02
-5.982621841589999576e+02
-5.968382297919999928e+02
-5.933454498950000016e+02
-5.837698767250000174e+02
-5.975924882030000163e+02
-5.999279047310000124e+02
-5.945820837630000142e+02
-5.969752620179999667e+02
-6.022227840389999756e+02
-5.955355778120000423e+02
-6.050887592730000506e+02
-5.986581309529999544e+02
-5.944496388180000395e+02
-6.014163377239999591e+02
-6.012800035090000392e+02
-5.815609699389999605e+02
-5.929780472869999812e+02
-6.002911859370000229e+02
-6.043620219089999637e+02
-5.960814025480000282e+02
-5.968216603480000231e+02
-5.969343219419999969e+02
-5.992718058709999696e+02
-5.998056309150000516e+02
-6.016030234739999969e+02
-6.004581428159999632e+02
-6.003400359649999700e+02
-5.878085876679999728e+02
-5.974777163859999973e+02
-5.990979458059999843e+02
-5.861563162420000026e+02
-5.919413287359999458e+02
-5.935076041449999593e+02
-6.001142025269999749e+02
-5.919926167920000353e+02
-6.040742449179999767e+02
-5.990914949689999958e+02
-6.050747820489999640e+02
-5.996230547789999719e+02
-5.997893776890000481e+02
-6.021531468829999767e+02
-5.958305649210000183e+02
-5.979371127489999935e+02
-5.950626432100000329e+02
-5.979314014719999477e+02
-5.968913193130000536e+02
-5.995279030839999450e+02
-6.031116097840000521e+02
-6.011911470159999453e+02
-5.914934153520000564e+02
-5.959600650060000362e+02
-5.936312760199999730e+02
-5.893883105710000336e+02
-5.924038686610000468e+02
-5.988336908310000126e+02
-5.985492953540000372e+02
-6.018152660440000545e+02
-5.959421899679999797e+02
-5.951221332269999493e+02
-5.745618029470000465e+02
-5.939608979930000032e+02
-5.889521227290000525e+02
-5.911719674080000004e+02
-6.039165520139999899e+02
-6.032351650970000492e+02
-6.014014243159999751e+02
-5.943026043539999819e+02
-5.950498673099999678e+02
-5.842103624699999500e+02
-6.012612707660000524e+02
-6.027414851339999586e+02
-5.988776436650000505e+02
-5.891478182030000426e+02
-5.987961951170000248e+02
-5.999110618339999519e+02
-6.026229962419999993e+02
-5.932536338119999755e+02
-5.920073671479999575e+02
-5.939025277440000536e+02
-5.993387470469999698e+02
-5.961182127649999529e+02
-6.009446503399999528e+02
-5.982724617410000292e+02
-5.972340203359999578e+02
-5.998067686360000152e+02
-5.971178549310000108e+02
-6.021722338729999819e+02
-6.040781479900000477e+02
-5.984196027100000492e+02
-6.020792114649999576e+02
-5.961903720139999905e+02
-5.904151836459999458e+02
-5.862099877220000508e+02
-5.987393507949999503e+02
-5.990133742269999857e+02
-5.977661552629999733e+02
-5.978967783959999451e+02
-5.981223892409999507e+02
-5.973388591509999515e+02
-5.977874550020000015e+02
-5.976846945349999487e+02
-5.993444754949999833e+02
-5.918533396090000451e+02
-5.937754962599999544e+02
-6.047461676149999903e+02
-6.039282440849999603e+02
-6.018281737979999662e+02
-6.013929409620000115e+02
-6.012766639330000089e+02
-5.962228174739999531e+02
-5.743712038979999761e+02
-5.949630844670000442e+02
-5.966791177029999744e+02
-5.971114647000000559e+02
-5.918136217420000094e+02
-5.908980394640000213e+02
-5.980782400089999555e+02
-6.041638075150000304e+02
-6.004307367630000272e+02
-5.990064280689999805e+02
-6.009669542030000002e+02
-6.000352826240000468e+02
-6.004776629519999460e+02
-5.951734277369999973e+02
-5.969864415780000400e+02
-6.037921737699999767e+02
-5.915593679759999759e+02
-5.997190256869999985e+02
-5.974429276890000438e+02
-5.910974695070000280e+02
-6.047304339999999456e+02
-6.020899640110000064e+02
-5.786813396420000117e+02
-6.021843485000000555e+02
-5.932915411400000494e+02
-5.910668016240000497e+02
-5.926466040540000222e+02
-6.035305179609999868e+02
-6.012215019340000026e+02
-5.809186553570000342e+02
-5.918502653509999618e+02
-5.804636878600000500e+02
-5.790192123609999726e+02
-5.966006843449999906e+02
-6.029399546370000280e+02
-5.900303110339999648e+02
-6.005010866510000369e+02
-5.988388886100000263e+02
-6.039776315289999502e+02
-5.951486104529999466e+02
-5.898658095439999443e+02
-5.896609441540000489e+02
-6.026468722839999828e+02
-6.026476479430000381e+02
-5.977711484610000525e+02
-5.989932569060000560e+02
-5.966443077300000368e+02
-5.999507931540000527e+02
-6.020234712440000067e+02
-5.918880839659999538e+02
-5.972449382260000448e+02
-5.961143274219999739e+02
-5.937666537090000247e+02
-5.911043073990000494e+02
-5.989113497649999545e+02
-5.834064109170000165e+02
-5.849846246780000456e+02
-6.017192560160000312e+02
-6.016549976359999619e+02
-5.928868061240000316e+02
-6.018839805029999752e+02
-5.940257494039999528e+02
-5.883193484759999592e+02
-5.886723373790000551e+02
-5.988069897279999623e+02
-5.911741298279999910e+02
-5.928316057719999890e+02
-5.928617895769999677e+02
-5.983148532400000477e+02
-5.996276718960000380e+02
-5.815899935679999544e+02
-5.828024224800000184e+02
-5.915072263990000465e+02
-5.859745788640000228e+02
-5.897076585380000324e+02
-5.967724721309999723e+02
-5.985681500639999513e+02
-5.989315691780000179e+02
-6.008708651460000283e+02
-6.009672662069999660e+02
-6.037798023110000258e+02
-5.969527940890000082e+02
-5.954089247429999432e+02
-6.069574235930000441e+02
-6.006281694470000048e+02
-5.914242189059999646e+02
-5.990523950269999887e+02
-5.966342052429999967e+02
-6.005097447629999579e+02
-6.030476045450000129e+02
-5.963755893999999671e+02
-5.917067652839999710e+02
-5.957880674629999476e+02
-6.021301975449999873e+02
-6.033974405950000346e+02
-6.023810014859999455e+02
-6.019957601040000554e+02
-5.997180920120000565e+02
-5.943840950210000074e+02
-5.954561758309999959e+02
-5.975843398060000027e+02
-5.978476156189999529e+02
-5.887606260769999835e+02
-5.945878495460000295e+02
-5.928863937019999639e+02
-5.954943702860000485e+02
-5.984399526619999961e+02
-6.015033744710000292e+02
-5.971690311510000129e+02
-6.006621035709999887e+02
-6.003374407119999887e+02
-5.990818715970000312e+02
-5.932930292300000019e+02
-6.002920612489999712e+02
-5.935788794459999735e+02
-5.943168134190000274e+02
-5.948413395769999852e+02
-5.891937090589999571e+02
-6.056418622160000496e+02
-5.946622531650000383e+02
-5.873907129369999893e+02
-6.022577688989999842e+02
-6.053132373030000508e+02
-6.012541297179999447e+02
-5.935180631739999626e+02
-5.985486038819999521e+02
-6.031238297429999875e+02
-5.923573705080000309e+02
-6.001406874970000445e+02
-5.905817116910000095e+02
-5.985370238970000401e+02
-5.843677831119999837e+02
-5.961701112759999432e+02
-5.946540203710000014e+02
-5.987438481599999704e+02
-6.038755953260000524e+02
-5.990704134100000147e+02
-6.026581176099999766e+02
-6.038754994109999643e+02
-6.041651139079999666e+02
-5.916628324150000253e+02
-5.969789543399999729e+02
-5.951005703130000484e+02
-5.969694886160000351e+02
-6.012979589990000022e+02
-5.992875399419999667e+02
-6.045067946210000400e+02
-5.914892624000000296e+02
-6.037286708450000106e+02
-5.995036615410000422e+02
