4.872260358396295565e+00
4.736318190324632305e+00
4.729283772412054887e+00
4.785958733629032125e+00
4.765398304444236288e+00
4.761355794309012346e+00
4.770203140328511893e+00
4.690517562060715129e+00
4.674766518233825607e+00
4.620060064544616374e+00
4.643461747446617771e+00
4.563323131227942753e+00
4.469850556785987195e+00
4.387992935272343686e+00
4.252162038304749814e+00
4.160736593441118458e+00
4.201124135276177007e+00
4.196912793947475961e+00
4.089235136306054841e+00
4.110849303976005231e+00
4.121672718690798654e+00
4.156793114890372287e+00
4.067472310907597866e+00
4.068104718416182486e+00
4.149796260059040343e+00
4.026804316079935830e+00
3.858389430837690259e+00
3.743413682723297331e+00
3.640984207601016376e+00
3.516242028074859416e+00
3.373026089433640795e+00
3.285311248572956533e+00
3.183819875558288715e+00
3.098705858903035626e+00
2.927039801574279121e+00
2.793281224653185735e+00
2.688790434377510419e+00
2.728795705068446154e+00
2.752188401981230825e+00
2.720159186518319228e+00
2.675664029731685378e+00
2.720381223284706884e+00
2.684307173182681527e+00
2.746697289473305048e+00
2.701073490299736868e+00
2.742548814515431754e+00
2.729766473528459692e+00
2.797494950844415129e+00
2.675832954427461718e+00
2.723089972806628012e+00
2.737271086319365665e+00
2.696632529656200816e+00
2.779020151060441535e+00
2.803562376691483227e+00
2.744913477689233439e+00
2.705346188568109600e+00
2.695405349849999688e+00
2.722857690001444286e+00
2.738378717416566577e+00
2.723963656145213630e+00
2.737869609751347966e+00
2.762228086165224639e+00
2.759061615839704107e+00
2.735709962697069120e+00
2.729054414994321665e+00
2.720972252706741479e+00
2.692651481346963749e+00
2.696913235534283970e+00
2.743311320284302024e+00
2.647287290794106074e+00
2.736081504633953720e+00
2.810959088994359423e+00
2.631192315282180338e+00
2.605033780970987589e+00
2.730069962473489653e+00
2.722729512823482967e+00
2.689581565968952148e+00
2.801030881657680105e+00
2.700654180008984273e+00
2.715349517097200405e+00
2.724100585514418693e+00
2.720082535512479804e+00
2.671753918309094367e+00
2.738536470452785476e+00
2.699584042033142506e+00
2.739693596006677723e+00
2.691719339009919665e+00
2.761241387492227251e+00
2.751772156265849034e+00
2.752218377963492557e+00
2.764582608640949957e+00
2.697599303084132760e+00
2.702973362798826606e+00
2.717458187350819454e+00
2.786430332881121519e+00
2.729358532695915329e+00
2.701210654502902209e+00
2.742075491302163659e+00
2.747837149468650875e+00
2.750224172681201562e+00
2.675915917961548818e+00
2.685049906426321797e+00
2.800931630725747912e+00
2.715548931615852535e+00
2.714272093950789166e+00
2.774488421313017206e+00
2.798225330455000659e+00
2.728149922566573515e+00
2.680107833651474092e+00
2.718204738425713085e+00
2.720965269899636496e+00
2.713719771826118343e+00
2.705647796739257593e+00
2.724456826598652182e+00
2.725538112006507863e+00
2.702819638821650550e+00
2.744143035630613792e+00
2.618508354006150896e+00
2.536579783882225936e+00
2.621078022493798176e+00
2.756356653265320755e+00
2.753596375651304218e+00
2.761245190127091576e+00
2.666315060153244598e+00
2.733955742143606482e+00
2.733923919936325220e+00
2.747628249963957714e+00
2.800142496374068646e+00
2.710207372139630255e+00
2.784841288116792768e+00
2.762212518978219400e+00
2.729326290497345209e+00
2.809756928988697666e+00
2.703814712586644742e+00
2.708454356270380003e+00
2.711835356359231231e+00
2.707083485967878289e+00
2.741742146883983988e+00
2.725839687142294299e+00
2.729059544971490947e+00
2.716997975707748036e+00
2.733347581263677828e+00
2.730442454987835443e+00
2.736909388342990024e+00
2.728396965252673834e+00
3.320559290240124639e+00
2.751116500622973859e+00
2.733973299064934359e+00
2.747201849154881081e+00
2.810862323202614643e+00
2.794130634025545845e+00
2.846450596795946364e+00
2.795364376964119213e+00
2.719972242505426685e+00
2.746356313372320113e+00
3.214945411667203601e+00
3.086868639900311795e+00
3.086443908448685658e+00
3.058451078569019543e+00
3.115077687634772108e+00
3.093094890235344785e+00
3.015066500095810120e+00
3.031284381248318560e+00
3.144882986694417681e+00
3.124107232474583551e+00
3.086296648088125760e+00
3.035173471154490432e+00
3.062633017519401868e+00
3.009410905808643122e+00
2.999857663290043330e+00
3.055340406566836364e+00
3.045199172468034732e+00
3.120960909719953325e+00
3.166477854020141702e+00
3.259242550041344000e+00
3.235079597166041765e+00
3.133910336943289021e+00
3.033180673814205974e+00
3.119141708868002461e+00
3.079982792159722926e+00
3.012169483943425430e+00
3.048166826143214880e+00
2.844771519823692696e+00
2.809072800765405553e+00
2.766581103094575944e+00
2.741294584680749047e+00
2.801027133035308481e+00
2.763893992178426462e+00
2.722020205656085601e+00
2.755422653605068994e+00
2.939227279405252524e+00
2.941655826231206028e+00
2.735240574428508875e+00
2.796368180336773701e+00
2.723135325318960742e+00
2.709536860793741120e+00
2.721647111585188128e+00
2.930715612269467751e+00
2.983995475867883940e+00
2.882107041731794883e+00
2.832825091670856832e+00
2.824578906669098721e+00
2.787386410241680323e+00
2.813752121278632057e+00
2.795573286465586449e+00
2.813062743701248980e+00
2.644308227117255328e+00
2.746318626816633746e+00
2.764914646060525616e+00
2.768960996475031688e+00
2.782312886790412776e+00
2.771965728503872128e+00
2.746437874775251586e+00
2.746231235711952934e+00
2.860302256755393735e+00
2.727375478367436212e+00
2.834461324484777389e+00
2.880124650080269966e+00
2.720514840981389959e+00
2.726109682312874760e+00
2.829559859766179297e+00
2.750494319208821814e+00
2.789710558463009527e+00
2.928600689749287334e+00
2.904595668935695318e+00
2.906308999401130411e+00
2.898662277672237053e+00
2.882381307183350394e+00
2.874590927419065078e+00
2.733964703502954841e+00
2.876573482461381559e+00
2.856023984493127443e+00
2.958761565249893977e+00
2.835655303452801590e+00
2.794480452606530108e+00
2.818086407475824728e+00
2.795063147766075229e+00
2.900259471150814061e+00
2.887313803520497046e+00
2.858607703061055272e+00
2.833516896014562469e+00
2.831872525379629746e+00
2.750424694479017607e+00
2.707378252110332451e+00
2.762858302555525114e+00
2.774977297204429760e+00
2.748081876509504529e+00
2.857737741641104279e+00
2.845991918470605953e+00
2.837572730345426564e+00
2.854124208929948114e+00
2.884611932305626514e+00
2.826189837926674109e+00
2.801996609562545704e+00
2.958626370463158128e+00
2.927057737729134246e+00
2.874754598222255542e+00
2.850290160667857453e+00
2.841912032417611922e+00
2.971343803735945865e+00
2.834410167918538725e+00
2.733241299263568180e+00
2.747903564537882648e+00
2.773152357877222585e+00
2.814823262657887959e+00
2.842193695017987576e+00
2.770164977036566167e+00
2.800734367982797401e+00
2.843598600365389029e+00
2.905027538595804870e+00
2.878441418545807373e+00
2.799635333396119474e+00
2.917364221347755748e+00
2.915867109454749695e+00
2.911962911851729174e+00
2.898725409555034549e+00
2.806006058439646456e+00
2.761549746066509492e+00
2.772797864973211457e+00
2.794330152290527280e+00
2.740768140503679895e+00
2.870749205346924349e+00
2.905271243791188507e+00
2.880627362225110399e+00
2.847922225061632950e+00
2.901396043286748494e+00
2.919609220426596430e+00
2.877764062601380513e+00
2.767500135501351544e+00
2.770051624067681573e+00
2.838173708566831266e+00
2.745217477723759458e+00
2.782772358638054389e+00
2.751734180476014480e+00
2.806199208894479380e+00
2.796214047600790842e+00
2.940583955611538514e+00
2.871151685299820233e+00
2.850556787717094309e+00
2.878623455751029958e+00
2.762541221411908943e+00
2.788131094478880190e+00
2.875849092007437324e+00
2.827478735552223732e+00
2.874619105203330971e+00
2.908437037310589890e+00
2.845433183190214876e+00
2.891212548395569293e+00
2.943109580019065419e+00
2.755257156782284778e+00
2.715263891410925279e+00
2.822184437629829734e+00
2.769610983513749680e+00
2.716074373061238223e+00
2.761237584852125337e+00
2.819302395983800835e+00
2.830857643895220654e+00
2.787325061775177915e+00
2.800458176798931831e+00
2.803342290909192958e+00
2.797898854497782306e+00
2.732077597726682683e+00
2.806534161559413487e+00
2.745169211542341614e+00
2.842675500298970093e+00
2.826387977613830760e+00
2.707383607839863870e+00
2.748521420691496076e+00
2.698838824383553270e+00
2.739526418927184181e+00
2.778630777919225636e+00
2.740700822782376811e+00
2.768768859980912378e+00
2.716973684083082485e+00
2.822933226273693030e+00
2.781879400692992110e+00
2.866551412411785460e+00
2.876454414726574704e+00
2.761593199586064973e+00
2.781595585271158910e+00
2.770892455509596175e+00
2.801174575066680994e+00
2.762486923045971654e+00
2.790429536827618850e+00
2.666087958038894534e+00
2.777549459505626928e+00
2.713191847252973243e+00
2.770891914167711079e+00
2.901917469536306360e+00
2.919136173596565964e+00
2.983669050012081936e+00
2.908672033763862075e+00
2.826843115561951336e+00
2.761423364860955409e+00
2.800353370558794630e+00
2.704519365802360298e+00
2.795291934664427824e+00
2.836103488943941819e+00
2.882104265983449931e+00
2.869903482697632846e+00
2.834542996675125437e+00
2.796922237031269631e+00
2.812029160588488619e+00
2.716722473864417342e+00
2.748468846467064797e+00
2.861401230166786380e+00
2.780903630117376402e+00
2.794460591956880346e+00
2.823093870206940359e+00
2.799552464234238869e+00
2.839660014860933668e+00
2.709832098119733690e+00
2.741676494409943654e+00
2.737467990680438668e+00
2.738875134065077876e+00
2.778820613137883200e+00
2.741154866110267374e+00
2.833559775265028335e+00
2.884814378777255772e+00
2.939315566590290363e+00
2.940830664965257579e+00
2.897731008910247485e+00
2.925347671645201597e+00
2.909961168125787978e+00
2.951998306232576308e+00
2.887693196999986611e+00
2.945302361388385748e+00
2.824729013551565249e+00
2.870460938595054134e+00
2.896647027167790878e+00
2.881615866141772564e+00
2.842132474041279444e+00
2.829895757797449285e+00
2.800776499472958481e+00
2.896053003658599856e+00
2.870034668780152565e+00
2.819933687163582725e+00
2.784786885921434418e+00
2.834132495138503849e+00
2.812307948998473250e+00
2.784356478614044228e+00
2.800996608352106065e+00
2.801270069093660275e+00
2.749163327268861590e+00
2.790750795037063803e+00
2.936169954209054467e+00
2.937435105666165835e+00
2.878263712726823798e+00
2.922882823515167594e+00
2.801738567389898460e+00
2.793642067266313145e+00
2.830369057207911432e+00
2.901222673287936704e+00
2.823448954736033301e+00
2.836516525599666050e+00
2.890489750889976506e+00
2.869097419050110176e+00
2.809414707728284277e+00
2.984007707764843698e+00
2.900753522793689587e+00
2.815806278848032029e+00
2.839752454000172399e+00
2.708046159133924213e+00
2.758090825190497419e+00
2.854193581381613498e+00
2.950562488746848899e+00
2.931612866665719963e+00
2.957146259487345663e+00
2.919669330592079337e+00
2.733643356401855407e+00
2.786633452752622198e+00
2.765530328888114120e+00
2.784799274633631416e+00
2.861543814097557981e+00
2.897998274671674146e+00
2.862888576246026329e+00
2.865661005771618086e+00
2.926091762060786916e+00
2.975754862215636010e+00
2.946767381385914764e+00
2.865566087180680732e+00
2.897678553601140905e+00
2.874955477916135926e+00
2.878020500274450555e+00
2.926765620954297820e+00
2.936183407077970653e+00
2.929095935608801771e+00
2.899387004178641813e+00
2.948096504526268369e+00
2.963729069938748850e+00
2.966362250299177550e+00
2.956597030371234336e+00
2.788896018140511135e+00
2.717890726280216107e+00
2.772344314835370582e+00
2.739569674237178454e+00
2.761484021318971749e+00
2.814457141261881290e+00
2.823259818011796263e+00
2.761105032410030802e+00
2.799171484564674017e+00
2.807509038275744828e+00
2.713358804139253344e+00
2.659072394651939231e+00
2.740909520578889591e+00
2.809992526680453295e+00
2.880153294531386354e+00
2.841343520238269083e+00
2.822267528070292464e+00
2.819488960787043030e+00
2.800923240647626322e+00
2.787490089668481552e+00
2.825763790552918930e+00
2.862787627470818830e+00
2.934686865749053020e+00
2.899801027656897734e+00
2.846685616642624428e+00
2.706114742578370702e+00
2.732931576165052334e+00
2.799722486247520958e+00
2.844350540984708076e+00
2.820092551672728209e+00
2.763009591007602683e+00
2.843876755416802737e+00
2.876901805762581255e+00
2.962767962564736735e+00
2.926200608297386818e+00
2.834006527868275782e+00
2.978054566323458108e+00
3.001481134373494619e+00
2.908806284371650008e+00
2.992925993070994828e+00
2.908826911316656272e+00
2.850039473410851176e+00
2.919818145022049283e+00
2.930585948236290594e+00
2.897095096816809434e+00
2.852226323418252552e+00
2.719969485122949227e+00
2.776649779860614675e+00
2.802646963140380532e+00
2.772307702979595057e+00
2.781313718371229982e+00
2.748357509495443995e+00
2.767284770311866371e+00
2.798012866303512869e+00
2.812484488846116459e+00
2.723856824431122536e+00
2.733535988422322038e+00
2.719856797700937800e+00
2.796576657272244582e+00
2.759533475064218422e+00
2.813831906848737408e+00
2.860880633651114113e+00
2.887119325556184890e+00
2.874925564253794974e+00
2.891143372439354042e+00
2.822792588909075029e+00
2.816652090692068011e+00
2.796142521403370829e+00
2.782191402473956465e+00
2.743175714386520969e+00
2.706726066671690578e+00
2.820362565345100769e+00
2.833831505223978198e+00
2.704798328896260262e+00
2.746526169545813634e+00
2.796309353415677101e+00
2.732807713689347384e+00
2.767815925960395163e+00
2.791974391000032085e+00
2.755082031446614010e+00
2.773889868037302087e+00
2.741516733488964075e+00
2.699409750297275590e+00
2.729749622218125449e+00
2.796251419311218012e+00
2.869080340457548228e+00
2.846829815777543349e+00
2.846701600097909957e+00
2.824115613780710632e+00
2.963357049023961132e+00
2.942829590717070509e+00
3.061408499367570535e+00
3.050887903545457913e+00
2.983410464552271435e+00
3.005026622178246232e+00
2.971332865903784981e+00
2.863486336618353612e+00
2.971117298256667816e+00
2.893180602727731365e+00
2.971117298256667372e+00
2.987414433921078860e+00
2.911963255262675965e+00
2.957540194147832757e+00
2.974215022489127502e+00
2.926339009752629838e+00
2.896529992939827824e+00
2.988303030149385808e+00
2.995159595080035597e+00
2.983087494526434291e+00
3.080958454766957288e+00
2.959158664215219225e+00
2.915703174193148950e+00
2.985397293493782023e+00
2.879712138391613774e+00
2.905317366485114405e+00
2.896379464089607225e+00
2.986642931453306282e+00
2.946537289769127987e+00
2.927417120944673545e+00
2.840962864945615340e+00
2.788958945556567315e+00
2.705660732612277020e+00
2.788348794537728104e+00
2.839895068484045382e+00
2.777402743571770749e+00
2.768124635922306176e+00
2.798070942631726510e+00
2.761589578485550422e+00
2.770482629434806832e+00
2.886706774163250611e+00
2.972388433566515165e+00
2.914691064246775376e+00
2.729660418440359670e+00
2.776169483298885243e+00
2.888212596053136849e+00
2.940646527551381784e+00
2.921501497518014467e+00
2.865409743823734701e+00
2.886297628450676722e+00
2.847137685465878754e+00
2.804829228313196587e+00
2.755847601011347514e+00
2.752386055770519757e+00
2.806614686771235601e+00
2.750391244895896481e+00
2.759776983743432943e+00
2.746818887367712847e+00
2.778157842887981399e+00
2.890008650506084908e+00
2.800938771197970745e+00
2.703496439797914430e+00
2.793867749196443206e+00
2.912504077250364531e+00
2.897848512258706766e+00
2.829631424761889669e+00
2.880284881743471193e+00
2.837880018605437815e+00
2.820017907744558627e+00
2.913208712056175376e+00
2.824518543044106433e+00
2.886291911778848363e+00
2.846084503313279779e+00
2.869508320252791567e+00
2.869673674827854182e+00
2.874593188609476879e+00
2.927947062362979302e+00
2.836019217142225379e+00
2.720037683562490649e+00
2.754029230055483612e+00
2.835518118439732227e+00
2.815703997226981059e+00
2.857963960584527729e+00
2.834076569184396988e+00
2.923107079803954012e+00
2.877782827108397168e+00
2.884194688296890963e+00
2.874639803523217019e+00
2.913190175735185683e+00
2.815775914379551548e+00
2.809822948158834155e+00
2.757008886456479679e+00
2.798398470554185113e+00
2.795957438874919543e+00
2.871674424442994145e+00
2.830559308687949027e+00
2.839809500653168950e+00
2.850540299662504662e+00
2.807840095162116079e+00
2.842178565818833214e+00
2.858371914219701715e+00
2.887903218599959132e+00
2.945341066837591448e+00
2.875413883252287750e+00
2.889759332539649339e+00
2.934538294178489437e+00
2.910612650285159475e+00
2.891399833990449419e+00
2.871117204155901881e+00
2.843220181414024772e+00
2.790861874045363678e+00
2.798963022263781575e+00
2.728115833317932726e+00
2.765948842621642090e+00
2.710046125068722667e+00
2.745735238510807363e+00
2.774602133640064583e+00
2.790290665862608321e+00
2.708829636577390954e+00
2.754802896760492281e+00
2.726262459852315967e+00
2.721079748923210140e+00
2.727193795827498768e+00
2.733992867583966202e+00
2.778194017702867669e+00
2.771400728873397057e+00
2.738527524053757212e+00
2.685418775535763913e+00
2.899104171981407241e+00
2.898690221462100425e+00
2.904600833161073314e+00
2.919796054521616835e+00
2.806501558880735381e+00
2.773378625431442757e+00
2.812177270372548943e+00
2.712621794500663430e+00
2.770870801751680990e+00
2.733664756329861056e+00
2.785040574210723818e+00
2.721610001451346683e+00
2.737245878615949035e+00
2.812625819407907013e+00
2.752407128315141005e+00
2.834616905333064540e+00
2.847711537357672462e+00
2.848621069921374982e+00
2.834088213164862147e+00
2.785861626140106129e+00
2.729115974083915486e+00
2.880081596066333738e+00
2.969919022465090652e+00
2.859695962860387297e+00
2.862098181404684638e+00
2.891732698573642679e+00
2.879458629673293579e+00
2.914729146936298143e+00
2.854106865553565964e+00
2.906578916871172868e+00
2.899154359464152453e+00
2.875058782007769320e+00
2.863345246385772480e+00
2.874448816729914036e+00
2.798414908479441188e+00
2.817744842955089091e+00
2.838654610902848319e+00
2.711389680588166762e+00
2.781167201014711043e+00
2.722774687703703567e+00
2.784969658721617058e+00
2.751389103707434280e+00
2.947954714713236779e+00
2.914630165218222047e+00
2.912778398711443728e+00
2.953051472629625529e+00
2.920343472949714858e+00
2.824499601699387519e+00
2.758846316850578351e+00
2.747463739524145243e+00
2.793323647556795741e+00
2.871342717266610389e+00
2.775242331761318404e+00
2.751485780446629725e+00
2.728611001956856352e+00
2.686980647492645868e+00
2.761518060777441885e+00
2.746572045295735176e+00
2.760098005506325780e+00
2.749066205095832327e+00
2.835167896262935638e+00
2.902294781720147654e+00
2.959233008737230275e+00
2.953083473252999802e+00
2.877374150158439114e+00
2.838998062697472236e+00
2.907370805384136503e+00
2.887022514633372339e+00
2.846425653341396966e+00
2.909952920581362346e+00
2.898703675783366407e+00
2.819138343536904401e+00
2.785111308368123151e+00
2.693001485331933065e+00
2.800103212383429518e+00
2.876860267722435083e+00
2.862238809044416854e+00
2.842135992523933119e+00
2.849598743683046997e+00
2.865650536963640249e+00
2.716880748211080387e+00
2.776023955228052564e+00
2.810312082313990878e+00
2.866920996469906058e+00
2.751205372195976384e+00
2.735302908271769251e+00
2.883778424220557746e+00
2.890890866151816230e+00
2.903153802332904210e+00
2.955709559479753779e+00
2.897560698242574784e+00
2.813956822696467519e+00
2.881033495119416532e+00
2.875071651281059903e+00
2.810576809126553499e+00
