4.867106121711339384e+00
4.762683382296160950e+00
4.722786677375975017e+00
4.714107656810565317e+00
4.783491925361638586e+00
4.768579138485593560e+00
4.853664800951956515e+00
4.856884804069374617e+00
4.853756689410790415e+00
4.812049563335771829e+00
4.785074503077250796e+00
4.782665156583722599e+00
4.734520144639792427e+00
4.658659141856162478e+00
4.654286304042758893e+00
4.608732363676589117e+00
4.632667697990003219e+00
4.681980884198481796e+00
4.709399218584043645e+00
4.694044737750163065e+00
4.751289930113715698e+00
4.755169292464779929e+00
4.752270299551573096e+00
4.636570068488127916e+00
4.701299182141038813e+00
4.820166283438777732e+00
4.847418488226490574e+00
4.849237259611041573e+00
4.830857998327005021e+00
4.758546416711724625e+00
4.758568272075121008e+00
4.779475912691682815e+00
4.750911701978894897e+00
4.725025820035273050e+00
4.706719239555297918e+00
4.656381964572924304e+00
4.670211237192596343e+00
4.579907095127585315e+00
4.601685995371695981e+00
4.600448999825995422e+00
4.724892591371786743e+00
4.688006505968181692e+00
4.698708120324138982e+00
4.411685165557488020e+00
4.369965217252879341e+00
4.294941908803889596e+00
4.295267279227219959e+00
4.283278534020405814e+00
4.275842957827146407e+00
4.465873486788447089e+00
4.356341928728735269e+00
4.287328888713810571e+00
4.289858389271142158e+00
4.245983513863425429e+00
4.252040098587970718e+00
4.292087370965321114e+00
4.340255407231238038e+00
4.361428321089318771e+00
4.396036169095973278e+00
4.434625801575596604e+00
4.399747833683199438e+00
4.577558519560399830e+00
4.615641667200780951e+00
4.579258564440317869e+00
4.489061594587447246e+00
4.705271618089650332e+00
4.693527671165901083e+00
4.546117904322324321e+00
4.581889675668763040e+00
4.564403356409247436e+00
4.583510117802730655e+00
4.616562898954156502e+00
4.612056374330218311e+00
4.597075265861980675e+00
4.583879797725940008e+00
4.597967594492158305e+00
4.563196686534562119e+00
4.646384616021363989e+00
4.669798389652384252e+00
4.617745770394901861e+00
4.546248673356968695e+00
4.451071331713298385e+00
4.407323564250757109e+00
4.284316164803900762e+00
4.279290829097737614e+00
4.320408776956180752e+00
4.258452888080364040e+00
4.307073368309390027e+00
4.311031547089396732e+00
4.298158326539402552e+00
4.271402579949588940e+00
4.257720282028869541e+00
4.282819281734870920e+00
4.268511450142778330e+00
4.252577218581691909e+00
4.059689766472310168e+00
4.193705998278849378e+00
4.165974915911039744e+00
4.179723555451963612e+00
4.185898708760163345e+00
4.216181922071200461e+00
4.208464803226943829e+00
4.232968698206968305e+00
4.289648120767016515e+00
4.372519296698414770e+00
4.388546570335103425e+00
4.400104771479878885e+00
4.383891536067013206e+00
4.355411002419863564e+00
4.345366958037031324e+00
4.120210067460153169e+00
4.422150042682857496e+00
4.406375608138734634e+00
4.380261407724429290e+00
4.343228062167585612e+00
4.367769568097657817e+00
4.311449408261680993e+00
4.327132653386073891e+00
4.376758046773890243e+00
4.342923669603231396e+00
4.294946099778202964e+00
4.235838759915206531e+00
4.219335729709121630e+00
4.239690318879434372e+00
4.224004853216909439e+00
4.182700682573401885e+00
4.112547142586938875e+00
4.085573032023782858e+00
4.048799575182747468e+00
4.054225080086204969e+00
4.118804923761260284e+00
4.453959249925845576e+00
4.440942580128682593e+00
4.431843183146263243e+00
4.160934149923548375e+00
4.138537181178875812e+00
4.051481210619148676e+00
4.047551111474690266e+00
4.025452645355550807e+00
3.977275700778108991e+00
3.984572749994658825e+00
4.044857475857462248e+00
4.067915682508672859e+00
4.054708620850577816e+00
4.011505203785731055e+00
4.004796873750278152e+00
4.012440279929410103e+00
4.015928410716505859e+00
3.942033104883824191e+00
3.981198814427634236e+00
3.963109132991419870e+00
3.971775673423663999e+00
3.995789408865286774e+00
3.939045315809403203e+00
3.891314173900637385e+00
3.931319117039470790e+00
3.976526876559493662e+00
4.018309221550775412e+00
4.020873288229809717e+00
4.061627013894801408e+00
4.083992286966272367e+00
4.102178323768970181e+00
4.136427081431509833e+00
4.125830340670832541e+00
4.093497770855628382e+00
4.077416461437315398e+00
4.030610251562411150e+00
4.003345600869353760e+00
3.970444055770084635e+00
3.986294645406935011e+00
3.947170505564713938e+00
3.885610634121746010e+00
3.856771966295128973e+00
3.804493527396255015e+00
3.855688006050281835e+00
3.830750057103700090e+00
3.856241304690358973e+00
3.903333062909184914e+00
3.908701318852592976e+00
3.873338740673219149e+00
3.938703466878409554e+00
3.954804419942913540e+00
4.000924268216033752e+00
3.970866530116568871e+00
4.017297723594804637e+00
4.049198686160016436e+00
3.979192003409737222e+00
3.975841420378836144e+00
3.982762985667111177e+00
3.975099118261078868e+00
3.924426709724619045e+00
3.882020865477155080e+00
3.865928737056595121e+00
3.950899264724424764e+00
3.979309236538421501e+00
3.980005653262316478e+00
3.957921803168931163e+00
3.898101717503021035e+00
3.888923372862983729e+00
3.888418830321652031e+00
3.905365155782491104e+00
3.931729517655048411e+00
3.963368895270789505e+00
3.969870274958616108e+00
3.945742642393190724e+00
3.931172089848014028e+00
3.896752622376740138e+00
3.833823417947154422e+00
3.780338873699023328e+00
3.765614159735434452e+00
3.769576501412327030e+00
3.789268794899617987e+00
3.738161312731167474e+00
3.689064515564886904e+00
3.706792953484184583e+00
3.757204679013375515e+00
3.740490609532391542e+00
3.650246840968429662e+00
3.604690971498111463e+00
3.593609327681571930e+00
3.606639155779240991e+00
3.610911934677997426e+00
3.630224373230944046e+00
3.607204041913903314e+00
3.553423560455465591e+00
3.564319149571204992e+00
3.556869691175092107e+00
3.483926663981318228e+00
3.375527958705127229e+00
3.393283513059290879e+00
3.366528776054053651e+00
3.366149580752466175e+00
3.390990415793001755e+00
3.382355096674504846e+00
3.354410082264838611e+00
3.293162765488520716e+00
3.283681166008661112e+00
3.279678947702045821e+00
3.277125112045617517e+00
3.268705554191138063e+00
3.207727388666312240e+00
3.184549418677625088e+00
3.174306538442687842e+00
3.143198848307246163e+00
3.157909910051266866e+00
3.123834502658551671e+00
3.153817052398569576e+00
3.166974107882791323e+00
3.216636908325214872e+00
3.182980050204524680e+00
3.170297304670336658e+00
3.129877633390801162e+00
3.068733126226521613e+00
3.112553453356262878e+00
3.118247264089235582e+00
3.057331679749516695e+00
2.987552509998778305e+00
2.952792915190634027e+00
2.892043222360274779e+00
2.828705357579683000e+00
2.813376618940309104e+00
2.851572548612431923e+00
2.837540484292690568e+00
2.790446917610152955e+00
2.801585800934891957e+00
2.820990783395082246e+00
2.888537519230103712e+00
2.940229582872738501e+00
2.967894539905351792e+00
3.065707259344896851e+00
2.996599572849198534e+00
2.965236246911871820e+00
2.939173693404321774e+00
2.922575918603313561e+00
2.947004750589995226e+00
2.944626292078503571e+00
2.976411429893388139e+00
2.973182974524104072e+00
2.943036017448648067e+00
2.935620888330098932e+00
2.918218292040539286e+00
2.908834990163587264e+00
2.948873344177399769e+00
2.907787818944154168e+00
2.900222232864233529e+00
2.898524107196625899e+00
2.977863663769717117e+00
2.944414882451180659e+00
2.881920540195374691e+00
2.839544505726226298e+00
2.775742062944610122e+00
2.751625701290056902e+00
2.753626881042528396e+00
2.762571628030665583e+00
2.724218052946570268e+00
2.790258410972001890e+00
2.775028107965754831e+00
2.747574020840930942e+00
2.743356703019131260e+00
2.762646738184236117e+00
2.736586194513156656e+00
2.740555600603643782e+00
2.777455490192416665e+00
2.853592998309324447e+00
2.877156408678541055e+00
2.867018486162933755e+00
2.908135829014868889e+00
2.823590798965033954e+00
2.775933356548748066e+00
2.764054449536043290e+00
2.775269716622152050e+00
2.789064000699876367e+00
2.819976063728200977e+00
2.811353766426417433e+00
2.867613293315540268e+00
2.875819709230744259e+00
2.801358241996192877e+00
2.788244429744278996e+00
2.828890065025503997e+00
2.910526584657835425e+00
2.940766566730518061e+00
2.893243335773886038e+00
2.932679662015611033e+00
2.921135395698049031e+00
2.885734915060632400e+00
2.903804745502011286e+00
2.925300326462225264e+00
2.955190180005341283e+00
2.901534938614388270e+00
2.895659683042881127e+00
2.871794909111721417e+00
2.872306738494341261e+00
2.887194139644925883e+00
2.929214399800738722e+00
2.927941597778207061e+00
2.961320989018246141e+00
2.885231013281258416e+00
2.824453398447210883e+00
2.799591041563034732e+00
2.814691102057204741e+00
2.811900958426523101e+00
2.826454669723184931e+00
2.845047275529880793e+00
2.841848166246747631e+00
2.872394993729100676e+00
2.867753999212623750e+00
2.905734502668817498e+00
2.890348421903491172e+00
2.829969257783553793e+00
2.811177333431670977e+00
2.798392038296278805e+00
2.751436715608774897e+00
2.793072501744270575e+00
2.752357171589471907e+00
2.745150997668434734e+00
2.778807118171392698e+00
2.766995482468303624e+00
2.764292676255537096e+00
2.756222959051027210e+00
2.753676814733348799e+00
2.757154148755560641e+00
2.826836217399232520e+00
2.863721704356063658e+00
2.885598031604540648e+00
2.950660095639618064e+00
2.980365581602364422e+00
2.989109566409368313e+00
2.928315215273110006e+00
2.904804812719780305e+00
2.933975630437308801e+00
2.923952974998059506e+00
2.936856823204018418e+00
2.910257720546412408e+00
2.815428564179883963e+00
2.774268912704750623e+00
2.735308940503796027e+00
2.735968201569601188e+00
2.753263336479095713e+00
2.759791658803250503e+00
2.769992238256273609e+00
2.796390530666272412e+00
2.807413400267228631e+00
2.803388307031332793e+00
2.909453213234403979e+00
2.876645789804507469e+00
2.903807672694594721e+00
2.960267217668026696e+00
2.934550902608438872e+00
2.925828771476553847e+00
2.925410056727090868e+00
2.937693142586543349e+00
2.997607546027331704e+00
3.046867735888776796e+00
2.959813845497719864e+00
2.909690533372921717e+00
2.907787646992125108e+00
2.830519563613719036e+00
2.738545964558564361e+00
2.726460159254119553e+00
2.722504361796322492e+00
2.740403254997336724e+00
2.794357707953654568e+00
2.819069882071035149e+00
2.771521062521445256e+00
2.766747187583281864e+00
2.713998157700185487e+00
2.721936075663791144e+00
2.770722108043316201e+00
2.781040272991385898e+00
2.824277075642544599e+00
2.934413399642251896e+00
2.953768779034676051e+00
2.927363660360633002e+00
2.917228479224759585e+00
2.883224063440092522e+00
2.853247097606514515e+00
2.847224789158734559e+00
2.877493527360226455e+00
2.824214049961511375e+00
2.803023724480405043e+00
2.771277503246472929e+00
2.775467888482948897e+00
2.784836979070767438e+00
2.843857415553740164e+00
2.881057271211387327e+00
2.904585340457395137e+00
2.882352684873938031e+00
2.872643730085581382e+00
2.848346011284443868e+00
2.849843153578806909e+00
2.880826791044543089e+00
2.872134572056121105e+00
2.874309308338265367e+00
2.835436297997188770e+00
2.784043641899315080e+00
2.783278821821485671e+00
2.762808172856015876e+00
2.706565720613486103e+00
2.706053953638027032e+00
2.730820572648448241e+00
2.754166661623802526e+00
2.765196195570939874e+00
2.734044257139960798e+00
2.738871848042547796e+00
2.731379138823462061e+00
2.752868685571471463e+00
2.763710006494893179e+00
2.850369274322189561e+00
2.926405645155846003e+00
2.983803612840496111e+00
2.974949747474736395e+00
2.917607410190754980e+00
2.901778937134943170e+00
2.903297091239544603e+00
2.898412324014649322e+00
2.965509231143953262e+00
2.919839207901695488e+00
2.947472646183506129e+00
2.915427069916172620e+00
2.873649595897175502e+00
2.922072723256558646e+00
2.934514951401679284e+00
2.872912111429795079e+00
2.869702772065427343e+00
2.858530041822195056e+00
2.843257638695445788e+00
2.801580625289945559e+00
2.787772946278085584e+00
2.739624244307967249e+00
2.732518435436437798e+00
2.736140530016687666e+00
2.800059642221929490e+00
2.861386726746316445e+00
2.883090529275832203e+00
2.847036529446013819e+00
2.849272363253467777e+00
2.829009367252078189e+00
2.793041532093642143e+00
2.775551296589561900e+00
2.782938015838656742e+00
2.790681995498591750e+00
2.769751613412293700e+00
2.806069493081024380e+00
2.764320893094721843e+00
2.778385322448993833e+00
2.813853230003299011e+00
2.851304789039572185e+00
2.806571039542736568e+00
2.704632137648298240e+00
2.671047921696651173e+00
2.727769418407648416e+00
2.799288123791475957e+00
2.790054658962795919e+00
2.777891646554991656e+00
2.757230494536139442e+00
2.716162182197520814e+00
2.701866947131186247e+00
2.786364477235524717e+00
2.727391427719901618e+00
2.711016967855420567e+00
2.722811231062484350e+00
2.792636567833343797e+00
2.746813426499878030e+00
2.673617960741585975e+00
2.656663320784174775e+00
2.649518824239601500e+00
2.723322235799502167e+00
2.804604250157229917e+00
2.869315249323434625e+00
2.865106978805503690e+00
2.864661411057159768e+00
2.943718227004751942e+00
2.942592734307620805e+00
2.948661052070922661e+00
2.969361042379319748e+00
2.959582065089596536e+00
2.933470811172322001e+00
2.890590597092572711e+00
2.841542714794201618e+00
2.879943228607119377e+00
2.853698652626096788e+00
2.877909484330596346e+00
2.901571643092756503e+00
2.904950946229556852e+00
2.933830772215739735e+00
2.941315861991023795e+00
2.845282059831678811e+00
2.846804524374654477e+00
2.821112014791330225e+00
2.842016713532839134e+00
2.884975216531330489e+00
2.964931702417443748e+00
2.923016250382471704e+00
2.893880612603083602e+00
2.882346786908195124e+00
2.860031293535089780e+00
2.805633083637274261e+00
2.769446695641567757e+00
2.746829080958624214e+00
2.715001657458057327e+00
2.739806380020310961e+00
2.776660224082161399e+00
2.826798542521204105e+00
2.864956718695763627e+00
2.871596245992810381e+00
2.914254793253328035e+00
2.898916004302298788e+00
2.853945689742535929e+00
2.883522845409760560e+00
2.901045673546006398e+00
2.882850325632602573e+00
2.890212102943311212e+00
2.848473626347977739e+00
2.798507638009944731e+00
2.746924279990258455e+00
2.755646929488609675e+00
2.755768676794189798e+00
2.800129996982282599e+00
2.840603104976124449e+00
2.854068499528349179e+00
2.818453654045068646e+00
2.807316512258637431e+00
2.906333945024211829e+00
2.942742598325581938e+00
2.904064221052971462e+00
2.921974161418954274e+00
2.904527672445211817e+00
2.929279433580893155e+00
2.860765806562991287e+00
2.813703253720974296e+00
2.845125304797664345e+00
2.888175202441846334e+00
2.876471623360814522e+00
2.876525334496465192e+00
2.930899861817185759e+00
2.911627208280620493e+00
2.909387908134630329e+00
2.876720702466612156e+00
2.902498923341747084e+00
2.907055899015359657e+00
2.926714711071101593e+00
2.953006942084626996e+00
2.948151624323281261e+00
2.954555973407849034e+00
2.976521627672139125e+00
2.914359106218723294e+00
2.882640629700483181e+00
2.864434848272866319e+00
2.847550877508599587e+00
2.837237212500922201e+00
2.837412553718615893e+00
2.881535354633012691e+00
2.926631169108945940e+00
2.931223976430323841e+00
2.890816320695591468e+00
2.879523050784626115e+00
2.866441871031052635e+00
2.889544946873122466e+00
2.939850506403344443e+00
2.843842119387080647e+00
2.834741258033966815e+00
2.834559048599975206e+00
2.842698014211146873e+00
2.943987771713735047e+00
2.979619606594104297e+00
2.929953071296535594e+00
2.917430033436963388e+00
2.939786046636727157e+00
2.938327925878934543e+00
2.935761059759461666e+00
2.968607754486941364e+00
2.955883793385660319e+00
2.856405783497855566e+00
2.797009474420849795e+00
2.784418610769580305e+00
2.680982282671782180e+00
2.658824740369323703e+00
2.711113793259146476e+00
2.786520769705476575e+00
2.806648000729695891e+00
2.784864269582989937e+00
2.766329517609931621e+00
2.761800318632757545e+00
2.731489886490521268e+00
2.706031411495438910e+00
2.771552813857242725e+00
2.865617036521104666e+00
2.882872525797837149e+00
2.862196010059408824e+00
2.850245954299382323e+00
2.824598378531007814e+00
2.799564609006193638e+00
2.812160201695486084e+00
2.827574755864113332e+00
2.765352237961739679e+00
2.777205970035351523e+00
2.702824263617595868e+00
2.743065803075091846e+00
2.751372203101572378e+00
2.715936118541819155e+00
2.750655740000918392e+00
2.782444968009250452e+00
2.769347034952463371e+00
2.788785577989100428e+00
2.804930123906832939e+00
2.856433615542290472e+00
2.846684738428195693e+00
2.838076989794321214e+00
2.835572076318992440e+00
2.814109272931668126e+00
2.729013924478950415e+00
2.752267973871730167e+00
2.817505989345896467e+00
2.840418455087208027e+00
2.833572656559207203e+00
2.832790320514386284e+00
2.886169260455802910e+00
2.855586979939500836e+00
2.900238955672446384e+00
2.878484844497187556e+00
2.874598406734408584e+00
2.863673689511429199e+00
2.883351175281983814e+00
2.898304504361127076e+00
2.887578570359601748e+00
2.822472851950927009e+00
2.832789967505533024e+00
2.923711340060779484e+00
2.917526520873460427e+00
2.903194964173092085e+00
2.877431319771159401e+00
2.854498379750810333e+00
2.987300620962007880e+00
3.070600104214158410e+00
3.050274413884757507e+00
3.023439432169925389e+00
3.008561782646319571e+00
3.022763636144910393e+00
2.910918927074404028e+00
2.871158302845734589e+00
2.869610775000679403e+00
2.861580332613432365e+00
2.838215988962080161e+00
2.730100547598933947e+00
2.767494534773284443e+00
2.802644108694502645e+00
2.817265695670183145e+00
2.810824434218544443e+00
2.815046003176501888e+00
2.769417447767670737e+00
2.732311475655731403e+00
2.742387645829815757e+00
2.795686677723381752e+00
2.784284647804531332e+00
2.714532372251249992e+00
2.703859648724393772e+00
2.766764536421558063e+00
2.842136696219941250e+00
2.879470263781169770e+00
2.826648191763524665e+00
2.840139609244588303e+00
2.794071044193400688e+00
2.872276100934588072e+00
2.854658123138391179e+00
2.883285972636082217e+00
2.876060673907976373e+00
2.875696437386951132e+00
2.861590641583802608e+00
2.841068109004077247e+00
2.864583041212106274e+00
2.846182179692648972e+00
2.917412038091294235e+00
2.900520987684798602e+00
2.817670314284479893e+00
2.818093504481354650e+00
2.828630410640457171e+00
2.876594166718691170e+00
2.870694863617517800e+00
2.817075788827840821e+00
2.783287983662488418e+00
2.746797043831232354e+00
2.772583812980231599e+00
2.736400007308872784e+00
2.733290141935173168e+00
2.735421174152163015e+00
2.773782615851501987e+00
2.834365713876739967e+00
2.811104053570411043e+00
2.821163589726764176e+00
2.884032940172494008e+00
2.910689437229605936e+00
2.903587780660332740e+00
2.909397360279271982e+00
2.874279040037692745e+00
2.800393008132965988e+00
2.693814024761175041e+00
2.731756394702865798e+00
2.783220077536090464e+00
2.803830772354137579e+00
2.836846664872812340e+00
2.880381224768693738e+00
2.898415774177335091e+00
2.933668181645634032e+00
2.854668106803311289e+00
2.753677359459528073e+00
2.738579376246012664e+00
2.711542365518193609e+00
2.722639344459709676e+00
2.766038322221874513e+00
2.774748637264283779e+00
2.732869920065716940e+00
2.763946634795975577e+00
2.776728290632700435e+00
2.767685856451197690e+00
2.745263739606815356e+00
2.708519152599811353e+00
2.757800754224278617e+00
2.870814692730967010e+00
2.907447334002801753e+00
2.870321758967102621e+00
2.880882677236266787e+00
2.822892311088044170e+00
2.757328054475927104e+00
2.764923145405672855e+00
2.727734041287750433e+00
2.712534976733019132e+00
2.692859446759150455e+00
2.704426371709904409e+00
2.737135181170268439e+00
2.792781230243428947e+00
2.835851547595536815e+00
2.812932633391706183e+00
2.832047669090334896e+00
2.901577846620696732e+00
2.874758598560929634e+00
2.877737653087925285e+00
2.879328741217300092e+00
2.872549738472773395e+00
2.772234658177406441e+00
2.702355269019971029e+00
2.744611812260524530e+00
2.787676272453456949e+00
2.878278652250334524e+00
2.886093726821774119e+00
2.817113061273899710e+00
2.791015227475479143e+00
2.742851982882051232e+00
2.748871222884040844e+00
2.750122542724232844e+00
2.754212410109285969e+00
2.720096505640930307e+00
2.741146293067920237e+00
2.730954595008858732e+00
2.783330019958107027e+00
2.779550683114089260e+00
2.752630196739111135e+00
2.782820691313042438e+00
2.826358257546272679e+00
2.832250518580586629e+00
2.743870805996521334e+00
2.718455995597500952e+00
2.768296588156695215e+00
2.790917411891652211e+00
2.733272214763835084e+00
2.752577700992290044e+00
2.717700866541422400e+00
2.712579952738720657e+00
2.737839659293436423e+00
2.715970912951756855e+00
2.766603332608417620e+00
2.827528426028639519e+00
2.844851665728813206e+00
2.851998772790759862e+00
2.873242419288703164e+00
2.911243892222017404e+00
2.901987077848555252e+00
2.843635876830928222e+00
2.785078993493721455e+00
2.773738632243492042e+00
2.733122207293336547e+00
2.759403196345180831e+00
2.771521242927789785e+00
2.777130353440399269e+00
2.801908456748721576e+00
2.797611302522207577e+00
2.784546821297857466e+00
2.787356094940149909e+00
2.840609265632990432e+00
2.909530718174323738e+00
2.942836896601644714e+00
2.956805032463249994e+00
2.930574517052927153e+00
2.917493958862639403e+00
2.905510798465564370e+00
2.857476859048905915e+00
2.842181732402064842e+00
2.879772907713384456e+00
2.891335504572238424e+00
2.871546621596103854e+00
2.900753350424678967e+00
2.878786723604234599e+00
2.866500305250289315e+00
2.891160839524497650e+00
2.833194310314772757e+00
2.820844022628688386e+00
2.826647837987604550e+00
2.808508857027159245e+00
2.777570521156933925e+00
2.883216953335284938e+00
2.961629450150709886e+00
2.954495049919698246e+00
2.885987006207754391e+00
2.811128421114908793e+00
2.810001779358866969e+00
2.838477937205078572e+00
2.811191562309477643e+00
2.808775533929331214e+00
2.802529928475341325e+00
2.797054522171493307e+00
2.795335221400109482e+00
2.912226811221955369e+00
2.999483955616365716e+00
2.959305661806499010e+00
2.939385990304777430e+00
2.875055651635286758e+00
2.851486103771154745e+00
2.888834193926678395e+00
2.908783594563197905e+00
2.905261778222402835e+00
2.933204050181303479e+00
2.916944291548949408e+00
2.890543547501057908e+00
2.859676380292007991e+00
2.884901904744769929e+00
2.818455960273283711e+00
2.869261228957725951e+00
2.877532623620452146e+00
2.791669034824866280e+00
2.764401924467569494e+00
2.780296027404276504e+00
2.786104269405579981e+00
2.799582290271175555e+00
2.794423196296509371e+00
2.802158810631545371e+00
2.810052846478158006e+00
2.824570232796487002e+00
2.810068682434648579e+00
2.792114968979608314e+00
2.775414023168435662e+00
2.739662205455263955e+00
2.762651805783710834e+00
2.806492829137462675e+00
2.821262306131778530e+00
2.792841026625038303e+00
2.803052086565642309e+00
2.820369124777818648e+00
2.740015510905002394e+00
2.748312027408823965e+00
2.721632781989517191e+00
2.764240582872626639e+00
2.787660129929758757e+00
2.703539531799008078e+00
2.708910666670275802e+00
2.767197318587888422e+00
2.817555500784323375e+00
2.829375549480838803e+00
2.846009486983485104e+00
2.746977065794325323e+00
2.733895572255824469e+00
2.782326544458791684e+00
2.721214802252847065e+00
2.717209046061785482e+00
2.717579989623120529e+00
2.736847821856377649e+00
2.725460878457072855e+00
2.708225618370818211e+00
2.734179584445762146e+00
2.752344818513843716e+00
2.817146428569164751e+00
2.792723581022654944e+00
2.775476535660137856e+00
2.807617851489051741e+00
2.808143158743869883e+00
2.847055145233404527e+00
2.901879563317540267e+00
2.910372141153086289e+00
2.879484328833897155e+00
2.821805627607968159e+00
2.840603280995077640e+00
2.835948518573635724e+00
2.891567222113295088e+00
2.851936359738765248e+00
2.826135877837440802e+00
2.764146342001450929e+00
2.738918034553060377e+00
2.728229095952170891e+00
2.772995672553420832e+00
2.749838358885845491e+00
2.757760323160807214e+00
2.705755901776803363e+00
2.779353342056385845e+00
2.778988844885851961e+00
2.763977387751209047e+00
2.748048216462003701e+00
2.814962521953000785e+00
2.773288481207824674e+00
2.766747910453715154e+00
2.744963387733978522e+00
2.747259361618411333e+00
2.745873085195308150e+00
2.736550748661533472e+00
2.698010748681331172e+00
2.742084061439400866e+00
2.721069275119617270e+00
2.730246325883435965e+00
2.792133592792436225e+00
2.808169688605017367e+00
2.811379198898646958e+00
2.767045174911317407e+00
2.765117538188928581e+00
2.783215945628366494e+00
2.792137174280662215e+00
2.796747575309577183e+00
2.843078261321696054e+00
2.874685721952923600e+00
2.917913295490460079e+00
2.891920642064716329e+00
2.926238882934884433e+00
2.891709010256737766e+00
2.881240878510507031e+00
2.892055497392814978e+00
2.881383174796438240e+00
2.823935374614653160e+00
2.759682771624303754e+00
2.741998176512887575e+00
2.776287629191183104e+00
2.882533781241774395e+00
2.981883632873691070e+00
3.072443001912322558e+00
3.022203500759006900e+00
2.908263743197992746e+00
2.892682837782254879e+00
2.878677821500696954e+00
2.802716717757968379e+00
2.781380412672815439e+00
2.735181895231102001e+00
2.764919890340405306e+00
2.826017338941853918e+00
2.827386779342365930e+00
2.768461486096565061e+00
2.753012894993410509e+00
2.716954913133450944e+00
2.754348743351138662e+00
2.764283632335871488e+00
2.781976455687574123e+00
2.728547415750732341e+00
2.743927294955170737e+00
2.747463921510162610e+00
2.814620933624988108e+00
2.849556281248012191e+00
2.855565443130309689e+00
2.896950638171110093e+00
2.900670439743198159e+00
2.910402034083951150e+00
2.899769646023627967e+00
2.877182823527208555e+00
2.861142429170557833e+00
2.908256178537234948e+00
2.927509863348030539e+00
2.861255144163135089e+00
2.907557222136822439e+00
2.898619843994723499e+00
2.882080325043006042e+00
2.908399216063709325e+00
2.917384273625947877e+00
2.940841036166354616e+00
2.901414999616566348e+00
2.843812581728971889e+00
2.854880908199149303e+00
2.856505557495031322e+00
2.821623823262059183e+00
2.822578431151204992e+00
2.782483423131214106e+00
2.710315664272336722e+00
2.738880428204196527e+00
2.815025044293567813e+00
2.813735950653507345e+00
2.789822395780778397e+00
2.790249809604867792e+00
2.767927202799958408e+00
2.725943689807255765e+00
2.726565605299091644e+00
2.749866542216185206e+00
2.726324632174238705e+00
2.716708670431925210e+00
2.742294477258049312e+00
2.790442438037380235e+00
2.845412096691795956e+00
2.828753789215314285e+00
2.771692984441097796e+00
2.758384490965680946e+00
2.788571318793908738e+00
2.739963138438179513e+00
2.740879785762228682e+00
2.771282735485500304e+00
2.793168451776584238e+00
2.750319799586950165e+00
2.748138642790788566e+00
2.768932104620840828e+00
2.846202733467874335e+00
2.899004829247443293e+00
2.879707797676701375e+00
2.849462580908898257e+00
2.848724100364933953e+00
2.866974014531697978e+00
2.858742555740197755e+00
2.842805128741680232e+00
2.809461336270709708e+00
2.753063384668068547e+00
2.773739353291870380e+00
2.771736278941414167e+00
2.800631535921853210e+00
2.735099998171912627e+00
2.686242543032925756e+00
2.763868484570132456e+00
2.787653672894106371e+00
2.735561916681835903e+00
2.811717091031742388e+00
2.855300334465710854e+00
2.884514863889593883e+00
2.930880584397801414e+00
2.933987389202618257e+00
2.930006313986370792e+00
2.865139612654154622e+00
2.847052862171687515e+00
2.899207650376220080e+00
2.941587666550157465e+00
2.919720877070271836e+00
2.899431151105333448e+00
2.884185326916424152e+00
2.834764893249526185e+00
2.874974260754346034e+00
2.876746426086247421e+00
2.785866113078659723e+00
2.763557851755594985e+00
2.832849272375781879e+00
2.781686359027559341e+00
2.784714348007708562e+00
2.785893752460779194e+00
2.857901502851349473e+00
2.915010977680873694e+00
2.945161116136093327e+00
2.878477027874288385e+00
2.884892545659196728e+00
2.833582538060255285e+00
2.756177243937697696e+00
2.732980241421441026e+00
2.734096194357470200e+00
2.778310817745199390e+00
2.806475013250607109e+00
2.737108328144868707e+00
2.715256157345011800e+00
2.768105128061432385e+00
2.800445857359145752e+00
2.807625509215928350e+00
2.791078823680907650e+00
2.866299007431011070e+00
2.954354582645759120e+00
2.929505931040249589e+00
2.938422365828302851e+00
2.978958375002913606e+00
3.000034333136872622e+00
3.002605701719758269e+00
3.014645750332864971e+00
3.108914440765457865e+00
3.085132250001610732e+00
3.050740729724503719e+00
3.027988441193262492e+00
3.040779176461191113e+00
3.035269016084076288e+00
3.096832413935245221e+00
3.147143943323850834e+00
3.170584961801213630e+00
3.121536961177938441e+00
3.116068195659395634e+00
3.068703472152368494e+00
3.090827882623036427e+00
3.103282939082416370e+00
3.135605842576518754e+00
3.151097745231017377e+00
3.158545393056746420e+00
3.164583700899692875e+00
3.143343442896432194e+00
3.178243697390116473e+00
3.190236825064872495e+00
3.191670565706930418e+00
3.147251975930748458e+00
3.176455414451774928e+00
3.094315756350666469e+00
3.042311949817112726e+00
3.001549100048173102e+00
3.017465492760438739e+00
2.906148826195932955e+00
2.862129626694080997e+00
2.826133931716612757e+00
2.847871134725024511e+00
2.866434370433065038e+00
2.869602411484907911e+00
2.843454940736708902e+00
2.840724027426810849e+00
2.815386651953866615e+00
2.791881444474316964e+00
2.765458009082762736e+00
2.802598437165053635e+00
2.838783718425903491e+00
2.870963252986703740e+00
2.843266783121133567e+00
2.758607982298318717e+00
2.785221894212380533e+00
2.797400757846468800e+00
2.794953487985086582e+00
2.818316873596721450e+00
2.801692702635319776e+00
2.734776407679428534e+00
2.758014865804751192e+00
2.781726262593068544e+00
2.730187173070740325e+00
2.722296089700751320e+00
2.772524842088885499e+00
2.817565970833690869e+00
2.809815296420745234e+00
2.828802396775002670e+00
2.896706578167695501e+00
2.924879655643971788e+00
2.974460623373589296e+00
3.002232169569834852e+00
2.920426852362510317e+00
2.908749731413824868e+00
2.899316126261501481e+00
2.870518071707614194e+00
2.771107179450120306e+00
2.753983841637419605e+00
2.790457131009182579e+00
2.779614901384722003e+00
2.806814208315185244e+00
2.850515918215507760e+00
2.912982148932602211e+00
2.921335482275186912e+00
2.917728911328123953e+00
2.969611759136200568e+00
2.938587756048812949e+00
2.918420977172416109e+00
2.918102979677036579e+00
2.882625712783399408e+00
2.853828656384261642e+00
2.891142334787411006e+00
2.853328407316620297e+00
2.815006394308901427e+00
2.803197816779971596e+00
2.829813244721283816e+00
2.869401679793193605e+00
2.886807752518341985e+00
2.840181860374437761e+00
2.774498333032477948e+00
2.773208430680968561e+00
2.804811580124412007e+00
2.866114268482678806e+00
2.893380375961653428e+00
2.899882411409124394e+00
2.961102159669605438e+00
2.986827916033999220e+00
2.891578461671064471e+00
2.858857638987993166e+00
2.848086023981719617e+00
2.867515475110814283e+00
2.905917066951498651e+00
2.833244606453880099e+00
2.869765147185393328e+00
2.867488448102275989e+00
2.803508872823484044e+00
2.768766873537748641e+00
2.800826485164691793e+00
2.775268995971381436e+00
2.786256449072841423e+00
2.809983096034565087e+00
2.843680185956219741e+00
2.889242634324781012e+00
2.863402346859414305e+00
2.825630903002018357e+00
2.874038969812343858e+00
2.843884842956901249e+00
2.877324104093940793e+00
2.896056111334861516e+00
2.841010735636175344e+00
2.792462891427565541e+00
2.789577925063216668e+00
2.800286235369519705e+00
2.761814801901097294e+00
2.794775840742867334e+00
2.809317710761813913e+00
2.828685383707420620e+00
2.813835105332222586e+00
2.762296327333474188e+00
2.728390551222460214e+00
2.797815755191896514e+00
2.769082880666449142e+00
2.825338386813162295e+00
2.871195395649694060e+00
2.880239573368854167e+00
2.877025025959976112e+00
2.827482625941315941e+00
2.859284700759964437e+00
2.866678391448890473e+00
2.840794607147795858e+00
2.808409692334791430e+00
2.754943375098660496e+00
2.750338342822570059e+00
2.744206442671542678e+00
2.787655107792209819e+00
2.862828845739821659e+00
2.913567744192676390e+00
2.921889970549883753e+00
2.909223951503218331e+00
2.876247729247256135e+00
2.837796504332190661e+00
2.817418321797457104e+00
2.745516709109598441e+00
2.744653894391786864e+00
2.725442165961332375e+00
2.734844968183754332e+00
2.767754685661285574e+00
2.862529126489371301e+00
2.805059179411371950e+00
2.736497944453823550e+00
2.686179629138751412e+00
2.762354249548742757e+00
2.848089359553171995e+00
2.856611104088199404e+00
2.934825718846009845e+00
2.929848630902285755e+00
2.882507415428449793e+00
2.939317097558546532e+00
2.945786312684611552e+00
2.899208685141516639e+00
2.831876409732600131e+00
2.847010010519809065e+00
2.867856690980216783e+00
2.914209669876208331e+00
2.956822280760208255e+00
2.920418805582514654e+00
2.947003053951589902e+00
2.942191190252598343e+00
2.960124828448962298e+00
2.970472016363729040e+00
2.938192982089501193e+00
2.959162043552193921e+00
2.927099246694583545e+00
2.947110618894377865e+00
3.001780471653448412e+00
3.073454733683254059e+00
3.051321680845859863e+00
3.004946921328228715e+00
2.983515543783876733e+00
2.946676941912702574e+00
2.994616169060736688e+00
2.944618990633593558e+00
2.938869680676569285e+00
2.941543302417967354e+00
2.912934602767456749e+00
2.969889896949043262e+00
2.998017678400179076e+00
2.966373375015356473e+00
3.036241097146272327e+00
3.021521636526867116e+00
2.994454374339339253e+00
2.969366430739055929e+00
2.923787098952315588e+00
2.938249478856415742e+00
2.926026828311730110e+00
2.941130054927867388e+00
2.957923934113248610e+00
2.935352278688198258e+00
2.933832135620577208e+00
3.013718467275932955e+00
3.005617407455579926e+00
2.966861304476500205e+00
2.964464369831419699e+00
2.952525359755611145e+00
2.982950552724600524e+00
2.980575280042427888e+00
2.941184285283735544e+00
2.961483580910081237e+00
2.938113170046382283e+00
2.961159401315639705e+00
2.979614908004052598e+00
2.920122257714563574e+00
2.900887622780309982e+00
2.871725265411021244e+00
2.864549004642790386e+00
2.833132541904808566e+00
2.838666764521682762e+00
2.840355787573098922e+00
2.845227055965832363e+00
2.861678004248555673e+00
2.840948081186983387e+00
2.760952734111904228e+00
2.776486628817074642e+00
2.747293395325661081e+00
2.720376076942303989e+00
2.739988686108028038e+00
2.735282069549684003e+00
2.731397261476257388e+00
2.758681569155817304e+00
2.740023722525043670e+00
2.753738368109795775e+00
2.784714348007709006e+00
2.875235294719372892e+00
2.899760334924250227e+00
2.865759934118697672e+00
2.848730945526445790e+00
2.747010374934903520e+00
2.731088793869580478e+00
2.736328927596241911e+00
2.738754643994237181e+00
2.771473976064000588e+00
2.735159410345217701e+00
2.701447019654466430e+00
2.676416073782251104e+00
2.760122642202697651e+00
2.872532332281048539e+00
2.945184714071427567e+00
2.909034719627801913e+00
2.918563516526580415e+00
2.961184391421784134e+00
2.897773110510897254e+00
2.866741355616163833e+00
2.872551130963555188e+00
2.850041578644073148e+00
2.890831368309123572e+00
2.881926786023544906e+00
2.915948387746257975e+00
2.848333547883743933e+00
2.750589936722666273e+00
2.765237241178412742e+00
2.791023468192268098e+00
2.895715800972188170e+00
2.881113152932386789e+00
2.906669055809415703e+00
2.885579317918673947e+00
2.844530541231715670e+00
2.825518890398717176e+00
2.889056939556573944e+00
2.933751693650981096e+00
2.914194571403906586e+00
2.899277668661627505e+00
2.883270885643594905e+00
2.895482861285833653e+00
2.929762618370300498e+00
2.864103350090565936e+00
2.856448144111845000e+00
2.820697431487467988e+00
2.773275680490491890e+00
2.726702404003781055e+00
2.732711108039048042e+00
2.731781286999381830e+00
2.749838177056969979e+00
2.758100795837600039e+00
2.764605396797163106e+00
2.720721595459557385e+00
2.698091362426409567e+00
2.710362706355000206e+00
2.787551075765249742e+00
2.816031960045909166e+00
2.751887715732602047e+00
2.690994797468028832e+00
2.727039970370805033e+00
2.755582152649417971e+00
2.820152123556458168e+00
2.862172077286758043e+00
2.869274647014468549e+00
2.836744789366854480e+00
2.802216979464651647e+00
2.775943443227905316e+00
2.774787379241876017e+00
2.716904672600789272e+00
2.684501070962721947e+00
2.703830061227960879e+00
2.686479294541463503e+00
2.779512367304739939e+00
2.781851901162245344e+00
2.794595140624129836e+00
2.760366823449376117e+00
2.729161226457682332e+00
2.759655956817805844e+00
2.768845607830093591e+00
2.741813633345635992e+00
2.751952216154924802e+00
2.751166661618303255e+00
2.717752196209212823e+00
2.708712978519502990e+00
2.782435443995062929e+00
2.831405481381993994e+00
2.757547461060280813e+00
2.771404517568664350e+00
2.761052335614086140e+00
2.724463616934533317e+00
2.749934908320558868e+00
2.756875223872128355e+00
2.762454162515643130e+00
2.712447234509825389e+00
2.717508785634372703e+00
2.689457380216314419e+00
2.714653753243680523e+00
2.811465987701078806e+00
2.839782033889220791e+00
2.902533031681120868e+00
2.924286237699722513e+00
2.847213725732579803e+00
2.812116818341656277e+00
2.829781086939411772e+00
2.763354845111282376e+00
2.737505616432594380e+00
2.750366157441586523e+00
2.799237396149172774e+00
2.752880128156690809e+00
2.787389639070935399e+00
2.801063548011719639e+00
2.854904726956751571e+00
2.894535023108202321e+00
2.841496260775298044e+00
2.823825419532871361e+00
2.840910593454148092e+00
2.841795559149179695e+00
2.855248675684834314e+00
2.769642215160652121e+00
2.741375567119543888e+00
2.768127525964076963e+00
2.723986233445389260e+00
2.768913866482668684e+00
2.719656044429147546e+00
2.779361977145114349e+00
2.851651100678342488e+00
2.902076670248393331e+00
2.926834638308082326e+00
2.917212539394412829e+00
2.924780504584916674e+00
2.920574429799727145e+00
2.941153175201862702e+00
2.934371482958488819e+00
2.954958375341351307e+00
2.952242029373608467e+00
2.891863240196534512e+00
2.876374627895330160e+00
2.910512841407850715e+00
2.878172163022914010e+00
2.901503231085569290e+00
2.990073744909981457e+00
2.961527646333897756e+00
2.900469789534102283e+00
2.869320128532192982e+00
2.834580215834435979e+00
2.813825509870859776e+00
2.782251965584713549e+00
2.751128132239572199e+00
2.689702585788994238e+00
2.624758465078263381e+00
2.768084355651033945e+00
2.887617356922485445e+00
2.913418267259269001e+00
2.943814871896668794e+00
2.832717776270696763e+00
2.797957469297916333e+00
2.845729080569687763e+00
2.840816959960637877e+00
2.853142127549905371e+00
2.922132782746190927e+00
2.916953547796055979e+00
2.877130688724444774e+00
2.837906799033400151e+00
2.831616852612655943e+00
2.804427035955829428e+00
2.808743669329758941e+00
2.780094422856893122e+00
2.760598666956136427e+00
2.709710316620578929e+00
2.743377662663308847e+00
2.712726672556600160e+00
2.704491634300242975e+00
2.764552947584834719e+00
2.816999467518586542e+00
2.797530875611562884e+00
2.762708272691853040e+00
2.757906996256399790e+00
2.755451505652022792e+00
2.728823556040221199e+00
2.765597403817121158e+00
2.766953017309835783e+00
2.864086765445487792e+00
2.878379057733710056e+00
2.882602469991309757e+00
2.883462848728937544e+00
2.860839212538865528e+00
2.848432024816460295e+00
2.856582923704473753e+00
2.881151505908704724e+00
2.902133180955002612e+00
2.828438615208044737e+00
2.815566728031854371e+00
2.753789026051197464e+00
2.715009760571772901e+00
2.704332819754254658e+00
2.731412272067327507e+00
2.720549393045456288e+00
2.784165763743243538e+00
2.787558609249319197e+00
2.758298751042025820e+00
2.737562054091194685e+00
2.725586358932697184e+00
2.788310240988258304e+00
2.806906660364751005e+00
2.794246410036165251e+00
2.745577170651009258e+00
2.781197943333052258e+00
2.764731813395288285e+00
2.743281429237620639e+00
2.708224695257023473e+00
2.747875543033199808e+00
2.795599756760613452e+00
2.807564602996696745e+00
2.844890156051723906e+00
2.880709808363210112e+00
2.887312071806578562e+00
2.893478356580535760e+00
2.878514026368466538e+00
2.887371642168704344e+00
2.855009106815598052e+00
2.758534755989127341e+00
2.708578409424397204e+00
2.745924434502887035e+00
2.750870044186020991e+00
2.742289007380513066e+00
2.775973703045473862e+00
2.803647089060961051e+00
2.780670962195995077e+00
2.784253759986686561e+00
2.824647765651497888e+00
2.847026870263082543e+00
2.867800027895948123e+00
2.887479350575515191e+00
2.908060178194391998e+00
2.880596118861511012e+00
2.826950830842305251e+00
2.801001249553451977e+00
2.812050319606674620e+00
2.865371354641488733e+00
2.888666128163654090e+00
2.895416204969503138e+00
2.895425875411076877e+00
2.886361550464529468e+00
2.843948487578493722e+00
2.825105484756277097e+00
2.818808613581276656e+00
2.796867712281008611e+00
2.800605827316653862e+00
2.778103309814088817e+00
2.730268484966268172e+00
2.791422755513753629e+00
2.760942954861616894e+00
2.709973616107729466e+00
2.715747779157703601e+00
2.773831465680638875e+00
2.777081561639844764e+00
2.744002368803642344e+00
2.715480988701633347e+00
2.744618917081204312e+00
2.777913965550408371e+00
2.832387332269370450e+00
2.839909329538533367e+00
2.810140387952174912e+00
2.742668226381017593e+00
2.750752806051464106e+00
2.785522213158603044e+00
2.856507132845987229e+00
2.836514234055595551e+00
2.809830955769403449e+00
2.762261935443487193e+00
2.759698896618977049e+00
2.733285934548378204e+00
2.784076687162190922e+00
2.796002503575416576e+00
2.840407893243503956e+00
2.895564539083872901e+00
2.944427108963643125e+00
2.961571373443496746e+00
2.975184700148883366e+00
3.025837569996116194e+00
3.040220715671808183e+00
3.044034822402661433e+00
3.016965528473933844e+00
2.980528476629606072e+00
2.929207401328898897e+00
2.943430141858304872e+00
2.954302963475479604e+00
2.975035125843054296e+00
3.022727907040262174e+00
2.963856440517995239e+00
2.932245726401523811e+00
2.954288746889849548e+00
2.954976988066066124e+00
2.970043939068915506e+00
3.002337256205571236e+00
3.016962379612977863e+00
3.081025316351684751e+00
3.095935884349028111e+00
3.075000650406435110e+00
3.043774137481295217e+00
3.023922948753820172e+00
3.064302367587115938e+00
3.087103658771438663e+00
3.050259824998519331e+00
2.972866798226923457e+00
2.954242542514070369e+00
2.935161154008413043e+00
2.978567776633595177e+00
2.980610843434613688e+00
3.009370366040045486e+00
3.031698863673633060e+00
3.039881083200459688e+00
2.998451933915232903e+00
3.024742964286387004e+00
2.984913064060660925e+00
2.975845090054251241e+00
2.971958276961505163e+00
2.951360703133387275e+00
2.937881379497817580e+00
2.993942217211280621e+00
3.013748662380457688e+00
3.015361172397097445e+00
3.003856521207362462e+00
2.965171664507806781e+00
2.966689906276017030e+00
2.966673558044429893e+00
2.995923063097582162e+00
3.023131654427243742e+00
3.012020252255950492e+00
2.967916777808973894e+00
2.922576602931050704e+00
2.885895528254617926e+00
2.909718371251760249e+00
2.960084796082707026e+00
2.911606772900488860e+00
2.888850463419662784e+00
2.929085522821073262e+00
2.955688921385334123e+00
2.934431972290378443e+00
2.945232079140793324e+00
2.927985314170820530e+00
2.897758098944768879e+00
2.870230130146361969e+00
2.890425228231998656e+00
2.878916983867371382e+00
2.893502203213261570e+00
2.899672567722086036e+00
2.883421925421252308e+00
2.883426260544908803e+00
2.823041799194620616e+00
2.805462350486992218e+00
2.760737039270491966e+00
2.777527317597434653e+00
2.808457761832995558e+00
2.888993942534320958e+00
2.935271026668575978e+00
2.870703572297216510e+00
2.916343944050495463e+00
3.003124040062282063e+00
2.996196755889038332e+00
2.971582238471619064e+00
2.929464285496582221e+00
2.891431825238146569e+00
2.929259804114343169e+00
2.889255267365623325e+00
2.896278474180271179e+00
2.956327113159165076e+00
2.902381608265873325e+00
2.869691446828386283e+00
2.846242083871292738e+00
2.804191683890386422e+00
2.802576493157680204e+00
2.801249721106634727e+00
2.845007732854165639e+00
2.908278184768437580e+00
2.966095413165260819e+00
2.948004409766037170e+00
2.940420888240321329e+00
2.992120485541984287e+00
2.979887749563731703e+00
2.914498584662548630e+00
2.860565153951225348e+00
2.838110815313595658e+00
2.878810518252286510e+00
2.947535411152849782e+00
2.957891478739542723e+00
2.956188424305866036e+00
2.955391175462226183e+00
2.973185160732509935e+00
2.988850782491491387e+00
2.896710375581238228e+00
2.906562402564238479e+00
2.900419797201777339e+00
2.850132277632040356e+00
2.771434826944339402e+00
2.713924096211977943e+00
2.759628417015595137e+00
2.792548298597537393e+00
2.780426945632630265e+00
2.768798656457345242e+00
2.791948065419556091e+00
2.770009386265685603e+00
2.829599795024024367e+00
2.747004550414869239e+00
2.655024670318526514e+00
2.700472736392649065e+00
2.738035974928014316e+00
2.792271297707298316e+00
2.813980277116383544e+00
2.812936010647949736e+00
2.812773897774224263e+00
2.831315242073902283e+00
2.908520242322545357e+00
2.953418866331019021e+00
2.980667542682343463e+00
2.999608307762865689e+00
2.991278823513447982e+00
2.956718789469164221e+00
2.990139127197930513e+00
3.006115932561483906e+00
3.000929189434498934e+00
2.966755466835782507e+00
3.003674083518383053e+00
2.992816232246811481e+00
2.956574707326030005e+00
2.935462825518319718e+00
2.941647667549599721e+00
2.947941145952543973e+00
2.898166661874365335e+00
2.915371159904001086e+00
2.935249393152139064e+00
2.952482006719092222e+00
2.937385572239367804e+00
2.894332738300832819e+00
2.885930872352974408e+00
2.861832454914158941e+00
2.904144968833339835e+00
2.921778396798771826e+00
2.880012847193567538e+00
2.844299738072625150e+00
2.776812741255700434e+00
2.736641737604686320e+00
2.773777388328054094e+00
2.793582109049239648e+00
2.875681832192150011e+00
2.830005477026501737e+00
2.804659694151858673e+00
2.766664056223667956e+00
2.752531380384245718e+00
2.794970661742266493e+00
2.798115615910107934e+00
2.783526540200398358e+00
2.780380189830160997e+00
2.790437600090709847e+00
2.811060476048141243e+00
2.807880695471229870e+00
2.890442180705229180e+00
2.876223391880400992e+00
2.774869546483222038e+00
2.775249538329841670e+00
2.744769753549466618e+00
2.735414593804748939e+00
2.780652801052299505e+00
2.786951380989628912e+00
2.810290020620647589e+00
2.775586424523654117e+00
2.803874997213677389e+00
2.770582790677802443e+00
2.784003053159245678e+00
2.784128050216081451e+00
2.810400327355517813e+00
2.811749099759791370e+00
2.778498515385602996e+00
2.714435116189001906e+00
2.714627230394626167e+00
2.792028115904279240e+00
2.787820116148098659e+00
2.786224865297127984e+00
2.756521177136138423e+00
2.703888681140553363e+00
2.736943368065916093e+00
2.714857823164962713e+00
2.716982517426271393e+00
2.760626559315837447e+00
2.801069260121927140e+00
2.761908941294046294e+00
2.748385162236181234e+00
2.752250896993222895e+00
2.749274995339681116e+00
2.734427545209417332e+00
2.725196139730130085e+00
2.700706574213496580e+00
2.724247051939305386e+00
2.798060220938784148e+00
2.843851437751275579e+00
2.792247481868324499e+00
2.828737881105281460e+00
2.862793216423428877e+00
2.841781307560452774e+00
2.839401345354334083e+00
2.797289581005155679e+00
2.783539832659126745e+00
2.760889892770082898e+00
2.744756637663893439e+00
2.783656228775385433e+00
2.837601804341123302e+00
2.824436226930960636e+00
2.859799468494251151e+00
2.830889966070741171e+00
2.845077327595860073e+00
2.899987241351244194e+00
2.945739974946872231e+00
2.909561822680521992e+00
2.838499075215632494e+00
2.833760399186918022e+00
2.819023057727623627e+00
2.817419209134487179e+00
2.849078622993756582e+00
2.824954866896106864e+00
2.858575344467939594e+00
2.829825966380265179e+00
2.814062188367556061e+00
2.838160671984586436e+00
2.813799921813915805e+00
2.761780947142622011e+00
2.717683204496065041e+00
2.706312805275842504e+00
2.727495737851848290e+00
2.770243852082340030e+00
2.796111943395685806e+00
2.812824381293649090e+00
2.848534008924590744e+00
2.865344307408797420e+00
2.877292129763678208e+00
2.882614264864447939e+00
2.849665418957109786e+00
2.837999647639160461e+00
2.887732328315766317e+00
2.900610452990887378e+00
2.901849927201611834e+00
2.896065952287689260e+00
2.875947148332179903e+00
2.897882847873598955e+00
2.856108891481556000e+00
2.860745706979213931e+00
2.905864587347456229e+00
2.930972193658615943e+00
2.850039648847012330e+00
2.807203768877492678e+00
2.822636533455910701e+00
2.831712909177058535e+00
2.855160590930044595e+00
2.812453021829875777e+00
2.862601788583245543e+00
2.884189487533716623e+00
2.909248872131774188e+00
2.886953411470299269e+00
2.858693582740200245e+00
2.835483380307491696e+00
2.856803458412916719e+00
2.889124607904615782e+00
2.858141179158230738e+00
2.883100067635530728e+00
2.892619228311946511e+00
2.964416468716904340e+00
2.947104680869005122e+00
2.902849806655521281e+00
2.873515442798245889e+00
2.923439412746568600e+00
2.959058127174928998e+00
2.910321975314758891e+00
2.950357774914764253e+00
2.914753677414267941e+00
2.891252669691806609e+00
2.875679745729694314e+00
2.903091627902915750e+00
2.865470467479991790e+00
2.839599443583548766e+00
2.787060996820844849e+00
2.798292515088442567e+00
2.811136069278753258e+00
2.870532180624352669e+00
2.926865388090132303e+00
2.958007775513783244e+00
2.953896071292962944e+00
2.961518867068045680e+00
3.001571088613428362e+00
2.972590116379989489e+00
2.896747141191305719e+00
2.875886124310210068e+00
2.918879750863334177e+00
2.919205542609153436e+00
2.896637706030907644e+00
2.863959496920303938e+00
