-6.020256135470000345e+02
-6.050333747959999755e+02
-6.025425354679999828e+02
-5.968877780059999623e+02
-6.000170659030000024e+02
-5.975147022869999773e+02
-5.973285776930000566e+02
-5.995726680899999792e+02
-5.968361297420000255e+02
-5.813899037449999696e+02
-5.902253272049999850e+02
-5.839004526019999730e+02
-5.823939759270000422e+02
-5.991506922559999566e+02
-5.930213419230000227e+02
-5.953298760689999654e+02
-6.053197793230000343e+02
-5.988036565349999591e+02
-5.886018818789999614e+02
-5.869960380850000092e+02
-5.916674372200000107e+02
-5.827507439009999644e+02
-5.801649087509999845e+02
-5.923312863879999668e+02
-5.791759798289999708e+02
-5.911581069489999436e+02
-6.047484449690000474e+02
-5.988209337209999603e+02
-5.990312084879999475e+02
-5.955555507719999468e+02
-5.913493577929999674e+02
-5.942931729110000560e+02
-5.912859503429999677e+02
-5.977409532530000433e+02
-5.939139982409999448e+02
-5.914845500249999759e+02
-5.910963892669999495e+02
-5.845151500990000386e+02
-5.965293859930000053e+02
-5.949385847569999441e+02
-5.927854768989999457e+02
-6.003996725719999858e+02
-6.027007098899999846e+02
-6.013193357559999868e+02
-6.002838479680000319e+02
-6.019230627519999643e+02
-5.896098146990000259e+02
-6.009854673679999451e+02
-5.804804511239999556e+02
-5.891618889330000002e+02
-5.974679595390000486e+02
-6.054119301739999628e+02
-5.952006841249999525e+02
-5.983519949929999484e+02
-6.016560091710000506e+02
-5.979551794679999830e+02
-5.931433907639999461e+02
-6.056501745640000536e+02
-6.055161007279999694e+02
-5.912561795220000249e+02
-5.893708315430000084e+02
-5.989464549829999669e+02
-5.940627736699999559e+02
-5.948523496819999536e+02
-5.981611421290000408e+02
-5.899534833379999554e+02
-5.933123892099999921e+02
-6.036919403849999526e+02
-5.847579989130000513e+02
-5.974354528110000047e+02
-5.973501429650000318e+02
-5.902168624529999761e+02
-5.969970351969999456e+02
-5.920313420759999872e+02
-5.931377664049999794e+02
-5.976751471219999985e+02
-5.913919702780000307e+02
-5.993801692670000421e+02
-5.971883330040000146e+02
-5.973233718520000366e+02
-5.994042878220000148e+02
-5.994134306810000226e+02
-6.024204565799999500e+02
-6.048290236970000251e+02
-5.996471302469999500e+02
-6.012954601889999822e+02
-5.848254311360000202e+02
-6.036056581179999512e+02
-5.979033049250000431e+02
-6.029950107040000375e+02
-6.003395213239999748e+02
-6.020994993849999446e+02
-5.984442240240000501e+02
-5.888560432269999865e+02
-5.817286339720000115e+02
-5.938800631479999765e+02
-5.901989394060000222e+02
-5.981322946269999647e+02
-5.929382417799999985e+02
-5.993777179200000091e+02
-5.871586596619999909e+02
-5.965593443139999863e+02
-5.965724621949999573e+02
-6.008440317619999860e+02
-5.982555661940000391e+02
-5.954610830899999883e+02
-5.943449809659999801e+02
-6.010988387410000087e+02
-5.972371302699999660e+02
-6.010243374530000438e+02
-5.895299342939999860e+02
-5.995684592740000198e+02
-5.938359463560000222e+02
-6.044055093399999805e+02
-5.943512144789999638e+02
-6.029405424310000399e+02
-5.981196742969999605e+02
-5.985230697539999483e+02
-5.913466280809999489e+02
-5.956671560060000274e+02
-5.937798807619999479e+02
-5.805770705410000119e+02
-5.787952387569999928e+02
-5.960629903230000082e+02
-5.828997911640000211e+02
-5.935695047089999434e+02
-5.923680514139999786e+02
-5.895203523830000449e+02
-5.975379864100000304e+02
-5.870088039889999436e+02
-5.922772444600000199e+02
-5.888909776259999944e+02
-6.012457217579999451e+02
-5.996089180230000011e+02
-6.048761176990000195e+02
-5.889785394020000240e+02
-5.934304056610000089e+02
-5.954885475009999709e+02
-5.941254539689999774e+02
-6.002688294319999613e+02
-5.850946750299999621e+02
-6.015244744999999966e+02
-5.981285654179999938e+02
-5.911175135910000336e+02
-5.904587967429999935e+02
-5.842254216430000042e+02
-5.974923687230000269e+02
-5.976852714780000042e+02
-6.025132671640000126e+02
-5.952627118670000073e+02
-5.954826816380000309e+02
-5.971004520919999550e+02
-5.900264272560000336e+02
-5.934684026610000274e+02
-6.061819174649999695e+02
-6.031211131129999785e+02
-5.965486626639999486e+02
-6.027789111499999990e+02
-5.931553355739999915e+02
-5.821239740170000232e+02
-5.983751321460000554e+02
-5.976369896659999768e+02
-5.925267210800000157e+02
-5.877086932790000446e+02
-6.004616215080000075e+02
-5.996650745599999937e+02
-6.005348903609999525e+02
-5.920748477339999454e+02
-5.986270775210000465e+02
-5.968465615390000494e+02
-5.956045645640000430e+02
-5.986780920590000505e+02
-5.965600255860000516e+02
-5.881701908459999686e+02
-5.881706431989999828e+02
-5.962733436820000179e+02
-5.906269046200000048e+02
-5.966227445199999693e+02
-5.942605511399999614e+02
-5.949068181970000069e+02
-5.902373286209999605e+02
-5.918695545719999700e+02
-5.803123608050000257e+02
-5.857975129290000496e+02
-5.902836389450000070e+02
-5.724185294930000509e+02
-5.906194008630000098e+02
-5.971621766780000371e+02
-6.020341904399999748e+02
-5.926526131409999607e+02
-5.910126435199999833e+02
-5.982584279999999808e+02
-6.016559870480000427e+02
-5.969527174989999594e+02
-5.876389961349999567e+02
-6.016710903179999832e+02
-6.047670319950000248e+02
-5.941757517040000494e+02
-5.991553559479999649e+02
-5.978321849389999443e+02
-6.009976923289999604e+02
-5.905087043730000005e+02
-5.851997763650000479e+02
-5.975874338290000196e+02
-6.027184999879999623e+02
-5.937438498819999495e+02
-5.993511524919999829e+02
-6.029455854379999664e+02
-5.800442786820000265e+02
-6.002654605430000174e+02
-5.993776205560000108e+02
-5.943832176309999795e+02
-5.874868177710000055e+02
-5.846114918890000354e+02
-5.867700603340000498e+02
-5.966472959929999433e+02
-5.906324618190000137e+02
-5.937608584040000324e+02
-5.850481739540000490e+02
-5.912500416870000208e+02
-5.893863198039999816e+02
-5.893031455860000278e+02
-6.032040312819999599e+02
-6.000522498510000560e+02
-5.968266993729999967e+02
-6.012120488570000134e+02
-5.956857262209999817e+02
-6.011435073909999574e+02
-5.870885075700000471e+02
-6.030212632650000160e+02
-6.000810192950000328e+02
-6.026077217880000489e+02
-6.021008864599999697e+02
-6.001534929529999545e+02
-5.980951167810000015e+02
-6.057242802519999714e+02
-5.817157176309999613e+02
-6.053596230870000454e+02
-5.863929351750000478e+02
-5.901857252370000424e+02
-5.907493456500000093e+02
-5.936586531289999584e+02
-5.888856564709999475e+02
-5.943734932769999659e+02
-5.971371390489999840e+02
-5.985782847740000534e+02
-5.871532408690000011e+02
-5.997514798339999516e+02
-5.968183018729999958e+02
-6.020515418210000007e+02
-5.956213976819999516e+02
-6.025175471989999778e+02
-5.731863710769999898e+02
-5.966763510230000520e+02
-5.908623135740000407e+02
-5.939573471480000535e+02
-5.857455994919999966e+02
-5.936006990160000214e+02
-5.930761407930000360e+02
-5.907547224520000100e+02
-6.010628329779999603e+02
-5.966396958289999475e+02
-5.981894590330000483e+02
-6.018667512590000115e+02
-5.976407635269999901e+02
-5.958415413769999986e+02
-5.886429075769999599e+02
-6.023196237089999840e+02
-5.976680720479999991e+02
-6.005885940130000336e+02
-6.026426700780000374e+02
-5.846642377890000262e+02
-5.968722527459999583e+02
-5.950967538180000247e+02
-6.015364866999999549e+02
-5.975067762700000458e+02
-5.935772372090000317e+02
-5.818111028069999975e+02
-5.805215145160000247e+02
-6.040735085210000079e+02
-5.902113482429999749e+02
-5.999892530219999571e+02
-5.931096963840000171e+02
-6.017052777330000026e+02
-6.042708385690000341e+02
-5.970622438289999536e+02
-5.923398607799999809e+02
-5.986530476249999992e+02
-5.842177317690000109e+02
-5.984863834730000463e+02
-6.014800496499999554e+02
-5.969864705160000540e+02
-5.929708578409999973e+02
-5.986183797070000310e+02
-5.912468031600000131e+02
-5.916712214249999988e+02
-5.895042368890000262e+02
-5.954958807560000196e+02
-5.933697955610000463e+02
-5.944702362660000290e+02
-5.950914967579999484e+02
-5.993547389569999950e+02
-6.010423411790000046e+02
-6.028373405319999847e+02
-6.006715797230000362e+02
-5.947818890739999915e+02
-5.952433201569999710e+02
-5.986112563850000470e+02
-5.983245743390000371e+02
-5.941971389259999796e+02
-5.914760469139999941e+02
-5.996024226980000549e+02
-5.897790082450000000e+02
-5.817097494079999933e+02
-5.937540926780000063e+02
-5.941246053989999609e+02
-5.961540321520000134e+02
-5.917623320730000387e+02
-5.919820232880000503e+02
-5.890814145509999662e+02
-5.968297611169999755e+02
-5.981368725529999892e+02
-5.928964374089999865e+02
-5.979818146500000466e+02
-5.788950516930000276e+02
-5.963641123410000091e+02
-5.932514571949999436e+02
-5.914545536120000406e+02
-5.998826766849999785e+02
-6.018046656420000318e+02
-5.916958967640000537e+02
-5.895086674259999882e+02
-5.995398577050000313e+02
-5.791439462690000255e+02
-5.913091025339999760e+02
-5.912310453970000026e+02
-5.979706205679999584e+02
-5.914037644049999471e+02
-5.973944579010000098e+02
-5.938366825959999460e+02
-5.812717314809999607e+02
-5.962758657179999773e+02
-6.012635879220000561e+02
-5.974973596080000107e+02
-5.956014419570000200e+02
-5.943563594859999739e+02
-5.773946786090000387e+02
-5.908741356069999711e+02
-6.009278939050000190e+02
-5.856519243499999448e+02
-5.876270867289999842e+02
-5.979112806760000467e+02
-5.934350252469999987e+02
-5.964737576659999831e+02
-5.913202531509999744e+02
-5.856058853900000258e+02
-5.917951130779999858e+02
-5.913861990479999804e+02
-5.934141154740000275e+02
-5.874150586939999812e+02
-5.987712299119999670e+02
-6.038538776130000088e+02
-5.990373010849999673e+02
-5.990533791049999763e+02
-6.005734918050000033e+02
-5.924500409459999446e+02
-5.973238908439999477e+02
-5.996266017010000269e+02
-5.927795571430000336e+02
-5.958159796889999598e+02
-5.901260976060000303e+02
-6.012663631780000060e+02
-6.050956822749999446e+02
-6.049166900960000248e+02
-5.969057985299999700e+02
-5.939847708519999969e+02
-5.872576535450000392e+02
-5.880097334939999882e+02
-5.886062772420000329e+02
-5.952104148480000276e+02
-6.012828056130000505e+02
-5.996576960339999687e+02
-5.922158463490000031e+02
-5.719150981430000229e+02
-5.905698835059999965e+02
-5.914891309639999690e+02
-5.872956518189999997e+02
-5.885005618139999797e+02
-5.819626513949999662e+02
-5.942758847300000298e+02
-5.972627284210000198e+02
-5.952813424900000427e+02
-5.900937680980000550e+02
-5.949369901920000530e+02
-5.845566405900000291e+02
-5.997922730620000493e+02
-5.873294343579999577e+02
-5.831373651779999818e+02
-6.043638289110000414e+02
-5.933723616280000215e+02
-6.029086926039999526e+02
-5.890769755500000429e+02
-5.902788242789999913e+02
-5.982008372489999601e+02
-6.057948307760000262e+02
-5.963182277060000160e+02
-5.945082188049999559e+02
-6.008785445190000019e+02
-5.978040061520000563e+02
-5.974717005329999893e+02
-6.016727305819999856e+02
-5.986625415309999880e+02
-6.009599608080000053e+02
-5.980646008390000361e+02
-5.997099340429999756e+02
-5.962388722829999779e+02
-5.981842241230000354e+02
-5.903163410539999632e+02
-5.984405355129999862e+02
-5.992817273240000304e+02
-5.950607047380000267e+02
-6.022984981089999792e+02
-5.895680030620000025e+02
-5.976149802129999671e+02
-5.948623595300000488e+02
-5.968621044720000555e+02
-6.019132478809999611e+02
-5.898532268059999524e+02
-5.924113000339999644e+02
-5.860860270429999446e+02
-5.966279104599999528e+02
-5.890163830750000216e+02
-5.953765585290000217e+02
-6.007121974619999492e+02
-6.004214268279999942e+02
-6.005468271790000472e+02
-5.932672472220000373e+02
-5.911713656399999763e+02
-5.966727629910000132e+02
-5.958103222769999547e+02
-5.980347818159999633e+02
-5.919395210779999843e+02
-5.954398841460000540e+02
-5.939306608609999785e+02
-5.875494011770000498e+02
-5.866238535960000036e+02
-5.943641492220000373e+02
-5.954308838580000156e+02
-5.790021068480000395e+02
-5.844583619960000078e+02
-5.890261662139999999e+02
-5.939558710109999993e+02
-5.877151990019999630e+02
-5.981212985409999874e+02
-6.029935706600000458e+02
-5.950452324780000026e+02
-6.029660304789999827e+02
-6.029718359539999710e+02
-5.746160976390000314e+02
-5.935558909410000297e+02
-5.938010611089999884e+02
-5.999733717960000376e+02
-5.976179455000000189e+02
-5.873482980259999522e+02
-6.025658383799999456e+02
-5.876753167399999711e+02
-5.985854566360000035e+02
-5.943307353149999699e+02
-5.993287219689999574e+02
-6.003259659049999755e+02
-5.905945023420000553e+02
-5.857005654749999621e+02
-5.987926573969999708e+02
-6.025434404300000324e+02
-6.014363259900000003e+02
-5.949252940600000557e+02
-5.944697291700000505e+02
-5.839062216139999464e+02
-5.902686896049999632e+02
-6.065501887670000087e+02
-5.973001649730000508e+02
-6.051047291950000044e+02
-5.966783407090000537e+02
-5.877878343359999462e+02
-5.923711944409999433e+02
-5.867399858400000312e+02
-5.849263338890000341e+02
-5.799745044029999690e+02
-5.776186844060000567e+02
-5.850899439040000516e+02
-5.938327260089999982e+02
-5.842569773070000565e+02
-5.922650337049999507e+02
-5.812545958360000213e+02
-5.972123966149999887e+02
-6.039574654839999539e+02
-5.816052326410000433e+02
-6.016945744780000496e+02
-6.009017812710000044e+02
-5.950194845280000209e+02
-5.884922488280000152e+02
-5.939388336050000134e+02
-5.984009594870000228e+02
-5.965301548429999912e+02
-5.839432745919999661e+02
-5.939242951390000371e+02
-6.036526302470000473e+02
-6.049263400249999449e+02
-5.986664913119999483e+02
-6.002393797600000198e+02
-5.956641784429999689e+02
-6.008221927329999517e+02
-6.026534333030000425e+02
-5.982470939969999790e+02
-5.901510284119999596e+02
-5.964406948050000210e+02
-5.969533697199999551e+02
-6.017229294249999612e+02
-6.009618405999999595e+02
-5.958654370589999871e+02
-6.043235091059999604e+02
-5.944768897999999808e+02
-6.022066285209999705e+02
-5.910169731800000363e+02
-5.943802991659999861e+02
-6.012033260330000530e+02
-5.875030486939999719e+02
-5.836162090039999839e+02
-5.979848143179999624e+02
-6.000269071039999744e+02
-5.832496132490000491e+02
-5.746950842920000468e+02
-5.954091211039999507e+02
-5.958413968439999735e+02
-5.967260371390000273e+02
-5.977056169689999479e+02
-6.020571842599999854e+02
-5.934650955179999983e+02
-5.932428534540000555e+02
-6.041140071810000336e+02
-5.979254692969999496e+02
-5.922370833920000450e+02
-6.042253999299999805e+02
-5.928104749619999438e+02
-5.942058415359999799e+02
-6.022396469100000331e+02
-5.911329452679999577e+02
-6.016176217129999486e+02
-5.991253191710000010e+02
-5.991187802910000073e+02
-5.892080666929999779e+02
-5.917808755869999686e+02
-6.033317333019999751e+02
-5.972821044569999458e+02
-5.850847750589999805e+02
-6.007897187749999830e+02
-6.028410828999999467e+02
-6.050164661620000288e+02
-5.955508600709999882e+02
-6.039946293719999630e+02
-5.941329250659999843e+02
-5.821352527210000289e+02
-5.996567952799999830e+02
-5.890100556769999685e+02
-6.042036128299999973e+02
-5.909356052900000122e+02
-5.956792736810000406e+02
-5.952559065540000347e+02
-5.997428808910000271e+02
-5.916547719830000460e+02
-5.938420588300000418e+02
-6.006526975570000104e+02
-5.900096472789999780e+02
-5.928964909300000272e+02
-5.949457614340000191e+02
-5.944077978110000231e+02
-5.969572725609999679e+02
-5.974319681069999888e+02
-5.922959296489999588e+02
-5.963765837920000195e+02
-5.921812303860000384e+02
-5.987536595950000446e+02
-5.891366262860000234e+02
-6.016902628540000251e+02
-6.028886365590000196e+02
-6.017977714290000222e+02
-6.035556045009999480e+02
-5.980001695209999752e+02
-5.993258038190000434e+02
-5.963387598069999740e+02
-5.825861280200000465e+02
-5.925624006760000384e+02
-5.981694269920000124e+02
-6.038333482030000141e+02
-6.029671226689999912e+02
-6.029724972120000075e+02
-5.994379717199999504e+02
-5.966345004649999737e+02
-6.039573575660000415e+02
-5.969042623489999642e+02
-5.975893376750000243e+02
-5.799999154570000428e+02
-5.854665620440000566e+02
-6.016737777399999914e+02
-5.916873686750000161e+02
-5.994098111409999774e+02
-5.953707590449999998e+02
-6.020459280520000220e+02
-6.026126257769999484e+02
-6.028966639559999976e+02
-5.947580047750000176e+02
-5.971757687909999959e+02
-5.934221760860000359e+02
-5.995494250110000394e+02
-5.982536865719999923e+02
-5.897179461599999968e+02
-5.994059675639999796e+02
-5.868924463979999473e+02
-5.878892077819999713e+02
-5.924917651079999814e+02
-6.006958393219999834e+02
-5.945606061329999648e+02
-6.073282577270000502e+02
-5.989713697739999816e+02
-5.982228355800000372e+02
-5.984440587520000463e+02
-5.958718507449999606e+02
-5.962041906810000000e+02
-5.936047611139999844e+02
-5.981845470910000131e+02
-5.951574508420000029e+02
-5.804299411780000355e+02
-5.937122832420000123e+02
-5.929876106660000232e+02
-5.947378233069999851e+02
-5.930538381830000390e+02
-6.023073638649999566e+02
-5.923869909740000139e+02
-5.969225983349999751e+02
-6.000629826120000416e+02
-6.057090125749999743e+02
-5.780276468370000202e+02
-5.966740654080000468e+02
-5.953377310099999704e+02
-5.929861444429999437e+02
-5.989671483250000392e+02
-5.959555962120000459e+02
-6.013073377419999588e+02
-5.822524016889999530e+02
-5.895420379670000557e+02
-5.854128039170000193e+02
-5.923297096239999746e+02
-5.979833118120000108e+02
-6.040758165339999550e+02
-5.971143797460000542e+02
-5.982745413300000337e+02
-6.011640204880000056e+02
-6.001614666279999710e+02
-5.960477209739999580e+02
-5.991504879079999455e+02
-5.969637173559999610e+02
-5.997651425230000086e+02
-6.029676292630000489e+02
-5.987331205579999960e+02
-5.990003538639999761e+02
-6.015471659720000162e+02
-6.003844920330000150e+02
-5.913270793719999574e+02
-6.017517572980000296e+02
-5.923852001430000200e+02
-5.947470129460000408e+02
-5.736548976179999499e+02
-5.722869793349999554e+02
-5.980637811389999570e+02
-5.972911044469999524e+02
-5.925076237629999696e+02
-5.868298766159999786e+02
-5.960835739630000489e+02
-5.980635324979999723e+02
-5.973112346709999656e+02
-5.942113506910000069e+02
-5.985257716280000295e+02
-5.968476126299999578e+02
-5.875085074610000220e+02
-5.979489842670000144e+02
-5.980526697550000108e+02
-5.982981591059999573e+02
-6.040364906600000268e+02
-6.029475193529999615e+02
-5.916587646450000193e+02
-5.929640617600000496e+02
-5.969391302469999800e+02
-6.011984748649999801e+02
-5.973839405349999652e+02
-5.951816122440000072e+02
-5.973342203280000149e+02
-5.967343756899999789e+02
-6.052842452109999840e+02
-5.975683629999999766e+02
-5.892866753409999774e+02
-5.895113221289999501e+02
-5.948291453199999523e+02
-5.761896751399999630e+02
-5.960688753160000033e+02
-5.992454721679999921e+02
-6.006343515470000511e+02
-6.018383641760000273e+02
-6.038438955100000385e+02
-5.999340539199999967e+02
-5.896977857159999985e+02
-6.027917343540000275e+02
-5.949403792479999993e+02
-5.962183859010000333e+02
-6.009170616820000532e+02
-6.033218191559999468e+02
-5.923708128900000247e+02
-5.954747256379999953e+02
-5.901583013849999588e+02
-5.947487659429999667e+02
-5.784172894549999455e+02
-5.929879128920000539e+02
-6.006407429419999744e+02
-5.929049251930000537e+02
-5.958611528479999606e+02
-5.918994138189999603e+02
-5.978418284729999641e+02
-5.947734260419999828e+02
-5.953523122970000259e+02
-5.867892540850000387e+02
-5.920041601929999615e+02
-5.920451966150000089e+02
-5.854381317019999642e+02
-6.022283004759999585e+02
-5.933241918700000497e+02
-5.972321320490000289e+02
-5.917183418880000545e+02
-6.019570869020000146e+02
-5.995115474670000140e+02
-5.940199229810000361e+02
-5.981939040119999618e+02
-5.987418468140000414e+02
-6.023947883069999989e+02
-6.007561873629999809e+02
-6.035660395989999643e+02
-5.956968609599999809e+02
-5.894530324280000286e+02
-5.928549337340000420e+02
-5.946482490319999670e+02
-6.022070053239999652e+02
-5.834635130049999816e+02
-6.029584221320000097e+02
-5.834949962700000015e+02
-5.937000924830000486e+02
-5.857321835489999557e+02
-5.961804634410000290e+02
-5.812798992870000347e+02
-5.937865532900000289e+02
-5.851402996970000459e+02
-5.869953438280000455e+02
-5.914783735150000439e+02
-5.972806172629999537e+02
-6.010313137910000023e+02
-6.007046192200000405e+02
-5.955622862950000354e+02
-5.945342036959999632e+02
-5.964378994339999736e+02
-5.903890399050000042e+02
-6.028734826270000440e+02
-5.953839292799999612e+02
-5.897178548130000308e+02
-5.923215380789999926e+02
-5.826554743430000372e+02
-5.942741106690000379e+02
-5.929983979050000471e+02
-5.886711265359999743e+02
-6.032619231190000164e+02
-5.902141464979999910e+02
-5.944459674380000251e+02
-5.958324397559999852e+02
-5.896572475899999972e+02
-6.046963250039999593e+02
-5.972309077029999571e+02
-6.044225065179999774e+02
-6.021763589350000530e+02
-5.968925432949999959e+02
-5.899438348060000408e+02
-5.974861438589999807e+02
-6.033705041140000276e+02
-5.967371346380000432e+02
-5.903276141170000528e+02
-6.016881462210000109e+02
-5.959322444660000428e+02
-5.931934353840000540e+02
-5.890836733930000264e+02
-5.968647069239999610e+02
-5.947590606139999636e+02
-5.859319156330000169e+02
-5.893374637699999994e+02
-5.972182068199999776e+02
-6.017055147309999938e+02
-6.021765161020000505e+02
-5.993367630430000190e+02
-5.894405260570000564e+02
-6.035115190239999947e+02
-5.979087398630000507e+02
-5.947571120779999774e+02
-5.847132538949999798e+02
-5.864348156470000504e+02
-6.018585737250000420e+02
-6.000278446969999777e+02
-5.955139287529999592e+02
-6.048598690830000351e+02
-5.971379575590000286e+02
-6.015653402240000105e+02
-5.966263050080000312e+02
-5.999422525009999845e+02
-5.933890449179999678e+02
-5.953612690730000168e+02
-5.941245960229999810e+02
-5.877425061149999692e+02
-5.975365920899999992e+02
-5.953543431800000008e+02
-6.015509828199999447e+02
-5.973665461680000135e+02
-6.037618911759999492e+02
-6.019117384920000404e+02
-6.029367785240000330e+02
-5.970074853339999663e+02
-5.944285720179999544e+02
-5.970704157090000308e+02
-6.037345960200000263e+02
-5.975991412109999601e+02
-5.983241892349999489e+02
-5.946503866790000075e+02
-6.008095748490000005e+02
-5.966444740360000196e+02
-6.016368033530000048e+02
-6.010629224729999578e+02
-6.025295197230000213e+02
-5.991631403129999853e+02
-5.988528768700000455e+02
-5.897186467059999586e+02
-5.946367349890000469e+02
-5.954370585279999659e+02
-5.995335250699999960e+02
-5.953863045519999559e+02
-5.880752470390000326e+02
-5.723773050720000128e+02
-5.887672134719999804e+02
-5.919516135669999812e+02
-5.929633995839999443e+02
-5.836927144720000342e+02
-5.914759754890000067e+02
-5.929208876000000146e+02
-5.954096053069999925e+02
-6.004738190900000063e+02
-5.938739569900000106e+02
-5.996197112759999754e+02
-5.998330908159999808e+02
-6.007378341029999547e+02
-6.039541105609999931e+02
-6.000375972959999444e+02
-6.043679257820000430e+02
-5.995672407219999513e+02
-5.943756606270000020e+02
-6.003983594200000198e+02
-5.952911901889999626e+02
-5.987480832029999647e+02
-5.969193658939999523e+02
-5.996303047379999498e+02
-5.895959743219999609e+02
-5.959540016170000172e+02
-5.882669386799999529e+02
-5.898507462159999477e+02
-5.866085669970000254e+02
-5.861595788089999814e+02
-5.729270315539999956e+02
-5.947785652459999710e+02
-6.024141626140000199e+02
-6.024283598539999502e+02
-5.896176150850000113e+02
-5.963194165029999567e+02
-5.952200154570000450e+02
-5.942258270539999785e+02
-5.893249339909999662e+02
-6.035837064170000303e+02
-5.965641831760000287e+02
-5.896940606120000439e+02
-5.893077319740000348e+02
-6.002540497559999721e+02
-6.031214549500000430e+02
-5.907970544869999685e+02
-5.945178172060000179e+02
-5.700163741699999491e+02
-5.737097522379999646e+02
-6.031699995339999987e+02
-5.931151378260000229e+02
-5.961027971580000440e+02
-5.983450923410000541e+02
-5.984544707410000228e+02
-5.943945951409999680e+02
-6.028203963690000364e+02
-5.912022306569999728e+02
-5.930059890500000392e+02
-5.960325376280000000e+02
-5.916438290930000221e+02
-5.970865749759999517e+02
-5.915405447110000523e+02
-5.806804224429999977e+02
-5.933412329830000544e+02
-5.955823641120000502e+02
-5.883851428100000476e+02
-5.919922765899999604e+02
-6.026080034689999820e+02
-6.007130810200000042e+02
-6.018479765209999641e+02
-5.975536861529999442e+02
-5.931645487849999654e+02
-5.894626810280000200e+02
-5.870372801319999780e+02
-5.664653056199999810e+02
-5.952039706690000003e+02
-5.955480195159999539e+02
-5.951069119520000186e+02
-6.023751508819999572e+02
-5.925058728120000069e+02
-5.990280513620000420e+02
-6.031001597109999466e+02
-6.010835069519999934e+02
-5.941063270099999727e+02
-6.043440882989999636e+02
-6.066143709100000478e+02
-6.023087833560000490e+02
-6.005394915320000564e+02
-5.944326299580000068e+02
-5.876130798960000448e+02
-6.036539934390000326e+02
-5.779784304199999951e+02
-5.983390296080000326e+02
-6.015223370349999641e+02
-5.884713356759999670e+02
-5.934679169879999563e+02
-5.887364766939999754e+02
-5.939303126959999872e+02
-6.016311506929999950e+02
-5.920323292690000017e+02
-5.994354765990000260e+02
-5.970065194080000310e+02
-5.946068372659999568e+02
-6.059148303880000412e+02
-5.967737571960000196e+02
-6.023945310939999445e+02
-5.915502425329999596e+02
-6.029159348880000380e+02
-5.991117874609999490e+02
-6.010332779289999507e+02
-5.827053906099999949e+02
-5.958896571980000090e+02
-5.914944946770000342e+02
-5.920124222809999992e+02
-5.884394607149999956e+02
-5.994856830300000183e+02
-5.856218385539999645e+02
-5.948673578430000362e+02
-6.024791822089999869e+02
-5.955476420119999830e+02
-5.995286823290000484e+02
-5.918115222489999496e+02
-5.970989216650000344e+02
-6.051254373110000415e+02
-5.935560099680000121e+02
-5.942641505880000068e+02
-5.950455100149999907e+02
-5.986688845859999901e+02
-6.003003953019999699e+02
-6.021786282150000034e+02
-5.924213694840000244e+02
-5.912719437169999992e+02
-5.971501338699999906e+02
-5.999823610659999531e+02
-6.005089537000000064e+02
-5.858273902670000552e+02
-5.977565146959999538e+02
-5.960555447880000202e+02
-5.776362293380000210e+02
-6.039625312550000444e+02
-5.983590946650000433e+02
-5.887035549099999798e+02
-5.682460673489999863e+02
-5.669346968789999437e+02
-5.866597532839999758e+02
-5.800494996070000298e+02
-5.962519515559999945e+02
-6.006059760919999917e+02
-5.984142963709999776e+02
-5.937791067699999985e+02
-5.853843462309999950e+02
-5.973075508130000344e+02
-5.915185589500000560e+02
-5.916498129719999497e+02
-5.781895676550000189e+02
-5.886035037120000197e+02
-5.924957180200000266e+02
-5.789344342660000393e+02
-5.899185019499999498e+02
-5.921775822869999502e+02
-5.985616520080000100e+02
-5.863998179359999767e+02
-5.917115147150000212e+02
-5.897914644149999503e+02
-6.037831808600000159e+02
-5.848789603479999641e+02
-5.933356958010000426e+02
-6.055930556130000468e+02
-5.950557069520000368e+02
-6.020043985119999661e+02
-5.897726613329999736e+02
-5.987187425160000203e+02
-5.960834899239999913e+02
-5.994544997409999496e+02
-5.960255097650000380e+02
-5.919352099180000550e+02
-5.965793313890000036e+02
-5.913910405379999702e+02
-5.765023655180000333e+02
-5.888902798999999959e+02
-5.962285668880000458e+02
-5.985605954809999503e+02
-5.889498287239999854e+02
-5.912176354580000179e+02
-5.951434911869999951e+02
-5.946588109440000380e+02
-5.666639130040000509e+02
-5.862035007069999892e+02
-5.939487086919999683e+02
-6.006707190800000262e+02
-5.964239827000000105e+02
-5.899766136109999479e+02
-6.008496045660000391e+02
-5.992738731910000070e+02
-5.970212908219999690e+02
-5.995089311519999455e+02
-5.876218535990000191e+02
-5.803495103520000384e+02
-5.955433356999999432e+02
-5.987869266430000152e+02
-5.996209899259999929e+02
-5.997906153210000184e+02
-5.831446492510000326e+02
-5.969739210239999920e+02
-5.894529985069999611e+02
-5.945963692840000476e+02
-5.900404918110000381e+02
-5.990902596639999729e+02
-6.035968747519999624e+02
-6.026230979189999744e+02
-6.014857487269999865e+02
-6.034574797779999926e+02
-5.986275270730000102e+02
-5.960356926350000322e+02
-6.026951401779999742e+02
-5.896443221709999989e+02
-5.946892174560000512e+02
-5.919116301330000169e+02
-5.937653362900000502e+02
-5.870556489790000114e+02
-5.983038785840000173e+02
-5.893854624389999799e+02
-5.768988726310000175e+02
-5.947920841390000533e+02
-5.967282873020000125e+02
-6.046738301939999474e+02
-5.906357878559999790e+02
-5.934197045280000111e+02
-5.963820924489999697e+02
-5.976144771949999495e+02
-5.929495168170000170e+02
-5.897436284780000051e+02
-5.981978678680000030e+02
-5.806866932970000335e+02
-5.944319205640000519e+02
-5.860917484750000312e+02
-5.910491674639999928e+02
-5.971837050020000106e+02
-5.931684316179999996e+02
-6.056184736620000422e+02
-5.865008975700000065e+02
-5.952616889290000017e+02
-5.813286337189999813e+02
-5.930891196229999878e+02
-5.888066571499999782e+02
-6.035883569620000344e+02
-5.975410502229999565e+02
-6.024083998459999520e+02
-5.967391264399999500e+02
-6.005510399759999700e+02
-5.962893084539999791e+02
-6.005483574989999624e+02
-5.903680780119999554e+02
-5.871732508090000238e+02
-5.994376727029999756e+02
-6.022633087189999515e+02
-5.928343729209999537e+02
-5.851055804239999816e+02
-5.967529962280000291e+02
-6.002892735169999696e+02
-5.874993537230000129e+02
-5.925576050170000144e+02
-6.005217583039999454e+02
-5.970503078030000097e+02
-5.991030224779999571e+02
-5.884413961909999671e+02
-6.011720586049999611e+02
-6.004726177080000298e+02
-5.925916424629999710e+02
-5.948457147000000305e+02
-5.922335974840000290e+02
-6.014251080420000335e+02
-6.027800533020000557e+02
-5.998277903880000395e+02
-6.031349932309999531e+02
-5.967869668340000544e+02
-5.967422381430000087e+02
-5.893847983199999589e+02
-5.978591352570000481e+02
-6.017772437569999511e+02
-5.955446464729999434e+02
-5.981067282010000099e+02
-5.849500041979999878e+02
-6.000026658030000135e+02
-5.953731689050000568e+02
-5.892846297429999822e+02
-5.942712996359999806e+02
-5.852391642149999598e+02
-5.936549787720000495e+02
-5.932368632740000294e+02
-5.984429362380000157e+02
-6.008426729660000092e+02
-5.992630792119999796e+02
-5.988464169029999766e+02
-5.982522397039999760e+02
-5.972999182629999950e+02
-5.989303520610000078e+02
-5.926417684629999485e+02
-5.716315586619999749e+02
-5.985449160729999676e+02
-5.988682800430000270e+02
-5.978526288350000186e+02
-6.018483464600000161e+02
-5.965831548510000175e+02
-6.024273009170000250e+02
-5.811423171870000033e+02
-5.921711540669999749e+02
-5.924607545249999703e+02
-5.957862162559999888e+02
-6.002161593170000060e+02
-5.897378675050000538e+02
-5.968340967000000319e+02
-5.982224090790000446e+02
-6.002322479169999951e+02
-5.907770367540000507e+02
-5.901929390320000266e+02
-5.885254489300000387e+02
-5.959809755989999758e+02
-5.982101488020000488e+02
-6.020730357889999595e+02
-5.887242611320000378e+02
-5.913033860949999507e+02
-5.937234931210000468e+02
-5.944674988850000545e+02
-5.967570027140000093e+02
-6.010128836190000357e+02
-6.031043283420000307e+02
-5.912890783450000072e+02
-5.989346695760000330e+02
-6.002552604969999948e+02
-5.978573696869999594e+02
-6.012185191859999804e+02
-6.010640914929999781e+02
-5.951543383370000129e+02
-6.036128790019999997e+02
-5.969047181930000079e+02
-5.941155282879999504e+02
-5.974640663919999497e+02
-5.956585670670000354e+02
-5.897015120779999506e+02
-5.945553190159999986e+02
-5.932214262239999698e+02
-5.884551093720000381e+02
-5.949761924350000299e+02
-5.941422022440000319e+02
-5.884390842130000010e+02
-5.929263358179999841e+02
-5.975566362240000444e+02
-5.942861497430000099e+02
-6.046525781000000279e+02
-5.982025827710000385e+02
-5.990770202480000535e+02
-5.989754834389999587e+02
-5.925947367960000065e+02
-6.024274589310000465e+02
-5.940576197430000320e+02
-6.035126776869999503e+02
-5.929789486089999855e+02
-5.999396206650000067e+02
-5.959588042579999865e+02
-5.939599151989999655e+02
-6.023855936180000299e+02
-5.960826914729999544e+02
-5.943800982770000019e+02
-5.819351768290000564e+02
-6.007038637140000219e+02
-5.896116623630000504e+02
-6.003174492269999973e+02
-5.710527098180000394e+02
-5.912050246170000491e+02
-5.842792080279999709e+02
-5.986944903900000554e+02
-6.029732820220000349e+02
-5.910375419629999669e+02
-6.030747084040000345e+02
-5.905390626119999524e+02
-5.922638476030000447e+02
-5.993287527410000166e+02
-6.021454276360000222e+02
-6.026291483679999601e+02
-6.031723587640000233e+02
-5.988294946229999596e+02
-5.883042497840000351e+02
-6.022061132229999885e+02
-6.030326611230000253e+02
-5.949440768289999824e+02
-5.897767836040000020e+02
-5.930686793849999958e+02
-6.005214115219999940e+02
-5.825423032469999498e+02
-5.890965463019999788e+02
-5.971027602059999708e+02
-5.970040364300000419e+02
-5.955535230389999697e+02
-6.019399336420000282e+02
-6.057014014259999612e+02
-5.942640151900000092e+02
-5.982877391880000459e+02
-5.941334977909999679e+02
-5.934547804039999619e+02
-5.871791175939999903e+02
-5.828088930070000515e+02
-5.824592900799999597e+02
-5.974537112960000513e+02
-5.854293469560000176e+02
-5.982919390140000360e+02
-6.007686109989999750e+02
-6.016833317540000508e+02
-5.955977122939999617e+02
-5.791933205599999610e+02
-5.917095268220000435e+02
-5.996362064229999760e+02
-5.985214349450000100e+02
-5.983781826849999561e+02
-6.001979188369999747e+02
-5.965852667130000100e+02
-5.986645049950000157e+02
-6.031905961249999564e+02
-6.026663812089999510e+02
-5.898514643590000333e+02
-5.953036779159999696e+02
-5.999515239679999468e+02
-5.905774871470000562e+02
-6.064125862580000330e+02
-5.955828106980000030e+02
-5.968492132650000030e+02
-5.896130129260000103e+02
-5.988182252230000131e+02
-6.017843852849999848e+02
-5.992581202940000367e+02
-5.964870942080000304e+02
-5.957904244220000010e+02
-5.834771460690000140e+02
-6.004895108980000487e+02
-5.903317342259999805e+02
-6.014400467179999623e+02
-5.885498061980000557e+02
-5.866607161099999530e+02
-5.975455796979999832e+02
-5.997033114399999931e+02
-5.979010637549999956e+02
-6.039485329799999818e+02
-5.931156721639999887e+02
-6.045051264720000290e+02
-6.010168142210000042e+02
-5.971818715619999693e+02
-6.012732739719999699e+02
-5.833873728620000065e+02
-6.025730841529999680e+02
-5.935922653420000188e+02
-5.995022317530000464e+02
-5.917273150940000050e+02
-5.955581940609999947e+02
-5.959272617540000283e+02
-5.989441562419999627e+02
-5.979115364079999608e+02
-5.983309011510000346e+02
-6.051813022989999808e+02
-5.983829416549999678e+02
-5.811833291379999764e+02
-5.850833844710000449e+02
-5.856823172929999828e+02
-5.948202478050000082e+02
-5.939702106729999969e+02
-5.993683442420000347e+02
-5.843002234599999838e+02
-6.044832375949999914e+02
-5.875267824329999939e+02
-5.994883966700000428e+02
-5.854815258419999964e+02
-6.000019461350000256e+02
-5.956414561139999932e+02
-5.916213594460000422e+02
-5.915133163499999682e+02
-5.994290563030000385e+02
-5.925548531429999457e+02
-6.051698536280000553e+02
-6.007019021710000288e+02
-6.024392797780000137e+02
-6.049891200380000100e+02
-5.921336645469999667e+02
-5.969585856029999604e+02
-5.870070794360000264e+02
-5.986117384279999669e+02
-5.979804611340000520e+02
-5.993384817779999594e+02
-5.951079538200000343e+02
-5.915485982369999647e+02
-5.972223865969999679e+02
-6.043649178770000390e+02
-5.996864339080000263e+02
-6.026794396640000286e+02
-5.805894138700000440e+02
-5.931625191150000092e+02
-5.921696110640000370e+02
-6.034031285639999851e+02
-5.913692710169999600e+02
-5.839193819769999436e+02
-5.840495957860000544e+02
-5.858879166379999788e+02
-5.750124530499999764e+02
-5.920693748910000522e+02
-5.952278330760000244e+02
-6.040274604999999610e+02
-5.958970469759999560e+02
-5.946291606869999669e+02
-5.953637800469999775e+02
-5.913965291450000450e+02
-6.067030111609999494e+02
-5.934176894959999800e+02
-5.941803947119999521e+02
-6.006145370699999830e+02
-5.746302319049999596e+02
-5.995794947829999728e+02
-6.028709912770000301e+02
-6.014082881829999678e+02
-6.047738497120000147e+02
-6.020027742730000000e+02
-5.907699889650000387e+02
-5.934924910830000044e+02
-6.031134178089999978e+02
-5.995093117159999565e+02
-5.946198854579999988e+02
-5.936141495340000347e+02
-5.964044470029999729e+02
-5.980919210770000518e+02
-5.988735266329999831e+02
-6.005775576610000144e+02
-5.957298525490000429e+02
-5.928788080309999486e+02
-5.986900707659999625e+02
-6.047771595990000151e+02
-5.905791593679999778e+02
-5.865013917170000468e+02
-5.950496301859999448e+02
-5.897188088840000546e+02
-5.945431577479999987e+02
-5.849730824350000375e+02
-5.822734271760000411e+02
-5.893552682309999682e+02
-5.845362836379999862e+02
-5.926084993880000411e+02
-5.991654632070000162e+02
-5.950220869710000215e+02
-5.942730647729999873e+02
-5.917906475779999482e+02
-5.966718546370000240e+02
-5.961122426160000032e+02
-5.880148977039999636e+02
-5.965234183349999739e+02
-5.917420465789999753e+02
-6.046455666040000096e+02
-5.975370455119999633e+02
-5.996324858269999822e+02
-5.943691129559999808e+02
-5.818750879909999867e+02
-5.935343669210000144e+02
-5.988842602940000006e+02
-5.992185264720000077e+02
-6.040442344240000239e+02
-6.012439340129999437e+02
-5.874377388399999518e+02
-5.998202577839999776e+02
-5.991262513619999481e+02
-5.914076619149999487e+02
-5.758050812730000416e+02
-5.853362630340000123e+02
-5.983013269640000544e+02
-5.971838430980000112e+02
-5.943036839430000100e+02
-5.999116661909999948e+02
-5.905679128819999733e+02
-5.943839486189999661e+02
-5.964012834889999795e+02
-5.966370326310000110e+02
-5.956188106070000003e+02
-6.003823094169999877e+02
-5.979837088049999920e+02
-5.950520900469999788e+02
-5.975713349070000504e+02
-5.956701069619999771e+02
-5.986750712389999762e+02
-6.006054137119999723e+02
-5.911524962539999706e+02
-5.895239302999999609e+02
-5.959431671280000273e+02
-5.848286146200000530e+02
-5.994736607040000536e+02
-5.916272954040000513e+02
-5.939218680440000071e+02
-6.008999003809999522e+02
-6.016000519660000236e+02
-5.910803632270000207e+02
-5.964482372280000391e+02
-5.945827349940000204e+02
-5.992043851109999650e+02
-6.013653596430000334e+02
-5.864373474599999554e+02
-5.956969696579999436e+02
-5.753620581200000288e+02
-5.974565777389999539e+02
-5.997158326879999777e+02
-5.977281002669999452e+02
-5.904468975349999482e+02
-6.000368486400000165e+02
-6.042054512810000233e+02
-5.999461489120000124e+02
-5.911220175219999646e+02
-5.855612669829999959e+02
-5.927611328550000280e+02
-5.986658537360000309e+02
-5.937640404339999805e+02
-6.005946231840000564e+02
-6.007224338390000185e+02
-6.057728046900000436e+02
-6.037566689459999907e+02
-6.044174106699999811e+02
-5.993240900079999847e+02
-5.989223198830000001e+02
-5.887100507269999525e+02
-6.013454593660000000e+02
-5.994979640459999928e+02
-5.989025755080000408e+02
-5.943232664810000188e+02
-6.029154419120000057e+02
-6.030834000649999780e+02
-5.909156682369999771e+02
-5.838826619879999953e+02
-5.987547031240000024e+02
-5.965009760030000052e+02
-5.897939381749999939e+02
-5.931761148240000239e+02
-5.960878004449999708e+02
-5.975361354650000294e+02
-5.936002350740000111e+02
-5.935964792879999550e+02
-6.014269811359999949e+02
-5.984118541349999987e+02
-6.047755540790000168e+02
-5.969441192509999610e+02
-6.036841729520000399e+02
-5.930343967520000206e+02
-5.943025538650000499e+02
-5.991720361689999663e+02
-5.910712490160000243e+02
-6.032898991360000309e+02
-5.948575482669999701e+02
-5.930882607229999621e+02
-5.953322323820000292e+02
-5.968516181610000331e+02
-5.951549222800000507e+02
-5.949381629340000472e+02
-5.994319953919999762e+02
-5.935418737689999489e+02
-5.830511444009999877e+02
-5.922452744859999711e+02
-5.917411229309999499e+02
-6.016469646089999515e+02
-5.861583131520000052e+02
-5.889294190690000050e+02
-6.040177175190000298e+02
-5.966479108319999796e+02
-5.985115004909999925e+02
-5.808208310679999613e+02
-5.914497567610000033e+02
-5.918867797579999888e+02
-6.002662168680000150e+02
-6.018852860060000012e+02
-5.939977511030000414e+02
-6.006139006040000368e+02
-6.022020387339999843e+02
-5.839387657969999736e+02
-6.015606485299999804e+02
-5.843087950780000028e+02
-5.884283806780000532e+02
-5.992784536479999815e+02
-6.002963008640000453e+02
-5.887811770069999966e+02
-5.952180480340000486e+02
-5.921494360630000529e+02
-5.901235603210000136e+02
-5.946551341519999596e+02
-5.988305399089999810e+02
-5.987942616389999557e+02
-5.933470244769999908e+02
-5.993927386029999980e+02
-6.025261702699999660e+02
-6.005020060309999508e+02
-5.892522587030000523e+02
-6.006380112059999874e+02
-5.967019502970000531e+02
-5.916324508159999596e+02
-5.936426365580000493e+02
-5.827323543200000131e+02
-5.974650235760000214e+02
-5.987805347649999703e+02
-5.960388494290000381e+02
-6.045484115609999662e+02
-5.946066189010000471e+02
-5.970620120229999657e+02
-6.036832297180000069e+02
-5.929650690199999872e+02
-5.919378162069999689e+02
-5.858836602940000375e+02
-5.844229777210000520e+02
-5.998138801970000031e+02
-5.966308218609999585e+02
-5.973485445659999868e+02
-5.991172918349999463e+02
-6.000685706829999617e+02
-5.949151230999999598e+02
-5.991506058219999886e+02
-5.998202975259999903e+02
-5.978196180830000230e+02
-5.934422074039999870e+02
-5.950926559959999622e+02
-5.899754822139999533e+02
-6.016092084350000277e+02
-5.973864890080000123e+02
-5.946215175170000293e+02
-5.946491437490000180e+02
-6.008524570509999876e+02
-6.020311823120000554e+02
-5.927131358240000054e+02
-5.962218307650000497e+02
-5.965062010169999667e+02
-5.974240345560000378e+02
-5.946338106719999814e+02
-6.025666104650000534e+02
-6.030709938190000230e+02
-5.901981573189999608e+02
-5.854280054309999741e+02
-5.976872597709999582e+02
-5.988620778419999624e+02
-5.905323596880000423e+02
-5.938137040300000535e+02
-5.990504482879999841e+02
-6.027583248350000531e+02
-5.951724178580000171e+02
-5.915568860170000107e+02
-5.897102074540000558e+02
-5.916014480540000022e+02
-5.991846153169999525e+02
-6.028137243219999846e+02
-5.889451189379999505e+02
-5.943443820520000145e+02
-5.893901663269999744e+02
-6.017975171949999549e+02
-5.815952012400000513e+02
-5.893733330820000447e+02
-5.877449752810000518e+02
-5.948658976059999759e+02
-5.824274254010000504e+02
-6.026694546930000342e+02
-6.001264699719999953e+02
-5.939789227630000141e+02
-5.958043401349999613e+02
-5.954321154230000275e+02
-6.024791089929999544e+02
-5.916822959679999485e+02
-5.891186125440000296e+02
-6.037195996369999875e+02
-5.935399393049999617e+02
-6.054424555210000563e+02
-5.891563101939999569e+02
-6.006756852229999595e+02
-5.936182237049999912e+02
-5.864733127609999883e+02
-5.859139449460000151e+02
-5.902264699040000551e+02
-5.902264139599999453e+02
-5.970559229049999885e+02
-5.912020595520000370e+02
-6.041286779839999781e+02
-5.939440531679999822e+02
-5.966212736749999976e+02
-5.965168358380000200e+02
-5.884911407739999731e+02
-5.862840887300000077e+02
-5.910425432480000154e+02
-5.963246611270000130e+02
-5.976327276790000269e+02
-5.972178019220000351e+02
-5.997278970869999739e+02
-6.009023346489999540e+02
-5.945570897979999927e+02
-5.987608633539999801e+02
-5.949180905910000092e+02
-6.012517167620000009e+02
-6.011140016179999748e+02
-5.963296800890000213e+02
-5.956465615719999960e+02
-6.024348947519999911e+02
-5.894943517880000172e+02
-5.928841631679999864e+02
-5.905232698680000567e+02
-5.958959410429999934e+02
-5.893965654249999488e+02
-5.991132577170000104e+02
-5.945669773490000125e+02
-6.006247973519999732e+02
-5.966282441329999529e+02
-5.832153081579999707e+02
-5.966285026259999995e+02
-5.937885446809999621e+02
-5.894959608990000106e+02
-5.979157378290000224e+02
-5.968573070209999969e+02
-6.017774967579999839e+02
-5.930274102020000555e+02
-6.024012910320000174e+02
-6.038751864770000566e+02
-5.981344044610000310e+02
-5.952140350140000464e+02
-5.988077453390000073e+02
-5.978779330520000030e+02
-5.904633220260000144e+02
-5.833357360520000157e+02
-5.894130220719999897e+02
-5.942812196219999805e+02
-5.971970112540000173e+02
-5.989879584579999801e+02
-6.014188238460000093e+02
-5.872332339869999487e+02
-5.903596210250000240e+02
-5.964337563840000485e+02
-5.965177165799999557e+02
-6.038747596870000507e+02
-5.941995490120000341e+02
-5.910193935920000285e+02
-5.675050907090000010e+02
-5.881975993580000477e+02
-5.906601631349999479e+02
-6.031186476640000365e+02
-5.964104573030000438e+02
-5.925809424440000157e+02
-6.009139207189999752e+02
-5.934345460409999760e+02
-5.908905741329999728e+02
-5.951533803959999887e+02
-5.845477087040000015e+02
-5.845468310539999948e+02
-5.957960833089999824e+02
-6.018251520659999869e+02
-5.870552361810000548e+02
-5.935230644690000190e+02
-5.882306987399999798e+02
-6.017650342550000460e+02
-5.972580977989999838e+02
-5.898861811530000523e+02
-6.002786792059999925e+02
-5.939746255439999914e+02
-6.050715549789999841e+02
-6.019216483799999651e+02
-6.007155311179999444e+02
-5.927396738300000152e+02
-5.846001697579999927e+02
-5.880124943900000289e+02
-5.985057515280000189e+02
-5.865026874689999659e+02
-5.957793796930000099e+02
-5.986562242820000392e+02
-5.967878977049999776e+02
-5.832565653939999493e+02
-5.755875782030000209e+02
-5.927572120649999761e+02
-5.897077259980000008e+02
-5.748707460010000432e+02
-5.930076005170000144e+02
-5.949194792739999684e+02
-6.000622717019999754e+02
-5.866146054859999595e+02
-5.955236646109999583e+02
-5.951286901360000456e+02
-6.040353731149999703e+02
-5.960296032979999836e+02
-5.947392877309999903e+02
-6.034843604279999454e+02
-5.928649919150000187e+02
-5.925041164189999563e+02
-5.918189353100000289e+02
-5.960516061859999581e+02
-5.808580097730000489e+02
-6.020639249639999662e+02
-5.820106633310000461e+02
