-5.887203707090000080e+02
-5.931354401529999905e+02
-5.933045389129999876e+02
-5.953174683680000498e+02
-5.925197944190000499e+02
-5.763191782400000420e+02
-5.949966311340000402e+02
-5.966579693669999642e+02
-5.969543373760000122e+02
-5.972881139979999716e+02
-6.002309973830000445e+02
-5.972446131550000246e+02
-5.990758015979999982e+02
-5.972347085100000186e+02
-6.019619885590000194e+02
-6.032508852849999812e+02
-6.007142329509999854e+02
-5.980953333259999454e+02
-6.024876065009999593e+02
-5.978223132059999898e+02
-5.995480172699999457e+02
-5.889397764079999433e+02
-5.964826589960000547e+02
-5.961632355750000443e+02
-5.983446812619999946e+02
-5.990711874659999694e+02
-6.020330788459999667e+02
-6.032909344339999507e+02
-6.031977392329999930e+02
-6.010108467520000204e+02
-5.984756574150000006e+02
-5.937603857579999840e+02
-6.043033261609999727e+02
-5.915692388019999726e+02
-6.032075315939999882e+02
-5.954585333999999648e+02
-6.031944813119999935e+02
-6.010381981110000424e+02
-5.965333987069999466e+02
-5.996867454179999868e+02
-5.982496992869999985e+02
-5.819357348449999563e+02
-5.949837884270000359e+02
-5.899966908070000500e+02
-5.980900837460000048e+02
-5.895153031789999432e+02
-5.900557687360000045e+02
-5.990021709479999572e+02
-5.903155522790000305e+02
-6.000561640670000543e+02
-5.964694038349999801e+02
-5.934787687790000064e+02
-5.915457234780000135e+02
-6.002158690930000375e+02
-5.994991335910000316e+02
-5.935248130999999603e+02
-6.024319787880000376e+02
-5.906315707810000504e+02
-5.927060766089999788e+02
-5.982636869670000124e+02
-6.032647383490000266e+02
-5.966692814110000427e+02
-5.952710186309999472e+02
-6.044338750770000388e+02
-6.014398149859999876e+02
-5.986270764470000358e+02
-5.983649233930000264e+02
-5.983692745560000503e+02
-5.999785479150000356e+02
-6.031584294719999662e+02
-5.933113843859999861e+02
-5.991728760209999791e+02
-5.985236115559999917e+02
-6.031694024490000174e+02
-5.998050131810000494e+02
-5.976082936909999717e+02
-5.895623178299999836e+02
-5.932262895410000283e+02
-5.930265296530000114e+02
-5.980180233690000478e+02
-6.027467536069999596e+02
-5.943842421699999932e+02
-5.937678195859999732e+02
-6.005555339029999686e+02
-5.865089887919999683e+02
-5.996179271219999691e+02
-5.907822505369999817e+02
-5.982491708420000123e+02
-6.044261108040000181e+02
-5.934212940720000233e+02
-5.972953132439999990e+02
-6.003520785389999901e+02
-5.992567446230000314e+02
-6.044236852719999433e+02
-5.982472482150000133e+02
-5.989199436740000237e+02
-5.898025249029999486e+02
-5.978684136250000165e+02
-5.965008986230000119e+02
-5.976338757889999442e+02
-5.913422397069999761e+02
-5.884439352360000157e+02
-5.891162336559999630e+02
-5.989673212389999435e+02
-6.001760500179999553e+02
-5.979910066390000338e+02
-5.994853108569999449e+02
-5.926924599950000356e+02
-6.011103213999999753e+02
-5.914326166119999471e+02
-6.012118146310000384e+02
-6.028669784500000333e+02
-5.944521335040000167e+02
-6.029843772519999447e+02
-5.929574277330000314e+02
-6.021698388779999505e+02
-5.918439728419999710e+02
-6.011027875900000481e+02
-6.025487924799999746e+02
-6.011871934939999846e+02
-5.918638325780000287e+02
-5.901806864159999577e+02
-6.010258015110000542e+02
-5.968350815100000091e+02
-5.977012347469999440e+02
-5.924887911910000184e+02
-5.928178215049999835e+02
-5.919932833240000036e+02
-5.963772244839999530e+02
-5.943190931130000081e+02
-5.920791466379999974e+02
-5.977168478869999717e+02
-5.980612141709999605e+02
-6.016805721670000366e+02
-5.994511788519999982e+02
-5.912148483480000323e+02
-5.950898701820000269e+02
-5.990517211459999771e+02
-5.987518836809999812e+02
-5.908997617329999912e+02
-5.889722747150000259e+02
-5.975524636359999704e+02
-5.942021171369999593e+02
-6.023599251350000259e+02
-6.018332496010000341e+02
-6.035189082370000051e+02
-6.002842377580000175e+02
-5.993210295860000087e+02
-5.959666084709999723e+02
-6.035315767519999781e+02
-5.976911051150000276e+02
-5.984274340800000118e+02
-6.014163959210000030e+02
-5.840924862680000160e+02
-5.988759888380000120e+02
-5.877653979120000258e+02
-5.991099828430000116e+02
-6.050533605739999530e+02
-5.974646758090000276e+02
-5.973987415740000415e+02
-5.990209287300000369e+02
-6.037935550810000223e+02
-5.817661614659999714e+02
-5.906367802019999544e+02
-6.014420236890000524e+02
-5.967249610229999917e+02
-5.975104284210000287e+02
-5.954487524769999709e+02
-6.033217198849999932e+02
-5.997274201339999991e+02
-6.051206797569999480e+02
-5.978299064550000139e+02
-5.872154853460000368e+02
-5.857799112789999754e+02
-5.964718778269999575e+02
-5.971138314209999862e+02
-5.948979822070000409e+02
-6.069335705030000554e+02
-5.975606855510000059e+02
-6.012677901949999750e+02
-5.954575206660000504e+02
-5.991561453069999743e+02
-6.008452509039999541e+02
-5.996311703290000423e+02
-5.938262591599999496e+02
-5.920918471129999716e+02
-6.039926061800000525e+02
-5.991654986680000547e+02
-6.035512663700000076e+02
-6.035732348110000203e+02
-6.028753527989999839e+02
-5.985516316790000246e+02
-5.992224394050000456e+02
-5.919596956420000424e+02
-5.877262677539999913e+02
-5.956477225859999862e+02
-5.885252672489999668e+02
-5.946345864050000500e+02
-5.914588857730000200e+02
-6.026718022569999675e+02
-5.906684372329999633e+02
-5.873424314029999778e+02
-5.998470499630000177e+02
-5.995571428340000466e+02
-6.005767062160000478e+02
-6.033828499219999912e+02
-6.020933996459999662e+02
-5.948804825780000556e+02
-5.936141369389999909e+02
-5.973508672540000362e+02
-5.995306720500000210e+02
-5.996822779300000548e+02
-6.001340959880000128e+02
-6.043284607370000003e+02
-6.040129046140000355e+02
-5.976144291360000125e+02
-5.971925758319999886e+02
-6.011888075660000368e+02
-5.994805672859999959e+02
-5.999377396429999862e+02
-6.007532641970000213e+02
-5.932484830360000387e+02
-6.016584303700000191e+02
-5.942967118669999991e+02
-5.966847622359999832e+02
-5.926510942370000521e+02
-6.033240593169999784e+02
-5.894251449299999877e+02
-5.972676681890000054e+02
-5.879637962919999836e+02
-5.984207785529999910e+02
-5.965097678549999500e+02
-6.024814147109999567e+02
-6.011844038709999722e+02
-5.785525643250000485e+02
-5.881629345589999502e+02
-5.994888402550000137e+02
-6.010144004329999916e+02
-6.046744461519999732e+02
-6.034301814240000112e+02
-5.803196881339999891e+02
-5.986436504230000537e+02
-6.015971154569999726e+02
-5.935778078890000415e+02
-6.019141974220000293e+02
-5.991707868189999999e+02
-6.023283822890000465e+02
-5.964892892789999905e+02
-5.994836479880000297e+02
-5.923456711920000544e+02
-5.966707496819999506e+02
-5.940914647130000503e+02
-6.046369142199999942e+02
-6.018073074310000266e+02
-6.053959263750000446e+02
-5.991080442999999605e+02
-6.042247401920000129e+02
-5.972900072630000068e+02
-6.002295232630000328e+02
-6.018396538829999827e+02
-6.023962761609999461e+02
-6.015059993879999638e+02
-6.000803300190000300e+02
-5.938271089889999530e+02
-6.028462858079999478e+02
-5.980132499070000449e+02
-6.011973063960000445e+02
-5.977232328559999814e+02
-6.015367930740000020e+02
-5.983715531059999648e+02
-6.022689611580000246e+02
-6.002368454710000378e+02
-6.017152110859999539e+02
-6.021560952549999683e+02
-5.930817212629999631e+02
-5.993687228620000269e+02
-6.028586112430000412e+02
-5.919947268460000487e+02
-5.993300862300000063e+02
-5.952863508169999704e+02
-5.919801767540000128e+02
-6.034050852139999961e+02
-6.027347827040000539e+02
-5.937976967959999683e+02
-5.922902979320000441e+02
-5.987089943590000303e+02
-5.985534103369999457e+02
-5.941184381230000326e+02
-6.001686551059999601e+02
-6.039529583690000436e+02
-5.913158946820000210e+02
-5.929488936899999771e+02
-5.988872738049999498e+02
-6.007327161619999742e+02
-5.953754057410000087e+02
-5.966941588339999498e+02
-5.893657228199999736e+02
-5.946822345729999597e+02
-6.016183953510000038e+02
-6.038391920760000176e+02
-5.997152701920000482e+02
-5.878331098500000280e+02
-5.918926736710000114e+02
-5.963638724510000202e+02
-5.994324603080000315e+02
-5.979599308220000466e+02
-6.011021444680000059e+02
-5.941770961370000350e+02
-5.949305241179999939e+02
-5.976590976300000193e+02
-6.010685394570000426e+02
-5.994836216429999922e+02
-5.965884760459999825e+02
-6.039513719609999498e+02
-6.002314893169999550e+02
-6.014731005769999683e+02
-5.969468920030000163e+02
-5.887992102829999794e+02
-6.006319056490000321e+02
-5.924939715780000142e+02
-5.999725661170000421e+02
-6.047003767700000481e+02
-5.835730321329999697e+02
-5.878166375649999509e+02
-6.011674209510000537e+02
-6.046730721039999708e+02
-6.018786185809999552e+02
-5.990031572059999689e+02
-6.006721844979999787e+02
-5.957878438489999553e+02
-6.031230267969999659e+02
-5.950692461459999549e+02
-5.929157832119999512e+02
-6.011110133570000471e+02
-5.993257391890000463e+02
-6.028777029230000153e+02
-6.047497832599999583e+02
-6.019045690699999795e+02
-6.002292384979999724e+02
-5.890770974470000283e+02
-6.012708699300000035e+02
-5.935079339659999960e+02
-5.960266698269999779e+02
-6.007151622019999877e+02
-5.858501410320000105e+02
-5.989112928099999635e+02
-5.916964355269999487e+02
-5.988724920780000502e+02
-5.993952601890000551e+02
-6.014168173240000215e+02
-5.968387931290000097e+02
-5.993404471229999899e+02
-5.824517346430000089e+02
-5.991037408449999475e+02
-5.851350676780000413e+02
-5.815456072350000341e+02
-6.014323191180000094e+02
-6.045393573400000378e+02
-5.939863035859999627e+02
-6.000899303080000209e+02
-5.968526328919999742e+02
-5.912856311819999746e+02
-5.959234310309999501e+02
-5.965226490039999589e+02
-5.993055196840000463e+02
-5.987160117769999488e+02
-5.930381455140000071e+02
-5.972662669190000315e+02
-5.896424399070000391e+02
-5.913812630749999926e+02
-6.052171434169999884e+02
-6.029295970489999945e+02
-6.024759570139999596e+02
-5.990275494339999796e+02
-5.933834830409999768e+02
-5.973186396009999726e+02
-5.890250945479999700e+02
-5.948608125360000258e+02
-5.931803710030000047e+02
-5.984522877619999690e+02
-5.958512575119999610e+02
-5.999772412930000201e+02
-6.025656244289999677e+02
-5.950530828959999781e+02
-5.929245866190000243e+02
-5.968501984380000067e+02
-5.942996058799999446e+02
-5.953102451519999931e+02
-6.009581600579999758e+02
-6.041161883570000555e+02
-6.025846656449999728e+02
-6.034121202930000436e+02
-5.988442634640000506e+02
-5.910811601359999941e+02
-5.958539500829999724e+02
-6.023379261659999884e+02
-5.953717676969999957e+02
-5.992134417759999678e+02
-5.884246079829999871e+02
-5.969164546079999809e+02
-5.994344992930000444e+02
-6.036621377779999875e+02
-5.974228706830000419e+02
-6.001640589569999520e+02
-5.949808415810000497e+02
-5.930482229389999702e+02
-6.027815750129999515e+02
-5.973341700160000300e+02
-5.949371865340000340e+02
-6.031770550559999720e+02
-5.901004890809999779e+02
-6.013160214109999515e+02
-5.955903253489999543e+02
-6.025508333740000353e+02
-6.021415827319999607e+02
-5.962827305419999675e+02
-6.024453619690000323e+02
-5.934262027580000449e+02
-5.980581263899999840e+02
-5.844055748859999539e+02
-5.957719058090000317e+02
-5.917930393569999978e+02
-5.936605717940000204e+02
-6.016431275469999491e+02
-5.972526282459999720e+02
-5.907361875679999912e+02
-6.052832398939999621e+02
-6.016643812339999613e+02
-6.025749939209999866e+02
-5.983395623310000246e+02
-5.933628743269999859e+02
-6.006673457340000368e+02
-6.044580567850000534e+02
-6.022734835769999791e+02
-6.007911661419999518e+02
-5.841369671590000507e+02
-5.987128537549999692e+02
-5.937734800260000156e+02
-5.918530798900000036e+02
-5.972266043240000499e+02
-5.956286370660000102e+02
-5.971660167070000398e+02
-5.987001888339999596e+02
-5.981302147029999787e+02
-5.994475191929999482e+02
-5.919536674559999483e+02
-5.966719515029999457e+02
-5.922355115650000243e+02
-5.998242930390000538e+02
-6.003817170180000176e+02
-6.013749753680000367e+02
-5.982997101089999887e+02
-5.924460257279999951e+02
-5.904811994709999681e+02
-5.989598205150000467e+02
-6.009288456130000213e+02
-6.035880537790000062e+02
-6.040134320429999661e+02
-6.008472768980000183e+02
-5.934696520779999673e+02
-5.986438022559999581e+02
-5.962633575989999599e+02
-5.912493444369999906e+02
-6.021026005109999915e+02
-5.905018287990000090e+02
-6.005655996729999515e+02
-5.942726230219999479e+02
-5.974037289259999852e+02
-5.948657725479999954e+02
-6.031169205999999576e+02
-5.805283215849999578e+02
-5.933931052149999914e+02
-5.952407425549999971e+02
-5.876064266240000507e+02
-6.004790656330000047e+02
-5.928863466169999583e+02
-5.918736051759999555e+02
-6.033409581979999530e+02
-5.938254911840000432e+02
-5.928454487899999776e+02
-5.999710892460000196e+02
-6.021330035109999699e+02
-5.923938164910000523e+02
-5.933665380830000231e+02
-5.981527893229999790e+02
-6.046280369659999678e+02
-6.035254800620000424e+02
-5.967279956730000094e+02
-6.023558445180000263e+02
-5.976563130079999837e+02
-6.043805382729999565e+02
-6.011568146350000461e+02
-5.964844371189999492e+02
-5.894350847660000454e+02
-5.822050412139999480e+02
-5.911386330479999742e+02
-5.803898153650000040e+02
-5.940314407109999593e+02
-5.842537765800000216e+02
-5.993614979520000361e+02
-5.884727418480000551e+02
-6.026369647450000002e+02
-5.959493913730000259e+02
-5.912876798400000098e+02
-6.027773469969999951e+02
-5.988222175539999625e+02
-5.926686579419999816e+02
-5.933434850830000187e+02
-5.946391367490000448e+02
-6.011944612649999726e+02
-6.030051389019999988e+02
-6.022080190530000436e+02
-5.950369111830000293e+02
-5.984089262579999513e+02
-6.026154190749999771e+02
-5.893162832340000250e+02
-5.947460262299999840e+02
-6.029486887839999554e+02
-5.991168235239999831e+02
-5.912630289979999816e+02
-6.014843697019999809e+02
-6.026549404679999498e+02
-6.037918893429999798e+02
-6.025107359999999517e+02
-5.975586072129999593e+02
-6.027421093430000383e+02
-5.955430554109999548e+02
-5.985465862370000423e+02
-5.974441773150000472e+02
-6.001507718399999476e+02
-6.017673541709999654e+02
-6.001069621110000298e+02
-5.818655484700000216e+02
-5.937959126419999620e+02
-5.958578906290000532e+02
-5.864007606459999806e+02
-5.918367378010000266e+02
-5.989600442690000364e+02
-6.046075270559999808e+02
-5.997476837310000519e+02
-5.997319795659999500e+02
-6.023078459859999612e+02
-6.025304931919999945e+02
-5.878574914399999898e+02
-5.958230733389999614e+02
-5.924361714110000321e+02
-5.963496128750000480e+02
-5.934639196750000565e+02
-5.934914085410000553e+02
-5.992571899069999972e+02
-6.005008975209999562e+02
-5.932996717549999630e+02
-5.909719715420000057e+02
-5.956969338659999949e+02
-5.992720674629999849e+02
-5.985833697750000510e+02
-5.851267186840000250e+02
-5.894655547730000080e+02
-5.992926102530000207e+02
-5.955232818959999577e+02
-6.015259131880000041e+02
-6.004040561970000454e+02
-6.055539729880000550e+02
-6.025952919359999669e+02
-6.050015297620000183e+02
-6.011447458459999780e+02
-5.963551327860000129e+02
-5.837855814429999555e+02
-5.910226719730000013e+02
-5.951166598119999662e+02
-5.847092403110000305e+02
-5.988203670120000197e+02
-5.933601127360000191e+02
-5.970931105480000269e+02
-5.943106491590000360e+02
-5.996673277099999950e+02
-5.807942474850000281e+02
-5.863760760549999986e+02
-5.897657434330000115e+02
-6.030586382950000370e+02
-5.996646936070000038e+02
-6.008597666470000149e+02
-6.019803665150000143e+02
-6.003616737620000094e+02
-6.013751988479999682e+02
-5.907666986450000195e+02
-5.944983104619999494e+02
-5.960531876109999985e+02
-5.941004284399999733e+02
-5.984687588140000116e+02
-5.894091379870000083e+02
-5.960180535780000355e+02
-5.993782906709999452e+02
-5.997275178180000239e+02
-6.015771994379999796e+02
-5.957518389890000208e+02
-5.990560781530000440e+02
-6.018094215270000404e+02
-6.013553579450000370e+02
-5.937453142629999547e+02
-6.017179045069999574e+02
-5.926854617100000269e+02
-5.910288467029999993e+02
-5.898844680109999672e+02
-6.022780325190000212e+02
-5.911781594779999978e+02
-6.001962189250000392e+02
-5.845571255449999626e+02
-5.930926932029999534e+02
-6.007383685629999945e+02
-5.936456739579999748e+02
-6.008232779889999620e+02
-5.869667410170000039e+02
-6.011873387519999596e+02
-5.981947621159999926e+02
-5.975093500049999875e+02
-5.995900778510000464e+02
-5.914047121730000072e+02
-5.982582910050000464e+02
-5.975206449759999714e+02
-6.046335369989999435e+02
-6.015976840360000324e+02
-5.869018364979999660e+02
-5.986172529740000527e+02
-5.861310835790000056e+02
-6.027014991629999940e+02
-5.933175251359999720e+02
-5.947463187439999501e+02
-6.033104521220000152e+02
-5.965562253260000034e+02
-5.950777125930000011e+02
-5.949228185990000384e+02
-6.011951511519999940e+02
-5.977369811769999615e+02
-6.012183603839999932e+02
-5.983550478600000133e+02
-5.999716182250000429e+02
-5.999678100490000361e+02
-5.894128957740000487e+02
-5.848280375040000081e+02
-5.944691657140000416e+02
-5.955323069209999858e+02
-5.983686694330000364e+02
-6.010844021699999757e+02
-6.029977753209999491e+02
-5.920206940990000248e+02
-5.938779756090000319e+02
-6.004947041110000328e+02
-5.867226090840000552e+02
-6.035192456180000136e+02
-6.015900764440000330e+02
-5.918098964920000071e+02
-5.868119384679999939e+02
-5.932356217719999449e+02
-6.026864775149999787e+02
-5.942325605519999954e+02
-5.996486009989999957e+02
-5.916097330469999633e+02
-6.000879567130000396e+02
-5.990262654230000408e+02
-5.988764271410000219e+02
-5.916314224210000248e+02
-5.943029289370000470e+02
-6.008160498979999602e+02
-5.952463360909999892e+02
-6.012537965620000477e+02
-5.941770859949999704e+02
-5.903640053279999620e+02
-6.025832574910000403e+02
-5.930404706210000541e+02
-5.867979423699999870e+02
-5.965932308180000518e+02
-6.038961759100000108e+02
-5.943179512599999725e+02
-6.019161912270000130e+02
-5.995433035170000267e+02
-5.996499826770000254e+02
-6.051748565850000432e+02
-5.980337285199999542e+02
-6.006451143880000245e+02
-6.019483189930000435e+02
-5.988590274240000326e+02
-5.969363692179999816e+02
-6.057915790680000327e+02
-6.006537283820000539e+02
-5.959597226119999505e+02
-5.930637176430000181e+02
-5.883174537469999450e+02
-5.937752223019999747e+02
-5.967559351789999482e+02
-5.849262528369999927e+02
-5.973564137339999434e+02
-5.983917464740000014e+02
-5.949392565399999739e+02
-6.012031055180000294e+02
-5.960772937340000226e+02
-5.967040698370000200e+02
-5.959713761750000458e+02
-6.013431806690000485e+02
-6.036100234479999926e+02
-6.003444205429999556e+02
-5.921186880899999778e+02
-5.848485734419999744e+02
-5.940565012370000204e+02
-5.976643400570000040e+02
-5.993744736419999981e+02
-5.914341175539999540e+02
-6.021956909179999684e+02
-6.002809016930000325e+02
-6.026328948000000310e+02
-5.965688792729999932e+02
-5.937502246510000532e+02
-5.909793957990000308e+02
-5.969300426160000370e+02
-5.941951919230000385e+02
-6.014339510490000293e+02
-6.040806796670000267e+02
-6.002616954180000448e+02
-5.910615173329999834e+02
-6.014271851070000139e+02
-5.975049112299999479e+02
-5.907599226590000399e+02
-5.996991127539999979e+02
-5.868681297189999668e+02
-5.975173330840000290e+02
-5.923236302120000119e+02
-5.915962474689999908e+02
-6.016677981200000431e+02
-6.057298746369999662e+02
-6.066671685259999549e+02
-5.928889891100000114e+02
-6.040558970820000013e+02
-5.957832012080000368e+02
-5.999998218700000052e+02
-5.961710990550000133e+02
-6.017299480259999882e+02
-5.935566057349999483e+02
-5.970839272670000355e+02
-5.995662543290000031e+02
-5.993498098750000054e+02
-5.992791871780000292e+02
-5.975383300769999551e+02
-5.979150286059999644e+02
-5.931731023300000061e+02
-5.904354556719999891e+02
-5.885752115479999702e+02
-5.996565491960000145e+02
-6.055970040329999620e+02
-5.983939110920000530e+02
-5.942253075490000356e+02
-5.989432059609999897e+02
-5.975143902009999692e+02
-5.893427008370000522e+02
-5.868132451180000544e+02
-5.813592733100000487e+02
-5.836747990479999544e+02
-5.977270021839999572e+02
-5.985420363330000555e+02
-6.018233494080000128e+02
-6.000593581699999959e+02
-5.827324424129999443e+02
-5.996275285599999734e+02
-5.925464298309999549e+02
-6.023484269599999834e+02
-5.963755810400000428e+02
-5.890769026440000289e+02
-6.006290065079999749e+02
-5.999838552930000333e+02
-6.040490211149999595e+02
-6.007415629680000393e+02
-5.974644090079999614e+02
-5.992635405759999685e+02
-6.017185498019999841e+02
-5.980223336889999928e+02
-6.031505911149999974e+02
-5.974614555179999797e+02
-5.969995793760000424e+02
-5.961495938120000346e+02
-6.001696596379999846e+02
-5.968774867700000186e+02
-6.065414510399999699e+02
-5.885219319289999476e+02
-5.954446138529999644e+02
-6.002501109360000555e+02
-6.045336795919999986e+02
-5.971160927240000547e+02
-5.971831021409999494e+02
-5.985253264369999897e+02
-5.965443821239999806e+02
-5.841113678919999757e+02
-5.997355941800000210e+02
-5.948920456299999842e+02
-6.055086631210000405e+02
-5.947795779059999859e+02
-5.997006308710000440e+02
-5.876716714850000471e+02
-5.930085849619999863e+02
-6.010816682570000467e+02
-5.954963977769999701e+02
-5.978471172700000125e+02
-6.056285904530000153e+02
-5.982725131040000406e+02
-6.016865271579999899e+02
-6.042129688420000093e+02
-5.948771762269999499e+02
-5.956231509579999965e+02
-6.022271405809999578e+02
-6.014461584780000294e+02
-6.020623114789999590e+02
-5.992212549189999891e+02
-6.017524286410000514e+02
-6.035975830559999622e+02
-5.921139443920000076e+02
-5.943934147219999886e+02
-6.020263510590000351e+02
-5.937250710160000153e+02
-5.982544382749999841e+02
-6.023958589359999678e+02
-5.910205990299999712e+02
-5.931826108940000495e+02
-5.931206514079999579e+02
-6.040397607270000435e+02
-6.032185042309999972e+02
-5.934279875720000064e+02
-5.913334487429999626e+02
-5.882423053679999612e+02
-5.997431083830000489e+02
-5.947472160879999592e+02
-5.995159251589999485e+02
-5.968273699899999656e+02
-5.909284768700000541e+02
-5.994703315839999505e+02
-6.008302818299999899e+02
-5.905687241499999800e+02
-5.870301417199999605e+02
-5.906681510429999662e+02
-6.004532552819999864e+02
-5.947954511960000445e+02
-5.818502860190000092e+02
-5.957887810940000008e+02
-6.046761588099999472e+02
-5.926640717349999932e+02
-6.025548176549999653e+02
-5.947750323379999600e+02
-6.023701704759999984e+02
-6.027943817919999674e+02
-5.886079018149999911e+02
-5.991797598990000324e+02
-5.996192697090000365e+02
-6.042057122639999989e+02
-5.940431981379999797e+02
-5.994795282720000387e+02
-5.988607933170000024e+02
-5.889734565720000319e+02
-5.918644855420000113e+02
-5.951436582610000414e+02
-5.988078303119999646e+02
-5.949925319980000040e+02
-5.927316377180000018e+02
-5.967307644510000273e+02
-5.877992885630000046e+02
-5.961202303339999844e+02
-5.883686060349999707e+02
-5.896413652679999586e+02
-5.950186345609999989e+02
-6.025058425439999610e+02
-5.958506078640000396e+02
-6.030092660689999775e+02
-5.909448372230000359e+02
-5.878812126560000024e+02
-5.967521109919999844e+02
-5.965053234270000075e+02
-6.037803948020000462e+02
-6.057221967670000140e+02
-5.986622452770000109e+02
-5.981670876800000087e+02
-6.019847178310000118e+02
-5.988964434829999846e+02
-5.998753333829999974e+02
-6.007932190450000007e+02
-5.990986716459999570e+02
-5.989577631859999656e+02
-5.893516604930000540e+02
-6.032966385329999639e+02
-6.033632002240000247e+02
-5.957000232750000350e+02
-5.997697051320000128e+02
-5.872220027580000306e+02
-6.012374676619999718e+02
-5.841460404120000476e+02
-5.971659118979999903e+02
-5.878035990800000263e+02
-5.896819574170000351e+02
-5.764771745330000385e+02
-5.911133049269999447e+02
-5.940391547550000269e+02
-5.808530934469999920e+02
-5.858701986669999542e+02
-5.958175479440000117e+02
-6.025396217810000508e+02
-5.975325152090000529e+02
-6.045954437249999955e+02
-6.009152989709999702e+02
-5.859737534570000435e+02
-6.006349110920000385e+02
-6.029319145360000221e+02
-5.982276795989999982e+02
-5.979747313499999564e+02
-5.906966224130000001e+02
-5.969196032380000361e+02
-5.952316004479999947e+02
-5.875524559939999563e+02
-6.031604012819999525e+02
-6.064126542230000041e+02
-5.996775081969999519e+02
-5.913382329519999985e+02
-5.913655821569999489e+02
-6.020938696910000090e+02
-5.966639590590000353e+02
-5.970082866220000142e+02
-5.972739191719999781e+02
-5.972339582260000270e+02
-6.044312530969999671e+02
-5.958294389640000190e+02
-5.915451686669999845e+02
-6.047638053160000027e+02
-5.932483575659999815e+02
-5.918257800229999930e+02
-5.924499750210000002e+02
-5.947301026369999590e+02
-5.841168117859999711e+02
-5.919930942299999970e+02
-6.016260090289999880e+02
-5.968787841890000436e+02
-6.021635853630000383e+02
-5.957255069459999959e+02
-6.015851324520000389e+02
-5.973084772859999703e+02
-5.966932854450000150e+02
-5.979685399310000093e+02
-6.014618393099999594e+02
-5.903832562879999841e+02
-5.952073197260000370e+02
-6.034595626899999843e+02
-5.806554168589999563e+02
-6.019382592030000296e+02
-6.008099441499999784e+02
-5.988539018029999852e+02
-5.996148349979999921e+02
-5.959817906810000068e+02
-6.017418853320000380e+02
-5.985180840199999466e+02
-5.977985934340000540e+02
-5.877473255419999987e+02
-5.902151169339999797e+02
-6.003185901800000011e+02
-5.969745383580000180e+02
-5.974545513719999690e+02
-5.956431836960000510e+02
-5.922133406090000562e+02
-6.005514796510000224e+02
-6.004915216770000370e+02
-5.872115358150000475e+02
-5.952894269280000117e+02
-5.993056386250000287e+02
-5.926819226630000230e+02
-6.019305604899999480e+02
-6.021170743190000394e+02
-5.920230736009999646e+02
-6.000483814740000525e+02
-6.001112353920000260e+02
-5.905981789569999592e+02
-5.926578400959999726e+02
-5.961995252210000444e+02
-5.928103380080000306e+02
-5.905124401560000251e+02
-5.903403007250000201e+02
-5.969412344309999980e+02
-5.970785988000000089e+02
-5.910280527480000501e+02
-5.952918127579999918e+02
-6.007124545369999851e+02
-5.865004577290000043e+02
-6.007371290779999526e+02
-6.000995158829999809e+02
-5.939087039290000121e+02
-5.975449922049999714e+02
-5.926011350280000443e+02
-5.943950351500000124e+02
-6.016582158490000438e+02
-6.031982074119999879e+02
-5.899692314559999886e+02
-5.882282224650000444e+02
-5.951119443149999597e+02
-6.003469337290000567e+02
-6.030964879279999877e+02
-6.023264676029999691e+02
-6.047427587800000310e+02
-5.945139377350000132e+02
-5.973634034059999749e+02
-5.956609036959999912e+02
-5.966481634650000387e+02
-5.984451955690000204e+02
-5.971092075210000303e+02
-5.789833516869999812e+02
-5.990761763579999979e+02
-5.993928705219999529e+02
-6.031364962559999867e+02
-6.004286384450000469e+02
-5.969360487679999778e+02
-5.949194426999999905e+02
-5.990533491930000309e+02
-5.929062097659999608e+02
-5.976099225310000520e+02
-5.964359901389999550e+02
-6.004491090860000213e+02
-5.890737629129999959e+02
-6.049833534719999761e+02
-6.029296412310000051e+02
-6.004626164549999885e+02
-5.960457505550000405e+02
-6.022408154490000243e+02
-6.006595753709999599e+02
-5.967893419780000386e+02
-5.852230265499999859e+02
-5.856357129719999648e+02
-6.014305328179999606e+02
-6.054264118180000196e+02
-6.007998383139999987e+02
-5.963327462570000534e+02
-5.972825177869999607e+02
-5.989588837159999457e+02
-6.050108769160000293e+02
-5.979199977130000434e+02
-6.005629760150000038e+02
-5.994101186679999955e+02
-5.985682707170000185e+02
-5.884685583570000063e+02
-6.040728486489999796e+02
-5.998137698360000059e+02
-5.931948688480000556e+02
-6.014478974129999642e+02
-6.013719174469999871e+02
-6.014579625220000025e+02
-6.062985024780000458e+02
-6.018456982249999783e+02
-5.992128947950000111e+02
-5.922312889930000210e+02
-5.995093130599999540e+02
-5.981832886470000403e+02
-6.046739281149999670e+02
-5.900676923879999549e+02
-6.031131435930000180e+02
-5.946785597719999714e+02
-6.041756105209999532e+02
-5.991413197870000431e+02
-5.966735417249999500e+02
-5.959073138539999945e+02
-6.026016435540000202e+02
-6.003838711460000468e+02
-5.986314085879999993e+02
-5.971547398740000290e+02
-5.986960190690000445e+02
-6.027932558740000104e+02
-6.021384862280000334e+02
-6.028212627630000497e+02
-5.961423724390000416e+02
-5.953877448189999768e+02
-6.003297508760000483e+02
-5.945465616489999547e+02
-5.975412523249999595e+02
-6.021948516380000456e+02
-5.948304008759999988e+02
-5.950847717579999880e+02
-5.832968630230000144e+02
-5.978134520610000209e+02
-5.911879691359999924e+02
-5.903344194300000254e+02
-5.974566556490000266e+02
-5.925330632449999939e+02
-5.992421735980000221e+02
-5.995762763330000098e+02
-5.994059851499999922e+02
-5.954174616179999475e+02
-6.018972289240000464e+02
-5.910233588520000012e+02
-5.927585077539999929e+02
-6.020413242609999998e+02
-6.044475014629999805e+02
-5.969171747909999795e+02
-6.006137945289999607e+02
-6.004246739950000347e+02
-5.913649788310000304e+02
-6.025483674749999636e+02
-6.051562651159999859e+02
-6.007837084499999492e+02
-6.010506534549999742e+02
-5.980014136239999516e+02
-6.029318120939999517e+02
-5.950101386530000127e+02
-6.005429551170000195e+02
-5.928517380670000421e+02
-6.033498429320000014e+02
-5.962694943599999533e+02
-5.957569127430000435e+02
-5.853423076459999947e+02
-6.042421702189999451e+02
-5.939955049300000383e+02
-6.026213123879999785e+02
-5.956994659969999475e+02
-5.872799475440000379e+02
-6.054750708950000444e+02
-5.962420157719999452e+02
-6.012641817310000079e+02
-6.014046426669999619e+02
-5.977036337690000209e+02
-5.941540205109999988e+02
-5.945635595160000548e+02
-5.858963373689999798e+02
-5.989671296510000502e+02
-5.999882203839999875e+02
-5.996550398379999933e+02
