4.860140944458298584e+00
4.762932185114543415e+00
4.655663755040735374e+00
4.598738196505645526e+00
4.742143291803823324e+00
4.674969625569775467e+00
4.587359698127017715e+00
4.499159588189776571e+00
4.457453757471859568e+00
4.578663669674810421e+00
4.646602307062656756e+00
4.603139037656803545e+00
4.546266380228945359e+00
4.498107268618658061e+00
4.440465403535985622e+00
4.295647681083726965e+00
4.236036000791306044e+00
4.228073438340445911e+00
4.247271359355321962e+00
4.196617923995463961e+00
4.166069130487395356e+00
4.156088184819951792e+00
4.170094723144787352e+00
4.101537516590576971e+00
4.109558978771322479e+00
4.155590451428051502e+00
4.193620273701470502e+00
4.241076985861020887e+00
4.336552778417437359e+00
4.315036384551119930e+00
4.353494803028941540e+00
4.400868323410733751e+00
4.507074106335506869e+00
4.243029106664247152e+00
4.539232313949132624e+00
4.497181450642168343e+00
4.484349005151138101e+00
4.522330372717146219e+00
4.536601040426631926e+00
4.618916106620686968e+00
4.607498345089230618e+00
4.850498324914667592e+00
4.683898910096160328e+00
4.631894968584671979e+00
4.410406103750537987e+00
4.390350897137950348e+00
4.355457496061694300e+00
4.374233761471830739e+00
4.337091767532709419e+00
4.402231933917158280e+00
4.429180623998078659e+00
4.531093686959032141e+00
4.504717971194201809e+00
4.535017309779533434e+00
4.730896320994574467e+00
4.683733019718352431e+00
4.666777689155549247e+00
4.704298247347844075e+00
4.603405369940822389e+00
4.570727403816595924e+00
4.525705469868758435e+00
4.474837874158123618e+00
4.426766765936511305e+00
4.436796254055396460e+00
4.726904695464041239e+00
4.758762339096164418e+00
4.292448485421811455e+00
4.240145752211827102e+00
4.299293197724481708e+00
4.800313427267015598e+00
4.619905410287097780e+00
4.547850481271344059e+00
4.456536996368368975e+00
4.400988184487660604e+00
4.417536077951147000e+00
4.378075604646406660e+00
4.350059309940497165e+00
4.384480584972409112e+00
4.374268853191352946e+00
4.350442965951858199e+00
4.355032032029155786e+00
4.320090161096177717e+00
4.238245037748526123e+00
4.184528766778883302e+00
4.168361908471959865e+00
4.212630294720864477e+00
4.249263112587875924e+00
4.329286084333074491e+00
4.372786182744360595e+00
3.281641205250811488e+00
3.173823561573642316e+00
3.171567435827275183e+00
3.222735484025953667e+00
3.233914346422922748e+00
3.170745811319475305e+00
3.104719794119914056e+00
3.090342537648536947e+00
3.060617421371053748e+00
3.033920401065262062e+00
2.986082550767811927e+00
3.032826239664910606e+00
2.942291623887748120e+00
2.891086473974793236e+00
2.721854882244826968e+00
2.647547166718659195e+00
2.692622699154116450e+00
2.745245708493139869e+00
2.722952992616655354e+00
2.636826501687207891e+00
2.655274562074513511e+00
2.747986535629314275e+00
2.737127326230915259e+00
2.727378961567314075e+00
2.716224769786182769e+00
2.758991482408019724e+00
2.839457342521630512e+00
2.844729336861417934e+00
2.820297502037683923e+00
2.788949981623908503e+00
2.705296286915723325e+00
2.744178201210700774e+00
2.706506419722665147e+00
2.710883435339852099e+00
2.741665369807190444e+00
2.742575614272102058e+00
2.774411108685949756e+00
2.740597197692502540e+00
2.606707885437108629e+00
2.676964138721323661e+00
2.693788039174574767e+00
2.691752774680468363e+00
2.712461059628322513e+00
4.002947164277840031e+00
4.038476445393733627e+00
3.923776752059168871e+00
3.905236612549872088e+00
3.947078919910266936e+00
3.883295636440779131e+00
3.868449560224354489e+00
3.804752160128173077e+00
3.714801071389960629e+00
3.610910411516741192e+00
3.662175446370640408e+00
3.561915355535557826e+00
3.571625120305880863e+00
3.676383685090554021e+00
3.641838272081833860e+00
3.617029167701029113e+00
3.604252210930861011e+00
3.576948699660088771e+00
3.604129992106277935e+00
3.578772694653852948e+00
3.578354929293627418e+00
3.586192549208700786e+00
3.523627108534613583e+00
3.477584937855580094e+00
3.419941081363829127e+00
3.433118990073021237e+00
3.367015443980024170e+00
3.379036105163720105e+00
3.457853958743775991e+00
3.464903750466959309e+00
3.435269421748460505e+00
3.404010722662312194e+00
3.338230219742190918e+00
3.361495351774266283e+00
3.329165210679698284e+00
3.206362892749353044e+00
3.254376437967802627e+00
3.240932890388197762e+00
3.082412042540711550e+00
3.051403939172917745e+00
3.068460689010044984e+00
3.041117064501134948e+00
2.994115729226243694e+00
3.075342907709642581e+00
3.016091178993101973e+00
3.022449503300261853e+00
2.964011302272648418e+00
2.990056019542108867e+00
3.030222434079716365e+00
2.999760157079229383e+00
2.975305530529595899e+00
3.007570780546985567e+00
2.979444411295502082e+00
2.941672483469225607e+00
2.988966543807408005e+00
2.962373035254000531e+00
2.965658442909432591e+00
2.940328042923102458e+00
2.844121832833466978e+00
2.812852466803049012e+00
2.819077508689677547e+00
2.877476846127523302e+00
2.961303260390599768e+00
2.993623890872064930e+00
2.984744377664526382e+00
3.026943838263273623e+00
2.995309666795738845e+00
3.044952544786207138e+00
3.076736257790062989e+00
3.084172174182239434e+00
3.039776965502567929e+00
2.999424111392051895e+00
2.934086740367435109e+00
2.938356853753471665e+00
2.961265607810282141e+00
3.054548902866018878e+00
3.044719034656564016e+00
2.938028080192563340e+00
2.905916378700529545e+00
2.844074190312200656e+00
2.809849462159850209e+00
2.757271296046147402e+00
2.751517036109353054e+00
2.724060388464249804e+00
2.762847444214030723e+00
2.924161589242291193e+00
2.845244980665109669e+00
2.886293990569914314e+00
2.918266608793651518e+00
2.894284885770576743e+00
2.824541732741791211e+00
2.746521800386809264e+00
2.727165928211922719e+00
2.805970242180055862e+00
2.847688536339604504e+00
2.876787444355248358e+00
2.849444156322422206e+00
2.829901235025703343e+00
2.890339772414308950e+00
2.911523312632066318e+00
2.882234376312932778e+00
2.910229200595719323e+00
2.857170978433037245e+00
2.813925016769281306e+00
2.754754617021269336e+00
2.738666463810443208e+00
2.748217786129766971e+00
2.779820317934236673e+00
2.812475599894157519e+00
2.855681704952426792e+00
2.772948791449276307e+00
2.789783145694302746e+00
2.763799739489096741e+00
2.743481182731166257e+00
2.729581836106036441e+00
2.837011455740000798e+00
2.785507135155104841e+00
2.736884542687177291e+00
2.726005685980863902e+00
2.772099926048843255e+00
2.805864394442468157e+00
2.732514226861408435e+00
2.801781219153272939e+00
2.902831376432327470e+00
2.831684127864547040e+00
2.846889530698372361e+00
2.784409632220087083e+00
2.776360927545264534e+00
2.817850421864155575e+00
2.744272034620474532e+00
2.740981393588799886e+00
2.808021367440070026e+00
2.765935104083246721e+00
2.732009699836368100e+00
2.738691110731548140e+00
2.784255735380641639e+00
2.739265960070325079e+00
2.741099232060014046e+00
2.756272301497078026e+00
2.814151026508705300e+00
2.838140412312259109e+00
2.817201803208282840e+00
2.814315369676966494e+00
2.764896200583305763e+00
2.827914072244770871e+00
2.888899617501445416e+00
2.879903296987591510e+00
2.825143182212186410e+00
2.854482439952994000e+00
2.743724475963284171e+00
2.773600187481966906e+00
2.706255900686407756e+00
2.753200501234880804e+00
2.724129402212751128e+00
2.687640228899694339e+00
2.820079076905468440e+00
2.751397281382679694e+00
2.760328603626749366e+00
2.844093352898248384e+00
2.758662900754639491e+00
2.695460443041225673e+00
2.775634882328726238e+00
2.819420153152063069e+00
2.850431897099104273e+00
2.765953542632269446e+00
2.764261926807949799e+00
2.769804505736821909e+00
2.745918607679404655e+00
2.711697070102042417e+00
2.752665072252706846e+00
2.743896863950975540e+00
2.710876795429847608e+00
2.728882738411454678e+00
2.806091053405074476e+00
2.885470672178110707e+00
2.862676020788939901e+00
2.869452386780446229e+00
2.868608722011420920e+00
2.910481403479499907e+00
2.871581271703798066e+00
2.780481433133478397e+00
2.874348969766892914e+00
2.763467749042857857e+00
2.847451843315352171e+00
2.828905972279743164e+00
2.826643238896624055e+00
2.767283686216503558e+00
2.737577396166178900e+00
2.705459850007018829e+00
2.727847136479608192e+00
2.716803084509438637e+00
2.806822046372016821e+00
2.901406727778785388e+00
2.763164309265737639e+00
2.741943288983198279e+00
2.786827587060240141e+00
2.850757092422993910e+00
2.840559980003942719e+00
2.878555887941034896e+00
2.879826383655792466e+00
2.865884156765587498e+00
2.887801932266130578e+00
2.884262297364787120e+00
2.979343887502750476e+00
2.884177005663833615e+00
2.902101479962408526e+00
2.856715071546338081e+00
2.870892544140235980e+00
2.893440512607784676e+00
2.831141995732463723e+00
2.884902251376985749e+00
2.877939193242275984e+00
2.883159551603066806e+00
2.883114635251258662e+00
2.873192475279022773e+00
2.869676636835586159e+00
2.930486990245819268e+00
3.022774387876144608e+00
2.971943808351699357e+00
2.950722115008459490e+00
2.921759401456594851e+00
2.993401075699679392e+00
2.982802876490499688e+00
2.972957786447698147e+00
2.949526911218136593e+00
2.911485703210647813e+00
2.972281615190592863e+00
2.962264167828386086e+00
3.005274197140753056e+00
2.976520451802742162e+00
2.894115063365656937e+00
2.851388959787843458e+00
2.768969663972503881e+00
2.767287480548416223e+00
2.859212129241200717e+00
2.914100547338749791e+00
2.917058964093801166e+00
2.926909974700280692e+00
2.966940680229383620e+00
2.875049043059961118e+00
2.864511476674513002e+00
2.889454792863179744e+00
2.813046391370039423e+00
2.822142802907039005e+00
2.801724647427008996e+00
2.809504226727555842e+00
2.796186689046351592e+00
2.710254047132851341e+00
2.790825505114929328e+00
2.895421212880778583e+00
2.897517558186662345e+00
2.812974582181645200e+00
2.732576805873899062e+00
2.702100664298057175e+00
2.778266725856248787e+00
2.750799156608857654e+00
2.889492342955765292e+00
2.927587914990769757e+00
2.812662261985963585e+00
2.864688813815559953e+00
2.933574952170133532e+00
2.958132180954732515e+00
2.959379833681374805e+00
2.778721648528330590e+00
2.765959688787962278e+00
2.772488773647244109e+00
2.804778422620938461e+00
2.789371793074562511e+00
2.762200028962421339e+00
2.792651965426411920e+00
2.774190512563980526e+00
2.748158656264226618e+00
2.786576752935399970e+00
2.863188781760643842e+00
2.914265945311100392e+00
2.939563402956296034e+00
2.914224768270285981e+00
2.889444756350257215e+00
2.913211458167772161e+00
3.040723269223951863e+00
3.055113909496665503e+00
3.011146293357398029e+00
3.024328355188966810e+00
3.007831278512808737e+00
2.922791131777979334e+00
2.924450546683940555e+00
2.970960450763354910e+00
3.010178067822566916e+00
2.967565669029077924e+00
2.985796208718873412e+00
3.008460569793129036e+00
2.949943219792544369e+00
2.937510680831646237e+00
2.944228421845016985e+00
3.020048012863371767e+00
2.950228465729391569e+00
2.769104187277900309e+00
2.775572553546384658e+00
2.753355225901663594e+00
2.761920165392185655e+00
2.774069934230209977e+00
2.772659914233984058e+00
2.756052974817428503e+00
2.794083391740482369e+00
2.722411247405505552e+00
2.726926108276496841e+00
2.744771393030756457e+00
2.748596187147176906e+00
2.800757576085441958e+00
2.802685141074537256e+00
2.809462226120864159e+00
2.732409376356332409e+00
2.813150013774594616e+00
2.807184532587766679e+00
2.886316857172822825e+00
2.891423524840316173e+00
2.871962743490938497e+00
2.837784170792416294e+00
2.837896404028871444e+00
2.846964875090663760e+00
2.912438325527253902e+00
2.920534368912648393e+00
2.953441551817133970e+00
2.874654240078274192e+00
2.888976635419538752e+00
2.870311829749512711e+00
2.861145924275796393e+00
2.828346513424406794e+00
2.735462300964865978e+00
2.743179724334517289e+00
2.739330027579736093e+00
2.856885191952942549e+00
2.933177628443254914e+00
2.920931871851858208e+00
2.963887480995187840e+00
2.978789854957882177e+00
3.010763524423663906e+00
2.994337656310658069e+00
2.954916580886844724e+00
2.954669016996658293e+00
2.905353334794237963e+00
2.820873091792680754e+00
2.776916635406975864e+00
2.719716529346394740e+00
2.709572844564249294e+00
2.763621175197497948e+00
2.802429124884338485e+00
2.913608587302007447e+00
2.928169564762259647e+00
2.909430184761270688e+00
2.895599074457649635e+00
2.856924745246188557e+00
2.913946121670748735e+00
2.891802379140040458e+00
2.864060229813612413e+00
2.849324481346411808e+00
2.846138436548721007e+00
2.902427604609630674e+00
2.989437070754292325e+00
2.877817749615148912e+00
2.784228798069583899e+00
2.806776977246321803e+00
2.799695340568326696e+00
2.752995459494984587e+00
2.769781399316560311e+00
2.830626432435054074e+00
2.884347586543619002e+00
2.895767601172442252e+00
2.939337850605132196e+00
2.822744409258479248e+00
2.880120830798597265e+00
2.892978568880177015e+00
2.933753397952868269e+00
2.922301319166111799e+00
2.907359798855311706e+00
2.909744146828033617e+00
2.869320651304067660e+00
2.889104359485825224e+00
2.902955907346854048e+00
2.897020020641901450e+00
2.902479457291645026e+00
2.841983990102689095e+00
2.913432854898152957e+00
2.916609332769816820e+00
2.864861776770390556e+00
2.836517230689776348e+00
2.810625197353783911e+00
2.758229323315956716e+00
2.726195334160779193e+00
2.806406242866489098e+00
2.830769683319362517e+00
2.865603601337769923e+00
2.901651426343281770e+00
2.806148071645543141e+00
2.685364034912212539e+00
2.716543023771205156e+00
2.743450746778589799e+00
2.723107783397491932e+00
2.797470285811808122e+00
2.825082476672141851e+00
2.868402342768531454e+00
2.816263837072088272e+00
2.751189379159494131e+00
2.738639443227238512e+00
2.849113897337205881e+00
2.724609880331494427e+00
2.723634887425258277e+00
2.775617048513717489e+00
2.779980395614328970e+00
2.748545433497507240e+00
2.696117393586562550e+00
2.761922699859646446e+00
2.772931661617357602e+00
2.776701820505759422e+00
2.778040496465089326e+00
2.855986869717716647e+00
2.817977466198053005e+00
2.875394407729138013e+00
2.827882776919863339e+00
2.759781150743660039e+00
2.732468664047219775e+00
2.706995751751376300e+00
2.759528401738239101e+00
2.768766873537749085e+00
2.803143592468997802e+00
2.882802455944562414e+00
2.931419110260421679e+00
2.882136186928021981e+00
2.881018396331408660e+00
2.874964695435406448e+00
2.816137780720254558e+00
2.849005966999718531e+00
2.805791510429810565e+00
2.736753368500713268e+00
2.697536283351903652e+00
2.804322556340479000e+00
2.806015146074589683e+00
2.826864871195650331e+00
2.949138179197441367e+00
2.965017369257724855e+00
2.892035615271706828e+00
2.933038526852314920e+00
2.900313086547726904e+00
2.958584796824319518e+00
2.956682262266272510e+00
2.902075291924728795e+00
2.886104294719787244e+00
2.885055285432152505e+00
2.926197020024455142e+00
2.890808018530459211e+00
2.752225281476790908e+00
2.721742272883309166e+00
3.002507285586497598e+00
2.957226572313998325e+00
2.883785359557815564e+00
2.780080034819141233e+00
2.767152146160380521e+00
2.818066890618460718e+00
2.824362759986755123e+00
2.811417080406249269e+00
2.688143225350911436e+00
2.777009362605751264e+00
2.743304212077107618e+00
2.854925568206639230e+00
2.875773808907786666e+00
2.872002437324871149e+00
2.859688269724516729e+00
2.755062431234544640e+00
2.789821141220347300e+00
2.770859253011599410e+00
2.807252393355467834e+00
2.859563253365800417e+00
2.822408191598089644e+00
2.781850822743735741e+00
2.768762539474991069e+00
2.731430943663046396e+00
2.697806701748663105e+00
2.745926073294763903e+00
2.745165386638845462e+00
2.809138480032623786e+00
2.778382623038087029e+00
2.734027980837065552e+00
2.746077384197320725e+00
2.741240595059105889e+00
2.727315529967150987e+00
2.744514893382799414e+00
2.730377446434832933e+00
2.755789179164473079e+00
2.729839555724841382e+00
2.727368878608098957e+00
2.730712910578481090e+00
2.687161513567801752e+00
2.774714039320088421e+00
2.832623165901175355e+00
2.803444310129951766e+00
2.761583784714851220e+00
2.777787248872742865e+00
2.742181977914667890e+00
2.760081520535218047e+00
2.842298541673622392e+00
2.802192534427283110e+00
2.884474648874557623e+00
2.865989183510642579e+00
2.873417825517201152e+00
2.830282141412760577e+00
2.763058812258617269e+00
2.758510648882835259e+00
2.757945249637853369e+00
2.711475059815228850e+00
2.690296266213072940e+00
2.703421165856330077e+00
2.739205906827743231e+00
2.727702329800669290e+00
2.794090012866443207e+00
2.814923977659076648e+00
2.732557227214098106e+00
2.758481466314392172e+00
2.801412857827278557e+00
2.736408047057310000e+00
2.828916753812313889e+00
2.793017901840229911e+00
2.725454274061482440e+00
2.779285699599808979e+00
2.743450017769596183e+00
2.724387637616938473e+00
2.748437738061387581e+00
2.772149707357089987e+00
2.807887818271947999e+00
2.793826229385070192e+00
2.757029198249448587e+00
2.781766704811889923e+00
2.762849615885743404e+00
2.860872069841641885e+00
2.891595234468337772e+00
2.865783487983696531e+00
2.853371514542050846e+00
2.862326850658394317e+00
2.801121382589479847e+00
2.882482437067050096e+00
2.910710222608908104e+00
2.911437617397975242e+00
2.920410416362741124e+00
2.947735062721885679e+00
2.967080383137605359e+00
2.901297296038446216e+00
2.940101018672657496e+00
2.934643589944100572e+00
2.892393126806935388e+00
2.865271714864054520e+00
2.885572040341394473e+00
2.884586625497663537e+00
2.843233898222233602e+00
2.727911655461004781e+00
2.718484320352059669e+00
2.774850086040685504e+00
2.767084024745182447e+00
2.772198044873417810e+00
6.191605446085853615e+00
6.141364099286086287e+00
6.065265121987660990e+00
2.735422819236543734e+00
2.709725078305915691e+00
2.706336453584439194e+00
2.833536482913181054e+00
2.931733616821282862e+00
2.841494501138441375e+00
2.788478079526536479e+00
2.822149181032072907e+00
2.832028424998591198e+00
2.848552088342426458e+00
2.891296594955280241e+00
2.933545465814361375e+00
2.796905790333310549e+00
2.744767749737671458e+00
2.707636977144461721e+00
2.746627386450517516e+00
2.750586301136541234e+00
2.784117454418904902e+00
2.749219161871239159e+00
6.165034144268788374e+00
6.182947355428477287e+00
2.862556374990717245e+00
6.152761575097803082e+00
2.811313038421726862e+00
2.867528726970315578e+00
2.845202453253546704e+00
2.836492552431611358e+00
2.781356863115555189e+00
2.730818375505775109e+00
2.828622456249684447e+00
2.861929768530317997e+00
2.830814723714711434e+00
2.909920273821947845e+00
2.852387421091321595e+00
2.862469039133872961e+00
2.850779191729868156e+00
2.818494278865933733e+00
2.785224407475993758e+00
2.739433153044622316e+00
2.760178436260960044e+00
2.718982530285915633e+00
2.806633570667891764e+00
5.905121336602661586e+00
5.861679878669595389e+00
2.721605592292902109e+00
2.784798915541299991e+00
2.840172353925022097e+00
2.842723518036883945e+00
2.840857792991405617e+00
2.775833748624005892e+00
2.824712905765823123e+00
2.921434750255428980e+00
2.880858552584628196e+00
6.126978211157600995e+00
6.104728085672612714e+00
6.087092737916845131e+00
5.959175194605373704e+00
5.771535151066829350e+00
5.683405053310910837e+00
5.760448246447492870e+00
5.776283407174546802e+00
5.854895814615320049e+00
5.934010953815302969e+00
5.978158328448653691e+00
5.926136346727098214e+00
5.958248316409781253e+00
6.029337940437573096e+00
5.977045507606580266e+00
5.953090793864982189e+00
5.972546692994538553e+00
5.989638135981171452e+00
6.061943747676977523e+00
6.051103122571950266e+00
6.047289971549240306e+00
6.087034499655804787e+00
6.092117283834906694e+00
6.136171200349612498e+00
6.186303742946995143e+00
6.143408581561216941e+00
6.113433487002209787e+00
6.113137983065652925e+00
6.093945273794308726e+00
6.014996259350457564e+00
6.034240300153782322e+00
5.937112513671945813e+00
5.958181685715870479e+00
6.092302848677173976e+00
2.852844370098025717e+00
2.856645935358457677e+00
2.834200769176383083e+00
6.132811182483934864e+00
6.094691214491509967e+00
2.715207174415978031e+00
2.775297101212769402e+00
2.861240814751529804e+00
2.880319600322158724e+00
2.914310553115436520e+00
6.272852461201362750e+00
6.295868565972449815e+00
6.223171056623785447e+00
2.805041889170284630e+00
2.876036682658967614e+00
6.259000000000000341e+00
2.825440142703433466e+00
2.816667712031363902e+00
6.201793772772520086e+00
6.199776528230675154e+00
2.752887030010493952e+00
2.776499414730714932e+00
6.128324730299464562e+00
6.118644049133762586e+00
6.104515377980467505e+00
6.101963372554771503e+00
2.749307912911902463e+00
2.733889171125998718e+00
2.774108505448191764e+00
5.983829543026773834e+00
5.987953740636278610e+00
2.756493787404572071e+00
6.005642846523593370e+00
6.076886126956798861e+00
2.900356012630173730e+00
6.119273567998083863e+00
6.163630342582202104e+00
2.868392406906697722e+00
2.799607293889626813e+00
6.247874998749574971e+00
2.841509633979796945e+00
2.861998252969417678e+00
2.843130317097688042e+00
6.287883745744668573e+00
2.841806643668776999e+00
2.794095381335433448e+00
2.771736459333751235e+00
2.876043462814844354e+00
2.891659385197363985e+00
6.117501859419415489e+00
6.034945318724934893e+00
6.066244390065405945e+00
6.068052241040777339e+00
6.115270149388332577e+00
2.807483214553561979e+00
2.846473080849351689e+00
2.945421871311475925e+00
3.020757189844956780e+00
2.955137560249945228e+00
2.933195697528550916e+00
2.899167294241572712e+00
2.852077488428391039e+00
2.792652860632699241e+00
2.811313038421726862e+00
2.871043538506513393e+00
2.930364653076473314e+00
2.840305089246575765e+00
2.775023243145902097e+00
2.785694347913998836e+00
2.780184885938343342e+00
2.813695612535229262e+00
2.746301877070326913e+00
2.727740456861686091e+00
2.728761807120585026e+00
2.815406542579596660e+00
2.818140876535450978e+00
2.826485273267843823e+00
2.773230787366965711e+00
2.851727546593467721e+00
2.821864277388266284e+00
2.820057268922034233e+00
2.808120723900594751e+00
2.913297101223972341e+00
2.884460088127412725e+00
2.930424371998021638e+00
2.959704208193785213e+00
2.960344912337074419e+00
2.970980477889411997e+00
3.028447291930305152e+00
2.825616746835989179e+00
2.744119895339851567e+00
2.715502900016864452e+00
2.738670115220158685e+00
2.745093441032563586e+00
2.757924038112725018e+00
5.976615179179600723e+00
5.974553456117034145e+00
6.120486010113902253e+00
6.124203376766646834e+00
6.100860758942133977e+00
6.047380424613619354e+00
5.975480315422351474e+00
5.998655932790278200e+00
5.994061978324882745e+00
6.023372643295448192e+00
6.007118527214191595e+00
2.776403969165870400e+00
2.785081147830346548e+00
2.807134660111624047e+00
2.693295007978146138e+00
2.754703976836712975e+00
2.795060285575250880e+00
2.897947377023950999e+00
2.860526874546016174e+00
2.884297661476706853e+00
2.940310697868509404e+00
2.890845032166200035e+00
2.795511223372212140e+00
2.776241704174908342e+00
2.807204303216992436e+00
2.804900889514636564e+00
2.769044781147463219e+00
2.687376787873259509e+00
2.722655137912254997e+00
2.769420336460321597e+00
2.762549185082502579e+00
2.776110588575318339e+00
2.898230322110373347e+00
2.895085490965681796e+00
2.912283983405464127e+00
2.830454733783955401e+00
2.771679274375013158e+00
2.772078642463088549e+00
2.783810697587032479e+00
2.725766864572243264e+00
2.705845154475769121e+00
2.781852799844017454e+00
2.805801311568586254e+00
2.912112291790960317e+00
2.870354333527482815e+00
2.770357738632323485e+00
2.763647770610429877e+00
2.808557458910178717e+00
2.750223445467658845e+00
2.797150871869445332e+00
2.704670220193212238e+00
2.733559035396894377e+00
2.744605982650333065e+00
2.727336062900940217e+00
2.707796521158855274e+00
2.740508164556347825e+00
2.793858443085476484e+00
2.848387789610115739e+00
6.160742325402028818e+00
2.747428979973822738e+00
6.125410190346438633e+00
6.254278615475968195e+00
6.225712890906550889e+00
6.193114402301962862e+00
6.166988324944356670e+00
2.831572178137085061e+00
2.848727084155307399e+00
2.787915529566848516e+00
2.907510619069172186e+00
2.915871396341066291e+00
2.879410703598915156e+00
2.938951853977876727e+00
2.939049846463989368e+00
2.971288441063910213e+00
3.020697601548357536e+00
2.945487735503239168e+00
2.973497771985040394e+00
2.968398052822431410e+00
2.991658737222545827e+00
6.179229563626844168e+00
3.090375381729539850e+00
2.973330960387692734e+00
2.888135211516247303e+00
2.759244461804716497e+00
2.724027349348754345e+00
2.729712988575905719e+00
2.816139378652981140e+00
2.803714857113683401e+00
2.853201885601508003e+00
2.808360553775102630e+00
2.794220821624518791e+00
2.778024657917923967e+00
2.781439195812124510e+00
2.902442419756161129e+00
2.927186020737321925e+00
5.888276997560491388e+00
3.023264130042229603e+00
3.004498793476209961e+00
3.006682889830585736e+00
2.985733745664539640e+00
2.901843035038249585e+00
2.844591007508812108e+00
2.870336914022463493e+00
2.905095007052265199e+00
2.930983623290993823e+00
2.867800725294558983e+00
2.833208252141024452e+00
2.750149086867837323e+00
2.705433606651621137e+00
2.826713108895205551e+00
2.877141810894972451e+00
2.889327949541208085e+00
2.877094020013944764e+00
2.931187131521971079e+00
2.856115018692349850e+00
2.765266894894595762e+00
2.776181009948738954e+00
2.761800318632757101e+00
2.776860277363627283e+00
2.825334670441716600e+00
2.775807630222238753e+00
2.777152138432462003e+00
2.738328869949699484e+00
2.789001254929799778e+00
2.853507666013883171e+00
2.835948518573636168e+00
2.732259321513973216e+00
2.776597198010543277e+00
2.755295446953012206e+00
2.725910673518117999e+00
2.764384560801915747e+00
2.818638855901905327e+00
2.842683943036931726e+00
2.901136673788396791e+00
2.916504243096518678e+00
2.893555079828272092e+00
2.894959412496140416e+00
2.857798628315157963e+00
2.810382536239506290e+00
2.805830714779493196e+00
2.755246994372736680e+00
2.733025612759602208e+00
2.814323897492966076e+00
2.855778352743784332e+00
2.838542936085343804e+00
2.928359609064433045e+00
2.929657147176099485e+00
2.930321995958806269e+00
2.958670647436108414e+00
2.918095440522808115e+00
2.889875602859057313e+00
2.821406032459703006e+00
2.844126755262500694e+00
2.927733252876703052e+00
2.912904564176451050e+00
2.933320814367224916e+00
2.917964701637083991e+00
2.998706054284080658e+00
3.006015635355212545e+00
2.954344258883855989e+00
2.934936115147994240e+00
2.954840266410352356e+00
2.979579332724672014e+00
3.023929397323952273e+00
2.980470600425376038e+00
2.941954622355687832e+00
2.913037074944292648e+00
2.875870824637296153e+00
2.835097881908136053e+00
2.825064601031275213e+00
2.803462145276800044e+00
2.723567880556678755e+00
2.769295036647413610e+00
2.754385775449764484e+00
2.755798795267898171e+00
2.798723280354812548e+00
2.806341390494035970e+00
2.790701345540221201e+00
2.756134067856641945e+00
2.793017185768823740e+00
2.789143416893437255e+00
2.695210010370249876e+00
2.783326247495970129e+00
2.846762020260913850e+00
2.890297043557980228e+00
2.861867572058497178e+00
2.766386270931808777e+00
2.753964959835182746e+00
2.787238956386768329e+00
2.761398377634056267e+00
2.849015443973583750e+00
2.988567047934511223e+00
2.964972343884509254e+00
2.914605462150923643e+00
2.957971264228238084e+00
2.947492154357667093e+00
2.983397392235905166e+00
2.882333950117508259e+00
2.832325899327265528e+00
2.906228483791321260e+00
2.869414748690052974e+00
2.844490991372622180e+00
2.865823790814781002e+00
2.869864979402340754e+00
2.894965630193214512e+00
2.888137288980563877e+00
2.934760637598916588e+00
2.893349097499297251e+00
2.879423727067622618e+00
2.842253683259113650e+00
2.943413664437942945e+00
2.902450344105821589e+00
2.885639790410438721e+00
2.810894697422868127e+00
2.847038812520827022e+00
2.777139895648038870e+00
2.793739787453370038e+00
2.712021755074984775e+00
2.771974386606052665e+00
2.793327943511108469e+00
2.835268946678603630e+00
2.949077482874942202e+00
2.958453312121048118e+00
2.813041770041816658e+00
2.889479018785220177e+00
2.853374318241474583e+00
2.911816271676494594e+00
2.910782197279624395e+00
2.861059593926697620e+00
2.789377887630143604e+00
2.732509835297944445e+00
2.752785316729221332e+00
2.752088661362493305e+00
2.761091994121166238e+00
2.802009279071002723e+00
2.806146646203651063e+00
2.751806860955179790e+00
2.765235794647537215e+00
2.807695852474053400e+00
2.798117581517975072e+00
2.823131063199156632e+00
2.827048107125168741e+00
2.805469479427641133e+00
2.793968682716397645e+00
2.813258786532088607e+00
2.854339853626403745e+00
2.863326038019422093e+00
2.867264898819081420e+00
2.812320216476068335e+00
2.913717556661935770e+00
2.836475806348433881e+00
2.818431833484713156e+00
2.889846708737333625e+00
2.858891218637043430e+00
2.849850697843661074e+00
2.886175497089530584e+00
2.925630188523491437e+00
2.902433461769623246e+00
2.879747905633407434e+00
2.876516991084877795e+00
2.791548136787184387e+00
2.805226015849703547e+00
2.870303990869260247e+00
2.978730266405469784e+00
2.883508626656074547e+00
2.946301749651586643e+00
2.876800479699626045e+00
2.840301744533492379e+00
2.874070632395800740e+00
2.809894837889845398e+00
2.774609522076935786e+00
2.726146914603099880e+00
2.835511417716388038e+00
2.857233277140668104e+00
2.905085368797275081e+00
2.822574888289060002e+00
2.765441375260014656e+00
2.788264155348269657e+00
2.879144490990335647e+00
2.893494254357523054e+00
2.832942992719761577e+00
2.756087262769449708e+00
2.723511336491919010e+00
2.742586005944025018e+00
2.733993599114672435e+00
2.834682345519511593e+00
2.883639887364578769e+00
2.950204908137738613e+00
2.952995259054778998e+00
2.897553105639307791e+00
2.844307472830601036e+00
2.825637273253593040e+00
2.846506103980808611e+00
2.869288762045395735e+00
2.901413103989157527e+00
2.921368343773171006e+00
2.903016706806903713e+00
2.912411715400142320e+00
2.911087425688208441e+00
2.825923919711923027e+00
2.913051492850753377e+00
2.901243354150079057e+00
2.870343185056449364e+00
2.889602740862486918e+00
2.907797448241538074e+00
2.741930888990457227e+00
2.700381269376604276e+00
2.758240381112567086e+00
2.798224794400907101e+00
2.824725296378392869e+00
2.824362051862331580e+00
2.796871287707033193e+00
2.770504827644233004e+00
2.812755588386591121e+00
2.829360881895414792e+00
2.832972114229153071e+00
2.920692554857494905e+00
2.930141634801976647e+00
2.900638550388517700e+00
2.832616105299127884e+00
2.746119808020036412e+00
2.784589377269115484e+00
2.829793985434275516e+00
2.750385245742857698e+00
2.744529285688166897e+00
2.795417321259922705e+00
2.834352836186772251e+00
2.915477833906476413e+00
2.911899895257390458e+00
2.869661478293215051e+00
2.898755767566491670e+00
3.008113362225566245e+00
2.942927454083772876e+00
2.999916165495295939e+00
2.962751086406011147e+00
2.960155739146168585e+00
3.028340964950941405e+00
2.965937962938537620e+00
2.962948531446336631e+00
2.966331404277007255e+00
2.851574302030371211e+00
2.827913365009613766e+00
2.765750169483859988e+00
2.712629167431479527e+00
2.703438736128488618e+00
2.755492514959893668e+00
2.759435268311253520e+00
2.806404995719612661e+00
2.843812405908659802e+00
2.883966019217286458e+00
2.810470956975004597e+00
2.802805380328787788e+00
2.790714245493436607e+00
2.727141360472536746e+00
2.772046356033751380e+00
2.790839837754936159e+00
2.745578445428212611e+00
2.826647130435633315e+00
2.920157187550012967e+00
2.938796522388033239e+00
2.966172786605662637e+00
2.863087319660369445e+00
2.846637665738300349e+00
2.901803060167936099e+00
2.877677362040435671e+00
2.875015826043397560e+00
2.950481486130696052e+00
2.947374085520872988e+00
2.834086096081063211e+00
2.790398179471882845e+00
2.899775508552342895e+00
2.959551993123283431e+00
2.857200027999439840e+00
2.847426381840274967e+00
