4.866485692982154276e+00
4.792840180936559058e+00
4.737456912732821657e+00
4.650276873477535489e+00
4.653691223104514663e+00
4.664364694146459378e+00
4.675663054583809597e+00
4.684767016618863522e+00
4.641087372588453164e+00
4.674211056424389277e+00
4.692290805139852417e+00
4.751794292685659116e+00
4.707225191129058572e+00
4.713848958123286970e+00
4.727186372463011210e+00
4.716391205148275034e+00
4.716918591623137758e+00
4.666021217268520260e+00
4.704105547285264421e+00
4.850109380209893573e+00
4.880980536736445607e+00
4.782062107501324100e+00
4.681298324183153170e+00
4.695756595054730198e+00
4.662480884679313320e+00
4.699723715283697700e+00
4.698591491074745718e+00
4.675279349942631946e+00
4.536753244336747315e+00
4.510112415450416634e+00
4.508283598000462966e+00
4.487075439526284626e+00
4.480228007590684847e+00
4.464213368556659844e+00
4.486285100169181028e+00
4.393589079556712740e+00
4.393579633965907227e+00
4.402430465095388712e+00
4.440347171111736380e+00
4.393799039555632113e+00
4.334624435865234382e+00
4.352224603579186279e+00
4.313439578804831420e+00
3.908531693615903357e+00
4.282254196098125298e+00
4.249427608513880905e+00
4.262993314561964731e+00
4.292770317638716193e+00
3.942079273682861817e+00
3.954848796098278108e+00
3.957615570011822292e+00
3.984860097920628341e+00
3.997994122056709454e+00
3.934265115621976339e+00
3.989292042455653498e+00
3.953844331786469990e+00
3.891720056735838540e+00
3.852991565005041696e+00
3.769199517138885014e+00
3.783839584337581385e+00
3.828710226695146712e+00
3.835019687042036551e+00
3.823786997205780747e+00
3.781508429185369113e+00
3.726398126878018413e+00
3.666995227703467197e+00
3.643505043224174678e+00
3.595925193882653748e+00
3.540484853801806775e+00
3.584542927626896081e+00
3.541190336595874122e+00
3.542375615318059445e+00
3.503048101296926564e+00
3.497259784459827436e+00
3.486169674585561484e+00
3.476737982649828584e+00
3.447042935618876314e+00
3.386482097989003126e+00
3.401761455481556951e+00
3.445748249654927875e+00
3.435547409074717340e+00
3.399968529266116590e+00
3.318070825042768845e+00
3.301569778150993617e+00
3.260549186870211891e+00
3.261770531475198798e+00
3.222427190798886176e+00
3.183992619338179342e+00
3.129796319251462400e+00
3.087097990022344529e+00
3.073269594422200601e+00
3.042106013931796138e+00
3.042711126610608829e+00
3.097668962300523354e+00
3.073488897002883302e+00
2.975784098351223150e+00
2.900351013239604647e+00
2.851397026020753955e+00
2.826410267459415149e+00
2.838150982594125793e+00
2.717776480875497391e+00
2.735955226241832960e+00
2.720757798849430920e+00
2.693196242385615946e+00
2.721027379502087840e+00
2.690161705176846496e+00
2.707770669757688431e+00
2.751779242599231345e+00
2.717550367518511756e+00
2.744047557896910572e+00
2.750840598798847125e+00
2.738117784172185765e+00
2.767376194159369973e+00
2.766493267658534982e+00
2.731696359407465913e+00
2.717601516043145260e+00
2.698922748060788912e+00
2.752235091702742054e+00
2.688563371021780668e+00
2.698173456247763280e+00
2.718265623518054674e+00
2.788912691354822559e+00
2.703749988441978225e+00
2.713303152985305111e+00
2.760379865163488766e+00
2.688477078198733938e+00
2.691272189876007026e+00
2.728021077631182845e+00
2.723547319214409956e+00
2.706712396986425517e+00
2.801014994604634101e+00
2.794504965105626848e+00
2.753165632503791205e+00
2.722037655874730788e+00
2.711053669701136482e+00
2.695869062102238090e+00
2.675883779240047389e+00
2.652973803112273821e+00
2.677119347358275281e+00
2.752161514155737621e+00
2.763146937822887672e+00
2.759615009380837591e+00
2.795199813966794178e+00
2.731766278435986184e+00
2.732868273444587270e+00
2.776139225615315009e+00
2.819044164251422124e+00
2.903774612465643834e+00
2.981537019726570481e+00
3.003811745099882469e+00
2.955924559253838346e+00
2.952433064440242116e+00
2.883207588780245967e+00
2.872068592495660155e+00
2.806450783462984599e+00
2.711902284375305783e+00
2.778641574582803475e+00
2.703490706475611294e+00
2.690420413243997277e+00
2.751132312339775066e+00
2.773639846843854340e+00
2.776144268585478248e+00
2.776340396997457383e+00
2.762992942444840949e+00
2.738321566215334180e+00
2.752499591280623825e+00
2.720559868850527696e+00
2.787771870150066889e+00
2.799808029133426412e+00
2.761584689992324204e+00
2.775080719546730190e+00
2.718568741084175677e+00
2.739067176978323026e+00
2.754353826217684986e+00
2.731267288274803473e+00
2.758807894725546106e+00
2.757762317532096219e+00
2.780286675866357804e+00
2.809146845574292950e+00
2.845012653750418785e+00
2.846652244303824464e+00
2.848670742644716647e+00
2.806050961761029416e+00
2.796851622807330795e+00
2.808906370814093112e+00
2.761635747161453214e+00
2.697109749342803120e+00
2.762710806436316169e+00
2.786667185007926317e+00
2.839717063370926553e+00
2.827974186586574845e+00
2.781140233789011873e+00
2.742746980674666268e+00
2.774951170741567719e+00
2.770243852082340030e+00
2.740439745734250199e+00
2.723020565475038790e+00
2.724116370495210937e+00
2.763291515566173917e+00
2.821260179423372705e+00
2.889873526644375357e+00
2.883788653837170646e+00
2.895178750958220526e+00
2.941217435008843584e+00
2.909158641256953004e+00
2.913852947559296247e+00
2.757639932986175602e+00
2.715774106953669165e+00
2.934869843792054844e+00
2.951189929503013509e+00
2.940029591687811639e+00
2.917758557523223661e+00
2.941501997279621250e+00
2.928713540105962743e+00
2.725825746448220510e+00
2.910251879133488373e+00
2.906685569510400136e+00
2.872290201215747629e+00
2.843039394732334468e+00
2.852193717123715722e+00
2.808144939279309860e+00
2.736417548547736001e+00
2.802271400132399393e+00
2.816185540762540018e+00
2.806650851103499988e+00
2.848132897180185807e+00
2.852395835083202602e+00
2.838727531835346873e+00
2.857184103273711084e+00
2.894181404127945001e+00
2.905380525851992690e+00
2.863529465537241414e+00
2.733128793159956160e+00
2.886363109520353021e+00
2.682475162979146788e+00
2.905775627952027484e+00
2.747117944319100946e+00
2.751272251159451621e+00
2.890449964970851937e+00
2.819972694903268184e+00
2.823398838279848722e+00
2.898474253810097157e+00
2.940000340136034840e+00
2.967835911906182567e+00
2.930035665311943482e+00
2.850618353971642982e+00
2.867964783605266188e+00
2.836132930594051249e+00
2.896159008065682716e+00
2.886154188535325016e+00
2.879527912696801195e+00
2.852838235862664718e+00
2.830022084719481246e+00
2.803133068550260454e+00
2.779462537973843794e+00
2.777966882451984976e+00
2.804319703600143932e+00
2.788558946839747144e+00
2.745113658849120064e+00
2.748853761115713112e+00
2.732029831462314373e+00
2.748736073179816941e+00
2.767504471541102795e+00
2.785785706044167309e+00
2.772754226396562327e+00
2.735356101131989348e+00
2.755070416522960475e+00
2.751615707180055992e+00
2.790821742784730386e+00
2.818262230524334555e+00
2.776053493720897158e+00
2.756194477898829209e+00
2.711175022015362313e+00
2.749771808714315924e+00
2.702101034380469002e+00
2.790154296808690759e+00
2.829990812705935443e+00
2.814716149099230513e+00
2.777849527962233278e+00
2.769168828367096324e+00
2.765120069725725660e+00
2.745918243502526224e+00
2.740535166714705539e+00
2.733836315509763804e+00
2.746274567482282603e+00
2.778945123603559164e+00
2.717520561099768361e+00
2.780869288549895568e+00
2.784843442637305877e+00
2.848067766047710947e+00
2.847813547267447287e+00
2.847814776280227278e+00
2.864998603839101321e+00
2.906688321784776541e+00
2.757914066826593125e+00
2.732331422064314452e+00
2.737913073857532797e+00
2.740114596143745640e+00
2.757271296046146958e+00
2.780559655896632343e+00
2.792434063679928524e+00
2.815859371488568907e+00
2.787705149401564775e+00
2.730913766489158512e+00
2.742541339706659365e+00
2.749211705198419065e+00
2.754346020383060090e+00
2.748989996344112452e+00
2.762744468820813815e+00
2.784015984149516676e+00
2.821828308030096988e+00
2.775999459654125978e+00
2.692809128029685972e+00
2.770678436773203135e+00
2.808082085694789232e+00
2.801111743576111035e+00
2.770865929632829072e+00
2.736633881249006084e+00
2.775270076947466968e+00
2.766168649956108894e+00
2.731170078922219080e+00
2.787284162047350300e+00
2.832850860882019539e+00
2.871074711671571578e+00
2.844812296092661619e+00
2.888894944438098022e+00
2.880077255908251033e+00
2.905689074901166791e+00
2.844648660203927815e+00
2.805943156943846439e+00
2.784357376487436309e+00
2.789912364215048068e+00
2.781430207644980168e+00
2.798152426155515737e+00
2.794619473202031745e+00
2.733132634908155723e+00
2.740692613191052729e+00
2.831666823621734164e+00
2.797759996854626507e+00
2.780867670350389176e+00
2.826950653973288041e+00
2.860241073755847019e+00
2.842014426423624229e+00
2.839281951479986077e+00
2.870648358820703905e+00
2.902489104200048686e+00
2.851727546593467721e+00
2.836074928488315106e+00
2.850021929740190529e+00
2.858348124354344488e+00
2.850074560428200954e+00
2.820211694181839590e+00
2.810958733243873020e+00
2.810958199618059261e+00
2.770095485718858885e+00
2.768160761227569822e+00
2.808429276303748612e+00
2.793464873593366260e+00
2.749685982071407686e+00
2.770597047569350213e+00
2.793017364786692713e+00
2.867707621079945479e+00
2.743577591394127158e+00
2.730394476994121078e+00
2.777773568885700151e+00
2.741728287048152968e+00
2.684453575683513282e+00
2.869593873704082476e+00
2.911644724206578161e+00
2.893832407033966714e+00
2.941412415830191307e+00
2.901973983343061558e+00
2.931026100190852635e+00
2.868245805366060441e+00
2.878637524941269898e+00
2.855518691936720810e+00
2.893629900315518810e+00
2.911478833857461090e+00
2.899493748915489277e+00
2.858247540014685395e+00
2.810691907698173786e+00
2.771436811475231909e+00
2.781316774479311693e+00
2.755131394325867511e+00
2.723294328566047806e+00
2.748047670619998772e+00
2.765524000980646324e+00
2.731721435285816568e+00
2.812727146383026344e+00
2.771856056868754692e+00
2.746514518439689301e+00
2.751745809481682237e+00
2.740390665580365592e+00
2.772587960732715295e+00
2.750277258750469578e+00
2.768654005107897831e+00
2.757160858564476680e+00
2.735171475428917365e+00
2.738771074770580238e+00
2.748920151623178487e+00
2.758420200042045689e+00
2.914742527222601520e+00
2.982379922142717632e+00
2.971610337847141459e+00
2.881970332949316926e+00
2.939821423148011537e+00
2.973445308055959746e+00
2.956740773216346430e+00
2.959963682209631131e+00
2.913585076842617028e+00
2.911385580784517035e+00
2.914216532792304637e+00
2.818446380543720320e+00
2.780068704187002027e+00
2.809485718063005510e+00
2.796010908419350294e+00
2.790781073463126205e+00
2.814077113371273420e+00
2.809832023449089000e+00
2.772957446482004595e+00
2.752006722375510250e+00
2.824431270185203235e+00
2.896701745088714031e+00
2.865545323319803828e+00
2.910279196228430898e+00
2.884751809081675944e+00
2.818055003011829207e+00
2.788189555966380517e+00
2.804355540939843294e+00
2.783776212269945205e+00
2.848212421853397736e+00
2.826950653973287597e+00
2.850570820028858421e+00
2.839994366191595621e+00
2.794721810842717868e+00
2.764031295047145953e+00
2.731203946980158559e+00
2.725743201403976634e+00
2.738542312983314186e+00
2.799560144022628094e+00
2.771257115462222309e+00
2.859377729506893395e+00
2.885028422736941156e+00
2.869785532056359223e+00
2.914681114633297820e+00
2.852953031509632531e+00
2.854326015016505291e+00
2.896967552458950212e+00
2.911606772900489748e+00
2.889978892656484444e+00
2.923078856274664350e+00
2.931481025011077435e+00
2.881010413032205619e+00
2.817288945067580652e+00
2.780783702483887510e+00
2.766668935742041313e+00
2.799894998031176030e+00
2.760411020120010939e+00
2.765294920980400750e+00
2.819541274746656168e+00
2.765176667050407211e+00
2.725304570135235416e+00
2.805792223241058370e+00
2.888392459483302144e+00
2.895913327432297457e+00
2.855734931676958244e+00
2.889339197809769555e+00
2.882895939849373423e+00
2.859995104890916018e+00
2.898886165409052751e+00
2.939508972600696435e+00
2.875778155560682947e+00
2.878929488542573356e+00
2.935448177025103078e+00
2.923019158336120249e+00
2.906523696789689026e+00
2.890436126261917149e+00
2.859800342681285912e+00
2.771498511635898332e+00
2.792085600406978507e+00
2.876091966540708089e+00
2.899648599399589521e+00
2.876733564305182345e+00
2.927677236308674491e+00
2.904105542159238329e+00
2.858592310911089562e+00
2.880984206829325878e+00
2.877441398186937782e+00
2.875472482914764871e+00
2.793663007594151093e+00
2.833462369610721066e+00
2.789424492614918538e+00
2.738478592211376128e+00
2.677419093081992330e+00
2.767368063702405845e+00
2.827092499371040901e+00
2.832424050173278918e+00
2.769061032191237004e+00
2.762335424962000907e+00
2.771058642468614774e+00
2.772651799270871464e+00
2.720987137051551930e+00
2.807534505576022354e+00
2.837620129615661568e+00
2.775668207837528545e+00
2.812283947257104622e+00
2.790708870520177243e+00
2.740021897722716648e+00
2.791852431630296394e+00
2.726990098991926903e+00
2.718212831990902245e+00
2.726342054841981888e+00
2.710985982995854027e+00
2.783339540911241361e+00
2.775889947386243062e+00
2.752041605790145340e+00
2.759248267191627857e+00
2.743589801701412867e+00
2.787064584827556146e+00
2.789272844309068411e+00
2.781238932562249300e+00
2.785628474868822035e+00
2.800044285364072572e+00
2.732554116572990743e+00
2.781670001995204533e+00
2.818148505668216064e+00
2.884705877554937015e+00
2.876935174799738260e+00
2.906175665716028256e+00
2.926946190144260385e+00
2.908695412036124139e+00
2.923483880578102490e+00
2.855563867259844901e+00
2.798936583776059361e+00
2.796085477949485032e+00
2.854639907238739394e+00
2.876333429906901884e+00
2.871512841691640450e+00
2.830015901015399127e+00
2.880976396987660948e+00
2.909321742262275023e+00
2.711576663124242614e+00
2.910868255349252642e+00
2.757788425532313958e+00
2.896387059769464312e+00
2.747062613046888924e+00
2.942572174136090624e+00
2.867076908630111998e+00
2.862759158574119223e+00
2.853161229233286189e+00
2.849896489348341166e+00
2.825349535898169506e+00
2.820994682731607028e+00
2.838544169112047211e+00
2.796757586920969096e+00
2.746721864332099194e+00
2.716760202888727882e+00
2.732910719361318908e+00
2.734363911406087588e+00
2.733302215270020596e+00
2.772228165212957673e+00
2.802426270216578530e+00
2.852142703302203319e+00
2.880970149099084665e+00
2.743291635973106324e+00
2.863546926453275354e+00
2.776966150315844928e+00
2.783434030114598556e+00
2.809850173941664142e+00
2.871046150795908414e+00
2.904551772649267338e+00
2.868046199070021895e+00
2.875928719561734681e+00
2.879764920961431773e+00
2.867040460126086376e+00
2.843832273535132238e+00
2.759018847344106184e+00
2.773747284811649561e+00
2.804350548701071144e+00
2.861793318882409842e+00
2.876321435444932906e+00
2.843931433772622253e+00
2.839760905428482918e+00
2.856431515020096068e+00
2.878643777892638145e+00
2.783480016094960430e+00
2.774842337863541175e+00
2.800780783995776790e+00
2.743464597912646852e+00
2.772727718330813662e+00
2.763725203416576459e+00
2.758305458066600657e+00
2.732214852459447396e+00
2.777293286637189329e+00
2.742478441118543664e+00
2.757990935445582714e+00
2.778693577924705060e+00
2.767227312672379647e+00
2.804524380354001867e+00
2.807725235844846789e+00
2.862705887792178050e+00
2.813577615776753138e+00
2.771008119800445257e+00
2.778712471631420655e+00
2.742639969080885809e+00
2.726381117892361150e+00
2.743774043174838528e+00
2.773483910175070566e+00
2.852984752850950212e+00
2.758208295252554176e+00
2.770620327652275172e+00
2.853257261446993986e+00
2.892117736192632904e+00
2.856572771696880952e+00
2.817353013024814334e+00
2.831453690244641663e+00
2.863880933279175256e+00
2.728564824225365726e+00
2.763083422555316027e+00
2.783925645558803730e+00
2.783125940377114915e+00
2.766412297543516807e+00
2.812698526326630422e+00
2.817377149051933927e+00
2.761124046470929461e+00
2.856009103626947265e+00
2.747815677952217150e+00
2.749701983852068210e+00
2.841082012191833872e+00
2.756598265979284701e+00
2.719821317660408688e+00
2.871038139767565500e+00
2.861128623463125908e+00
2.748689324023360747e+00
2.728341804100065993e+00
2.791682646720432981e+00
2.801457477814003560e+00
2.786870108203825414e+00
2.760174269860510066e+00
2.765352961196816395e+00
2.842788243960495453e+00
2.753750896504620016e+00
2.872981900395475741e+00
2.864629120846187593e+00
2.851024377307216362e+00
2.836721523167192505e+00
2.806757025465510758e+00
2.806549661060711909e+00
2.813860159993740950e+00
2.833909666873663635e+00
2.816955981196723968e+00
2.735427023336576280e+00
2.816841848595692976e+00
2.804538108138308505e+00
2.810770179150191339e+00
2.872407004586919665e+00
2.828019271504351284e+00
2.827617725223832146e+00
2.801823691812174388e+00
2.858145902503928415e+00
2.893183367849330612e+00
2.845357271064567595e+00
2.758040246261827200e+00
2.781670541239562144e+00
2.723550990894057389e+00
2.745315100311801704e+00
2.740877596683223061e+00
2.797702092789723594e+00
2.747796753764732536e+00
2.704874303918760603e+00
2.750854049199993323e+00
2.785205557943614796e+00
2.712714139012807557e+00
2.761015030745033183e+00
2.733365873790042144e+00
2.719871136653353005e+00
2.726026228780640714e+00
2.705870285139330367e+00
2.788056312200311471e+00
2.847955231389707187e+00
2.840405076745216917e+00
2.802242494860142763e+00
2.767070111146444855e+00
2.760138764627604324e+00
2.734151056543877356e+00
2.778634376811746520e+00
2.740822686712877321e+00
2.748714244878867508e+00
2.776023955228052120e+00
2.771959956420727345e+00
2.766585982759256268e+00
2.797360362913580811e+00
2.792853200581799644e+00
2.750949108944038546e+00
2.741874358901224884e+00
2.816261529048749157e+00
2.875261901114401386e+00
2.936301074481293405e+00
2.905463474215431052e+00
2.925339467480654765e+00
2.860931841201394210e+00
2.845521744777220974e+00
2.825768568018265370e+00
2.860897411652504552e+00
2.865117973138278984e+00
2.895376659434830469e+00
2.897462683107411507e+00
2.832970525790905914e+00
2.848828706679290335e+00
2.875132344779975035e+00
2.866208994473362193e+00
2.827530017524128692e+00
2.787412240770998473e+00
2.822815792785636102e+00
2.759483103771429136e+00
2.748095704301435571e+00
2.749896179858432266e+00
2.777658006306752192e+00
2.808163456780962353e+00
2.819132845397676945e+00
2.761065374090225788e+00
2.739995985398518741e+00
2.720303108111299828e+00
2.742983412272119725e+00
2.736684490400747460e+00
2.800903247168669452e+00
2.834341722516887874e+00
2.763390851834028883e+00
2.788432713909374527e+00
2.770953085131540039e+00
2.747050418175829289e+00
2.767542953596204391e+00
2.788127866508277819e+00
2.845413502463218780e+00
2.833061065349633534e+00
2.844297101218506985e+00
2.777117570431615778e+00
2.775761156872111446e+00
2.717799661490890806e+00
2.783421994595860482e+00
2.815394998929990233e+00
2.753203588549165026e+00
2.753596012489849532e+00
2.730679219534949187e+00
2.776975513035719878e+00
2.783583841022217786e+00
2.691877040282486533e+00
2.770836155387033983e+00
2.776203522798715628e+00
2.800522986872273190e+00
2.827949787390151126e+00
2.848324770808272621e+00
2.862403535492506368e+00
2.815322006449705761e+00
2.757689975323550424e+00
2.755549128576734397e+00
2.734130391916230529e+00
2.755145005258343716e+00
2.750806427213663419e+00
2.744346552460165789e+00
2.748129181825337497e+00
2.724605843053266696e+00
2.738198130157859733e+00
2.795345595807430694e+00
2.796615990800309426e+00
2.780748460396949007e+00
2.769975270647735854e+00
2.755759242023874567e+00
2.754943738082503923e+00
2.803220647755007011e+00
2.813807029630853052e+00
2.740214590137057371e+00
2.783878409701113554e+00
2.782300487007110412e+00
2.756903697991644364e+00
2.802813943164975452e+00
2.811885666238938875e+00
2.785035906411262197e+00
2.713386997831308101e+00
2.694194684873385093e+00
2.717567110486878601e+00
2.753090082071416589e+00
2.890988412290855791e+00
2.846574959490791645e+00
2.861437750502358490e+00
2.847275188667228285e+00
2.865298762781989694e+00
2.863118754086180662e+00
2.898040372389591113e+00
2.725759710612804643e+00
2.861920509028858639e+00
2.826179930577669364e+00
2.848555598895693208e+00
2.878494745522388598e+00
2.908023039798688369e+00
2.851239204275923367e+00
2.879577399550149241e+00
2.878041869049163815e+00
2.868490369514947513e+00
2.865941032191695825e+00
2.887453722572882686e+00
2.905424581709186160e+00
2.940654518980426069e+00
2.864349140729880006e+00
2.828205084501475675e+00
2.835925598459875463e+00
2.861478813480890171e+00
2.872074337478053074e+00
2.828341386749485320e+00
2.803655649326428634e+00
2.752294497324005551e+00
2.746781753252340419e+00
2.806175511260833311e+00
2.837565505851803227e+00
2.794684060855537666e+00
2.829185218397692214e+00
2.851803289148815423e+00
2.821009393816334310e+00
2.890631764856949282e+00
2.892448962384643441e+00
2.836237648717046422e+00
2.893425132952293310e+00
2.853013494535208139e+00
2.859851219906378361e+00
2.912528798140887609e+00
2.885912160825411465e+00
2.912258401996635993e+00
2.928404855889977565e+00
2.904876073088144217e+00
2.880595077410221805e+00
2.849420116444747464e+00
2.745880550934435504e+00
2.705066542619607883e+00
2.699765360174843032e+00
2.780645428672990693e+00
2.846837016760882300e+00
2.904479815732931236e+00
2.885920823584735562e+00
2.794202032781452072e+00
2.794330331224281316e+00
2.788234208240047529e+00
2.849035099818884476e+00
2.875663923340138428e+00
2.838842898083653754e+00
2.822694103157477929e+00
2.813015463875021105e+00
2.815552876434751273e+00
2.850821811337916678e+00
2.900434105440081289e+00
2.881418747769923794e+00
2.873925016419183187e+00
2.895571446191580023e+00
2.861888362602566183e+00
2.875636451292130857e+00
2.895427602272244272e+00
2.893525358451175311e+00
2.927923154729304311e+00
2.904946298987297837e+00
2.904243274934109831e+00
2.928351242593688397e+00
2.955646460590305669e+00
2.927487660093548438e+00
2.899146081176317669e+00
2.880987677863270591e+00
2.842299948984976510e+00
2.800497991429381717e+00
2.839566516213345881e+00
2.863800796144871263e+00
2.852108518272052251e+00
2.853018226370101385e+00
2.743375657834705272e+00
2.713419429428484353e+00
2.793169883841654322e+00
2.810239491573628179e+00
2.804370874189075380e+00
2.739727358698306414e+00
2.729128981928116815e+00
2.825320689762491178e+00
2.856917219661780472e+00
2.817336863067673391e+00
2.772407257240537604e+00
2.789942293310025079e+00
2.769423405692961193e+00
2.723392369821139525e+00
2.760169197712342815e+00
2.837091644624825548e+00
2.902289785669239119e+00
2.903179808416971763e+00
2.921178871620154549e+00
2.935846045009853356e+00
2.892469533115258340e+00
2.883661041107293599e+00
2.834014996431740929e+00
2.923548699782509086e+00
2.905163162371435792e+00
2.902674628683001412e+00
2.918558890959713992e+00
2.924393441382332259e+00
2.883937932757915323e+00
2.956428588686017989e+00
2.934802548724529725e+00
2.870131355879029567e+00
2.879540414718987584e+00
2.945270106458829140e+00
2.960346939127236343e+00
2.917721542573930904e+00
2.885757266299437962e+00
2.862430610512681106e+00
2.774860537036050179e+00
2.744344366146493908e+00
2.744332705777490222e+00
2.715058378746210366e+00
2.751514673775155462e+00
2.737655201079931544e+00
2.750440328383802147e+00
2.836196925461982765e+00
2.902375923273895708e+00
2.902292369834575947e+00
2.850469961252003248e+00
2.884921662714604818e+00
2.853885246466647985e+00
2.869792501209799784e+00
2.825794578521234168e+00
2.836608185844495367e+00
2.909138360408455526e+00
2.923722798077819984e+00
2.891367496531701331e+00
2.885168106020860712e+00
2.914145500828673185e+00
2.879881247551711265e+00
2.841834090864560292e+00
2.807374218019393464e+00
2.804813719304724007e+00
2.790165048881517507e+00
2.752387509054639025e+00
2.725838769993559563e+00
2.733493369298706899e+00
2.741655521760529624e+00
2.740015693385714712e+00
2.774363710835333396e+00
2.844480444650657081e+00
2.823111404107176980e+00
2.839987676029598784e+00
2.831362569506067128e+00
2.817099749742631332e+00
2.829488999801907489e+00
2.799272405465392133e+00
2.790015949775197956e+00
2.772141410534462391e+00
2.767217013535439474e+00
2.774151041309755428e+00
2.877065518892470308e+00
2.861347584618129325e+00
2.845069243445579321e+00
2.832048375293049869e+00
2.823726969804269071e+00
2.851254285397919030e+00
2.842839777405683943e+00
2.749182242049442504e+00
2.788304323419521946e+00
2.822569396843946254e+00
2.815539379941257359e+00
2.720356410472716036e+00
2.735818890204540388e+00
2.713792364938777180e+00
2.764531967621282504e+00
2.793785961737226486e+00
2.715167950606371061e+00
2.740978839757796770e+00
2.823217667839303946e+00
2.773897438623137202e+00
2.724668420193547380e+00
2.739820067084698163e+00
2.799991964274183509e+00
2.794525183282484004e+00
2.763772240977899752e+00
2.764775036056279500e+00
2.790515722944416410e+00
2.795309821826553964e+00
2.781439016049067181e+00
2.781537164950344643e+00
2.748838663872436250e+00
2.780972671566551480e+00
2.769047670228882208e+00
2.717759003296649656e+00
2.744640049259647441e+00
2.738905803418584473e+00
2.811573936427779863e+00
2.899559276855709022e+00
2.935721546741107080e+00
2.911166432892492661e+00
2.933466209111671219e+00
2.871653530633526685e+00
2.867565692359985707e+00
2.896874350053864955e+00
2.778114468483975585e+00
2.761426805113617711e+00
2.751109049092746783e+00
2.824247510399894079e+00
2.839956865869621705e+00
2.800860225002312021e+00
2.828553340490505885e+00
2.887723324697156091e+00
2.865877003641293275e+00
2.829277116155290983e+00
2.801788892832576927e+00
2.808901920680036302e+00
2.793104903149897567e+00
2.773278925748364099e+00
2.780183806873207430e+00
2.760771993482982190e+00
2.774320998010143757e+00
2.823837282847578845e+00
2.828197482496581650e+00
2.798339864991384207e+00
2.847936270354376909e+00
2.846957323178554322e+00
2.850754636933876984e+00
2.784961938698624184e+00
2.816596705245534071e+00
2.824362759986754678e+00
2.881881503462624838e+00
2.895430019876149341e+00
2.904328838131109425e+00
2.791753570786648098e+00
2.825579409607877679e+00
2.867578420898023506e+00
2.803415238597378956e+00
2.814815446881020478e+00
2.769202412247974365e+00
2.767833810039901810e+00
2.780798806098707665e+00
2.755688843102573227e+00
2.779414686584209537e+00
2.747174184503050398e+00
2.711523188173024401e+00
2.720489110435841962e+00
2.756376244274355791e+00
2.732678905396680680e+00
2.768429518698281466e+00
2.833893964141918964e+00
2.833572656559207203e+00
2.907910246207747296e+00
2.913020597249528887e+00
2.939649809075903342e+00
2.969827099344336752e+00
2.870593144282205689e+00
2.801945217166102786e+00
2.778384602606341680e+00
2.806700732176481861e+00
2.839898765801344815e+00
2.789158295973894752e+00
2.812250877855672293e+00
2.788182562171996004e+00
2.764628365621680128e+00
2.762197856779995853e+00
2.718304066876993552e+00
2.698802882761170530e+00
2.701251746875881210e+00
2.764699802871913636e+00
2.735874448873705234e+00
2.717967623059553528e+00
2.762822650840983663e+00
2.780392778008172083e+00
2.776585132856545179e+00
2.762996923632018653e+00
2.835000352733663576e+00
2.891434937881188993e+00
2.823994865434425350e+00
2.839741009317576115e+00
2.819766125053636330e+00
2.816180747040217813e+00
2.840054400887419561e+00
2.850008596478262657e+00
2.829466557498073964e+00
2.903096450344011537e+00
2.706725327771549505e+00
2.893514817656892557e+00
2.809991636998231179e+00
2.775683339287822626e+00
2.815111010244533585e+00
2.842587025932539646e+00
2.874673372750371936e+00
2.830003180210227676e+00
2.862042277814916602e+00
2.873325773385259296e+00
2.877478931286900021e+00
2.929140488266140263e+00
2.930620582743524771e+00
2.770073103728492026e+00
2.754130534306607814e+00
2.748351687830362433e+00
2.678694644785030388e+00
2.741702026114435142e+00
2.794978711904618773e+00
2.797715675332288487e+00
2.846411600594684899e+00
2.862140981852570931e+00
2.835279527665659050e+00
2.758573000665380359e+00
2.720794736837014671e+00
2.743221828434587284e+00
2.801781932984792167e+00
2.844400288285739542e+00
2.832236042423017963e+00
2.770439134866528708e+00
2.821628253331752934e+00
2.860658840197481734e+00
2.821801906583805142e+00
2.822674795296121086e+00
2.850716050398566015e+00
2.818764800404602866e+00
2.857162578503365413e+00
2.925706923121316194e+00
2.916705161650727796e+00
2.906766760509002623e+00
2.883468224205011587e+00
2.877562162664779599e+00
2.855493652593190212e+00
2.856454095552735772e+00
2.791873385381220540e+00
2.813126552432364313e+00
2.813336275669867437e+00
2.753222838783667914e+00
2.759250260487438933e+00
2.751029807181303521e+00
2.803582529550360913e+00
2.769598707394267390e+00
2.831167603657543275e+00
2.928616396867298910e+00
2.917379817576038370e+00
2.918085159826559583e+00
2.913882976373622924e+00
2.892848768947315907e+00
2.924323340535379234e+00
2.861309315680498511e+00
2.802912235515054196e+00
2.877733483142592696e+00
2.878068970681557648e+00
2.898749040534554400e+00
2.844025843764433681e+00
2.838204538083891837e+00
2.819069882071036037e+00
2.872192368209343982e+00
2.842828345152059732e+00
2.877250597358527173e+00
2.837953135624335488e+00
2.829741507629274899e+00
2.874324442369024180e+00
2.822473383399744851e+00
2.728622729510255862e+00
2.672721085336066338e+00
2.701439801291155796e+00
2.700289243766304192e+00
2.815328577626420525e+00
2.876669775973599741e+00
2.936070843831940280e+00
2.751750533751197825e+00
2.752953686497467967e+00
2.789947311330448709e+00
2.886505499734930424e+00
2.901968125255685482e+00
2.960367713646397281e+00
2.937427105478534362e+00
2.838960020852706823e+00
2.790306793168092270e+00
2.752145708351939390e+00
2.793315771623394728e+00
2.790722307933915403e+00
2.794899103724497458e+00
2.793330091485788369e+00
2.743731218614534839e+00
2.766637489805992445e+00
2.751663860285264107e+00
2.785033213446475475e+00
2.822883809156869983e+00
2.812936188398166060e+00
2.813226084053679799e+00
2.772333313294056190e+00
2.843547784019111013e+00
2.898035714065649415e+00
2.870439339195308026e+00
2.905566209880614537e+00
2.876156636902795771e+00
2.855125391291947867e+00
2.883144984214286666e+00
2.872737718623125325e+00
2.843702691914188563e+00
2.749104217740753420e+00
2.703577074913900091e+00
2.811231047068169620e+00
2.787280753709608039e+00
2.778700595602195733e+00
2.778076492827366462e+00
2.761011771072336085e+00
2.753279135866903093e+00
2.759395042396068476e+00
2.792485810169856641e+00
2.794873521288575358e+00
2.855913864247308975e+00
2.912786638255538296e+00
2.875731037492901709e+00
2.884084776839960007e+00
2.772486248838756495e+00
2.735710876536480818e+00
2.725596265040000077e+00
2.752094838482133099e+00
2.766793812339474190e+00
2.776832908188751503e+00
2.797162133305826526e+00
2.738691110731548584e+00
2.724802561654697364e+00
2.827273598362917806e+00
2.792867164760973964e+00
2.790351411560917150e+00
2.768269134314797597e+00
2.794625198483688955e+00
2.793767706879008994e+00
2.822710045328779671e+00
2.797058812395620375e+00
2.790542778743949182e+00
2.730348512552930540e+00
2.739713488669937469e+00
2.773636241470752051e+00
2.780296566915119616e+00
2.844579582293313980e+00
2.891345188662191035e+00
2.871206192526061240e+00
2.824632719487615073e+00
2.788350229078118581e+00
2.758889088020756386e+00
2.743625703334913624e+00
2.758648400938401579e+00
2.793963135046702906e+00
2.791298085120970995e+00
2.722790664006324413e+00
2.689163066829529214e+00
2.714771813615280305e+00
2.813209910404838698e+00
2.870955241727045859e+00
2.822714650828169969e+00
2.807884078803823513e+00
2.788774103436848506e+00
2.773657873639068683e+00
2.789262985091222724e+00
2.844202172842148713e+00
2.872398649212884347e+00
2.895904349249124543e+00
2.874881041017176564e+00
2.832700654852185806e+00
2.864291535441181757e+00
2.830763501248382052e+00
2.813132595524071800e+00
2.819578869263989596e+00
2.818728259339661424e+00
2.771859664557352776e+00
2.754852809135181602e+00
2.778674684089520674e+00
2.774045601643923664e+00
2.777243417491524369e+00
2.788018651300596673e+00
2.745177954158891431e+00
2.752901923425533415e+00
2.819339461647000444e+00
2.871986420580710853e+00
2.902400730429897102e+00
2.854268732968217925e+00
2.803167672473410921e+00
2.835572957975160957e+00
2.850016315742771145e+00
2.863656753174165459e+00
2.872862857847551243e+00
2.882029319767582809e+00
2.904762468774340523e+00
2.941164905271378860e+00
2.975437782915313800e+00
2.941053382718511688e+00
2.949162253929071831e+00
3.005264880172794584e+00
3.020971532470970722e+00
2.996352115489766987e+00
3.014511071467477876e+00
2.975981518759819533e+00
3.005472508608256099e+00
2.978848938768128285e+00
3.009793016139150179e+00
3.021589647850945415e+00
2.981403863954027234e+00
2.919908217735619704e+00
2.843304591492089362e+00
2.826789875459440715e+00
2.801983047771702484e+00
2.823420089182620885e+00
2.789994623650733363e+00
2.780331095391337826e+00
2.762922546869527984e+00
2.719287222784676050e+00
2.804017474981209457e+00
2.837481277471271213e+00
2.821124952922149376e+00
2.752444913163567097e+00
2.766881638234639063e+00
2.709403255331328086e+00
2.727475206120121509e+00
2.816631498794260224e+00
2.779606267081724980e+00
2.770346368236289880e+00
2.746832539489802549e+00
2.796413596019015291e+00
2.842494151269268521e+00
2.908196692110077919e+00
2.915679852109966497e+00
2.883816394987725129e+00
2.892860176365252833e+00
2.930090954219681354e+00
2.949619975522270732e+00
2.962954268968726712e+00
2.911446032472523981e+00
2.882205058631325034e+00
2.872933344162373448e+00
2.887765399058586535e+00
2.873581215139046741e+00
2.885266192225597770e+00
2.898670212356003528e+00
2.914499270886853566e+00
2.898619326507017924e+00
2.913243038265087570e+00
2.897661643463570247e+00
2.892428218642598914e+00
2.834228466443733829e+00
2.820254421147141421e+00
2.812880018770796742e+00
2.876619196209327711e+00
2.902750592110868944e+00
2.906401383154088691e+00
2.814096835576203048e+00
2.752386237431077465e+00
2.761727720105659145e+00
2.767310246430638720e+00
2.783367385021244367e+00
2.801233656801945138e+00
2.857747014695317667e+00
2.869792675438418872e+00
2.912726901032775206e+00
2.977553022197926058e+00
2.912864912762004543e+00
2.952191558825409512e+00
2.880539532795896474e+00
2.799340100809475373e+00
2.793238443097903811e+00
2.780130392625497215e+00
2.754309532351075784e+00
2.784525273722614713e+00
2.798592860706966334e+00
2.784973249422694419e+00
2.775869233231277544e+00
2.762811068459079866e+00
2.792684908828777957e+00
2.746326455467375638e+00
2.759922643843482959e+00
2.739181447075019982e+00
2.703964681722008212e+00
2.735011700157789161e+00
2.744095843807208723e+00
2.746198463330718376e+00
2.776054214168016454e+00
2.777576281580759421e+00
2.828959879531698363e+00
2.856248938730657105e+00
2.853707938805230437e+00
2.847301353913912703e+00
2.845541424755577697e+00
2.802245349715117850e+00
2.772936530106666186e+00
2.726527828576117862e+00
2.748988177493675522e+00
2.759644542327870376e+00
2.774203669523922500e+00
2.789362113458918380e+00
2.752236363396137975e+00
2.768254865434178313e+00
2.702547131873928699e+00
2.689257518349628118e+00
2.740873218519966237e+00
2.752335916998504661e+00
2.730975283666991160e+00
2.799050731944670911e+00
2.876983315905742078e+00
2.870168461954803352e+00
2.804047253524804439e+00
2.813522169807802342e+00
2.737844955434840077e+00
2.788837212889988315e+00
2.783622639655023434e+00
2.870375585180448219e+00
2.907312676682713093e+00
2.791174304840168929e+00
2.732668659021799229e+00
2.673746622251255811e+00
2.710453467595413279e+00
2.743502505921946444e+00
2.770552832919813024e+00
2.773801362751125765e+00
2.790263966007517471e+00
2.743014582535061585e+00
2.710940427231849359e+00
2.766743031074624604e+00
2.731066092206484441e+00
2.753637594165216029e+00
2.830986577149386729e+00
2.791232523456260051e+00
2.847401271334969675e+00
2.902914914357636267e+00
2.856920194895195220e+00
2.860851971004441552e+00
2.873773999464815709e+00
2.814010838642949874e+00
2.874359406893994606e+00
2.916500985770449361e+00
2.829683374513833893e+00
2.838888691019779476e+00
2.833654354362931116e+00
