4.848606191473999516e+00
4.459242648701682299e+00
3.833764338088609946e+00
2.620299410372791904e+00
2.732099192928397091e+00
2.952783771291084935e+00
2.820398730676214161e+00
2.811983997109514188e+00
2.818621826354149373e+00
2.775260348147539080e+00
2.815451118382274576e+00
2.974769402827722065e+00
2.734315453637345072e+00
2.757007616964450847e+00
2.816769248625097699e+00
3.054084641918098253e+00
2.768263535142563292e+00
2.768131138512047063e+00
2.717294978466636479e+00
5.648927508828556654e+00
2.929318862807529733e+00
2.734006766633908736e+00
2.858881424613480160e+00
2.962569830400626714e+00
6.055169939811763768e+00
2.784207966370328524e+00
2.716578914738167594e+00
2.793429075527066097e+00
2.779083482013449569e+00
2.892405400354521650e+00
2.764973960094380345e+00
2.718238032255453795e+00
2.916303482149963155e+00
2.857035001535682905e+00
2.772210129120806776e+00
5.884949022718887868e+00
5.785730204563638956e+00
6.104986568371793432e+00
5.985537736912198703e+00
2.782609566575950488e+00
6.160155923351291030e+00
6.119704649735965951e+00
2.759714659163153616e+00
6.100794866244890535e+00
2.759561015813928542e+00
2.960006925667573618e+00
5.906978415399874116e+00
2.913702284036583379e+00
2.825596928084400439e+00
2.740015693385714712e+00
2.548902705087034093e+00
3.007759465116850439e+00
2.771731949521814453e+00
2.756756246025390045e+00
2.812197183698184499e+00
2.791470759295178627e+00
2.862939922527191428e+00
2.881597647139516827e+00
2.916944291548948520e+00
2.846018095515205459e+00
2.820932647193122644e+00
2.890439931913479477e+00
2.752381332591833818e+00
2.830413750673212103e+00
2.717648983956537201e+00
2.694053080397637689e+00
2.953901995666071478e+00
5.997931810215917814e+00
2.976769053856882508e+00
2.760823246787088348e+00
5.834580447641458889e+00
5.560144422584722967e+00
2.993880926155882083e+00
2.998756075441948443e+00
2.917661563649903922e+00
2.954825544765714795e+00
2.717335827607621823e+00
2.873843767500244617e+00
2.768168166856919576e+00
5.544856445391530997e+00
5.915904664546244085e+00
2.885232399651715962e+00
2.794237105186315961e+00
2.856612679380948538e+00
2.891361271097058872e+00
3.005719381445979721e+00
2.807165474281842599e+00
2.728267582184709550e+00
2.788396133980966418e+00
2.866933204663129064e+00
2.735643434367863946e+00
2.972229802690229405e+00
2.989640948341456106e+00
2.582616115492196052e+00
2.955935892403622756e+00
2.805121387747774531e+00
2.816227441099173667e+00
2.767415039346285077e+00
2.903221314333442660e+00
2.772972051788477721e+00
2.711796636918041958e+00
2.752182588419598286e+00
2.750198174677599194e+00
2.483022553260441079e+00
2.839267687274308560e+00
2.715281569193147337e+00
2.875575246798455886e+00
2.875080694519720925e+00
2.871035701624067293e+00
2.882303419142405065e+00
2.854974080442763018e+00
2.993035248706569895e+00
2.987853075370340505e+00
2.847114504195431994e+00
2.883484177171776963e+00
2.739208097242704643e+00
2.744878503686456472e+00
2.937489574449584140e+00
2.790790210675105687e+00
2.769575599257040999e+00
3.095894862555897742e+00
2.697167959174956664e+00
2.737372828096311661e+00
2.736167575277508313e+00
2.847400744538780337e+00
2.656032002819243676e+00
2.853572848202757584e+00
2.778947642543845742e+00
2.746875679749631427e+00
3.018018389606000884e+00
2.719182965524754803e+00
2.949525216030539632e+00
2.546042026361702071e+00
2.733096412496273331e+00
2.914148932364301725e+00
2.767544218255599819e+00
2.859356745843372849e+00
2.860832920671879886e+00
3.073218020251736071e+00
2.841585824852031372e+00
2.788358119037079863e+00
2.826902722061726880e+00
2.916454868500454101e+00
2.966615074457757295e+00
2.800137496624049316e+00
2.793134619025728238e+00
2.855559139643232491e+00
2.999766824271513421e+00
3.126513393542397878e+00
2.725224761372903703e+00
2.809818499476433917e+00
2.893032319211108039e+00
2.909033344600917559e+00
2.944406221974134930e+00
2.717251000551843987e+00
2.938574484337601600e+00
2.787750526858528310e+00
3.191175018703925392e+00
3.144327750092219542e+00
2.971594857984513727e+00
2.973022367894328166e+00
2.776454753818257348e+00
2.740774707997722714e+00
3.093000808276648250e+00
2.695679877136749614e+00
2.789072247181847874e+00
2.869193789202813871e+00
2.884566691896722102e+00
2.893927089613696157e+00
2.861541717326518519e+00
2.730525224201380663e+00
2.722576169733364804e+00
2.754611587864975064e+00
2.997283770349413512e+00
2.721195693073175548e+00
2.904171826872507634e+00
2.781551006183420771e+00
2.731865479850718703e+00
2.663925862331757877e+00
2.768705654272407557e+00
2.884395257241974875e+00
2.724055983272003267e+00
2.753671367465624353e+00
2.804936719428800185e+00
2.836160256403012170e+00
2.786511439057804740e+00
2.980650935617922936e+00
2.810685681466357444e+00
2.800893071861187522e+00
2.884552131614195325e+00
2.833425488697383088e+00
2.938496894672512294e+00
2.909890204114236933e+00
2.950226770944905041e+00
2.901348996587621354e+00
2.830254582188676871e+00
2.874201106394610239e+00
2.903073199214928124e+00
2.866790191137118970e+00
2.904526295284655113e+00
2.803999108416406205e+00
2.621854687048845722e+00
2.705214409247444607e+00
2.887135258348663136e+00
2.773341125790334427e+00
2.724587858741208013e+00
2.681142107386327744e+00
2.877230960489616685e+00
2.847907828564681498e+00
2.971729967544157969e+00
2.758913554281829938e+00
2.791537569154318721e+00
2.757718078411932172e+00
2.801001606568621405e+00
2.890600975575840170e+00
2.717160834400496050e+00
2.798249095416632581e+00
2.736717376712472838e+00
2.837370790009652755e+00
3.148824860166091089e+00
2.931088705583642984e+00
2.883177760735539774e+00
2.735749623046670465e+00
2.750994365679436005e+00
2.785255105012824473e+00
2.705065618427767493e+00
2.850469084203511194e+00
2.754210231627208572e+00
2.869820377654323185e+00
2.790072579701109223e+00
2.812436310389978988e+00
2.929852044045911263e+00
2.734192568199979689e+00
2.830057596587038038e+00
2.790228843661394009e+00
3.049799009770971736e+00
2.938520886432491874e+00
2.801542075357783546e+00
2.899254214448949707e+00
2.882088478863895187e+00
2.898333486678164039e+00
2.947169150218562184e+00
2.809341025934729785e+00
2.806624485035360106e+00
2.763591503822516948e+00
3.079303979798031943e+00
2.728808347979022386e+00
2.795499418708578876e+00
2.871031347791242805e+00
2.851225350616819032e+00
2.794048138454311214e+00
2.637928543383993851e+00
2.989385221078073140e+00
2.906888542754950677e+00
2.757621076217688483e+00
2.881077923278021924e+00
2.911635966256770569e+00
2.717680444791108929e+00
2.719809552156180033e+00
2.975916833515345417e+00
2.828504551878959994e+00
2.676028587291249483e+00
2.814596596317134658e+00
2.821617266746147656e+00
2.804895898246492436e+00
3.003554394380098636e+00
2.767102817027224049e+00
2.805154184710708876e+00
6.116279015872313707e+00
2.837339246547722293e+00
5.968728005195075959e+00
2.736703674130613440e+00
6.111852419684232096e+00
2.954497249956411498e+00
2.871267838429568009e+00
2.810402640192326995e+00
6.206325644050592949e+00
2.843756846145605088e+00
5.782558603248219242e+00
2.836415695909187296e+00
2.788971315736323398e+00
2.937618252938935193e+00
5.989083485809827856e+00
6.077552796973466620e+00
6.102983532666625521e+00
5.974639821780054483e+00
5.883954877461247790e+00
5.998961493458679683e+00
2.761663629046810620e+00
6.037666188188942407e+00
2.866596762713583768e+00
2.797010010707863259e+00
2.805341512187063735e+00
2.834741787182740946e+00
5.943830498929120409e+00
6.168285661348702043e+00
5.964685825758134996e+00
2.720669586701038423e+00
2.697491797948605274e+00
2.812055831593675670e+00
5.811554955431462943e+00
5.942194207529740702e+00
5.478866579868503450e+00
2.866439254545610993e+00
2.831782124387397293e+00
5.788814127263027132e+00
2.907051255138099588e+00
3.014729175232826464e+00
2.726400740903654807e+00
6.241310839879711914e+00
5.896368204242336652e+00
5.930033220817570339e+00
2.709975830150519460e+00
2.792679179569325321e+00
2.861528437740921582e+00
2.877887072141643188e+00
2.864433451836505995e+00
2.926724448936045331e+00
2.776665086033963892e+00
2.856781930774555889e+00
2.797126561312519133e+00
2.741260658894006053e+00
2.924106872191917450e+00
2.778548362004879646e+00
2.836643262731498361e+00
2.968370596808962869e+00
2.768741410821891513e+00
2.837806547317839989e+00
2.942050135534742594e+00
2.945923454538491360e+00
2.795206969081180048e+00
2.745126044464989867e+00
2.942630285985651462e+00
2.747595494245832271e+00
6.093879962716692411e+00
2.958465987636159866e+00
2.891899548739547576e+00
2.902632425919616566e+00
2.948066654606031456e+00
2.709723417620329755e+00
2.840077639783813890e+00
2.747861168254320585e+00
2.879210655717987066e+00
2.725638824202502697e+00
2.790812068198071927e+00
2.770334636826388586e+00
3.190637867261027605e+00
2.969801845241530458e+00
2.866104324688827365e+00
2.836245758040018661e+00
2.817149978258168819e+00
2.756123364437811141e+00
2.927000854116718731e+00
2.893348751879039948e+00
2.758813331851214912e+00
2.849701387865050783e+00
2.765117719013062469e+00
2.692341174517077995e+00
3.005756144466812607e+00
2.934964565373830769e+00
2.872092094623708736e+00
2.832498896734119143e+00
2.982155763872839760e+00
2.905978148575794506e+00
2.883679247073086316e+00
3.017098109110806003e+00
2.655182856226666388e+00
2.675918347035275424e+00
2.658723001743505954e+00
2.672865316472194053e+00
5.894169407134477012e+00
6.008003828227807652e+00
3.015252062431928781e+00
2.922917720360941107e+00
3.040147529314983554e+00
5.577345067323699723e+00
2.893161073981191489e+00
2.902944367362213285e+00
2.797785195471589326e+00
2.758478566166501889e+00
5.924588846493906047e+00
6.198247978259662894e+00
2.900414453142860616e+00
2.959079924571149434e+00
5.830634613830642188e+00
6.094198962948288667e+00
6.003742582756191659e+00
5.989375259574240218e+00
7.615456716441896923e+00
7.635315055713156163e+00
2.924652628945872301e+00
2.893549031898371204e+00
6.096054953820544853e+00
5.898251944432350236e+00
7.994985240761860901e+00
6.140533283030066514e+00
5.816069463134016182e+00
7.545230347709736662e+00
7.376494695992128037e+00
6.121472861983461300e+00
6.033249373264791160e+00
5.966254268802160254e+00
2.694076836320745905e+00
2.785492057069989258e+00
2.870007142848254755e+00
5.723067796208603397e+00
2.974931763923334138e+00
3.117953495483857029e+00
2.897642662579359651e+00
2.973041708419174256e+00
6.199491995317035986e+00
2.883325510586691287e+00
3.006918023491827352e+00
2.725667257755429063e+00
2.829317408846168558e+00
5.979736616273328309e+00
2.915429642436943691e+00
6.128514420314274069e+00
2.761375019804445774e+00
6.016004072472026287e+00
2.879236183434766172e+00
2.709214092684444797e+00
3.021581705001537888e+00
2.840307201694915573e+00
5.957350417761237971e+00
2.899960861804862677e+00
