-5.904288340269999935e+02
-5.922376433279999901e+02
-5.942893452800000205e+02
-6.026498772349999626e+02
-6.016516713790000495e+02
-5.939065039560000514e+02
-6.009142793549999624e+02
-5.954381345619999593e+02
-6.015122152909999613e+02
-6.009706487250000464e+02
-5.876404961330000560e+02
-5.913738670110000157e+02
-5.915525840950000429e+02
-5.875962945100000070e+02
-6.040724191299999575e+02
-6.031736347759999717e+02
-5.976649169040000515e+02
-5.905680433500000390e+02
-5.986164103539999815e+02
-5.997482141509999565e+02
-5.865418032459999722e+02
-5.985689233599999852e+02
-5.927533518420000291e+02
-5.897837941960000308e+02
-5.883645981610000035e+02
-5.993887831009999445e+02
-5.937209754220000377e+02
-5.856871994480000012e+02
-5.982451677860000245e+02
-5.914890927349999856e+02
-5.838173974809999436e+02
-5.906195934260000513e+02
-5.780186563720000095e+02
-5.965466939699999784e+02
-5.946839093840000032e+02
-6.023831745080000246e+02
-6.008521428709999554e+02
-5.990480030899999520e+02
-5.887906312390000494e+02
-6.037714704799999481e+02
-5.956433182570000326e+02
-6.019160594569999603e+02
-6.003730946040000163e+02
-5.979974436090000154e+02
-5.915173413139999639e+02
-5.831491346440000143e+02
-5.877102137670000275e+02
-5.897225551499999483e+02
-5.800635618530000102e+02
-6.006065554059999840e+02
-5.882633871880000243e+02
-5.913910646120000365e+02
-5.980228879049999478e+02
-5.935564859700000397e+02
-5.865997303139999985e+02
-6.029864494229999536e+02
-5.943693512060000330e+02
-5.984192175240000324e+02
-6.039681091449999712e+02
-6.007439343109999754e+02
-5.991414374209999778e+02
-5.970398658709999609e+02
-5.996837357240000301e+02
-5.978465271420000136e+02
-6.020947349159999931e+02
-6.012374966800000493e+02
-5.921615230359999487e+02
-5.922224125049999657e+02
-5.915202936839999666e+02
-5.935244519560000072e+02
-5.941447073640000553e+02
-5.964692599620000237e+02
-5.812514894419999791e+02
-5.908857948950000036e+02
-5.895620892890000277e+02
-5.965378997349999963e+02
-5.950463041550000298e+02
-6.060337742469999966e+02
-6.010883791109999947e+02
-6.042507794260000082e+02
-5.870279195489999893e+02
-6.035862568109999984e+02
-6.000479620759999762e+02
-6.013484224869999935e+02
-5.997613996559999805e+02
-5.996910604979999562e+02
-5.951761110099999996e+02
-5.930910991409999724e+02
-5.955776201989999663e+02
-5.925752281359999643e+02
-6.014315862780000543e+02
-5.922145546279999735e+02
-5.933457708050000292e+02
-5.937548927779999985e+02
-5.898334039710000525e+02
-5.988730453550000448e+02
-6.032181632670000226e+02
-5.913702226960000417e+02
-6.030877051339999753e+02
-5.986618021040000031e+02
-6.005554978919999485e+02
-6.000021419290000040e+02
-6.023571284140000444e+02
-6.041695478540000295e+02
-5.990645816539999942e+02
-5.982141082880000340e+02
-5.994036629199999879e+02
-5.908574128809999593e+02
-6.031865951549999636e+02
-5.956682505649999939e+02
-5.894425630920000003e+02
-5.926431890620000331e+02
-6.060707446049999589e+02
-5.971552057100000184e+02
-6.015073441309999680e+02
-6.015489937449999616e+02
-5.869624452660000316e+02
-5.886502496399999700e+02
-5.887513947940000207e+02
-5.943219340980000425e+02
-5.860631596819999913e+02
-5.972152275470000404e+02
-5.957268903880000153e+02
-5.953862733859999707e+02
-5.918798874269999715e+02
-5.928756271270000298e+02
-5.889044626329999801e+02
-5.927569580020000330e+02
-5.887800558940000428e+02
-5.950640807759999689e+02
-5.967302355069999749e+02
-5.998817849020000494e+02
-6.000814043599999650e+02
-6.042847785799999656e+02
-6.002159812070000271e+02
-5.998220745429999852e+02
-5.990849413030000505e+02
-5.953514505110000528e+02
-5.933853800699999965e+02
-5.993393958130000101e+02
-5.929966652760000443e+02
-5.930657172620000210e+02
-6.046777327810000315e+02
-6.061586611010000070e+02
-6.010360496140000350e+02
-6.040830111400000533e+02
-6.011028103559999636e+02
-5.996275071210000078e+02
-5.856509384940000018e+02
-5.972766448720000199e+02
-5.950644369200000483e+02
-5.951658600399999841e+02
-5.919513543379999874e+02
-6.012351130089999742e+02
-5.950037888179999754e+02
-6.031508790010000212e+02
-5.878258535359999541e+02
-6.024612856180000335e+02
-6.056764163789999884e+02
-6.004280755309999904e+02
-6.027387642060000417e+02
-5.976393804809999892e+02
-5.975256546330000447e+02
-5.870707497439999543e+02
-5.983136334020000504e+02
-6.047070936689999598e+02
-5.966773197119999850e+02
-5.987290193510000336e+02
-5.964746779439999500e+02
-5.963522891759999993e+02
-6.018744984749999958e+02
-5.977449848850000080e+02
-5.980889811370000189e+02
-5.973156573669999716e+02
-5.913074955900000305e+02
-5.903212131450000015e+02
-5.912976221249999753e+02
-5.952729275560000133e+02
-5.783959198559999777e+02
-5.943110688210000490e+02
-5.905399017229999572e+02
-5.924121780760000320e+02
-6.010943338329999506e+02
-5.917130271710000216e+02
-5.902766450110000278e+02
-5.914708724949999805e+02
-5.952143922010000097e+02
-5.979807271629999832e+02
-5.909324090110000043e+02
-5.913949431810000306e+02
-5.950231208210000204e+02
-5.955891524720000234e+02
-6.035987738469999613e+02
-5.896989498520000552e+02
-5.875370377829999597e+02
-6.011067719930000521e+02
-5.931500327410000182e+02
-5.977729420800000071e+02
-6.018637910400000237e+02
-5.969206455290000122e+02
-5.995840968439999870e+02
-5.987746217139999771e+02
-6.061413050160000466e+02
-5.949563058200000114e+02
-5.845041310909999765e+02
-6.034722736459999624e+02
-5.972855412549999983e+02
-5.912457337529999677e+02
-5.870722144930000468e+02
-6.051046384589999434e+02
-6.030846261919999733e+02
-5.990212256840000009e+02
-6.014092359369999485e+02
-5.979861095090000163e+02
-6.063391858219999904e+02
-6.018872754269999632e+02
-5.947804707249999865e+02
-6.014969973050000362e+02
-6.033073164810000435e+02
-5.847513433310000437e+02
-6.041094592020000391e+02
-5.987746606829999791e+02
-5.833377726779999648e+02
-5.951134293909999542e+02
-5.961392012190000287e+02
-5.894812271460000375e+02
-5.952827128820000553e+02
-6.000470733050000263e+02
-6.008380691710000292e+02
-5.992138114900000119e+02
-5.982793177349999496e+02
-5.978111502689999952e+02
-5.953896326090000457e+02
-6.003930927239999846e+02
-5.976656502700000146e+02
-6.032047584480000069e+02
-6.005133925840000302e+02
-6.011252346810000518e+02
-6.063446134670000447e+02
-5.996522304979999944e+02
-6.024115542280000000e+02
-5.886016486979999627e+02
-5.951452658179999844e+02
-5.989135768180000241e+02
-6.007950376510000297e+02
-6.006333923539999660e+02
-5.995990295200000446e+02
-5.952093392760000370e+02
-6.016355039269999452e+02
-6.013408704239999452e+02
-5.979169428999999809e+02
-5.985070050470000069e+02
-5.917258019109999623e+02
-6.048443233540000392e+02
-5.903699566510000523e+02
-5.948764236060000030e+02
-5.967826260340000317e+02
-5.997497495940000363e+02
-6.019582276969999839e+02
-6.021895223530000294e+02
-5.956816359570000259e+02
-5.949549115510000092e+02
-5.973841199409999945e+02
-5.972635549730000548e+02
-5.961006865870000411e+02
-5.951709074569999984e+02
-5.904523305149999715e+02
-5.957809956700000384e+02
-5.997228446709999616e+02
-5.939067008849999638e+02
-6.023720457800000077e+02
-5.880907631559999800e+02
-5.975092193130000169e+02
-5.865098591649999662e+02
-5.816183727390000513e+02
-5.935470742950000158e+02
-5.955177666170000066e+02
-6.004075204179999901e+02
-5.926150695119999909e+02
-5.996213733280000042e+02
-5.984047994559999779e+02
-5.974898619279999821e+02
-5.923407363830000349e+02
-6.034910730990000047e+02
-5.839767930970000407e+02
-5.973035226560000410e+02
-5.963359729659999857e+02
-5.989428726209999923e+02
-6.024125157339999532e+02
-5.955497615420000557e+02
-5.940388081629999988e+02
-5.963725095349999492e+02
-6.008250141199999916e+02
-5.995982098870000527e+02
-5.937789046520000511e+02
-6.006579564319999918e+02
-6.031181057149999560e+02
-6.000510857149999993e+02
-5.986776100240000460e+02
-5.946025349569999889e+02
-5.995671147829999654e+02
-5.983733715500000017e+02
-6.010378192819999867e+02
-5.898306925260000071e+02
-5.968823475909999843e+02
-5.937873294869999654e+02
-5.961398563530000274e+02
-5.948574415369999997e+02
-5.945956826460000002e+02
-5.971496810209999921e+02
-6.006959490670000150e+02
-6.040262846809999928e+02
-6.026382566749999796e+02
-5.975995996909999803e+02
-5.968428655919999528e+02
-5.908235398570000143e+02
-5.991520565509999869e+02
-5.881668921379999802e+02
-5.994068610089999538e+02
-5.955519267060000175e+02
-6.046933447159999560e+02
-5.850225154480000356e+02
-5.994928544120000424e+02
-5.960631610130000126e+02
-5.894647561640000504e+02
-5.948102117390000103e+02
-5.927565849400000388e+02
-5.980149173759999712e+02
-5.929865289199999552e+02
-6.029610829060000015e+02
-5.968744062170000007e+02
-5.937678244429999950e+02
-6.021063226630000145e+02
-6.034289262050000389e+02
-5.849522473480000144e+02
-5.936348115550000557e+02
-5.920897735070000181e+02
-6.026935522080000283e+02
-5.950011973110000554e+02
-5.978159307539999645e+02
-6.025321046799999749e+02
-5.954108752759999561e+02
-6.047615511840000408e+02
-6.004148309600000175e+02
-6.009406086029999869e+02
-6.031688153449999845e+02
-6.015529341120000026e+02
-5.967714409840000371e+02
-6.050044713459999457e+02
-5.855655983430000333e+02
-5.890183223919999591e+02
-5.819518614009999737e+02
-5.835491851609999685e+02
-5.916096986909999487e+02
-6.000388787440000442e+02
-5.945653077470000198e+02
-6.038212954819999823e+02
-5.965265336119999802e+02
-6.004202225760000147e+02
-5.982777161980000074e+02
-6.034021582719999515e+02
-5.981531154369999967e+02
-6.009257833389999632e+02
-5.906643204079999805e+02
-5.988215608890000112e+02
-5.840285728290000407e+02
-5.924442565499999773e+02
-5.948624388169999975e+02
-5.922530639369999790e+02
-5.838322800480000296e+02
-5.989537062199999582e+02
-5.989883786090000513e+02
-5.982422999599999685e+02
-5.927947392300000047e+02
-5.963213961860000154e+02
-5.990505695169999854e+02
-5.913599160909999455e+02
-5.984527743390000296e+02
-5.974233720189999985e+02
-5.967368097319999833e+02
-5.940584624099999473e+02
-6.013406841299999996e+02
-5.922564887119999639e+02
-5.948963836540000329e+02
-5.887517242809999516e+02
-5.982274074179999843e+02
-5.832476930259999790e+02
-5.803451151599999775e+02
-5.773084453620000431e+02
-5.848597566309999820e+02
-5.959383867520000422e+02
-5.922654307999999901e+02
-5.993805950309999844e+02
-5.838570341390000067e+02
-5.960869136320000052e+02
-5.993621950900000002e+02
-5.943263834560000305e+02
-5.829405318899999884e+02
-5.978368747660000508e+02
-5.963067225940000071e+02
-5.879549675319999551e+02
-5.989377184940000234e+02
-6.048387675440000066e+02
-5.989267785189999813e+02
-5.961522528409999495e+02
-5.961487729479999871e+02
-6.025267269150000402e+02
-6.048124412820000089e+02
-6.036322730059999913e+02
-5.951579242779999959e+02
-5.949586970399999473e+02
-5.965558703340000193e+02
-5.828642394879999529e+02
-5.869349358340000435e+02
-5.986698398280000220e+02
-5.936947581150000133e+02
-5.937292908550000448e+02
-5.936779457369999591e+02
-5.981813665790000414e+02
-5.998791382590000012e+02
-5.931515480709999792e+02
-5.936620479079999768e+02
-5.967473309319999544e+02
-5.991084932940000272e+02
-6.017349235430000363e+02
-5.875422694589999537e+02
-5.922330890250000266e+02
-6.030061635920000072e+02
-5.953094704809999484e+02
-5.942540284030000066e+02
-5.947781696120000561e+02
-5.959996641239999917e+02
-6.002334356200000229e+02
-6.000235562240000036e+02
-6.005426763200000551e+02
-5.958907559799999945e+02
-5.915870975760000192e+02
-6.034089843470000005e+02
-5.972234204019999879e+02
-5.948074616489999471e+02
-5.998007509269999673e+02
-6.016395194960000481e+02
-5.934691715269999577e+02
-5.925810654599999907e+02
-5.992070668019999857e+02
-6.023187307969999438e+02
-5.939109841470000219e+02
-6.038215849739999612e+02
-6.009631888589999562e+02
-5.987447376059999442e+02
-5.987658491670000558e+02
-6.007319471280000016e+02
-6.029952456859999756e+02
-5.999157771000000139e+02
-5.855592824090000477e+02
-5.906257761089999576e+02
-5.881750875989999940e+02
-6.013604363890000286e+02
-5.861067149189999554e+02
-6.018241669239999965e+02
-5.965546409459999495e+02
-5.888108851560000403e+02
-5.967169939450000129e+02
-5.984386301009999443e+02
-5.983605118169999741e+02
-6.013991751669999530e+02
-5.992550611279999657e+02
-5.941629800340000429e+02
-5.979480834900000445e+02
-5.933449253679999629e+02
-5.937404905130000543e+02
-5.981132572159999654e+02
-5.880390885640000533e+02
-6.046699934519999715e+02
-6.002894627910000054e+02
-5.989966739970000162e+02
-6.026182038470000180e+02
-5.971867198779999626e+02
-5.984380459389999487e+02
-6.041274599549999493e+02
-5.973529216319999477e+02
-5.985778146599999445e+02
-6.057610418609999670e+02
-5.955278415770000038e+02
-6.012432256759999518e+02
-5.894132392779999918e+02
-5.858385045889999674e+02
-5.832674508620000324e+02
-5.996556557540000085e+02
-5.910033529659999658e+02
-5.940082548189999443e+02
-6.027107584059999681e+02
-6.005050167130000318e+02
-5.958856957379999812e+02
-5.901994805509999651e+02
-5.997319719859999623e+02
-6.007219355549999591e+02
-5.931917560120000417e+02
-5.991901330969999435e+02
-5.931965501079999967e+02
-5.936677409290000469e+02
-5.988695605079999496e+02
-5.949658780500000148e+02
-6.004323750979999659e+02
-5.998793055129999630e+02
-5.935855992699999888e+02
-5.970162709820000373e+02
-6.018674020680000467e+02
-5.981449461419999807e+02
-6.018344837490000145e+02
-6.000511581560000423e+02
-5.933673421030000554e+02
-6.020927002539999648e+02
-5.860809080369999720e+02
-5.938357451020000326e+02
-5.837161472999999887e+02
-5.955290223429999514e+02
-5.874177993980000565e+02
-5.974958669569999756e+02
-5.832820636809999542e+02
-5.976118242579999560e+02
-5.922745151240000041e+02
-6.050510916949999682e+02
-5.973678177220000407e+02
-5.910511115210000526e+02
-5.950474339190000137e+02
-6.015051579089999905e+02
-5.960575389739999537e+02
-5.976813381760000539e+02
-5.997802660569999489e+02
-5.985809420799999998e+02
-6.034221894639999846e+02
-5.855310777979999557e+02
-6.031726163490000090e+02
-5.960432733630000257e+02
-5.955704767490000222e+02
-5.975595667659999890e+02
-5.956869423509999706e+02
-5.947454170089999934e+02
-5.933420311410000068e+02
-5.930207572260000006e+02
-5.928033951930000285e+02
-6.015567740510000476e+02
-6.046904798340000298e+02
-5.987201174030000175e+02
-5.912103518259999646e+02
-5.914994549580000012e+02
-5.901712488260000100e+02
-5.931506207420000010e+02
-5.875156650479999598e+02
-5.944583149750000075e+02
-5.924811748529999704e+02
-6.016281147859999692e+02
-5.988005996790000154e+02
-5.876466852109999763e+02
-5.965135843829999658e+02
-5.903596624900000052e+02
-5.881185370650000550e+02
-5.918716351970000460e+02
-5.863594058160000486e+02
-6.006157896009999604e+02
-5.998333827110000129e+02
-6.042213100400000485e+02
-5.957122908339999867e+02
-5.954280880630000183e+02
-5.980972553589999734e+02
-5.887534506470000224e+02
-6.010228396469999552e+02
-5.945690822819999539e+02
-5.939228114410000217e+02
-5.991859118419999959e+02
-6.011178244210000230e+02
-5.932111579789999496e+02
-5.981379603330000236e+02
-5.995093298010000353e+02
-5.960740090020000252e+02
-6.034654203960000132e+02
-6.023809111379999877e+02
-6.038059348479999926e+02
-5.998395816610000111e+02
-5.958108171750000110e+02
-6.005303713199999720e+02
-5.971839480480000475e+02
-5.957919788200000539e+02
-5.865199407490000567e+02
-5.953915627290000430e+02
-6.045748792480000020e+02
-5.879097743190000074e+02
-5.990626183470000115e+02
-5.901559567799999968e+02
-5.962058629529999507e+02
-6.000672750329999872e+02
-5.989239595740000368e+02
-5.982481106069999441e+02
-6.042033006870000236e+02
-6.021396833539999989e+02
-5.986000308449999920e+02
-5.860786697610000147e+02
-5.858998984659999678e+02
-5.811871164850000469e+02
-5.920627504609999505e+02
-5.866590189199999941e+02
-5.906695909420000135e+02
-6.018550491060000240e+02
-6.015131731599999512e+02
-5.922084325069999977e+02
-5.938562874699999838e+02
-5.943755983329999708e+02
-5.961045695489999616e+02
-5.911090849050000315e+02
-5.995111310300000014e+02
-5.941750870030000442e+02
-5.863766882859999896e+02
-5.869216628509999509e+02
-6.029001138999999512e+02
-5.993287578590000066e+02
-5.938621344800000088e+02
-5.975436089449999599e+02
-5.896465366520000089e+02
-6.005941903210000419e+02
-6.019889178140000467e+02
-5.984841298510000343e+02
-5.830120274390000077e+02
-6.015212307909999936e+02
-5.981673068779999767e+02
-5.990635636460000342e+02
-6.001852614639999501e+02
-6.010329581839999946e+02
-5.962436701220000259e+02
-5.974212862220000488e+02
-6.024620712150000372e+02
-5.941914767680000296e+02
-5.982619122080000125e+02
-6.021025082270000439e+02
-5.952396282299999939e+02
-5.951189966240000331e+02
-5.962317876670000487e+02
-5.917620813019999559e+02
-6.054038309029999709e+02
-6.012502715619999663e+02
-5.927713311969999950e+02
-5.930157473919999802e+02
-6.016962996409999960e+02
-5.839242542309999635e+02
-5.772764412999999877e+02
-5.875305590330000314e+02
-6.015711264149999806e+02
-6.006618743459999905e+02
-5.872002018319999479e+02
-5.879665896320000229e+02
-6.000577919769999653e+02
-5.954054548420000401e+02
-5.990463855719999628e+02
-5.824147885370000495e+02
-5.984924961689999918e+02
-5.903451179090000096e+02
-5.892067195380000157e+02
-5.972768036569999595e+02
-5.872102277919999551e+02
-6.002020983579999438e+02
-5.964086824570000545e+02
-5.998208962349999638e+02
-5.982626027039999599e+02
-5.876845616409999593e+02
-6.035164321549999613e+02
-5.897746405870000217e+02
-5.932246778259999473e+02
-6.021863772899999958e+02
-5.993240822889999890e+02
-5.940594921450000356e+02
-5.975607027900000503e+02
-5.986534352249999529e+02
-5.922560996439999599e+02
-5.957987185299999737e+02
-6.015827932449999480e+02
-5.928964365499999758e+02
-6.043706698769999548e+02
-6.036368883149999647e+02
-5.969584864500000094e+02
-5.972420020480000176e+02
-6.029400949160000209e+02
-6.019583625239999947e+02
-5.940572292760000437e+02
-5.960637070129999984e+02
-6.033561236770000278e+02
-5.691610023800000135e+02
-5.967029394190000176e+02
-6.000458753430000343e+02
-5.993778655989999606e+02
-6.030062948559999541e+02
-5.993877862049999976e+02
-5.980489152960000183e+02
-5.959207394579999573e+02
-5.966837366539999721e+02
-5.831923812700000553e+02
-5.891611358010000004e+02
-5.854034053939999467e+02
-5.949291529299999866e+02
-6.030885189120000405e+02
-6.059719010720000369e+02
-5.927667767039999944e+02
-5.996953970519999757e+02
-5.940725196829999959e+02
-5.976706604879999531e+02
-5.964444670569999971e+02
-5.917721107989999609e+02
-5.948893467469999905e+02
-5.927732493099999829e+02
-5.901527454680000346e+02
-6.034986192630000232e+02
-6.032068649880000066e+02
-5.947457566709999810e+02
-6.023819693550000238e+02
-5.975347900540000410e+02
-5.942846330449999641e+02
-5.954645262660000071e+02
-5.996156621559999849e+02
-5.941812328170000228e+02
-5.995290288600000395e+02
-5.969967766419999862e+02
-5.811344749529999945e+02
-5.961357271130000299e+02
-5.941054972209999505e+02
-5.881297379669999827e+02
-5.986258260260000270e+02
-5.983750402309999572e+02
-5.988758909609999819e+02
-6.001295119520000299e+02
-5.799394800779999741e+02
-5.955612202680000564e+02
-5.898301945109999451e+02
-6.021026825169999483e+02
-6.003488775660000556e+02
-6.001383478259999720e+02
-5.957984816370000090e+02
-6.009775864629999660e+02
-5.993206818549999753e+02
-6.053096138309999787e+02
-5.820475742830000172e+02
-5.880371595630000456e+02
-5.798168010409999624e+02
-5.948578923149999582e+02
-5.918250444850000349e+02
-5.917265805020000471e+02
-5.905915775040000426e+02
-6.037615989390000095e+02
-6.010378418880000027e+02
-6.017904620709999790e+02
-5.919105910370000174e+02
-5.886288334590000204e+02
-6.009533892030000288e+02
-5.957010643600000321e+02
-5.977709844380000277e+02
-5.966306671999999480e+02
-5.986977405310000222e+02
-5.906904286239999919e+02
-5.946963693000000148e+02
-5.944758822180000379e+02
-6.030095691980000083e+02
-5.884896104709999918e+02
-5.966905560500000547e+02
-5.981720271110000340e+02
-5.975242461709999588e+02
-5.791450818069999968e+02
-5.919210360810000111e+02
-5.898490545329999577e+02
-5.972861533699999654e+02
-5.958403337280000187e+02
-5.990499554389999730e+02
-6.041464504530000568e+02
-5.939543644389999599e+02
-5.974144816900000023e+02
-5.991994762790000095e+02
-5.969015671910000265e+02
-5.999239272280000250e+02
-6.039798199000000523e+02
-6.019321979600000532e+02
-5.909110104239999828e+02
-5.953672022010000546e+02
-5.829951268419999906e+02
-5.912988566110000193e+02
-5.996165039229999820e+02
-5.856832118720000153e+02
-6.038289821570000413e+02
-5.915428066760000547e+02
-5.983334676629999649e+02
-5.892793309549999776e+02
-5.895831462710000324e+02
-5.983762160180000365e+02
-5.967221162969999568e+02
-5.914142648980000558e+02
-5.794654434520000450e+02
-5.958599461999999676e+02
-5.886802140019999570e+02
-6.015495969659999673e+02
-5.979313356029999795e+02
-6.022417837560000180e+02
-6.012296244179999576e+02
-5.981030596030000197e+02
-5.982520411179999655e+02
-5.889370301870000048e+02
-5.844525393549999990e+02
-6.011322223910000275e+02
-5.795600976849999597e+02
-5.969953046849999510e+02
-5.994743359499999542e+02
-6.006101639150000437e+02
-5.861223951990000387e+02
-5.864551185550000127e+02
-6.027421553630000517e+02
-5.917597672880000346e+02
-6.037371357939999825e+02
-6.031468658620000269e+02
-5.956473399479999671e+02
-5.981944536620000008e+02
-6.000700449309999840e+02
-5.886647657979999622e+02
-5.874613838220000162e+02
-5.950542451380000557e+02
-5.980179712599999675e+02
-5.931097874260000253e+02
-6.001053453719999879e+02
-6.031350449909999725e+02
-5.953319605149999916e+02
-5.993074419309999712e+02
-5.938145704920000298e+02
-5.993093400210000254e+02
-5.917995222240000430e+02
-5.879001809830000411e+02
-6.007172050770000169e+02
-5.934477750999999444e+02
-5.885321872969999504e+02
-5.911897535900000094e+02
-5.906424789850000252e+02
-6.006805102749999605e+02
-6.034619154289999869e+02
-5.996479128480000327e+02
-5.927500497930000165e+02
-5.959733594739999489e+02
-5.855740011730000560e+02
-5.946010945199999469e+02
-5.911399875480000219e+02
-6.014186852259999796e+02
-6.018283690099999603e+02
-6.004155264190000025e+02
-5.954902960220000523e+02
-5.957375954689999844e+02
-5.965058450190000485e+02
-5.877576238630000489e+02
-5.953763911580000467e+02
-5.983339056050000409e+02
-5.988489063609999903e+02
-5.963675737910000407e+02
-5.908260902870000564e+02
-6.005826745499999788e+02
-5.872720208529999582e+02
-5.962838595870000518e+02
-5.965244522750000442e+02
-6.001225037960000463e+02
-6.033790696610000168e+02
-6.064903499600000032e+02
-6.047517022299999780e+02
-5.984838597079999545e+02
-5.970535223589999987e+02
-6.026644495020000249e+02
-5.977654890640000076e+02
-5.994384661310000411e+02
-5.898290976069999942e+02
-6.029213082689999510e+02
-5.981714923739999676e+02
-5.967614882430000307e+02
-5.953091294380000136e+02
-5.989438837850000255e+02
-5.925440330269999549e+02
-6.016466443709999794e+02
-6.016014064419999841e+02
-6.007544109089999438e+02
-6.016721238710000534e+02
-5.957920041789999459e+02
-5.986221723639999936e+02
-5.910753884250000283e+02
-5.926898231940000414e+02
-5.816888267110000470e+02
-5.967255985980000332e+02
-5.993776130310000099e+02
-5.977858561259999988e+02
-6.004493760560000055e+02
-5.985835195309999790e+02
-5.832163301699999920e+02
-6.018764121970000360e+02
-5.991948835440000494e+02
-5.892860914220000268e+02
-5.980583383470000172e+02
-5.993204734280000139e+02
-6.021159726020000562e+02
-6.053274722400000201e+02
-6.022071534189999511e+02
-6.019874157609999656e+02
-5.984336894660000326e+02
-5.946999045820000447e+02
-5.938265379120000489e+02
-5.953537144800000078e+02
-5.891052541679999877e+02
-5.996864288399999623e+02
-6.029345341299999745e+02
-5.984937229670000534e+02
-5.979964894510000022e+02
-5.997606713610000497e+02
-6.021065165850000085e+02
-6.007012096710000151e+02
-6.007887515910000502e+02
-5.938915004819999695e+02
-5.949816701480000347e+02
-5.956980564589999858e+02
-5.851049776119999706e+02
-5.949427995549999650e+02
-5.965732162369999969e+02
-6.029586780969999609e+02
-6.023404354330000388e+02
-5.990800878510000302e+02
-6.036130080110000335e+02
-6.002009472480000341e+02
-6.001019597250000288e+02
-5.917535836370000197e+02
-5.897217754980000564e+02
-5.983367044259999830e+02
-5.968975528710000162e+02
-5.972003832469999907e+02
-5.961115044639999496e+02
-6.047650641940000469e+02
-6.035676277750000054e+02
-5.950838991680000163e+02
-5.839846305019999591e+02
-5.977793893260000004e+02
-5.976355864969999629e+02
-6.034639059510000152e+02
-5.925500782359999903e+02
-5.970802474240000493e+02
-5.948961711670000341e+02
-5.952645454190000009e+02
-6.010276779839999790e+02
-6.005242926360000411e+02
-5.869455997390000448e+02
-6.016940013399999998e+02
-6.054992660090000527e+02
-6.031728215360000149e+02
-5.886163359089999858e+02
-5.956614119160000200e+02
-5.980633728279999559e+02
-5.829338527999999542e+02
-5.957385455319999892e+02
-5.906488977860000205e+02
-6.039468581370000493e+02
-5.987289822049999657e+02
-6.025461810220000416e+02
-5.864010062029999517e+02
-5.881490163849999817e+02
-5.931184596650000458e+02
-5.962546487820000038e+02
-5.935728257900000244e+02
-6.021170594080000456e+02
-5.926023244389999718e+02
-5.825206002009999793e+02
-5.893148289550000527e+02
-5.940921362699999690e+02
-5.946120935899999722e+02
-5.895143031989999827e+02
-5.934526331280000022e+02
-5.884235826049999787e+02
-5.973181698979999510e+02
-6.012838577909999458e+02
-5.920931724189999841e+02
-5.848973051790000000e+02
-6.020195808119999583e+02
-5.972858883489999471e+02
-6.020235494470000503e+02
-5.902843801469999789e+02
-5.889170937630000253e+02
-5.889036494829999810e+02
-5.911317583769999828e+02
-5.782633826400000316e+02
-5.910732423829999789e+02
-5.907474501059999739e+02
-5.911256499749999875e+02
-5.854866601459999629e+02
-5.978261984639999582e+02
-5.943875149039999997e+02
-6.013945832829999745e+02
-5.960893500930000073e+02
-5.890957447429999547e+02
-5.903796742030000360e+02
-5.991312624729999925e+02
-5.950050593360000448e+02
-5.852472039150000001e+02
-5.876200449670000125e+02
-6.016975600030000351e+02
-6.031594745429999875e+02
-6.038440447619999532e+02
-5.905203347059999714e+02
-5.988519021119999479e+02
-6.006714542370000345e+02
-6.021358875019999459e+02
-6.001292865530000427e+02
-5.982955970120000302e+02
-6.007826621169999726e+02
-5.969024010939999698e+02
-5.871110429550000163e+02
-5.936331690739999658e+02
-5.993276453519999905e+02
-6.004935268949999454e+02
-5.930817504079999480e+02
-6.024782868099999860e+02
-5.924110444660000212e+02
-6.038647087189999638e+02
-6.007389965009999742e+02
-5.969941024080000034e+02
-5.932231909160000214e+02
-5.955295603810000102e+02
-6.025138113680000060e+02
-5.919636780340000541e+02
-6.007192233150000220e+02
-5.872479149869999446e+02
-5.664593162710000342e+02
-5.868854296189999786e+02
-5.970388030620000563e+02
-6.055352195670000128e+02
-6.001088202050000291e+02
-6.022745865299999650e+02
-6.007842031090000319e+02
-5.924098935700000084e+02
-5.995290375759999506e+02
-5.929042667669999673e+02
-5.970363613810000061e+02
-5.920905722090000154e+02
-6.039380622429999903e+02
-6.001755516409999700e+02
-6.029558644139999615e+02
-5.869326305450000518e+02
-5.818078670449999663e+02
-6.018701639890000479e+02
-5.876408759119999559e+02
-5.886331031129999474e+02
-5.746865091629999824e+02
-6.012363488189999998e+02
-6.018199430539999639e+02
-5.888614214409999477e+02
-5.950830175989999589e+02
-6.025867270200000121e+02
-6.002124269319999712e+02
-6.012277612090000503e+02
-5.936112038180000354e+02
-6.041237957260000258e+02
-5.992290826769999512e+02
-6.008616677759999902e+02
-5.962409813089999489e+02
-5.970504650850000417e+02
-5.966266795010000124e+02
-5.988082698309999614e+02
-5.974890666840000222e+02
-5.961498135330000423e+02
-5.917155942169999889e+02
-5.870676311559999476e+02
-6.029064544139999953e+02
-5.912221083130000352e+02
-5.936138611249999713e+02
-5.987190288799999962e+02
-6.000233704109999735e+02
-6.028807743940000137e+02
-5.885118891500000018e+02
-5.969127335160000030e+02
-5.983838514740000392e+02
-5.901629476140000179e+02
-6.004774945030000026e+02
-5.874407126620000099e+02
-5.999032052449999810e+02
-5.994171646139999439e+02
-5.948070028140000431e+02
-5.980686982350000562e+02
-6.005296177970000144e+02
-5.963461932860000161e+02
-6.050571556459999556e+02
-6.012354017850000218e+02
-5.996894331229999580e+02
-5.958413218749999487e+02
-6.016550170880000223e+02
-5.886385117759999730e+02
-5.944614967479999450e+02
-5.919120667920000187e+02
-5.959841251159999729e+02
-5.910413521460000084e+02
-5.873119469309999658e+02
-5.957280825139999934e+02
-6.040245380149999619e+02
-5.965460991300000160e+02
-6.014224329869999792e+02
-5.961883508590000247e+02
-5.966352472949999992e+02
-5.934661316059999763e+02
-5.912365751380000347e+02
-6.006472021670000458e+02
-5.984648474729999634e+02
-5.957438355120000324e+02
-5.934648010939999949e+02
-5.974819316760000447e+02
-6.000502986400000509e+02
-5.974123415860000250e+02
-5.985928837510000449e+02
-6.039820511679999981e+02
-5.988640531009999677e+02
-6.019317405919999828e+02
-5.996285120369999504e+02
-5.961891520289999562e+02
-5.983364444789999652e+02
-5.937662215200000446e+02
-5.979038924559999941e+02
-6.042620383720000063e+02
-5.980241773929999454e+02
-5.947409855680000419e+02
-5.991826192859999765e+02
-5.980251468999999815e+02
-6.013753558580000345e+02
-5.942263592949999520e+02
-5.946050150730000041e+02
-5.971489273040000398e+02
-6.008139345829999911e+02
-6.017110006020000128e+02
-5.936308803289999787e+02
-5.926308125580000024e+02
-5.903758583850000150e+02
-5.972214557119999654e+02
-5.923196313189999955e+02
-6.015061327299999903e+02
-5.957478961179999715e+02
-5.949276021900000160e+02
-5.996251070480000180e+02
-6.053525098650000018e+02
-6.012597521080000433e+02
-5.914740981429999920e+02
-5.969570127010000533e+02
-6.040065760549999823e+02
-5.965881475310000042e+02
-5.990522035730000425e+02
-6.012563180089999832e+02
-5.996563112239999782e+02
-5.932809797139999546e+02
-6.024833117800000082e+02
-6.008478775300000052e+02
-5.975974031829999831e+02
-5.937245790099999567e+02
-6.048895809409999629e+02
-6.030081911339999579e+02
-6.047986553440000534e+02
-6.059520325600000206e+02
-6.028681718159999718e+02
-5.989088417420000496e+02
-5.928941259739999623e+02
-5.936175084379999589e+02
-6.034961004939999611e+02
-5.988550366900000199e+02
-6.018369461979999642e+02
-5.999201060049999796e+02
-5.925049076550000109e+02
-5.865915874199999962e+02
-5.966710365259999662e+02
-5.944573572629999489e+02
-5.959460620500000232e+02
-5.972276548160000402e+02
-5.927343934399999625e+02
-6.009116475419999688e+02
-6.040843906210000114e+02
-6.026559427370000321e+02
-5.944901256399999738e+02
-5.850599561640000275e+02
-5.948757938559999729e+02
-6.008131541320000224e+02
-6.034034383069999876e+02
-6.008098720899999989e+02
-5.965535949259999597e+02
-5.982348040099999480e+02
-6.049163566600000195e+02
-6.058438728370000490e+02
-5.969902711229999568e+02
-6.006942055179999898e+02
-5.975268898130000252e+02
-6.010064632580000534e+02
-6.012996812500000487e+02
-6.027036706059999460e+02
-5.991703676009999526e+02
-5.845995264429999452e+02
-5.904895453770000131e+02
-5.885255974499999638e+02
-5.931287072459999763e+02
-5.953594915940000192e+02
-5.880745263239999758e+02
-5.937634052270000211e+02
-5.895847568689999889e+02
-5.921641571080000404e+02
-5.915933407530000068e+02
-5.954084363599999961e+02
-5.999109168630000113e+02
-6.047812231049999809e+02
-6.043083265789999814e+02
-5.976506178990000535e+02
-5.922882171229999813e+02
-6.011288487550000355e+02
-6.047466503680000187e+02
-6.011014660209999647e+02
-5.970179617390000431e+02
-5.992619385189999548e+02
-6.058489844509999784e+02
-6.014118986700000278e+02
-6.030942799809999997e+02
-5.988476208179999958e+02
-5.953338676609999993e+02
-5.970757492330000105e+02
-6.008520125710000457e+02
-6.001252714460000561e+02
-6.000284080650000078e+02
-6.000695803009999736e+02
-5.875773494820000451e+02
-5.943501566249999541e+02
-5.990425651230000312e+02
-5.942657745290000548e+02
-5.965388103599999567e+02
-5.844236947480000026e+02
-5.909611448540000538e+02
-5.912702729760000011e+02
-5.891060102530000222e+02
-6.001563275690000410e+02
-5.967222415590000537e+02
-5.945822963599999866e+02
-5.985379300380000132e+02
-6.003089022130000103e+02
-6.012185158720000118e+02
-5.705940478139999641e+02
-5.993560776670000223e+02
-6.005907752550000396e+02
-6.007382274459999962e+02
-5.903756644649999998e+02
-5.950712039070000401e+02
-6.023995411600000125e+02
-6.020397417630000518e+02
-5.944994791999999961e+02
-5.951734723800000211e+02
-5.916193245370000113e+02
-5.938618508439999459e+02
-5.931331730150000112e+02
-5.948125755639999852e+02
-5.940240123720000156e+02
-5.912688489500000060e+02
-5.985244479809999802e+02
-6.045577145319999772e+02
-6.004575145860000021e+02
-6.010702201999999943e+02
-6.021526582400000507e+02
-5.952083198399999446e+02
-5.986905833150000262e+02
-5.787444083430000319e+02
-6.003836074450000524e+02
-5.983783056820000184e+02
-6.016354616610000221e+02
-5.919903319380000539e+02
-5.971351640540000290e+02
-5.965102749410000342e+02
-6.023669202439999708e+02
-6.006170811389999926e+02
-5.950091990009999563e+02
-5.875446577389999447e+02
-5.971329648070000076e+02
-6.022407474039999897e+02
-5.985728821879999941e+02
-5.955925399960000277e+02
-5.905649716740000486e+02
-5.876693861969999944e+02
-5.876436598139999887e+02
-5.952562312400000337e+02
-5.989225487180000300e+02
-5.837986110030000191e+02
-6.030669246590000512e+02
-5.827701028709999491e+02
-5.927204574390000289e+02
-5.749739343180000333e+02
-5.949426674439999942e+02
-5.930728772820000358e+02
-5.951468886669999847e+02
-5.982272350639999559e+02
-5.735684383819999539e+02
-5.882955685929999845e+02
-5.814966802200000302e+02
-5.863108905059999643e+02
-5.943108360080000239e+02
-5.994129151319999664e+02
-5.968545067070000414e+02
-6.050366255110000111e+02
-5.988493549309999935e+02
-5.921769691429999511e+02
-5.978025722129999622e+02
-5.985968042929999910e+02
-6.054656419780000078e+02
-6.002774176640000405e+02
-5.962257304830000066e+02
-5.942173372639999798e+02
-5.921481839430000491e+02
-5.990344110500000170e+02
-5.969078936009999552e+02
-5.914208968970000342e+02
-5.898132912580000493e+02
-5.800380788300000177e+02
-5.845545675670000492e+02
-5.917559242790000553e+02
-5.848679355829999622e+02
-6.027552241900000354e+02
-5.961110131049999836e+02
-5.935494535960000348e+02
-6.010282224799999540e+02
-5.841796877399999630e+02
-5.951676436100000274e+02
