4.882651431343425052e+00
4.841690820364307868e+00
4.814022642240063377e+00
4.743093821547281763e+00
4.680345820556425451e+00
4.787932539207293559e+00
4.783552341095474780e+00
4.753430866227045470e+00
4.701812948214763033e+00
4.619228615256015580e+00
4.627953003218594041e+00
4.632274927074169213e+00
4.543248177240595709e+00
4.426186733521305428e+00
4.461727244016603144e+00
4.486744699668124170e+00
4.448764322820439432e+00
4.509132178146921355e+00
4.665184026380953419e+00
4.670305985693014250e+00
4.692635187184276191e+00
4.705309022795421292e+00
4.718709463402042559e+00
4.776403458670551494e+00
4.595903175655466022e+00
4.539604608333196900e+00
4.538500853806243462e+00
4.336523146484981162e+00
4.299350299754603810e+00
4.300753887401603137e+00
4.224463634593154104e+00
4.188192092060726068e+00
4.546656023936713531e+00
4.157885520309572591e+00
4.104386677690103014e+00
4.146954906916639594e+00
4.140530521563632327e+00
4.107252853185447528e+00
4.071249071231087591e+00
4.020932603265068295e+00
3.942210674228357359e+00
3.940583459336954419e+00
3.860218258078162101e+00
3.758851686353160915e+00
3.655045964143269543e+00
3.563823929433102666e+00
3.449731293883626648e+00
3.452364986498386301e+00
3.415975117005392026e+00
3.345609212086791295e+00
3.299154285570773393e+00
3.259055538035521504e+00
3.150803230923822529e+00
3.104721243525736973e+00
3.051157649155480378e+00
2.992411235107902190e+00
3.046157907922699692e+00
3.071224511493745979e+00
3.077000649983681502e+00
3.128389042302763379e+00
3.063062683002096165e+00
3.057474938572677825e+00
3.022075611231460179e+00
3.015925894315043987e+00
2.998792090158969081e+00
2.989903175689807568e+00
3.016094162986295402e+00
2.943459189457193315e+00
2.967504170173986822e+00
2.936537076217496267e+00
2.853877362466718637e+00
2.823892526283533932e+00
2.765463071530697370e+00
2.722233458026698916e+00
2.715681314145678815e+00
2.768246015078862587e+00
2.714645096508934152e+00
2.703154083658570350e+00
2.750335252291982169e+00
2.707593765689380927e+00
2.749536324546376420e+00
2.683211881309413016e+00
2.715267206003858735e+00
2.794912699888853158e+00
2.734484594946549940e+00
2.655160447129325529e+00
2.643096101166206413e+00
2.688034411982108907e+00
2.730713093680842363e+00
2.719484142259336323e+00
2.815718203229861771e+00
2.822944030617681399e+00
2.755124316614406155e+00
2.690812888329472852e+00
2.766157804609129744e+00
2.735721111517035009e+00
2.675591897132295838e+00
2.616198386972975687e+00
2.772396796997139479e+00
2.743318246212057776e+00
2.808327260131910030e+00
2.874375410415278775e+00
2.834306617146423068e+00
2.915048198572366633e+00
2.923706209590833716e+00
2.878655588985941538e+00
2.851908483805186911e+00
2.760222635948049952e+00
2.679844398467941424e+00
2.667262454277794070e+00
2.729587697803461221e+00
2.714889500513787635e+00
2.724453156139778010e+00
2.692118496649060777e+00
2.699199510966167725e+00
2.751960392156835411e+00
2.763524199278884375e+00
2.705873796022275179e+00
2.631588303667578455e+00
2.691068560999515302e+00
2.736957617501593720e+00
2.633041777108748427e+00
2.727167394935631872e+00
2.741455088087346947e+00
2.713405609192993229e+00
2.789659118960594153e+00
2.786850193318614277e+00
2.733567083500969996e+00
2.690925862969844040e+00
2.767210508797623536e+00
2.672170091891607147e+00
2.704741207583454266e+00
2.679027435469820251e+00
2.765570646358541662e+00
2.731168431276255415e+00
2.698020200072638097e+00
2.759247361147600941e+00
2.755661807987330292e+00
2.708492015864178537e+00
2.711215594525820727e+00
2.659737017075184617e+00
2.725938553966321898e+00
2.657237851604556500e+00
2.708321620487493142e+00
2.732899193164650242e+00
2.727269146967346902e+00
2.817230732474711896e+00
2.722148416233031387e+00
2.646318385984573585e+00
2.739058597401669903e+00
2.733283739387478928e+00
2.700369789491802397e+00
2.749692528265660130e+00
2.693441293215800059e+00
2.692875971893246678e+00
2.818946434397078260e+00
2.716514310656212849e+00
2.734778418812024547e+00
2.787325599925491559e+00
2.723616162384119743e+00
2.752518483135035776e+00
2.717808860092997936e+00
2.762340674138510366e+00
2.692952283275735770e+00
2.754525912021885681e+00
2.680242712890009482e+00
2.679980783513194798e+00
2.712315984541624037e+00
2.745332038205943626e+00
2.815067494750348231e+00
2.730634541640459378e+00
2.676056240066714054e+00
2.763445132438854923e+00
2.725326769398487947e+00
2.760157423046735836e+00
2.746542917924277294e+00
2.717884103489330183e+00
2.673338549454594926e+00
2.716435900219256183e+00
2.679058230050253897e+00
2.761009416861884169e+00
2.739487908350756395e+00
2.779377808071439748e+00
2.741089564388583977e+00
2.708739559278448450e+00
2.717329755476872943e+00
2.755150812569068908e+00
2.769453556209239053e+00
2.759998188405202058e+00
2.707794120681999317e+00
2.756540766975884793e+00
2.806245178169576970e+00
2.788280294375010904e+00
2.716980125065327378e+00
2.781058431604773062e+00
2.745687709846114100e+00
2.781782342312209000e+00
2.828991516424183228e+00
2.708227833842641097e+00
2.747748350922988081e+00
2.769443265351359873e+00
2.689888659405812898e+00
2.827704015628227818e+00
2.810643698514630362e+00
2.740998723093463596e+00
2.739827731810888789e+00
2.821891209809477719e+00
2.909453728795149630e+00
2.961741548481231057e+00
2.921612739566967765e+00
3.005098833649236134e+00
2.927101125687323613e+00
2.905347655617138258e+00
2.929997269623301204e+00
2.931130328047526490e+00
2.883377533379907209e+00
2.907297198430184526e+00
2.887829981145011882e+00
2.867710759473486526e+00
2.890698358528609901e+00
2.931251780383254513e+00
2.916977545336953970e+00
2.884200755842075470e+00
2.873674129054997639e+00
2.841406869844584016e+00
2.859043546363013721e+00
2.950853605314909700e+00
2.866062979070767458e+00
2.930198286805859809e+00
2.874233636989171448e+00
2.883065555966426441e+00
3.003281538584086974e+00
2.876000869262734128e+00
2.930993517563626583e+00
2.952627304622105431e+00
2.903575382179701680e+00
2.834588859076391909e+00
2.836547549398740209e+00
2.831470466029974098e+00
2.817471561524623969e+00
2.755700455419638484e+00
2.732947127187058900e+00
2.703333682696236639e+00
2.817613529212266155e+00
2.905472078681879289e+00
2.991013373423796473e+00
2.919831159502206397e+00
2.909876114201427111e+00
2.946888189259986301e+00
2.852778470193575888e+00
2.797126740067385597e+00
2.922436312394164570e+00
2.876799263069983681e+00
2.877089675349032039e+00
2.768576710152709008e+00
2.779300271651122145e+00
2.786758690665555704e+00
2.764265001768101637e+00
2.899404421601098125e+00
2.897966355912366065e+00
2.854795614400442716e+00
2.884957018743953494e+00
2.807228882724028818e+00
2.813761183896032581e+00
2.834741258033967704e+00
2.886619302921672237e+00
2.904422489928075279e+00
2.829999823321548647e+00
2.762769081917632708e+00
2.863686784548896913e+00
2.857989678077931917e+00
2.753210489592105681e+00
2.725374653144040593e+00
2.799974821315363016e+00
2.776881884416404045e+00
2.738055697022980350e+00
2.755466203748468956e+00
2.676903248158214232e+00
2.715520944496653488e+00
2.756283911356012695e+00
2.703817486443935270e+00
2.801515482734300289e+00
2.723945851150495923e+00
2.820699381359169422e+00
2.893731673808059845e+00
2.931407000059868651e+00
2.922587381071779067e+00
2.741957147732254185e+00
2.705686234580795269e+00
2.836613121312104635e+00
2.910910510476060420e+00
2.932481884002013484e+00
2.912658922702759501e+00
2.878358733723092033e+00
2.975276457743044389e+00
2.894039909883759698e+00
2.927860993968122383e+00
2.940113773308780765e+00
2.972377331362893393e+00
2.935414280812846055e+00
2.873513876771782716e+00
2.809384452153175893e+00
2.755762326471569601e+00
2.792134130015963667e+00
2.767805990310737041e+00
2.800046785323416998e+00
2.713778362357544882e+00
2.760319727857626138e+00
2.821728016659295513e+00
2.929205011602977748e+00
2.949156150494578021e+00
2.931103887616404613e+00
2.898907552855040759e+00
2.838408180653374302e+00
2.853913453488034602e+00
2.873564685195028279e+00
2.845762815134107004e+00
2.848981221419334187e+00
2.879908852724335500e+00
2.799155944208896685e+00
2.798463328328602451e+00
2.759176870010329630e+00
2.675412865334994006e+00
2.574919416214807022e+00
2.592890857710752339e+00
2.757657339119564899e+00
2.819368901013132866e+00
2.924405922576412298e+00
2.870125258590642048e+00
2.857140878570743059e+00
2.865173293188389536e+00
2.907240960085696546e+00
2.885579664469515304e+00
2.832373739463067697e+00
2.850043333003903001e+00
2.934165298683766743e+00
2.938911873466096392e+00
2.940039795649032062e+00
2.884413631918972598e+00
2.882059333185214012e+00
2.871230224137382159e+00
2.883502904454926519e+00
2.895818364469705308e+00
2.894578553088514639e+00
2.860421472440731527e+00
2.900265505087421758e+00
2.910974750835190417e+00
2.890298427498447342e+00
2.857286299970655641e+00
2.736036549463475520e+00
2.754515202354127279e+00
2.824345941983736452e+00
2.797017697477082177e+00
2.778016018672318399e+00
2.808196752366186821e+00
2.824867430517758127e+00
2.776928339010569680e+00
2.762664293757024492e+00
2.753572406892544233e+00
2.712936047900871728e+00
2.735560271681104716e+00
2.804503699409220285e+00
2.815466923975487923e+00
2.696829805530930990e+00
2.720494256564420343e+00
2.665033208048260160e+00
2.728559143577430568e+00
2.834493605566962504e+00
2.908325978978285153e+00
2.838011451703462917e+00
2.864125346419042373e+00
2.854614860186922343e+00
2.857357695494213701e+00
2.854400637612036107e+00
2.880541789316724888e+00
2.714311699123739263e+00
2.921193762830531337e+00
2.884018897302859763e+00
2.834695927255690862e+00
2.833656648219751606e+00
2.800774714253183362e+00
2.776282046190552855e+00
2.787157333198110098e+00
2.779043360582918343e+00
2.720308438394440920e+00
2.751043983654204883e+00
2.937984683418209730e+00
2.855228362145486809e+00
2.715519839736030949e+00
2.727197279259422569e+00
2.802594869045471171e+00
2.798237480986915493e+00
2.771500135305787982e+00
2.676798647638630513e+00
2.685820917336075642e+00
2.825156278863171000e+00
2.813377685274410123e+00
2.699569039680222549e+00
2.727800762519140054e+00
2.727291330239584255e+00
2.798739895024187518e+00
2.765259662310214139e+00
2.797727291928217674e+00
2.750549945010997366e+00
2.707933160179548882e+00
2.690134569124749575e+00
2.785093176179209706e+00
2.731186738397797242e+00
2.709402332618764397e+00
2.727822758171798867e+00
2.732768742502738935e+00
2.860632622340730347e+00
2.908387010010875962e+00
2.751002181024217119e+00
2.790116485023519388e+00
2.734543654798730739e+00
2.786966271772946868e+00
2.867168289445180207e+00
2.907559113758480418e+00
2.783003233918350805e+00
2.783628387554631711e+00
2.752455267574752007e+00
2.834864370653382704e+00
2.807120410669980526e+00
2.795780570788773733e+00
2.870187798733734308e+00
2.744219014583202387e+00
2.854462120960795435e+00
2.869901217812209193e+00
2.837906975219589789e+00
2.863919342439657179e+00
2.932280511820109403e+00
2.928943324818696681e+00
2.745704645441676472e+00
2.901159940437617379e+00
2.941325721507225488e+00
2.908136344809162832e+00
2.798812784021110556e+00
2.771403976326800578e+00
2.759928622265438225e+00
2.750392517441828666e+00
2.834078509851129635e+00
2.873019665787200694e+00
2.887870841987224324e+00
2.932757235094647363e+00
2.911275321916496850e+00
2.855019964903923846e+00
2.814393895672743451e+00
2.781692650168238856e+00
2.790200351229280784e+00
2.823803640482106747e+00
2.779667965782963712e+00
2.761851733891593330e+00
2.927530529302811324e+00
2.914998627786984375e+00
2.879634872687855562e+00
2.738135679618524332e+00
2.758291681457927247e+00
2.729447013590847959e+00
2.845200520174281156e+00
2.812745455955799834e+00
2.857934568880120096e+00
2.741834422425978968e+00
2.759006705319869024e+00
2.806032073943560246e+00
2.804463585072909826e+00
2.814495514297366885e+00
2.809603174827363326e+00
2.766074113251486999e+00
2.752356081614441230e+00
2.837733074128008681e+00
2.860577039689719658e+00
2.921576629150773652e+00
2.865819603534039306e+00
2.928754854882873460e+00
2.966838216013809149e+00
2.944873681501466667e+00
2.983123698407426527e+00
3.011020092925320135e+00
2.923093224650900712e+00
2.995881172543396254e+00
3.008280904436950731e+00
2.922458725114864819e+00
2.900888484585369298e+00
2.945203049027350417e+00
2.956349438073923253e+00
2.944876567871733908e+00
2.821504917592736916e+00
2.819011528887386042e+00
2.749593788180356047e+00
2.732177336850593719e+00
2.766175880163805001e+00
2.858410222483820373e+00
2.816642327311012828e+00
2.830036395525682646e+00
2.876117174247252439e+00
2.906464002873594854e+00
2.853246046172674966e+00
2.958767479880769713e+00
2.889148836595304193e+00
2.829543072653251112e+00
2.706917804441058450e+00
2.815736848499873712e+00
2.888690014522153238e+00
2.909627639406802135e+00
2.799919463127466202e+00
2.758376515271256491e+00
2.751670038358523307e+00
2.842479375474869396e+00
2.838376648720180029e+00
2.790413051861677207e+00
2.806596159051030437e+00
2.841602716777980486e+00
2.916822414889189474e+00
2.874461688734083253e+00
2.820950194526659960e+00
2.834176070747898457e+00
2.863097099296494807e+00
2.927120769630115582e+00
2.913221927694489732e+00
2.970753776400865132e+00
2.920117120938816146e+00
2.823451433972258062e+00
2.945817543569187791e+00
2.884889079323501360e+00
2.877550868360106318e+00
2.789205263152929160e+00
2.790458385283679732e+00
2.694208974819882307e+00
2.712339580509785630e+00
2.729970878965561454e+00
2.710207741115060465e+00
2.761882872244947329e+00
2.783092524512974286e+00
2.838708509163982097e+00
2.810783520657540446e+00
2.765628680788510874e+00
2.771913779322870752e+00
2.796179894069764860e+00
2.811452471588307134e+00
2.850158241221002697e+00
2.823587080293434415e+00
2.866414136163858650e+00
2.694724661259475962e+00
2.897534124044098824e+00
2.772150428818753287e+00
2.785007001786530711e+00
2.821544435234009107e+00
2.705108870267516785e+00
2.689054480667879776e+00
2.785897341970805741e+00
2.760311214337977326e+00
2.746223042653309854e+00
2.778700595602196177e+00
2.819573726647345513e+00
2.769643659390139234e+00
2.886442447027135927e+00
2.859156169221960919e+00
2.868871032305217117e+00
2.795746411962286793e+00
2.847771584941460876e+00
2.744536937262823439e+00
2.885625408815219117e+00
2.815632255817510199e+00
2.851061205937186038e+00
2.883645956077132144e+00
2.764576640283282316e+00
2.746956497653357587e+00
2.787674478844328618e+00
2.758131432691342866e+00
2.720308989802445065e+00
2.712664557220446415e+00
2.952580058186399015e+00
2.962031397537844501e+00
2.925846715055319347e+00
2.701887118293434753e+00
2.937834236304015967e+00
2.688088168196869354e+00
2.691777479659119177e+00
2.725590945097961626e+00
2.765884487826633542e+00
2.728794788913230018e+00
2.786124369083332830e+00
2.860154890910630243e+00
2.711529642102405546e+00
2.890627094593835267e+00
2.774082551042776679e+00
2.935324683914881660e+00
2.882538117701134439e+00
2.682850349907724752e+00
2.716580755287793636e+00
2.739154979186099403e+00
2.819541806748039559e+00
2.885436708714991472e+00
2.917477334959091007e+00
2.865273634402131897e+00
2.872955446922210498e+00
2.904533353225608572e+00
2.690328232762686511e+00
2.758362920284421094e+00
2.733213676242675305e+00
2.876005215572461360e+00
2.734950822226974054e+00
2.715645043079084164e+00
2.792173705198155886e+00
2.858602980478401001e+00
2.778024657917924412e+00
2.735339101464386857e+00
2.813205111612020026e+00
2.887185134347986626e+00
2.924493973322564777e+00
2.891439260990968485e+00
2.855317320369138656e+00
2.823628339565956491e+00
2.824387190170639439e+00
2.900114135685007533e+00
2.807944621961052434e+00
2.803587166470841385e+00
2.776124456864281331e+00
2.734579126666477844e+00
2.718838906592297988e+00
2.762557510713577802e+00
2.789606782326140344e+00
2.778259887051605759e+00
2.713684027295735213e+00
2.771194327361399701e+00
2.772462623733636722e+00
2.702626500277091282e+00
2.708051698177122990e+00
2.809904268831946439e+00
2.834352483372524656e+00
2.916942748838242228e+00
2.952047763841228800e+00
2.923347567430188754e+00
2.976497270282638219e+00
2.967809630013353850e+00
2.944975551681202841e+00
2.927225478161872285e+00
2.930085834920199250e+00
2.970913159282849492e+00
2.887139934260201546e+00
2.855091767351795706e+00
2.969829961462440160e+00
2.876199054307611913e+00
2.840508053148238510e+00
2.847197569540968587e+00
2.889655515801148322e+00
2.940221080123057718e+00
2.860191776787003537e+00
2.823390514966004350e+00
2.818693314285894314e+00
2.821019851046780769e+00
2.825203001555817828e+00
2.791714347851513622e+00
2.778080812359496665e+00
2.769226065166944473e+00
2.814964475797164134e+00
2.854952363875796539e+00
2.865454588717120554e+00
2.840966032883885273e+00
2.909627123876872279e+00
2.864308118900618094e+00
2.912487081516413667e+00
2.859272809649334057e+00
2.925793054882726452e+00
2.838208589938379323e+00
2.809584666814652021e+00
2.760005253618188714e+00
2.709418756855426214e+00
2.712292204022273001e+00
2.811725093247916085e+00
2.822400573979533700e+00
2.853521508592496758e+00
2.773818306955233570e+00
2.760562804936703696e+00
2.835033685866889641e+00
2.990921429927573261e+00
2.904664008108339246e+00
2.836864818774415653e+00
2.874203541852942578e+00
2.924100716459677951e+00
2.859872199941809079e+00
2.830949487362853123e+00
2.850168766932933639e+00
2.831867405088027922e+00
2.843281378970431206e+00
2.841673274674624050e+00
2.805857088306530578e+00
2.782377580415713592e+00
2.849163034998172694e+00
2.855067249645794281e+00
2.853082718744761603e+00
2.794556673248906886e+00
2.739337693677068142e+00
2.795177811875301455e+00
2.811034151340036757e+00
2.759640193938332597e+00
2.733323434941427266e+00
2.828645082013649059e+00
2.888188013270604149e+00
2.911719423296139198e+00
2.898115767183913061e+00
2.828810527412538356e+00
2.750506135241294281e+00
2.770759282218504094e+00
2.761939354873673036e+00
2.839395358170468064e+00
2.867355924889687824e+00
2.802562042132163533e+00
2.811482704908567776e+00
2.845041651716191833e+00
2.946545774292332442e+00
2.974908570023623522e+00
2.974034633288590523e+00
2.928981563615585149e+00
2.922869993687711165e+00
2.961239942996852115e+00
2.985124788011382702e+00
3.121339776442160208e+00
3.033916610587707563e+00
3.013425625430301569e+00
2.934343878961700458e+00
2.956796239175097263e+00
2.952585477170813988e+00
2.935592955435068596e+00
2.938872913210096804e+00
2.907067422678737856e+00
2.936289835830243611e+00
2.887723670990698821e+00
2.871126782292972912e+00
2.892626661012443812e+00
2.823383962552737270e+00
2.886465658898439202e+00
2.915727867960245412e+00
2.908989343397462513e+00
2.925663685388325330e+00
2.892047544560773620e+00
2.829643263734847647e+00
2.867585046689984818e+00
2.904295267358330879e+00
2.943439144945925179e+00
2.914710448741006488e+00
2.895725297744936366e+00
2.844772925911662309e+00
2.779190169815660916e+00
2.744726033687150846e+00
2.709959593794711630e+00
2.738798641740571860e+00
2.807235294733948727e+00
2.893287403629304144e+00
2.909722667196995349e+00
2.897686145875705943e+00
2.895944405543725342e+00
3.010307127188187160e+00
2.959441501364742599e+00
2.807022978174564809e+00
2.764297198204274775e+00
2.817628257950292259e+00
2.871184250444405617e+00
2.864631215357397398e+00
2.760212310674669656e+00
2.749764535373892205e+00
2.796308459379972966e+00
2.752379879304454047e+00
2.775833928750061297e+00
2.863612578544800780e+00
2.898546877316286796e+00
2.887207993893062596e+00
2.840341528760230272e+00
2.807553739467866016e+00
2.749004728988293511e+00
2.763159604510748935e+00
2.835695505515358317e+00
2.828920995715504372e+00
2.895015198578411830e+00
2.848492583806389256e+00
2.842490985034076711e+00
2.824664404845290910e+00
2.794507648942832656e+00
2.842468293578663374e+00
2.860431435990032689e+00
2.832943522204422582e+00
2.923102803529153970e+00
2.926285871202606970e+00
2.894734702870022769e+00
2.914380551678178222e+00
2.898232909895269493e+00
2.967536014945732603e+00
2.990342622510002268e+00
2.990349310699337071e+00
3.067153403401922773e+00
3.083993677036319436e+00
3.016338508854734535e+00
2.713417586734485631e+00
2.973498108289291952e+00
2.926356950202760210e+00
2.905519058619303152e+00
2.900572702071092746e+00
2.894754739179124403e+00
2.867186425749117973e+00
2.813234081977538104e+00
2.864067911206017669e+00
2.832699948812086976e+00
2.768912602448838634e+00
2.727258880267877661e+00
2.792730742481272621e+00
2.764019717729958359e+00
2.970693858343535165e+00
2.950758207647655063e+00
2.895761385197336502e+00
2.784924774567528516e+00
2.788271148937993882e+00
2.855640208429626181e+00
2.866268305654584125e+00
2.852101155288850887e+00
2.827197552347553877e+00
2.822497121344856197e+00
2.768458054585620776e+00
2.766476097854452920e+00
2.830101411610545181e+00
2.812056542817017668e+00
2.741691813461170302e+00
2.792249630674163541e+00
2.787027986942363089e+00
2.784893175689150180e+00
2.740392307681511763e+00
2.821335499369048705e+00
2.772499413886321928e+00
2.734923216472447738e+00
2.764149417090183469e+00
2.762927613963130913e+00
2.745753994807255349e+00
2.771095451261107456e+00
2.774292882880248445e+00
2.762566560284113848e+00
2.767172022119332997e+00
2.760629276089058948e+00
2.749756898345742773e+00
2.736424491923722169e+00
2.815949218292120193e+00
2.686662427622792837e+00
2.831070645533241059e+00
2.861640438629563299e+00
2.866199399902246814e+00
2.910531738359848131e+00
2.977122940021120545e+00
2.982602051900320017e+00
2.982813101754785201e+00
2.947298593627730945e+00
2.902421919707746323e+00
2.794766716561509323e+00
2.764807045708614908e+00
2.768443967285593832e+00
2.759208944607131286e+00
2.750647560121071145e+00
2.792201640283165531e+00
2.797457774480251125e+00
2.838356742906007479e+00
2.874262340149207784e+00
2.865110469074447774e+00
2.781433263625068708e+00
2.745254268733590131e+00
2.812780474903792349e+00
2.850279986246964992e+00
2.896648753300958834e+00
2.953514855219116608e+00
2.884186020353055824e+00
2.896884706024732470e+00
2.938268537761652865e+00
2.923832074521380608e+00
2.907869666955518628e+00
2.910652332381865826e+00
2.922120634060133781e+00
2.934590431389020981e+00
2.997898930918118321e+00
2.919611960518041283e+00
2.833502779246916958e+00
2.806498530197369945e+00
2.714721532680654192e+00
2.748426640825619494e+00
2.753944262326309289e+00
2.767672668506881095e+00
2.800822200711783783e+00
2.766137559847666072e+00
2.747766547580052343e+00
2.830025618258605213e+00
2.839989260543074767e+00
2.822963336637584142e+00
2.869969337815301280e+00
2.891803762360095398e+00
2.833189368891532833e+00
2.896001553866986544e+00
2.900268608249932711e+00
2.856577147566646602e+00
2.746170060283958492e+00
2.755679408058927304e+00
2.697228392257503771e+00
2.787280574323295568e+00
2.761927044655597019e+00
2.722931875754514675e+00
2.714423327338608249e+00
2.766204258546356431e+00
2.737029228926866953e+00
2.731542421416881528e+00
2.729305039749129858e+00
2.805169691836841395e+00
2.908788235674779621e+00
2.863635975468949102e+00
2.887371642168704344e+00
2.842110131574777654e+00
2.815650191341246611e+00
2.773334455127978160e+00
2.699700909360146284e+00
2.800071070526603201e+00
2.743130693204390624e+00
2.742413900198144905e+00
2.762873323190913055e+00
2.810191096704991232e+00
2.828366666470244262e+00
2.780913518971778409e+00
2.754365444163138221e+00
2.733523733205914574e+00
2.726716890328000353e+00
2.772108764099994627e+00
2.831978283815043351e+00
2.745636902432657678e+00
2.810699023374790606e+00
2.794962790449991186e+00
2.810313505643098786e+00
2.797800922152968273e+00
2.733034394221924401e+00
2.883976768283683878e+00
2.883313892034649495e+00
2.867103241949965131e+00
2.773597122871307885e+00
2.806183529279580480e+00
2.863214452324519765e+00
2.882282081962138420e+00
2.875753814219847104e+00
2.844643738678009015e+00
2.851988779781575722e+00
2.882776786364147359e+00
2.922850663307997809e+00
2.841618728823414930e+00
2.824333372673983877e+00
2.761394394142205666e+00
2.779284440283146029e+00
2.676244383459776444e+00
2.737804412298292522e+00
2.686350870604955254e+00
2.727260346941597025e+00
2.824104282777107677e+00
2.801224553655061733e+00
2.870117419200824305e+00
2.760990583105998208e+00
2.931393866405536563e+00
2.928608201859716154e+00
2.925446632567410443e+00
2.912750075100848601e+00
2.929339857374012812e+00
2.972450504213652867e+00
2.937778412338139411e+00
2.914302832582777558e+00
2.842424669186502495e+00
2.787680039028869849e+00
2.797865257656272586e+00
2.745438034267027927e+00
2.726503988627194008e+00
2.766449348894715943e+00
2.772777849017118434e+00
2.818051454462817240e+00
2.828049150916581933e+00
2.735304736222273103e+00
2.733343373965297918e+00
2.795756963686220953e+00
2.849385547797981033e+00
2.891877590770397966e+00
2.855854338022161709e+00
2.956395440396970997e+00
2.931274978571611456e+00
2.918052432702332055e+00
2.858274479471837104e+00
2.849125830847068386e+00
2.859270011733764161e+00
2.882657974855844074e+00
2.915985939609448963e+00
2.817599155309356895e+00
2.745624883337124622e+00
2.668205014611883197e+00
2.796236220350491131e+00
2.799772490757061583e+00
2.746804142999642373e+00
2.812198606073191165e+00
2.834850613348082415e+00
2.740931775874766441e+00
2.762351534472033965e+00
2.708672737707528810e+00
2.817904718048500623e+00
2.858265383060152764e+00
2.917289666796905934e+00
2.965079762839441635e+00
2.906350632666334199e+00
2.893589120797905867e+00
2.925930450301236885e+00
2.885595432488761158e+00
2.866595367330381006e+00
2.772461361317773321e+00
2.777042671620297831e+00
2.873913881799522230e+00
2.969308842138183469e+00
2.940757385436615579e+00
2.878648814982474047e+00
2.786254116192562691e+00
2.718301123863947844e+00
2.796189013639814647e+00
2.815390026266343160e+00
2.729228828808607066e+00
2.708345251255829034e+00
2.734940401544428745e+00
2.823950955664775719e+00
2.771549025364696828e+00
2.778443089213813888e+00
2.759155486738650964e+00
2.748051127617533673e+00
2.851921632864409695e+00
2.827445667028811283e+00
2.767260197379350029e+00
2.739433700603100874e+00
2.807076949426217549e+00
2.814194556174110851e+00
2.703083794483626789e+00
2.834841265397411991e+00
2.931077276361031103e+00
2.952195454234018523e+00
2.959411090065048988e+00
2.911405330763821908e+00
2.817595606186239277e+00
2.891737539957595082e+00
3.002855973902178288e+00
3.013678483182968826e+00
3.022254291088029010e+00
3.010928926427856034e+00
3.004061583922672973e+00
3.048349389423725686e+00
3.039005264885205726e+00
2.984014242593355792e+00
3.028761297956641396e+00
2.786162414504940621e+00
2.794155328538483474e+00
2.859143578066690949e+00
2.833715758505076288e+00
2.837625768137863602e+00
2.753618165250948380e+00
2.789891933390969303e+00
2.779277963788437056e+00
2.692872258388800510e+00
2.753227378913699397e+00
2.788384657826104451e+00
2.771447455753040412e+00
2.677146802101072698e+00
2.805922486456102760e+00
2.926480138323169999e+00
2.867194098766248533e+00
2.848062148198314603e+00
2.764970343421426335e+00
2.763611767235043981e+00
2.821670604446946840e+00
2.786974883273977799e+00
2.762674247898220692e+00
2.814070006236518928e+00
2.881632349901701140e+00
2.857849016305794798e+00
2.884604305619749898e+00
2.847703636265543903e+00
2.762454886509461360e+00
2.785090662797173433e+00
2.831144821445910953e+00
2.851149066604550697e+00
2.861227359019201888e+00
2.866774319684059158e+00
2.892061375558962588e+00
2.897060061510634554e+00
2.865652107287274930e+00
2.955201008391814987e+00
2.910293627797718052e+00
2.892518798556026560e+00
2.907731246178023365e+00
2.943292034440347926e+00
2.976837247818563181e+00
2.946482818548243010e+00
2.817329586683106069e+00
2.786884102362349847e+00
2.906672496171524234e+00
2.910058075021871637e+00
2.906557413848898985e+00
2.833517425391980815e+00
2.762948787075142132e+00
2.718817573872877702e+00
2.778577153868504901e+00
2.872063021592667020e+00
2.875137909735809405e+00
2.734730151221506311e+00
2.738518760205962188e+00
2.764926942976975166e+00
2.804781809695720440e+00
2.783158816884153453e+00
2.795160997152042359e+00
2.741820015974790525e+00
2.743844383342466831e+00
2.761302047947670424e+00
2.761310196265533534e+00
2.768908810343887250e+00
2.779974280456565694e+00
2.727824957727309929e+00
2.754285569798455402e+00
2.709049095162359588e+00
2.750807336037913053e+00
2.706975249240376691e+00
2.738093862525534217e+00
2.722067963883341601e+00
2.789157937442768631e+00
2.777052214129219099e+00
2.695196096761792059e+00
2.840611553873567452e+00
2.816529247140885150e+00
2.759321112157843814e+00
2.807182573328639297e+00
2.838251222143663544e+00
2.708265496586330201e+00
2.745133330095279600e+00
2.729932966209976719e+00
2.770355392363947455e+00
2.810668425837526296e+00
2.899078819211371894e+00
2.789335404715610700e+00
2.801052302260706117e+00
2.792694397888892066e+00
2.857454461579396643e+00
2.865042582580580088e+00
2.872229099497461746e+00
2.922638876084419302e+00
2.903610511070656486e+00
2.912116240811826184e+00
2.922058692086796583e+00
2.934081287217516820e+00
2.878028839327361421e+00
2.773846607150438182e+00
2.806068067599216231e+00
2.848423774651517526e+00
2.917871313132229805e+00
2.871181986569294686e+00
2.826327298810242361e+00
2.795053666747742582e+00
2.832062322760571238e+00
2.874224939005296076e+00
2.938082878340908977e+00
2.947308602776438136e+00
2.895297221357420181e+00
2.864785855871255116e+00
