-5.872568252249999432e+02
-5.901550690310000391e+02
-6.009367118559999881e+02
-5.988624095330000046e+02
-6.032011234200000445e+02
-5.949043359989999544e+02
-5.934117953899999520e+02
-5.828781517639999947e+02
-5.935038285260000066e+02
-5.821281578000000536e+02
-5.926354129789999661e+02
-5.959152906489999850e+02
-6.007406298959999731e+02
-5.894675141750000193e+02
-5.945755612399999563e+02
-5.855623372430000018e+02
-5.877605946239999639e+02
-5.935496522839999898e+02
-5.857591835270000047e+02
-5.835338686589999497e+02
-6.043980880379999689e+02
-5.968669072750000169e+02
-5.837697698969999465e+02
-5.827414433750000171e+02
-5.892734654600000113e+02
-5.959139827100000275e+02
-5.983145764800000279e+02
-5.942638995879999584e+02
-5.894016800560000320e+02
-6.019960023950000050e+02
-5.894296435349999683e+02
-5.916595640960000537e+02
-5.895983196350000526e+02
-5.993827722810000296e+02
-5.844688158469999735e+02
-5.890857455300000538e+02
-5.983687553519999938e+02
-5.877628836430000092e+02
-5.935991786299999831e+02
-5.944752654059999486e+02
-5.863245020279999835e+02
-6.052849400899999637e+02
-5.917239901350000082e+02
-6.019193834149999702e+02
-5.984748465310000256e+02
-5.958354285570000002e+02
-6.011613860410000143e+02
-5.834489466909999464e+02
-5.969350568730000077e+02
-5.993368468310000026e+02
-5.885123452689999795e+02
-5.774890608570000268e+02
-5.794203037959999847e+02
-5.865882816499999990e+02
-5.956712936950000312e+02
-5.593516755650000505e+02
-5.946477655459999596e+02
-5.874415468460000511e+02
-5.842134283369999821e+02
-5.965029206650000333e+02
-5.972884031790000563e+02
-6.039612922110000000e+02
-5.957313571360000424e+02
-5.962797120389999463e+02
-5.921081485669999438e+02
-5.938506019779999860e+02
-5.951486107690000154e+02
-5.994522285860000466e+02
-5.865960577949999788e+02
-5.781359856740000396e+02
-5.906756229650000023e+02
-5.918300785860000133e+02
-5.883659871700000394e+02
-5.854209802990000071e+02
-5.976782109969999510e+02
-6.000097800329999700e+02
-5.804969333679999863e+02
-5.833571087420000367e+02
-5.903070520679999618e+02
-6.035991188440000315e+02
-5.920870790760000091e+02
-6.058259337690000166e+02
-5.933980044429999907e+02
-6.003061866499999724e+02
-6.025334609120000096e+02
-5.903815892759999997e+02
-5.841612308410000196e+02
-5.732091105440000547e+02
-5.927656988270000511e+02
-5.977851029239999434e+02
-6.035890678040000239e+02
-5.918423035499999969e+02
-5.834098793289999776e+02
-6.044021537280000302e+02
-5.930706876059999786e+02
-5.814246601989999590e+02
-5.961598366099999566e+02
-5.977741165850000016e+02
-5.972627539689999594e+02
-6.015682191360000388e+02
-5.826446525630000224e+02
-5.875118454509999992e+02
-5.925604477760000464e+02
-5.887328442650000397e+02
-5.950555196120000119e+02
-5.981299161560000357e+02
-5.892706418660000054e+02
-5.995532212049999998e+02
-5.915498263810000026e+02
-5.853116010259999484e+02
-5.928388698239999712e+02
-5.961562347660000114e+02
-6.005388926230000379e+02
-5.937327156180000429e+02
-6.018591299659999549e+02
-5.952846157120000044e+02
-5.962822586859999774e+02
-5.916826504599999907e+02
-5.996128253460000224e+02
-6.018348256350000156e+02
-5.968713729199999989e+02
-5.936566728159999684e+02
-5.921935859489999530e+02
-5.879440021249999972e+02
-5.846748537570000508e+02
-5.942799282619999985e+02
-6.009715144699999883e+02
-6.039014303520000340e+02
-5.824247960220000095e+02
-6.042652410279999913e+02
-6.000090785370000503e+02
-5.949015461110000160e+02
-5.759970356139999694e+02
-5.716684044920000360e+02
-5.962757300440000563e+02
-5.798173429810000243e+02
-5.879043843760000527e+02
-5.996412262449999844e+02
-5.843295813219999673e+02
-5.847392755299999862e+02
-6.025322813559999986e+02
-5.849912291800000048e+02
-5.932011801810000406e+02
-5.860697703189999856e+02
-5.804110551679999617e+02
-5.965717701590000388e+02
-5.972934949839999490e+02
-5.942043609309999965e+02
-5.942501025469999831e+02
-5.968602496869999641e+02
-5.943944062709999798e+02
-6.038207750310000392e+02
-5.999640211429999681e+02
-6.029582099220000373e+02
-5.893305053049999742e+02
-6.001528338919999896e+02
-5.802080327009999792e+02
-5.967770982409999760e+02
-5.963464780460000156e+02
-5.897904459390000511e+02
-5.953551646040000378e+02
-5.919144716959999641e+02
-5.965349278689999437e+02
-6.003579305990000421e+02
-5.927048608049999530e+02
-5.824580979610000213e+02
-5.995989511999999877e+02
-6.030581281749999789e+02
-6.050951158750000332e+02
-5.926400744600000507e+02
-5.937708860080000477e+02
-5.981377443919999450e+02
-5.870838922120000234e+02
-5.906806678570000031e+02
-5.970351023639999539e+02
-5.971572101939999584e+02
-5.976493161500000042e+02
-5.966509584719999566e+02
-5.937533739670000159e+02
-5.964225399870000501e+02
-5.891213178609999659e+02
-6.015358288639999955e+02
-5.980983394679999492e+02
-5.787435822469999493e+02
-5.798893073799999911e+02
-5.811006360479999557e+02
-5.668808189239999820e+02
-5.905192332619999434e+02
-5.922575227170000289e+02
-5.969982399960000521e+02
-5.893470210829999587e+02
-5.963626023340000302e+02
-5.917825788950000288e+02
-5.926243779200000290e+02
-5.894570421250000436e+02
-5.930126607299999932e+02
-5.792951943299999584e+02
-5.791422264779999978e+02
-5.919861013050000338e+02
-6.015969816369999990e+02
-6.052345309840000027e+02
-5.851676527549999491e+02
-5.990548257579999927e+02
-5.877516921699999557e+02
-5.903979570410000406e+02
-5.884333554119999690e+02
-5.974444969080000192e+02
-5.804547395619999861e+02
-5.879871510220000346e+02
-5.929283044200000177e+02
-5.918492929770000046e+02
-5.869650900909999791e+02
-5.948610635799999500e+02
-5.964796380239999962e+02
-5.911058250139999473e+02
-6.025908964730000434e+02
-5.896311219499999652e+02
-5.850201902539999992e+02
-5.846652263119999589e+02
-5.756435785950000081e+02
-5.924980650669999704e+02
-6.027094503509999868e+02
-6.018480868149999878e+02
-6.049025277849999611e+02
-5.993157942010000170e+02
-6.005145285840000042e+02
-5.903907461930000409e+02
-6.033206831799999463e+02
-5.925982240229999434e+02
-5.915549970109999549e+02
-5.950933835419999696e+02
-5.821221302789999754e+02
-5.863963656309999806e+02
-5.903667937320000192e+02
-6.027126024960000450e+02
-6.048682056999999759e+02
-5.963903428999999505e+02
-5.911983223309999858e+02
-5.998800778559999571e+02
-6.004382543269999815e+02
-6.000996011539999699e+02
-5.968363694309999801e+02
-5.863499338259999831e+02
-5.881894806620000509e+02
-5.927349885009999753e+02
-5.842317741709999837e+02
-6.024851453039999569e+02
-5.948067959640000026e+02
-5.998797262389999787e+02
-6.012395780470000091e+02
-5.973014346039999509e+02
-6.030894248119999475e+02
-6.003263494469999841e+02
-5.758285395530000415e+02
-5.755106038400000443e+02
-5.830844936580000422e+02
-5.955786784419999549e+02
-5.991545079909999458e+02
-6.024082242050000104e+02
-5.828359020540000301e+02
-5.972074592599999505e+02
-5.972641661440000007e+02
-6.045186683330000506e+02
-5.918611946290000105e+02
-5.900756227389999822e+02
-5.981520101329999761e+02
-6.009498559090000072e+02
-5.845610438910000539e+02
-5.947296161220000386e+02
-5.921722528609999472e+02
-5.953366305829999874e+02
-5.902157399550000036e+02
-5.749909645559999944e+02
-5.737077449079999951e+02
-5.870644127489999846e+02
-5.919497820779999984e+02
-6.023569637040000089e+02
-6.037619887849999714e+02
-5.984547026440000081e+02
-5.869107405949999929e+02
-5.945769354750000275e+02
-5.704529561849999482e+02
-5.904118600770000285e+02
-5.880717472439999938e+02
-5.925897842880000326e+02
-5.942885946500000500e+02
-5.904955282449999459e+02
-5.875589946889999737e+02
-5.978924348309999459e+02
-5.936423092290000341e+02
-5.875073830190000308e+02
-5.953472260280000228e+02
-6.005718588500000124e+02
-5.850191864439999563e+02
-5.937264200509999910e+02
-5.969416285439999683e+02
-5.605754231619999928e+02
-5.884939090850000412e+02
-5.914758536619999632e+02
-5.921473041320000448e+02
-5.946457684040000231e+02
-5.968306830249999848e+02
-5.802783986130000358e+02
-5.889538930749999963e+02
-5.848292933919999541e+02
-6.001260974340000303e+02
-5.969240681239999731e+02
-5.832473008570000275e+02
-6.053359399580000400e+02
-5.914228559429999450e+02
-5.943191581739999947e+02
-5.990010764370000516e+02
-5.958738341609999907e+02
-5.950040442010000561e+02
-5.893138133469999502e+02
-5.929523880579999968e+02
-5.839357461329999524e+02
-5.813924688480000214e+02
-5.876800139470000204e+02
-5.864558085429999892e+02
-5.982560819300000503e+02
-5.879748986460000424e+02
-6.022928272189999461e+02
-5.915059366599999748e+02
-5.898581503469999916e+02
-5.782189896090000047e+02
-5.924764523840000265e+02
-5.978725233730000355e+02
-5.967234832780000033e+02
-5.936227923650000093e+02
-5.975770424290000165e+02
-6.018123592099999541e+02
-5.986955994190000183e+02
-5.958585421850000330e+02
-5.914402315840000028e+02
-5.872050124840000080e+02
-5.901366549099999474e+02
-5.837640579549999984e+02
-5.971222157129999459e+02
-6.021909064029999854e+02
-5.962007527199999686e+02
-5.890638634590000038e+02
-5.761177624560000368e+02
-5.781849690899999814e+02
-5.830563741549999577e+02
-5.957368090019999727e+02
-5.892009849649999751e+02
-5.923782412330000398e+02
-5.813312327170000344e+02
-5.966600801920000094e+02
-5.917862184320000551e+02
-5.990751112340000191e+02
-5.964891119220000064e+02
-5.886387906549999798e+02
-5.978488104719999683e+02
-5.931069991839999602e+02
-5.882102314300000216e+02
-5.801193857140000318e+02
-5.950938647970000375e+02
-5.925725783560000082e+02
-5.786642091820000360e+02
-5.817585453460000053e+02
-5.784321938609999734e+02
-5.849759871530000055e+02
-5.828778388289999839e+02
-6.020583907320000208e+02
-6.026717487549999532e+02
-5.917362594369999442e+02
-6.012674742509999533e+02
-6.054493525829999498e+02
-5.925568314429999646e+02
-5.923324007569999594e+02
-5.907073900120000189e+02
-5.763754005099999631e+02
-6.023867687599999954e+02
-5.971876787559999684e+02
-5.884343594670000357e+02
-5.921332456180000463e+02
-5.922980686240000523e+02
-5.859895209170000498e+02
-5.895630333029999974e+02
-5.917627290230000199e+02
-5.948855131829999436e+02
-6.000985604950000152e+02
-6.028378246329999683e+02
-5.955162703229999579e+02
-5.950148051370000530e+02
-5.893491771760000120e+02
-5.938256050679999589e+02
-5.857262291859999550e+02
-5.837153923260000283e+02
-5.946597391359999847e+02
-5.911151135889999750e+02
-5.870765623519999963e+02
-6.018097072589999925e+02
-5.988888720339999736e+02
-5.886238385550000203e+02
-5.937675043680000044e+02
-5.970195497209999758e+02
-5.985202818379999599e+02
-6.023816532790000338e+02
-5.968029344169999604e+02
-5.901784547309999880e+02
-5.814827217280000013e+02
-5.864583884600000374e+02
-5.926284824959999469e+02
-6.013097501339999553e+02
-5.967471342190000314e+02
-5.972638968170000453e+02
-5.859643128980000029e+02
-5.890874061729999767e+02
-5.689547894490000317e+02
-5.808393188530000089e+02
-5.962499117889999525e+02
-5.940379335479999554e+02
-5.787294200889999729e+02
-5.816280997549999938e+02
-5.836992739099999881e+02
-5.909137935640000023e+02
-5.901090455060000295e+02
-5.757620763999999554e+02
-5.955273932290000403e+02
-5.901120069459999513e+02
-5.771997758969999950e+02
-5.949901890229999708e+02
-5.917364044600000170e+02
-5.824399001919999819e+02
-5.898532011680000551e+02
-5.977481077979999782e+02
-5.937612839040000381e+02
-5.916441787530000056e+02
-5.805781302110000297e+02
-5.960817159550000497e+02
-5.940587543420000429e+02
-6.012111679670000512e+02
-5.920988797859999977e+02
-5.856453406010000435e+02
-5.894572338420000506e+02
-6.038513168570000289e+02
-5.966203196479999633e+02
-5.921571782739999890e+02
-5.991810796370000389e+02
-5.908588172109999732e+02
-5.955378273799999533e+02
-5.869948029519999864e+02
-5.966069266690000177e+02
-5.968724311009999610e+02
-6.007729138659999535e+02
-5.881080678370000214e+02
-5.980974053510000203e+02
-5.855751696669999546e+02
-6.006811808879999717e+02
-5.948437508030000345e+02
-5.914154565310000180e+02
-5.937634354629999507e+02
-5.929724257220000254e+02
-5.915992716759999439e+02
-5.994822927709999476e+02
-5.916233092869999837e+02
-5.838336167830000250e+02
-5.900371566600000506e+02
-5.992493437330000461e+02
-5.992741644750000205e+02
-5.923377985570000419e+02
-5.909626843180000151e+02
-5.919849218110000493e+02
-5.904480241969999952e+02
-6.003490675269999883e+02
-6.014605071539999699e+02
-5.927916045560000384e+02
-5.947293864099999610e+02
-5.959651705510000284e+02
-5.998956347270000151e+02
-5.930526157580000017e+02
-5.917650907500000130e+02
-5.984861458719999519e+02
-5.697533801450000510e+02
-5.895061246960000290e+02
-5.899560171489999902e+02
-6.026023432509999793e+02
-5.948831342849999828e+02
-5.981278918819999717e+02
-5.719868985890000204e+02
-5.991784401950000074e+02
-5.929192964650000022e+02
-5.975067180580000468e+02
-5.997592770329999894e+02
-5.992512702269999636e+02
-5.961859018820000529e+02
-5.988368379419999883e+02
-6.020837153689999468e+02
-5.900367749749999575e+02
-5.913490264800000205e+02
-5.816061421770000379e+02
-5.976686434499999905e+02
-6.017336030630000323e+02
-5.863343013270000483e+02
-5.989670602439999811e+02
-5.982070448949999673e+02
-5.926480203319999873e+02
-5.976407050970000228e+02
-5.858178597339999669e+02
-5.927784303350000528e+02
-5.805926010069999847e+02
-5.918319621370000050e+02
-5.956565444330000219e+02
-5.752766558969999551e+02
-5.879421595269999443e+02
-5.939028052200000047e+02
-5.809230040019999706e+02
-5.867039457060000132e+02
-5.898884977400000480e+02
-5.952647237039999482e+02
-5.972335220999999592e+02
-5.948583338820000108e+02
-5.894130924180000193e+02
-5.955843508689999908e+02
-5.991909612590000052e+02
-5.984300842889999785e+02
-5.591120061860000305e+02
-5.893693369699999494e+02
-5.970080201319999560e+02
-5.865944527320000361e+02
-5.839854994129999568e+02
-5.998935509520000551e+02
-5.946410557030000064e+02
-5.995585328729999901e+02
-5.816423946119999755e+02
-5.898446568509999679e+02
-5.993092619589999686e+02
-6.000576303889999963e+02
-5.965671800100000155e+02
-5.916836019940000142e+02
-5.900761553820000245e+02
-5.826089838220000274e+02
-5.953015590539999948e+02
-5.937523913439999887e+02
-5.760001046569999517e+02
-5.993342747230000214e+02
-5.961174165899999480e+02
-6.047238038299999516e+02
-5.975977919709999924e+02
-5.871293155519999800e+02
-5.936069834009999795e+02
-5.899692462279999745e+02
-5.827690324039999723e+02
-5.737264194099999486e+02
-5.855343321980000155e+02
-5.937886012200000323e+02
-5.916665814880000198e+02
-5.944213554960000465e+02
-5.987172142140000233e+02
-5.959298769609999908e+02
-6.008986416210000243e+02
-5.951426980899999535e+02
-5.969155835899999829e+02
-5.973775250160000496e+02
-5.904168361480000158e+02
-6.022185766960000137e+02
-5.853754057590000457e+02
-5.974027565640000148e+02
-5.949397617780000473e+02
-5.862224139200000081e+02
-5.932215762209999639e+02
-5.893365057439999646e+02
-5.960372320960000252e+02
-6.023172448589999703e+02
-5.984219211329999553e+02
-5.927689723790000471e+02
-5.911734423189999461e+02
-5.831689479030000030e+02
-5.653269968040000322e+02
-5.810627053010000509e+02
-5.924628153679999514e+02
-5.891456037770000194e+02
-5.957281406439999500e+02
-5.877501546930000131e+02
-5.798447112669999797e+02
-5.883437002660000417e+02
-5.927855496219999623e+02
-5.952640927080000210e+02
-5.891899870610000107e+02
-5.851118006059999743e+02
-5.747593993949999458e+02
-5.785188874719999603e+02
-6.020627629309999520e+02
-6.003084983449999754e+02
-5.802361998479999556e+02
-5.953644369400000187e+02
-5.961766936709999527e+02
-5.865287887990000399e+02
-5.939712485679999645e+02
-5.907535425639999858e+02
-5.939612828069999750e+02
-5.972328885150000133e+02
-5.634266501519999792e+02
-5.912232055560000390e+02
-5.839142862060000425e+02
-5.875773801340000091e+02
-5.990918969269999934e+02
-5.972478644599999598e+02
-5.976823421300000518e+02
-5.973956618219999655e+02
-5.881156359440000188e+02
-5.762975357269999677e+02
-5.975281210690000080e+02
-5.956362103320000188e+02
-5.828213399490000484e+02
-5.908394037560000243e+02
-5.975343177429999741e+02
-5.845847343619999492e+02
-6.010690699389999736e+02
-5.991863761839999825e+02
-5.962237344809999513e+02
-5.979912491439999940e+02
-5.915559806459999663e+02
-5.976463054570000395e+02
-5.934687043220000078e+02
-5.975556899570000269e+02
-6.028077691969999705e+02
-5.967569635879999623e+02
-5.696509155779999674e+02
-5.829517553440000484e+02
-5.897157824480000272e+02
-5.945026286859999800e+02
-5.958372740099999874e+02
-5.916546917639999492e+02
-5.933534254070000316e+02
-5.852928374800000029e+02
-5.977031082920000244e+02
-5.976814448159999529e+02
-5.903501837630000182e+02
-5.842149521490000552e+02
-5.932316255870000532e+02
-5.999608457189999626e+02
-5.941963614569999663e+02
-5.894945038380000142e+02
-5.907323650480000197e+02
-5.974882117790000393e+02
-5.954198388600000271e+02
-5.985610261819999778e+02
-5.817228051729999834e+02
-5.837270412110000279e+02
-5.946700886649999802e+02
-6.044181908499999736e+02
-6.033400314809999827e+02
-5.907823621320000029e+02
-5.880701045460000387e+02
-5.857058353070000294e+02
-5.704637500439999940e+02
-5.916757123410000077e+02
-5.823746496190000244e+02
-5.997449910220000220e+02
-5.963484540839999681e+02
-5.897993943660000014e+02
-6.000377173949999587e+02
-5.904633008670000436e+02
-5.825230017940000380e+02
-5.761214996630000087e+02
-5.806903152630000022e+02
-5.983730543289999559e+02
-5.977677714310000283e+02
-5.823266909960000248e+02
-5.838664783010000292e+02
-5.823366140000000541e+02
-6.034131911880000416e+02
-5.834028773019999790e+02
-5.970901218139999855e+02
-5.947519315609999921e+02
-5.880039914159999626e+02
-5.853320788229999607e+02
-5.835896605340000178e+02
-5.987290502030000425e+02
-5.942710102769999594e+02
-6.009115304790000209e+02
-5.965174676550000186e+02
-5.909190384370000402e+02
-6.015913565089999793e+02
-5.900472228869999753e+02
-5.849390058819999467e+02
-5.654988004489999867e+02
-5.845410036690000197e+02
-5.880193170349999718e+02
-5.897176808780000101e+02
-5.961641424519999646e+02
-5.998461813110000094e+02
-5.975822143179999557e+02
-5.843613335060000509e+02
-5.912612781310000400e+02
-5.978381324570000288e+02
-5.849331138459999693e+02
-6.013484504049999941e+02
-5.985998660379999592e+02
-5.852700851250000369e+02
-6.004707890769999494e+02
-6.026820660920000137e+02
-5.987651002769999877e+02
-5.969290527030000248e+02
-6.011543908749999900e+02
-5.951136474979999775e+02
-5.950318750049999608e+02
-5.970826593089999506e+02
-5.994561781109999856e+02
-5.967710634249999657e+02
-5.952674137770000016e+02
-5.770118073039999445e+02
-5.909888741620000019e+02
-6.044996238960000028e+02
-6.002225402149999809e+02
-5.922743444669999917e+02
-5.950963377619999619e+02
-6.000698434600000155e+02
-5.918268664380000246e+02
-5.864429446509999480e+02
-5.883095734209999819e+02
-5.933624037600000065e+02
-5.926843806419999510e+02
-5.949524590040000476e+02
-5.923723683260000143e+02
-5.937351722380000183e+02
-5.991744101269999874e+02
-5.993899856850000560e+02
-5.896457251870000391e+02
-5.872774140129999978e+02
-5.942887409449999723e+02
-5.880613740300000245e+02
-5.938120363809999844e+02
-5.899146918239999877e+02
-5.953309909480000215e+02
-5.839555372219999754e+02
-6.017396483969999963e+02
-6.016347438689999763e+02
-5.874026954119999573e+02
-5.917396566600000369e+02
-5.966721063339999773e+02
-5.906952463359999683e+02
-5.934308559969999806e+02
-5.937307662509999773e+02
-5.865084564070000397e+02
-5.923833957550000378e+02
-5.912713663729999780e+02
-5.947735049960000424e+02
-6.007926124900000104e+02
-5.962937456600000132e+02
-5.910410359710000421e+02
-5.761252396060000365e+02
-6.023392029200000479e+02
-5.886736337590000403e+02
-5.936857996700000513e+02
-5.950425138489999881e+02
-5.962837484299999460e+02
-5.985149376240000265e+02
-5.944723420499999520e+02
-5.859474091109999563e+02
-5.981558259539999653e+02
-5.965282825860000457e+02
-5.948606199920000108e+02
-5.856129650440000205e+02
-5.953030639490000340e+02
-5.983808461370000487e+02
-5.784012419220000538e+02
-5.826156704479999462e+02
-5.978876846839999644e+02
-5.983168975710000268e+02
-5.823563498370000389e+02
-5.937696664730000293e+02
-5.852837621940000190e+02
-5.939653716479999730e+02
-5.885159146869999631e+02
-5.971004093980000107e+02
-5.996753771859999915e+02
-5.883118448159999616e+02
-5.619050387060000276e+02
-5.932137266570000520e+02
-5.973849104299999908e+02
-6.013220842800000128e+02
-5.917172333869999648e+02
-5.881571653749999768e+02
-5.870665898639999796e+02
-5.983851812599999676e+02
-5.983224895140000399e+02
-5.958514294850000397e+02
-5.997323958409999705e+02
-5.955041662940000151e+02
-5.976616451329999791e+02
-5.982868219309999631e+02
-5.932969672430000401e+02
-5.999938364439999532e+02
-5.902023123610000539e+02
-6.041112928720000355e+02
-5.849459095780000553e+02
-5.922299909079999907e+02
-5.922565455769999971e+02
-5.916463849929999697e+02
-5.873090770080000311e+02
-5.987335881039999776e+02
-6.070681790249999494e+02
-5.993468724819999807e+02
-5.989683074660000557e+02
-5.962846201720000181e+02
-5.727808384669999668e+02
-5.919179317289999744e+02
-5.957903635359999726e+02
-6.013373498820000123e+02
-5.999412747070000478e+02
-5.875530333369999880e+02
-5.762834994569999481e+02
-5.753713045409999722e+02
-6.001188749020000159e+02
-5.805121684299999743e+02
-5.897169486080000524e+02
-5.895417510639999819e+02
-5.842630669080000416e+02
-5.787743043420000504e+02
-5.877884052150000116e+02
-5.882649777179999546e+02
-5.947170190189999630e+02
-5.911817369840000538e+02
-5.936436622090000128e+02
-5.988420730010000170e+02
-5.961636222170000110e+02
-5.903480856310000036e+02
-5.930388392390000263e+02
-5.940945077559999845e+02
-5.806026544220000005e+02
-5.973434692900000300e+02
-5.837984428910000361e+02
-6.034047804440000391e+02
-6.049947205790000453e+02
-5.881550977279999870e+02
-5.822444979209999474e+02
-5.594798701400000027e+02
-5.925259530399999903e+02
-5.953901505640000096e+02
-5.902964100570000028e+02
-5.953127932410000085e+02
-5.932990918560000182e+02
-5.827678766630000382e+02
-5.911944128960000171e+02
-5.948479180990000259e+02
-6.023176178869999831e+02
-5.890942809160000024e+02
-6.016311336219999930e+02
-5.924652041690000033e+02
-5.956884648679999827e+02
-5.966098760979999724e+02
-6.040524186159999545e+02
-5.965575456929999518e+02
-5.966216708230000449e+02
-5.804949612929999603e+02
-5.886151189559999466e+02
-6.005186738249999507e+02
-5.903539901200000486e+02
-5.869071767909999835e+02
-5.954390019239999674e+02
-5.907429620870000235e+02
-5.906659067430000505e+02
-5.897383445570000049e+02
-5.927120505850000427e+02
-6.004578757760000371e+02
-5.889856053199999906e+02
-5.861107131500000378e+02
-5.821707078680000222e+02
-5.829313320149999527e+02
-5.905228950619999750e+02
-6.023022494399999687e+02
-5.912224477089999937e+02
-5.982582408749999558e+02
-5.993459519980000323e+02
-5.900788186529999848e+02
-5.990342232850000528e+02
-5.973807184439999673e+02
-5.885797527339999533e+02
-5.861553040180000380e+02
-5.665119505720000461e+02
-5.714366426320000301e+02
-5.875429126179999457e+02
-6.005545733279999467e+02
-5.919222090880000451e+02
-5.962319440080000277e+02
-5.851475602110000409e+02
-5.896129476869999735e+02
-5.929911606629999596e+02
-5.935377842509999482e+02
-5.904006249799999750e+02
-6.024426575420000063e+02
-5.961444332400000121e+02
-5.945720352119999461e+02
-5.895333732369999780e+02
-5.822404954449999650e+02
-5.961814474340000061e+02
-5.963655761940000275e+02
-5.759479177619999746e+02
-5.836314086539999835e+02
-5.997325364270000136e+02
-5.868128434550000065e+02
-5.824420755710000321e+02
-5.944153791369999453e+02
-5.799751072789999853e+02
-5.922106475289999707e+02
-5.925244986599999493e+02
-5.881001391419999891e+02
-5.972579015950000212e+02
-5.939028658390000146e+02
-5.903135230220000267e+02
-5.829850548429999435e+02
-5.914189862140000287e+02
-5.563486239850000175e+02
-5.713758469619999687e+02
-5.825364060939999717e+02
-5.809698118750000049e+02
-5.758843628590000208e+02
-5.783906634730000178e+02
-5.777318790309999486e+02
-5.912497553179999841e+02
-5.994361948240000402e+02
-5.967607376890000523e+02
-5.895273914980000427e+02
-5.915115298460000304e+02
-5.949827629760000036e+02
-5.897182781950000390e+02
-5.764773709470000540e+02
-5.683349051769999960e+02
-5.809194312480000235e+02
-5.650809462580000400e+02
-5.816037609899999552e+02
-5.862881828590000168e+02
-5.606041315850000046e+02
-5.830961107279999851e+02
-5.948752926009999555e+02
-5.811370859119999750e+02
-5.939771832310000264e+02
-5.927568399929999714e+02
-5.956971985850000237e+02
-5.893360329250000404e+02
-5.820979386410000416e+02
-5.882911952380000002e+02
-5.892370789469999863e+02
-5.914973323909999863e+02
-5.857132110569999668e+02
-5.804389635689999523e+02
-5.732844050749999951e+02
-5.917808086109999977e+02
-5.953372308369999928e+02
-5.778959897360000468e+02
-5.888119120759999987e+02
-5.953712119289999691e+02
-5.992009342510000351e+02
-6.018397938589999967e+02
-5.981710328269999764e+02
-5.836083792409999660e+02
-5.883517008769999848e+02
-6.029628054410000004e+02
-5.725059128809999720e+02
-5.991766189649999887e+02
-5.979112177849999625e+02
-5.975129174119999789e+02
-5.866262252870000111e+02
-5.931966894749999710e+02
-5.982030425950000563e+02
-5.794625918350000120e+02
-5.737433987059999936e+02
-5.978985918240000501e+02
-5.910104657809999935e+02
-5.900340987199999745e+02
-5.754050038230000155e+02
-5.906136645379999663e+02
-5.865201872530000173e+02
-5.986549619419999999e+02
-5.920888907419999896e+02
-5.898947859749999907e+02
-5.719455889329999536e+02
-5.955543536210000184e+02
-5.865577945190000264e+02
-5.980055247389999522e+02
-5.963048892169999817e+02
-5.996675138829999696e+02
-5.887969487709999612e+02
-5.925478601900000513e+02
-6.019130527779999511e+02
-5.884650128499999937e+02
-5.913296488290000070e+02
-5.970731292230000236e+02
-5.820861877940000113e+02
-5.794950523009999870e+02
-5.922998706480000237e+02
-5.947699742429999787e+02
-5.901063827599999740e+02
-5.844392411009999933e+02
-5.932076395379999667e+02
-5.931095580840000139e+02
-5.981534307460000264e+02
-6.011212960770000109e+02
-6.063695229590000508e+02
-5.939585453290000032e+02
-5.991294295339999962e+02
-5.843598552680000466e+02
-5.969012924679999514e+02
-5.972707017579999729e+02
-5.718846138540000084e+02
-5.905272554450000371e+02
-5.981589075099999491e+02
-5.909616716079999605e+02
-5.957095967569999857e+02
-5.880868009849999680e+02
-6.027918686130000196e+02
-5.958300464789999751e+02
-5.949685504090000450e+02
-5.933324237949999542e+02
-5.925714833499999941e+02
-5.734981747550000364e+02
-5.848225206810000145e+02
-6.011090160029999652e+02
-5.951532558599999447e+02
-5.927888082560000385e+02
-5.949465981060000104e+02
-6.005288530049999736e+02
-5.984075234059999957e+02
-5.851352997620000451e+02
-5.942608817940000563e+02
-5.936287349650000351e+02
-5.952840143009999565e+02
-5.905403595179999456e+02
-5.887654604729999619e+02
-5.810853844519999711e+02
-5.930398896120000245e+02
-5.938827795509999987e+02
-5.968101446470000155e+02
-5.991442930680000245e+02
-5.886892725110000129e+02
-5.700271835569999439e+02
-6.026124151970000185e+02
-5.837796887920000017e+02
-5.881674564859999919e+02
-5.952118741430000455e+02
-6.012591578410000466e+02
-5.840557297459999972e+02
-5.843189841700000215e+02
-5.947114907669999866e+02
-5.956577276409999513e+02
-5.829753145360000417e+02
-5.760308486300000368e+02
-5.895542144889999463e+02
-6.002190865210000084e+02
-5.984996014739999737e+02
-5.973828183660000377e+02
-5.931338665839999749e+02
-5.979961260930000435e+02
-6.014785830829999895e+02
-6.062823309269999754e+02
-5.998554702200000293e+02
-6.003475235309999789e+02
-5.930934201520000215e+02
-5.941505387539999674e+02
-5.992353628949999802e+02
-5.928678930089999994e+02
-5.836075900429999592e+02
-6.006197908330000246e+02
-6.030155193079999663e+02
-5.969032760139999709e+02
-5.807835879499999692e+02
-5.964993949509999993e+02
-5.900417572669999799e+02
-5.922580966579999995e+02
-5.867034963979999702e+02
-5.945878182819999438e+02
-5.937710447770000428e+02
-6.005755228430000443e+02
-5.814732758119999971e+02
-6.013319859890000316e+02
-5.947400267900000017e+02
-5.863666789110000082e+02
-5.951734952819999762e+02
-5.958777202479999460e+02
-5.859896584910000001e+02
-5.852921421060000284e+02
-5.931838538560000416e+02
-5.955666765729999952e+02
-5.939865748129999474e+02
-5.886274482459999717e+02
-5.937169574089999742e+02
-5.843826978949999784e+02
-5.800344407339999862e+02
-6.002942852899999480e+02
-5.948258185690000346e+02
-5.894588412389999803e+02
-5.988277412119999781e+02
-6.016896871269999565e+02
-5.908924676159999763e+02
-5.906335203679999495e+02
-5.977447851460000265e+02
-5.705503108179999572e+02
-5.958303601720000415e+02
-5.918802310009999701e+02
-5.936482431330000509e+02
-5.996885784580000518e+02
-5.915800997430000052e+02
-5.999552946070000417e+02
-5.974180652390000432e+02
-5.985764903870000353e+02
-5.989561825770000496e+02
-6.061453361999999743e+02
-5.892174483239999745e+02
-5.959718285330000072e+02
-5.973637697890000027e+02
-5.950494160980000515e+02
-5.929576390830000037e+02
-6.025762793369999599e+02
-5.949276980020000565e+02
-5.973174669530000074e+02
-5.860635925569999927e+02
-6.013518348110000034e+02
-5.988159884560000137e+02
-6.052394085810000206e+02
-5.987356736020000199e+02
-5.916822071919999644e+02
-5.862922981059999756e+02
-5.924537019160000000e+02
-5.940864652950000391e+02
-5.949198908859999619e+02
-5.835666670880000311e+02
-5.791402301690000058e+02
-5.988211607729999741e+02
-5.946250765180000144e+02
-5.927888962329999458e+02
-5.891359966259999510e+02
-6.002413548959999616e+02
-5.995374188920000051e+02
-5.919541475810000293e+02
-6.002254462680000415e+02
-5.944111216850000119e+02
-5.922476950379999607e+02
-5.998981069259999686e+02
-6.009622505019999608e+02
-5.943891926860000012e+02
-5.916096253360000219e+02
-5.788218373099999781e+02
-5.863694227439999622e+02
-5.924065722450000067e+02
-5.927069503620000432e+02
-5.952224879049999799e+02
-5.773021709070000043e+02
-5.679263875530000405e+02
-5.884797867810000298e+02
-5.907339674590000413e+02
-5.955214838279999867e+02
-5.934538388280000163e+02
-5.808094225219999771e+02
-5.881283480140000393e+02
-5.936801268880000180e+02
-5.887646763620000456e+02
-5.971818888020000031e+02
-5.672572746829999915e+02
-6.047997195110000348e+02
-5.812146888739999895e+02
-6.032569434009999441e+02
-5.934190933249999489e+02
-6.020343283610000071e+02
-5.765869400459999952e+02
-5.956703142159999516e+02
-5.894484316709999803e+02
-5.847383061939999607e+02
-5.932533761030000505e+02
-5.777675300109999625e+02
-6.025474158969999507e+02
-5.974432705909999868e+02
-5.869473923550000336e+02
-6.020881045249999488e+02
-5.921915620739999895e+02
-5.950715001429999802e+02
-5.823515096950000043e+02
-5.906177771970000094e+02
-5.863252505660000224e+02
-5.973517035889999534e+02
-5.995166023259999974e+02
-5.796004024720000416e+02
-5.900831269870000142e+02
-5.987550784699999440e+02
-5.842317876920000117e+02
-5.992935930620000136e+02
-5.904006578419999869e+02
-5.955948372730000528e+02
-5.821301153560000330e+02
-5.885769489509999630e+02
-5.705644099239999605e+02
-5.779754774770000267e+02
-5.909707858990000204e+02
-5.929541131209999776e+02
-5.752827864580000323e+02
-5.979719095789999983e+02
-5.938681977049999432e+02
-5.990662651049999567e+02
-6.046612076850000221e+02
-6.005976877179999747e+02
-5.959918474840000044e+02
-5.871032433469999887e+02
-5.892211649920000127e+02
-5.884446237339999470e+02
-6.003841750660000116e+02
-5.977627203700000109e+02
-5.864708205460000272e+02
-5.988202827100000150e+02
-5.958641346299999668e+02
-5.966716098970000530e+02
-5.929875655040000311e+02
-5.908779003610000018e+02
-5.773809110109999665e+02
-5.868410265200000140e+02
-6.010460564820000400e+02
-5.949340792259999944e+02
-5.890368830129999651e+02
-5.798741612620000296e+02
-5.989622260669999605e+02
-6.062532240479999928e+02
-5.817786618449999878e+02
-5.852362971259999540e+02
-5.899238957039999605e+02
-5.847269707630000539e+02
-5.897968625539999721e+02
-5.882036628670000482e+02
-5.984071348229999785e+02
-5.839359946509999872e+02
-5.932606383739999956e+02
-5.994128967100000409e+02
-5.981510296269999571e+02
-5.927224069009999994e+02
-5.951936041330000080e+02
-5.942884998219999488e+02
-5.965077060720000190e+02
-5.932559794920000513e+02
-5.920748828600000024e+02
-5.973049274559999731e+02
-6.001977559169999950e+02
-5.903282088119999571e+02
-5.998051996699999791e+02
-6.000990287609999996e+02
-6.020252832139999555e+02
-5.986388904299999467e+02
-5.943074839670000529e+02
-5.936783458989999644e+02
-5.976426157839999860e+02
-5.969050808240000379e+02
-5.942665982590000340e+02
-5.976736228539999729e+02
-5.939701668669999890e+02
-5.941453841539999985e+02
-5.992354726019999589e+02
-5.885247149589999935e+02
-6.038416708690000405e+02
-5.934095583800000213e+02
-5.928825587029999724e+02
-5.934193381909999516e+02
-5.998715625590000400e+02
-5.911401148019999710e+02
-5.853380257730000267e+02
-5.935730893740000056e+02
-5.950421384390000412e+02
-5.966521256759999687e+02
-5.838496761300000344e+02
-5.979367477639999606e+02
-5.895685533739999755e+02
-5.961856765180000366e+02
-5.973537171689999923e+02
-6.014847593859999506e+02
-5.879019878389999576e+02
-5.959145655529999885e+02
-5.844515154629999643e+02
-5.910420978170000126e+02
-5.924532315909999625e+02
-5.764963101639999650e+02
-6.034437614610000082e+02
-6.008870693200000233e+02
-6.007382163260000425e+02
-6.002494825200000150e+02
-5.863507113250000202e+02
-5.995857320840000284e+02
-5.870637362920000442e+02
-5.980646491909999440e+02
-5.912244860270000117e+02
-5.867674490660000401e+02
-6.031042141650000303e+02
-6.003550758300000325e+02
-5.883592597430000524e+02
-5.989270009360000131e+02
-5.906671907310000051e+02
-5.922651439100000061e+02
-5.849588360349999903e+02
-5.982905394980000437e+02
-5.963578637320000553e+02
-6.011499646510000048e+02
-5.917673460250000517e+02
-5.827080873800000518e+02
-5.906679289119999794e+02
-5.947872572070000388e+02
-6.000601500369999712e+02
-6.044028410089999852e+02
-5.951827783009999848e+02
-5.902566714319999619e+02
-5.920334947420000162e+02
-5.783095797969999694e+02
-5.902821230509999850e+02
-5.916529412810000395e+02
-5.989087186089999477e+02
-5.998359926309999537e+02
-6.050216616039999735e+02
-5.917693568629999845e+02
-6.008336211590000175e+02
-5.858461230210000394e+02
-5.987692397829999891e+02
-5.984979827290000003e+02
-5.938256441519999953e+02
-5.867677263880000282e+02
-5.907523234870000124e+02
-5.913064912930000219e+02
-5.906216140819999509e+02
-5.879517450920000101e+02
-5.639400173220000170e+02
-5.945971820940000043e+02
-5.880339200590000246e+02
-5.963015505710000070e+02
-6.030734825959999625e+02
-5.823859946750000063e+02
-5.966755668020000485e+02
-6.014963446430000431e+02
-5.964629532819999440e+02
-5.914437514749999991e+02
-5.845720438280000053e+02
-5.837212167779999845e+02
-5.977949473229999739e+02
-6.001198141989999613e+02
-6.036903390390000368e+02
-5.907206318209999836e+02
-5.940896697059999951e+02
-5.978910996959999693e+02
-5.980359856920000539e+02
-6.006987541610000108e+02
-6.025323873749999848e+02
-6.062723112700000456e+02
-5.947056945110000470e+02
-5.866228308629999901e+02
-5.980931976079999686e+02
-5.737943344589999697e+02
-5.891127817630000436e+02
-5.981228349179999668e+02
-6.038729400759999635e+02
-5.985264902290000464e+02
-5.797175066409999999e+02
-5.937969960570000012e+02
-5.633685106130000122e+02
-5.940270738059999758e+02
-5.934397298500000488e+02
-6.007982765619999554e+02
-5.921109078770000451e+02
-5.878690629149999722e+02
-5.868302169969999795e+02
-5.891709411570000157e+02
-5.949656245469999476e+02
-5.976794855990000315e+02
-5.978420196820000001e+02
-5.921094518060000382e+02
-5.901336305930000208e+02
-5.965456033350000098e+02
-6.007686938069999769e+02
-5.935182808680000335e+02
-5.906750076910000189e+02
-5.883103112850000116e+02
-5.921350460200000043e+02
-5.891666121079999812e+02
-5.978766858709999497e+02
-5.897278314520000322e+02
-5.992808901820000074e+02
-5.989162655589999531e+02
-5.870681153880000238e+02
-5.977027891449999970e+02
-5.978582186869999759e+02
-6.001603046110000150e+02
-5.897739810640000542e+02
-6.048139388360000339e+02
-5.866865827799999806e+02
-5.969875898259999758e+02
-5.864722049529999595e+02
-5.783668943530000206e+02
-5.898505665400000453e+02
-5.769961547999999993e+02
-5.837883066169999893e+02
-5.699752317530000028e+02
-5.911414133829999855e+02
-5.948899412109999503e+02
-5.937996304499999951e+02
-5.963778739560000304e+02
-5.849027767710000489e+02
-5.785760086909999700e+02
-5.923347103769999649e+02
-5.826279193330000226e+02
-5.934932566439999846e+02
-5.899863344079999479e+02
-5.810524481170000399e+02
-5.993836651079999456e+02
-6.053062943160000486e+02
-5.894125088759999471e+02
-5.833210957740000140e+02
-6.043266187169999739e+02
-6.005124729599999682e+02
-5.954412827669999615e+02
-5.977958779289999711e+02
-5.961148094999999785e+02
-5.784837587279999980e+02
-5.937450408559999460e+02
-5.915856206989999464e+02
-5.991257743710000341e+02
-6.006198441049999701e+02
-5.997004363329999705e+02
-6.001851197119999597e+02
-5.774687264120000236e+02
-5.834094430310000234e+02
-5.765827765249999857e+02
-5.976411290739999913e+02
-5.859661458589999938e+02
-5.807165900469999542e+02
-5.889099976810000499e+02
-5.868576536000000488e+02
-5.916561315640000203e+02
-5.983685803009999518e+02
-5.987735308569999688e+02
-5.928184002540000392e+02
-5.985631921240000111e+02
-5.910102238480000096e+02
-5.893034481580000374e+02
-5.926178512339999997e+02
-5.923860682660000521e+02
-5.958201656869999852e+02
-5.914716288009999516e+02
-6.023442010750000009e+02
-5.998794460359999903e+02
-5.875692848259999437e+02
-5.845677284409999857e+02
-5.984771379359999628e+02
-5.765478012309999940e+02
-6.054424848419999989e+02
-5.982610020240000495e+02
-5.864313196909999988e+02
-5.849295444619999671e+02
-5.818451111809999929e+02
-5.912222928099999990e+02
-5.913737991220000367e+02
-5.766460926820000168e+02
-5.996948339980000355e+02
-6.020839092889999620e+02
-5.942823966449999489e+02
-5.895458258490000389e+02
-5.595396507829999564e+02
-5.841561748850000413e+02
-5.980704549490000090e+02
-6.029015972749999719e+02
-5.886440346360000149e+02
-5.958564324960000249e+02
-5.853833058510000455e+02
-5.980653868829999737e+02
-5.979794192059999887e+02
-5.962558469000000514e+02
-5.959824865379999892e+02
-5.850278163870000299e+02
-5.857926439300000538e+02
-5.788863572870000098e+02
-5.892466876119999597e+02
-5.955896090119999826e+02
-5.962343180310000434e+02
-5.984847213780000175e+02
-5.953440809950000130e+02
-5.935891775220000000e+02
-5.873571326510000290e+02
-5.922205502409999553e+02
-5.881014334300000428e+02
-6.014077449300000353e+02
-5.973306712569999490e+02
-5.993349047200000541e+02
-6.008150054379999574e+02
-5.867966011600000229e+02
-5.834373374580000018e+02
-5.917788336349999554e+02
-5.868580077550000169e+02
-5.945663974100000360e+02
-5.796349073200000248e+02
-5.958435550130000138e+02
-5.862262498469999628e+02
-5.862924081459999570e+02
-5.825043182360000174e+02
-5.889733846780000022e+02
-5.968664690489999884e+02
-5.999072119300000168e+02
-5.995663688619999903e+02
-6.046742253209999944e+02
-5.957044974059999731e+02
-5.942460233240000207e+02
-5.953683110340000439e+02
-5.904707020289999946e+02
-5.962001290220000556e+02
-5.933944322800000464e+02
-5.985403841920000332e+02
-5.958143204210000476e+02
-5.962715423920000148e+02
-5.923986731679999593e+02
-5.788645763360000274e+02
-5.795755069479999975e+02
-6.044060417639999514e+02
-5.721739917730000116e+02
-5.994040070040000501e+02
-5.839677756070000214e+02
-5.893266305839999859e+02
-5.980595894970000472e+02
-6.046307280029999447e+02
-5.954329538089999687e+02
-6.043720611999999619e+02
-5.726700444470000093e+02
-5.919426005139999916e+02
-5.989870679319999454e+02
-5.961729009900000165e+02
-5.782106108689999928e+02
-5.790874909689999868e+02
-5.795474595120000458e+02
-5.853380057540000507e+02
-5.898036313009999958e+02
-5.899817400230000430e+02
-5.898188734259999819e+02
-5.899786033840000528e+02
-5.781163986740000382e+02
-5.923494520440000315e+02
-5.844166332480000392e+02
-5.752703960339999867e+02
-5.845751079389999632e+02
-6.004199799100000519e+02
-5.780854060379999737e+02
-5.954699552450000510e+02
-5.894919873190000317e+02
-5.840023836029999984e+02
-5.824241912439999851e+02
-5.971617729119999467e+02
-5.796139203010000074e+02
-5.937124127900000303e+02
-5.907399024850000160e+02
-6.026763653819999718e+02
-6.001700519319999785e+02
-5.772735339539999586e+02
-5.825220064970000067e+02
-5.920837747199999512e+02
-6.031327881580000394e+02
-5.932913124609999613e+02
-5.898680788440000242e+02
-5.904905640480000102e+02
-5.960322251779999760e+02
-5.986731415629999447e+02
-5.870280972010000369e+02
-6.013290333139999575e+02
-5.965468156050000061e+02
-5.694709262280000530e+02
-5.894588088230000267e+02
-5.858277146120000225e+02
-5.817481299089999993e+02
-5.811804271959999824e+02
-5.878323161920000075e+02
-5.971269342419999475e+02
-5.905519626049999715e+02
-6.021113516249999975e+02
-5.769146965160000491e+02
-5.963926143439999805e+02
-5.926668356129999893e+02
-5.930074012139999695e+02
-5.812704159679999520e+02
-5.798502949749999971e+02
-5.993740922199999659e+02
-5.988804879970000457e+02
-6.022358253209999930e+02
-5.964044597739999745e+02
-5.895158012919999919e+02
-5.919451965570000311e+02
-5.925575808490000327e+02
-5.971167648680000184e+02
-6.016391016610000406e+02
-6.000428346060000422e+02
-5.975619931769999766e+02
-5.867647721099999671e+02
-5.934753715780000221e+02
-5.872299373570000398e+02
-5.935723241279999911e+02
-5.885689405589999978e+02
-5.898078437179999582e+02
-5.885803719589999901e+02
-5.959488637790000212e+02
-6.034024925080000230e+02
-6.016188233880000098e+02
-6.066480083899999727e+02
-5.996275653879999936e+02
-5.901892705679999835e+02
-5.836872859400000380e+02
-5.763193532640000285e+02
-5.902826637980000442e+02
-5.907683686880000096e+02
-5.937114988609999955e+02
-6.002654983700000457e+02
-5.922779090889999907e+02
-5.853386992980000514e+02
-5.981224490020000530e+02
-6.023635375909999539e+02
-5.993177252269999826e+02
-5.936194448640000019e+02
-5.789542263700000149e+02
-5.974351603430000068e+02
-5.961153800949999777e+02
-5.888819059830000242e+02
-6.007184382359999972e+02
-5.851248610039999676e+02
-5.733279943669999739e+02
-5.930278079649999654e+02
-6.020763908720000472e+02
-5.971393289889999778e+02
-5.690703970649999519e+02
-5.993849289339999586e+02
-5.976945415339999954e+02
-5.748851411299999654e+02
-5.978891731799999434e+02
-5.864591774240000177e+02
-5.998937373789999583e+02
-5.837921472689999973e+02
-5.894029867489999788e+02
-6.012557425300000205e+02
-5.904719714730000533e+02
