-5.484954050610000422e+02
-5.657609204770000133e+02
-6.022095709889999853e+02
-5.852623903480000536e+02
-5.711040047489999552e+02
-5.972245316559999537e+02
-5.881383292550000306e+02
-5.879144077610000068e+02
-5.862809224610000456e+02
-5.919894548360000499e+02
-5.859860942459999933e+02
-5.914203157949999650e+02
-6.008365763369999968e+02
-5.866640841949999867e+02
-5.457449793680000312e+02
-5.867049645399999918e+02
-5.777833119330000500e+02
-5.958869490939999878e+02
-5.876438336050000544e+02
-6.000156232729999601e+02
-5.972960721639999520e+02
-6.025127737750000279e+02
-5.816902451680000468e+02
-5.875781269520000478e+02
-5.827714915770000061e+02
-5.782233864390000235e+02
-5.767460573089999798e+02
-5.606632186099999444e+02
-5.856665005559999599e+02
-5.915479532199999539e+02
-5.979168534650000311e+02
-6.009526939659999698e+02
-5.907208439779999480e+02
-5.972381339840000010e+02
-5.864907169770000337e+02
-5.777399301899999955e+02
-5.815309247960000221e+02
-5.902987496299999748e+02
-5.939525270079999473e+02
-5.896296938089999458e+02
-5.935827196090000371e+02
-5.880758270100000118e+02
-5.862508584170000177e+02
-5.889625745040000311e+02
-5.950419902419999971e+02
-5.928962040290000459e+02
-5.793581949540000551e+02
-5.793678997370000161e+02
-5.866426256390000162e+02
-5.921145592870000200e+02
-5.838409697990000495e+02
-5.841497069690000217e+02
-5.876381383110000343e+02
-5.839688212260000455e+02
-5.820382217779999792e+02
-5.934352186170000323e+02
-5.942842969130000483e+02
-6.009408463989999518e+02
-6.009236294859999816e+02
-6.020475480009999956e+02
-5.897027236310000262e+02
-5.896673701299999948e+02
-5.965166320480000195e+02
-6.028447653629999650e+02
-5.924570748170000343e+02
-5.955820121680000057e+02
-5.878510381830000142e+02
-5.955738449790000004e+02
-5.886531899049999765e+02
-5.867535872409999911e+02
-5.968532453990000022e+02
-5.724034952790000261e+02
-5.952644697409999708e+02
-6.020745550289999528e+02
-5.836942547099999956e+02
-5.936596303640000087e+02
-5.935426208220000035e+02
-5.916759400360000427e+02
-5.992088708239999733e+02
-5.983194681349999655e+02
-5.909361055059999899e+02
-5.976019487510000090e+02
-5.785534097779999456e+02
-5.944106270400000085e+02
-5.899316043549999904e+02
-5.912315588909999633e+02
-5.937513320000000476e+02
-5.848703893299999663e+02
-5.905333485500000279e+02
-6.002951481439999952e+02
-5.785164600829999699e+02
-5.507730070669999805e+02
-5.813302124819999790e+02
-5.919609756070000230e+02
-5.859705149840000331e+02
-5.959959155179999470e+02
-5.907800085610000451e+02
-5.851168648069999563e+02
-5.927205790709999746e+02
-5.947857801950000294e+02
-5.897595379800000046e+02
-5.876480646640000032e+02
-5.833486404919999586e+02
-5.907340351349999992e+02
-5.879149754630000189e+02
-5.896530452409999725e+02
-5.644988090670000247e+02
-5.812653174150000268e+02
-5.965095322099999748e+02
-5.922127079299999650e+02
-5.903574284559999796e+02
-5.814385187860000315e+02
-5.988694608770000514e+02
-5.698740881850000051e+02
-5.941725195330000133e+02
-5.934574995680000029e+02
-5.932566372139999658e+02
-6.059117878949999749e+02
-5.853544737280000163e+02
-6.003997638170000073e+02
-5.928734996230000434e+02
-5.745653781720000097e+02
-5.915682889439999599e+02
-6.023606114609999622e+02
-5.922158585299999913e+02
-5.990937382859999616e+02
-5.996839227839999467e+02
-6.040215068909999445e+02
-5.919057835620000105e+02
-5.801953072410000232e+02
-5.782329578830000401e+02
-5.814458533680000301e+02
-5.670821852100000342e+02
-5.774219940760000327e+02
-5.683544318289999637e+02
-5.824932191970000304e+02
-5.734387703150000561e+02
-5.943749732840000206e+02
-5.689716954130000204e+02
-5.760068049870000095e+02
-5.831223654780000061e+02
-5.836841672890000154e+02
-5.866783470240000042e+02
-5.863810431690000087e+02
-5.812812109430000191e+02
-5.781925003459999743e+02
-5.912715145170000142e+02
-5.900141754940000283e+02
-5.786620417269999734e+02
-5.874573803150000231e+02
-5.945722615570000471e+02
-5.841044074190000401e+02
-5.766340338479999446e+02
-5.961846377959999472e+02
-5.983923356830000557e+02
-5.971632759430000306e+02
-5.942492313349999904e+02
-5.962830991230000564e+02
-5.943746820699999489e+02
-5.809246611820000226e+02
-5.856613775260000239e+02
-5.946176505629999838e+02
-5.954755058529999587e+02
-6.022276886299999887e+02
-5.924813458830000172e+02
-5.898681076139999959e+02
-5.989687053039999682e+02
-5.901283397780000541e+02
-5.927062785240000267e+02
-5.869310177769999655e+02
-5.894487726040000553e+02
-5.833101897330000156e+02
-5.918253086580000399e+02
-5.815552855610000051e+02
-6.003430912009999929e+02
-6.034228263049999441e+02
-5.979441450939999640e+02
-5.852164380409999467e+02
-5.789368495679999569e+02
-5.738418804310000496e+02
-5.808904761969999981e+02
-5.863834316400000262e+02
-5.826417526269999598e+02
-5.577323602190000429e+02
-5.735311514060000491e+02
-5.691310530759999438e+02
-5.943177737099999831e+02
-6.017602654989999564e+02
-5.848963639359999434e+02
-5.943066682520000086e+02
-6.002833086460000231e+02
-5.843143591499999729e+02
-5.966224294710000322e+02
-5.914021624279999969e+02
-5.747728159519999735e+02
-5.870517685480000409e+02
-5.889533771029999798e+02
-5.794284764929999483e+02
-6.031497187689999464e+02
-6.027330054080000536e+02
-5.997676773509999748e+02
-5.946119680909999943e+02
-5.929953176049999684e+02
-5.757462895999999546e+02
-5.895526176380000152e+02
-5.992872603340000524e+02
-5.866801841750000222e+02
-5.749662516130000540e+02
-5.886022129460000087e+02
-5.970195543849999922e+02
-5.955228187650000109e+02
-5.849492807640000365e+02
-5.935486363459999666e+02
-5.855169059730000072e+02
-5.819135577319999584e+02
-5.994290493409999954e+02
-5.851449305759999788e+02
-5.904051671030000534e+02
-5.965246550939999679e+02
-5.959819093520000024e+02
-5.860534483989999899e+02
-5.714830817219999517e+02
-5.869941730829999642e+02
-5.748109580289999485e+02
-5.948819609170000149e+02
-5.917818656700000020e+02
-5.723291022629999816e+02
-5.956852987119999625e+02
-5.958208774270000276e+02
-5.895946200199999794e+02
-5.787307537240000102e+02
-5.702960673920000545e+02
-5.991216600159999643e+02
-6.013187742579999622e+02
-5.854957895270000563e+02
-5.961815321650000215e+02
-5.672043436779999865e+02
-5.995911885709999751e+02
-5.907709686499999862e+02
-5.909418146409999508e+02
-5.834010223010000118e+02
-5.991875912719999633e+02
-5.952949973050000381e+02
-5.990493074290000095e+02
-5.836050279879999607e+02
-5.753901715680000279e+02
-5.888047428109999828e+02
-5.759113266309999517e+02
-5.884277366769999844e+02
-6.030182591320000256e+02
-5.968289542759999904e+02
-5.852715089230000558e+02
-5.947004897530000562e+02
-5.838476220600000488e+02
-5.929539169019999463e+02
-5.867693864709999616e+02
-5.947515428230000225e+02
-5.992332196959999919e+02
-6.034996349230000305e+02
-5.944843423849999908e+02
-5.949607264390000410e+02
-5.965953980530000536e+02
-5.788934750839999879e+02
-5.830576451250000218e+02
-5.655100271750000047e+02
-5.873620269040000039e+02
-5.870710060630000271e+02
-5.952641757669999834e+02
-5.888860686980000310e+02
-5.817939877219999971e+02
-5.983223687290000044e+02
-6.006355557360000148e+02
-5.756994644850000213e+02
-5.755625678530000187e+02
-5.568122735880000391e+02
-5.681043064629999435e+02
-5.665020264710000220e+02
-5.844335508399999526e+02
-5.916096242840000059e+02
-5.969073265499999934e+02
-5.921992110090000097e+02
-5.952318166500000416e+02
-5.930585456210000075e+02
-5.890472177269999747e+02
-6.016906295549999868e+02
-5.911698466550000148e+02
-5.919537056440000242e+02
-5.914512828089999630e+02
-6.031759008919999587e+02
-5.872734996359999968e+02
-5.830658995799999502e+02
-5.741910353709999981e+02
-5.860995447850000346e+02
-5.835210053439999456e+02
-5.885798301730000048e+02
-5.889748318099999551e+02
-5.937615773390000413e+02
-5.996653525870000294e+02
-6.006438911359999793e+02
-6.027294132429999536e+02
-5.839112484129999530e+02
-5.873428456589999769e+02
-5.735180377330000283e+02
-5.971213046240000040e+02
-5.740107969440000488e+02
-5.802388261410000041e+02
-5.987111503539999831e+02
-5.971213659380000536e+02
-5.894339181579999831e+02
-5.884117593700000270e+02
-5.898825697229999605e+02
-6.048534116890000405e+02
-5.917697651820000146e+02
-5.968412149680000311e+02
-5.885682796820000249e+02
-5.963519387989999814e+02
-6.016850890130000380e+02
-5.800563779919999661e+02
-5.632185553540000456e+02
-5.813637263330000451e+02
-5.926848456349999879e+02
-5.921431558839999525e+02
-6.015782517760000019e+02
-5.868013023519999933e+02
-5.987936479630000122e+02
-5.934971284800000149e+02
-6.003266618579999658e+02
-5.835968774709999707e+02
-5.693688753750000160e+02
-5.700082208380000566e+02
-5.766753283159999910e+02
-5.824497389699999985e+02
-5.914088688880000291e+02
-5.905315362019999839e+02
-5.948814416760000086e+02
-5.921168299209999759e+02
-5.882468002819999811e+02
-5.914337547410000298e+02
-5.837424607340000193e+02
-5.746317343199999641e+02
-5.875298800530000563e+02
-5.949176079300000310e+02
-5.850032973180000226e+02
-5.786669722159999765e+02
-5.923103066390000322e+02
-5.707230921589999753e+02
-5.808902835430000096e+02
-5.984955909919999613e+02
-5.962873591459999716e+02
-5.897576675730000488e+02
-5.978810704239999723e+02
-5.943238220819999924e+02
-5.884321296140000186e+02
-5.938166933210000025e+02
-5.968639532580000377e+02
-5.847277537060000441e+02
-5.930825125930000468e+02
-5.974565860019999946e+02
-5.876253651230000514e+02
-5.710821161620000339e+02
-5.611360063490000130e+02
-5.862889172369999642e+02
-5.943379050539999753e+02
-5.789712263809999513e+02
-5.909169718839999632e+02
-5.708767737269999998e+02
-5.952625815979999970e+02
-5.877461850509999977e+02
-5.914266657220000525e+02
-5.914672243559999743e+02
-5.930256513499999755e+02
-6.015521220309999535e+02
-6.001176833130000432e+02
-5.935946721950000438e+02
-5.613172489080000105e+02
-5.839788383229999909e+02
-5.850904622629999494e+02
-5.977617493940000486e+02
-5.909893418110000312e+02
-5.900012232899999844e+02
-5.966025674630000140e+02
-5.967721702879999839e+02
-5.820214289230000304e+02
-5.955207607600000301e+02
-5.881119349419999480e+02
-5.839554364079999687e+02
-5.969014722130000337e+02
-5.804435785330000499e+02
-5.745307714309999483e+02
-5.746478635570000506e+02
-5.906925533539999833e+02
-6.014114766720000489e+02
-6.003908280220000506e+02
-5.942175930729999891e+02
-5.726870151750000559e+02
-5.944384736419999626e+02
-6.027189567469999929e+02
-5.768650611770000296e+02
-5.937632933390000289e+02
-5.784164005769999903e+02
-5.894937811690000444e+02
-5.922356903300000113e+02
-5.856816479110000273e+02
-5.891549766509999699e+02
-5.821471634170000016e+02
-5.980900724959999479e+02
-5.964771789110000100e+02
-5.939309308399999736e+02
-6.013132275540000364e+02
-5.910091327879999881e+02
-5.960208401869999761e+02
-5.839843408010000303e+02
-6.033945007280000254e+02
-5.915082589239999606e+02
-5.868429514870000503e+02
-5.991160543439999628e+02
-5.870518692220000503e+02
-5.892308651170000076e+02
-5.835702494720000004e+02
-5.891491500439999527e+02
-5.860602464199999986e+02
-5.833229929489999677e+02
-5.912963548999999830e+02
-5.999911297820000300e+02
-5.951293771880000349e+02
-5.927278030710000394e+02
-5.787575857179999730e+02
-5.769427842840000267e+02
-5.804596747629999527e+02
-5.831737628839999843e+02
-5.802726908419999745e+02
-5.865213428549999435e+02
-5.666495284559999845e+02
-5.734100979070000221e+02
-6.001904751490000081e+02
-5.855257268469999872e+02
-5.997825116369999705e+02
-5.934892751940000153e+02
-5.748431377609999799e+02
-5.903141197029999603e+02
-5.721155792240000437e+02
-5.805613509959999874e+02
-5.627464729859999579e+02
-5.758625163389999670e+02
-5.884954896880000206e+02
-5.736996937420000222e+02
-6.020083198150000499e+02
-5.938157799309999518e+02
-6.040275991920000251e+02
-5.981371197729999949e+02
-5.866092918519999557e+02
-5.773524620959999538e+02
-5.919659992499999817e+02
-5.823212305250000327e+02
-5.927256758889999446e+02
-5.953935458260000360e+02
-6.045628898740000068e+02
-5.868929459150000412e+02
-5.828879504369999722e+02
-6.027409229979999736e+02
-5.949504373620000024e+02
-6.005418693159999748e+02
-5.815162428769999678e+02
-5.903088766390000046e+02
-5.833966200539999818e+02
-5.725458667410000544e+02
-5.836963188920000221e+02
-5.964603911789999984e+02
-5.983444178349999447e+02
-5.872043618090000336e+02
-5.949863719840000158e+02
-5.802266000820000045e+02
-5.926516769789999444e+02
-5.998762378899999703e+02
-5.917511908779999885e+02
-5.974876978649999728e+02
-5.965623641209999732e+02
-5.875307055199999695e+02
-5.954788595270000542e+02
-5.795143337370000154e+02
-5.851690212329999667e+02
-5.976650933930000065e+02
-5.875194318630000225e+02
-5.839393847569999707e+02
-5.889115319769999815e+02
-6.034896429729999454e+02
-5.801667810400000462e+02
-5.990999485040000536e+02
-5.982891022210000074e+02
-5.920230635960000427e+02
-5.983722660280000127e+02
-5.934507793100000299e+02
-5.892703664230000413e+02
-5.902366546499999913e+02
-5.997351025890000074e+02
-5.963042658409999603e+02
-5.805509132319999708e+02
-5.953061689029999570e+02
-5.926228252990000556e+02
-6.024916764150000290e+02
-5.970832416399999829e+02
-5.871094405579999602e+02
-5.874328055449999511e+02
-5.954114116069999909e+02
-5.736092169239999521e+02
-5.901056714579999607e+02
-5.741517972279999640e+02
-5.653374942870000268e+02
-5.862261112480000520e+02
-5.835984308460000420e+02
-5.932406654510000408e+02
-5.963100170610000532e+02
-5.832925327860000380e+02
-5.848790949729999511e+02
-6.012320813659999885e+02
-5.866490840489999528e+02
-6.004543941209999502e+02
-5.845571104010000454e+02
-5.919985553970000183e+02
-5.740941083510000453e+02
-5.746297436910000442e+02
-5.799737228740000319e+02
-5.928283054700000321e+02
-5.967162313210000093e+02
-5.926583326349999652e+02
-5.929125516809999681e+02
-5.858956183960000317e+02
-5.907887839730000223e+02
-5.941304038780000383e+02
-5.910630250939999542e+02
-6.001324985019999758e+02
-5.677521335220000083e+02
-5.902598779679999552e+02
-5.623466538720000472e+02
-5.764817379190000111e+02
-5.986270339139999805e+02
-5.816990064430000302e+02
-5.897321629519999533e+02
-5.827819197999999687e+02
-5.670153399849999687e+02
-5.621627764380000372e+02
-5.923555362160000186e+02
-5.835192100420000543e+02
-5.871930855760000441e+02
-5.728606085820000544e+02
-5.903757237679999434e+02
-5.991268458219999502e+02
-5.854835446759999513e+02
-5.796223959320000176e+02
-5.765397231949999650e+02
-5.746817034880000392e+02
-5.884644841680000127e+02
-5.867174784159999490e+02
-5.849752293389999522e+02
-5.870950989929999650e+02
-5.917586307770000076e+02
-5.965729450200000201e+02
-5.941083991729999525e+02
-6.012064817929999663e+02
-6.005663457629999584e+02
-5.972339605580000352e+02
-5.802142833079999491e+02
-5.950490142119999746e+02
-5.829657251309999992e+02
-5.960592551590000312e+02
-6.025444271170000547e+02
-5.938299388409999437e+02
-5.940375656420000041e+02
-6.014201673630000187e+02
-5.871694789499999843e+02
-5.794941395749999629e+02
-5.895125969829999804e+02
-5.724945436530000507e+02
-6.038438412829999606e+02
-5.956079070270000102e+02
-5.809505409749999671e+02
-5.959005355819999750e+02
-6.006709996340000544e+02
-5.945236817569999630e+02
-5.879354313860000047e+02
-5.959883946700000479e+02
-5.820138987330000191e+02
-5.890390006600000561e+02
-5.928466236740000568e+02
-5.924138859930000081e+02
-5.818363282660000095e+02
-5.966861563659999774e+02
-5.975246339489999627e+02
-5.897200370450000264e+02
-5.992831614069999659e+02
-5.965508404659999542e+02
-5.971671755090000033e+02
-5.882547434000000521e+02
-6.027495164419999583e+02
-5.969635843170000271e+02
-5.607446284919999471e+02
-5.907593507560000035e+02
-5.950644683030000124e+02
-5.869554286469999624e+02
-5.968164132330000484e+02
-5.972071004150000135e+02
-5.985527213069999561e+02
-5.981000973530000238e+02
-5.859077204129999927e+02
-5.549019286169999532e+02
-5.810446859290000248e+02
-5.763042988360000436e+02
-5.812486865270000180e+02
-5.797148188679999521e+02
-5.931664491420000331e+02
-5.884686319859999912e+02
-6.031752337210000405e+02
-5.903946174870000050e+02
-6.019598323320000191e+02
-5.943989675819999547e+02
-5.982508239019999792e+02
-5.662411391550000417e+02
-6.004413764610000044e+02
-5.968765239379999912e+02
-5.981180420120000463e+02
-6.020935185929999989e+02
-5.942573102410000274e+02
-5.796614478699999609e+02
-5.735626516910000419e+02
-5.835214183120000371e+02
-5.909174309669999730e+02
-5.710918307419999564e+02
-5.891749229739999691e+02
