-5.539666054550000354e+02
-5.857392063730000018e+02
-5.950767731360000425e+02
-6.017868948960000353e+02
-5.955445439159999523e+02
-5.992479071200000362e+02
-5.789622751319999452e+02
-5.846563057309999749e+02
-5.859406464659999756e+02
-5.915555430970000543e+02
-5.866682939180000176e+02
-5.935732198370000106e+02
-5.986817302670000345e+02
-5.884952920130000393e+02
-5.912081653730000426e+02
-5.958812258189999511e+02
-5.944242601830000012e+02
-6.023467676730000449e+02
-5.971298192020000215e+02
-5.666068490430000111e+02
-5.949424727199999552e+02
-5.940703300569999783e+02
-5.932741591950000384e+02
-5.973812171609999950e+02
-5.914591788599999518e+02
-6.025949831780000068e+02
-6.049028633310000487e+02
-6.030259823439999991e+02
-5.931531390149999652e+02
-5.961890248900000415e+02
-5.904553927389999899e+02
-5.968001097909999544e+02
-5.918975427020000097e+02
-6.007408030919999646e+02
-5.647036208040000247e+02
-5.909572416590000330e+02
-5.829505903729999545e+02
-6.006981487220000417e+02
-5.910687599579999869e+02
-5.814986609850000150e+02
-5.859178806109999869e+02
-5.784727367540000387e+02
-5.880442500679999966e+02
-5.962863612029999558e+02
-6.005555473890000258e+02
-5.891227839770000401e+02
-5.808614347000000180e+02
-5.613926836389999835e+02
-5.908711921780000011e+02
-5.969381413180000209e+02
-5.917040910219999432e+02
-5.986297733699999526e+02
-6.001380802759999824e+02
-5.872204866260000244e+02
-5.785754342200000337e+02
-6.017721053819999497e+02
-5.886989335629999687e+02
-5.945156081039999663e+02
-5.885593534659999477e+02
-5.918871907139999848e+02
-6.002183639339999672e+02
-5.813160056609999629e+02
-5.883108967020000364e+02
-5.916506995820000157e+02
-6.010264636970000538e+02
-6.005313924109999562e+02
-5.979758807099999558e+02
-6.027285116909999942e+02
-5.977917427930000258e+02
-5.909596540329999925e+02
-5.844593354950000048e+02
-5.988141789339999832e+02
-6.005640485659999968e+02
-5.973438499300000331e+02
-5.879823898380000173e+02
-5.968982671420000088e+02
-5.885692957620000243e+02
-5.871172546330000159e+02
-6.000294967339999630e+02
-5.953802244610000116e+02
-6.010207520589999604e+02
-5.914673857819999512e+02
-5.858311537340000541e+02
-5.898785477430000128e+02
-5.832264304289999473e+02
-5.933570670670000027e+02
-5.808017622429999847e+02
-5.901144132120000450e+02
-5.857185467430000472e+02
-5.944544508389999464e+02
-6.024984185260000231e+02
-5.951982569739999462e+02
-5.941985174599999482e+02
-5.979162579540000024e+02
-6.037744912460000251e+02
-5.791371379339999521e+02
-6.033563909929999909e+02
-5.906571485870000515e+02
-5.981128636099999767e+02
-6.001181719999999586e+02
-5.888097611419999566e+02
-5.852881160690000115e+02
-5.866254806230000440e+02
-5.863945464879999463e+02
-5.976010748710000371e+02
-5.963436125250000259e+02
-5.966093127619999450e+02
-6.006610047530000429e+02
-5.985674834980000014e+02
-5.824197140270000546e+02
-5.926730905099999518e+02
-5.886809466700000257e+02
-5.887139435679999906e+02
-5.982572152620000452e+02
-5.928758918800000401e+02
-5.921032205049999675e+02
-5.778846126879999474e+02
-5.958034725180000351e+02
-5.970526621300000443e+02
-5.963914181950000284e+02
-5.847890883449999819e+02
-5.932959173980000287e+02
-5.944248818429999801e+02
-6.015962597210000240e+02
-5.844682360580000022e+02
-5.987343547799999897e+02
-5.984798302540000350e+02
-5.933230948430000353e+02
-5.925610195279999743e+02
-5.760474510200000395e+02
-5.902826971319999529e+02
-5.977338642680000476e+02
-5.976567041780000409e+02
-5.857309486010000228e+02
-5.984395484169999690e+02
-5.977094895530000258e+02
-5.848584455669999898e+02
-5.929253558679999969e+02
-5.983355320040000151e+02
-5.883435278270000026e+02
-5.961655593320000435e+02
-5.960696201949999704e+02
-5.852625741140000173e+02
-5.856190334550000216e+02
-5.775643930720000299e+02
-5.831598733549999451e+02
-6.013926581299999725e+02
-5.964130096169999433e+02
-5.959214740310000025e+02
-5.961476272549999749e+02
-5.968567414860000326e+02
-5.944322448420000455e+02
-5.902978420040000174e+02
-5.773350287179999896e+02
-6.032964384430000564e+02
-5.958264056809999829e+02
-6.007949084690000063e+02
-5.908601043329999811e+02
-5.959836349270000255e+02
-5.935127590839999812e+02
-5.904719934930000136e+02
-6.041508952770000178e+02
-5.852172309999999698e+02
-5.974627159039999924e+02
-5.866134709010000279e+02
-6.033867153820000340e+02
-5.906178723629999467e+02
-5.956165877109999656e+02
-5.966819787069999848e+02
-5.980535376230000111e+02
-5.958642963519999967e+02
-5.961463962359999869e+02
-5.794028564110000161e+02
-5.717027393260000281e+02
-6.014079837839999527e+02
-5.880315412659999765e+02
-5.851776026500000398e+02
-5.795288820680000299e+02
-6.008850481240000363e+02
-5.969979661900000565e+02
-5.825961345729999721e+02
-5.939982957199999873e+02
-5.959402469980000205e+02
-5.872576882680000381e+02
-5.791368245579999439e+02
-5.692513990579999472e+02
-5.948077108579999503e+02
-5.867190129890000208e+02
-5.756988718110000036e+02
-5.869709171969999488e+02
-5.983724936869999738e+02
-5.843841687709999633e+02
-5.951550837319999800e+02
-5.954040632710000409e+02
-5.984352666390000195e+02
-5.831917603990000316e+02
-5.948915190950000351e+02
-6.032474165559999619e+02
-5.914214779390000558e+02
-5.980573979240000426e+02
-5.950389179549999881e+02
-5.927970212550000042e+02
-5.667860447340000292e+02
-5.639197398640000074e+02
-5.742605433610000318e+02
-5.815349861659999533e+02
-5.822015860630000361e+02
-5.847138582689999566e+02
-5.972418413840000539e+02
-5.942809312499999805e+02
-6.005301456140000482e+02
-5.851708301099999971e+02
-5.968939086469999893e+02
-5.939709425649999730e+02
-5.970356813959999727e+02
-5.943176517819999845e+02
-5.918725770600000260e+02
-5.972967139329999782e+02
-5.966960570129999724e+02
-6.033639573460000065e+02
-5.864131359909999901e+02
-5.968824143970000478e+02
-5.957233456940000451e+02
-5.956927333050000470e+02
-5.813877453379999451e+02
-5.913797992549999663e+02
-6.029847226709999859e+02
-5.963563220779999483e+02
-5.955892832250000311e+02
-5.931913064169999643e+02
-5.861224006290000261e+02
-5.964839398950000486e+02
-5.911229889319999984e+02
-6.011306084740000415e+02
-5.969880689090000487e+02
-5.881763472029999775e+02
-5.909254831649999460e+02
-5.972687133309999581e+02
-5.947739396099999567e+02
-5.786878813399999899e+02
-6.005908678209999607e+02
-5.954253662329999770e+02
-5.860011001609999539e+02
-5.856744058680000080e+02
-5.928190671150000526e+02
-5.956478680640000221e+02
-5.913948151409999809e+02
-5.844830511699999533e+02
-5.925773236579999548e+02
-5.980141608000000133e+02
-5.967270409889999883e+02
-5.949455080530000259e+02
-5.894265348100000210e+02
-5.934604125460000432e+02
-5.883031472110000095e+02
-5.841632522380000410e+02
-5.803223349150000558e+02
-5.791411362730000292e+02
-5.812056439960000489e+02
-5.969100083050000194e+02
-5.745505303139999569e+02
-5.967783670879999818e+02
-5.917852302539999982e+02
-6.027502146860000494e+02
-5.954922942829999783e+02
-5.903363564070000393e+02
-5.878192649310000206e+02
-5.866270160499999520e+02
-5.806705207270000528e+02
-5.964620234720000553e+02
-5.977664185490000364e+02
-6.000073695559999578e+02
-5.969873991370000113e+02
-5.989825876690000541e+02
-5.834556663070000013e+02
-5.926471389959999669e+02
-5.937760649470000089e+02
-6.004663211490000094e+02
-5.962092238279999492e+02
-5.979744212260000040e+02
-5.877834991500000115e+02
-5.985367940029999545e+02
-5.901593032890000359e+02
-5.976375042549999534e+02
-5.907211485379999658e+02
-5.966048283979999951e+02
-5.994677383519999694e+02
-5.929752722539999468e+02
-5.705346681400000080e+02
-5.999724911419999671e+02
-5.808708889329999465e+02
-5.801613072630000261e+02
-5.948678001429999540e+02
-5.950497322940000231e+02
-5.850278933680000364e+02
-5.826615025400000150e+02
-5.805485261750000063e+02
-5.860419871530000364e+02
-5.939502224159999741e+02
-5.969816218500000105e+02
-5.935130268059999707e+02
-5.997491905330000463e+02
-5.761974639769999840e+02
-6.019811556590000237e+02
-5.809643351390000134e+02
-5.770194517229999747e+02
-5.874735483760000534e+02
-6.050402253419999852e+02
-5.897067907079999713e+02
-5.899880801169999813e+02
-5.957433329990000175e+02
-5.949393356780000204e+02
-5.954581002190000163e+02
-5.867895081630000504e+02
-6.013926205249999839e+02
-5.917363790629999585e+02
-6.029667336479999449e+02
-5.928457741969999688e+02
-5.778941751859999840e+02
-5.968677870220000159e+02
-5.978034025539999448e+02
-5.923834285169999703e+02
-5.932603266889999531e+02
-5.984508415990000003e+02
-5.951049557139999706e+02
-5.994642497419999927e+02
-5.867882083209999564e+02
-5.894505854740000359e+02
-5.974298324589999538e+02
-5.923759607920000008e+02
-5.910523638480000272e+02
-5.958728584049999881e+02
-6.023080864849999898e+02
-5.764804829869999594e+02
-5.850765785730000061e+02
-5.918392126190000226e+02
-6.033066062929999589e+02
-5.770163920119999830e+02
-5.906464361800000233e+02
-5.957214985030000207e+02
-5.937705277060000526e+02
-5.980624593329999925e+02
-5.803000315629999477e+02
-5.943056201279999868e+02
-5.919302113679999593e+02
-6.008136931430000232e+02
-5.938615367630000037e+02
-5.889232577139999876e+02
-5.900944317099999807e+02
-5.863147277399999666e+02
-5.987265911629999664e+02
-5.885638109770000028e+02
-5.962413056670000060e+02
-5.946991311279999763e+02
-6.031068000940000502e+02
-5.981322539059999599e+02
-5.898156869099999540e+02
-5.882972120499999846e+02
-5.885541334609999922e+02
-5.884646171069999809e+02
-5.961658354669999653e+02
-5.891349618909999890e+02
-5.953649048610000136e+02
-5.953369518179999886e+02
-5.880112623449999774e+02
-5.773328480760000048e+02
-5.956461187310000014e+02
-5.802513361139999688e+02
-5.845834169429999747e+02
-5.890571270870000262e+02
-5.294118529710000303e+02
-5.967034272560000545e+02
-5.855521179139999504e+02
-5.967607309310000119e+02
-5.858644747009999492e+02
-5.890270954789999678e+02
-5.998274420569999847e+02
-5.865978389880000350e+02
-5.836294897940000510e+02
-5.971457228299999542e+02
-5.804783394190000081e+02
-5.970201716760000181e+02
-5.938798772750000126e+02
-5.893413200799999458e+02
-5.966255275680000523e+02
-5.870129820629999813e+02
-5.943930022729999791e+02
-5.924281411319999506e+02
-5.553264636239999845e+02
-5.931255187130000195e+02
-5.887967094570000199e+02
-5.897775042859999530e+02
-6.043448179230000505e+02
-6.008139020109999819e+02
-5.855461506030000010e+02
-6.033836566569999604e+02
-6.008392392550000523e+02
-6.012231384389999675e+02
-5.904396447230000149e+02
-5.852021047050000107e+02
-5.954665147739999611e+02
-5.892820927359999814e+02
-5.973459237389999998e+02
-5.833526688709999917e+02
-5.936099278929999628e+02
-5.872216841179999847e+02
-5.991036937909999551e+02
-5.921358356169999979e+02
-5.826360859349999828e+02
-5.943474847319999981e+02
-5.985083966219999638e+02
-5.844435146549999445e+02
-5.907816306099999792e+02
-5.956847606159999486e+02
-5.985013846929999772e+02
-5.938032563479999908e+02
-5.958888192059999938e+02
-6.023526152780000302e+02
-5.769248114800000167e+02
-5.892933371789999910e+02
-5.963884367980000434e+02
-5.967391085409999505e+02
-5.999504310879999593e+02
-5.833901229829999693e+02
-6.019383064439999771e+02
-5.973388235989999657e+02
-6.016388420370000176e+02
-6.001065068850000443e+02
-5.884328377949999549e+02
-5.998674415159999853e+02
-5.919059957150000173e+02
-5.895827341399999568e+02
-5.913402773359999856e+02
-5.897772456359999751e+02
-5.900282053219999625e+02
-5.962650442679999969e+02
-5.909265467180000542e+02
-5.992263524239999697e+02
-6.020338272379999580e+02
-5.922358862529999897e+02
-5.838744359439999698e+02
-5.921768719240000109e+02
-5.837124766800000089e+02
-5.871718164029999798e+02
-5.833773858250000330e+02
-5.996719580049999649e+02
-5.872113796290000209e+02
-5.885956064150000202e+02
-5.852318441779999603e+02
-5.575743717359999891e+02
-5.603436712660000012e+02
-5.962574880050000274e+02
-5.976215818199999603e+02
-5.928879840150000291e+02
-5.987930097299999943e+02
-5.898589828740000485e+02
-5.843154376779999666e+02
-5.886699152400000230e+02
-5.871261409249999588e+02
-5.930578189650000240e+02
-5.778656413659999771e+02
-5.790691031820000489e+02
-5.838737374219999765e+02
-5.838996677669999826e+02
-5.969478458300000057e+02
-5.866352413390000038e+02
-6.005571173439999484e+02
-6.010474702129999969e+02
-5.763379019640000251e+02
-5.986950553719999562e+02
-5.977048125000000027e+02
-5.773072352589999809e+02
-5.928914459889999762e+02
-5.964415900200000351e+02
-5.918787850810000464e+02
-5.811027773150000257e+02
-5.780439051109999582e+02
-5.949043191030000344e+02
-5.963374550449999560e+02
-6.009487588900000219e+02
-5.967961901500000295e+02
-5.924328467670000009e+02
-5.953173681910000141e+02
-5.848332097339999791e+02
-5.977449207460000480e+02
-5.785651456670000243e+02
-5.825300207269999646e+02
-5.847089789149999888e+02
-5.775862667449999890e+02
-5.976030161789999511e+02
-5.915422240540000303e+02
-5.966247710760000018e+02
-6.051930232400000023e+02
-6.009249394890000531e+02
-6.007805541980000044e+02
-5.701297968139999739e+02
-5.845817589299999781e+02
-5.986563181090000398e+02
-6.019280296209999506e+02
-6.045876696310000398e+02
-5.846628964520000409e+02
-5.903056692779999821e+02
-6.031430914349999739e+02
-5.883744418139999652e+02
-5.988429251080000313e+02
-5.900063623600000255e+02
-6.020218787879999809e+02
-5.945828046000000313e+02
-5.941531613030000472e+02
-5.960987936789999821e+02
-5.930423975549999795e+02
-5.923418634869999551e+02
-5.968495363170000019e+02
-6.009694021770000063e+02
-5.952650991450000220e+02
-5.793191588350000529e+02
-5.851741716510000515e+02
-5.958033129870000266e+02
-5.968870277449999548e+02
-5.932773916959999951e+02
-5.938126357490000373e+02
-6.018970701240000380e+02
-5.976926492280000502e+02
-6.011139162760000545e+02
-5.934177655239999467e+02
-5.865132342450000351e+02
-5.869817169420000482e+02
-5.915685704380000516e+02
-5.897071684989999767e+02
-5.901937412319999794e+02
-5.912264671579999913e+02
-6.007662009870000475e+02
-5.967741396469999700e+02
-5.927906174140000530e+02
-5.961512729459999491e+02
-5.959110103560000198e+02
-5.867468927920000397e+02
-5.879256351620000487e+02
-5.911443042900000364e+02
-5.862134552810000514e+02
-5.953927712790000442e+02
-5.938341825390000395e+02
-5.818295403439999518e+02
-5.953066285400000197e+02
-5.840509267639999962e+02
-5.911421528339999441e+02
-5.816196790330000113e+02
-5.964467979720000130e+02
-5.789745000279999658e+02
-5.969829170909999903e+02
-6.017667760230000340e+02
-5.980808933910000178e+02
-6.006965856150000036e+02
-5.946284648380000135e+02
-5.909307658080000465e+02
-5.928070120959999940e+02
-5.869088523460000033e+02
-5.928618947539999908e+02
-5.953125654939999549e+02
-5.880041621929999565e+02
-5.882654139229999828e+02
-5.982662625409999464e+02
-6.027525453829999833e+02
-5.938346045880000474e+02
-5.697077816360000497e+02
-5.908642772470000182e+02
-5.877244848819999561e+02
-5.978923685370000385e+02
-5.923596696250000377e+02
-5.910037277000000131e+02
-5.935226349299999811e+02
-5.971065761050000447e+02
-5.843139555899999777e+02
-5.867849324349999733e+02
-5.835537535690000368e+02
-5.870566719270000249e+02
-5.850025628820000065e+02
-5.890826647290000437e+02
-5.882978484479999679e+02
-5.886051833430000215e+02
-5.901128819389999762e+02
-5.961022724560000370e+02
-5.889131431910000174e+02
-5.910144894579999573e+02
-5.948687155049999546e+02
-5.910155468479999854e+02
-6.001127558020000379e+02
-5.959385543160000225e+02
-5.990634150319999662e+02
-5.941050915739999709e+02
-5.920168643279999969e+02
-5.882516614859999891e+02
-5.993173609059999762e+02
-5.917563308029999689e+02
-5.999854302490000464e+02
-6.025298923709999599e+02
-6.012977499300000090e+02
-5.861418144420000544e+02
-5.922210763540000471e+02
-5.892730801740000288e+02
-5.972654089599999452e+02
-5.891246518030000061e+02
-5.984900347770000053e+02
-5.859555820550000362e+02
-5.841578306520000297e+02
-5.800647569609999437e+02
-5.937810470099999520e+02
-5.962114818459999697e+02
-6.017853863799999772e+02
-5.895223950119999472e+02
-5.850361564170000293e+02
-5.926939685879999615e+02
-5.823810358910000105e+02
-5.906816667699999925e+02
-5.824414989970000534e+02
-6.011036288000000241e+02
-5.997818762719999768e+02
-5.919228321660000347e+02
-5.848153918089999479e+02
-5.906750856979999753e+02
-5.787363544239999555e+02
-5.869240446820000443e+02
-5.978924094320000222e+02
-5.725328710070000398e+02
-5.911853365010000516e+02
-5.972680842129999519e+02
-5.995840478300000314e+02
-5.925896230739999737e+02
-5.956708979700000555e+02
-6.016595326350000050e+02
-6.012532647179999685e+02
-5.941248727140000483e+02
-5.933380608039999515e+02
-5.951918229880000126e+02
-5.947268939199999522e+02
-5.963128245640000387e+02
-5.935815650609999921e+02
-5.835239082780000217e+02
-5.931033840170000531e+02
-5.931785496610000337e+02
-5.940955653050000365e+02
-6.030455423260000316e+02
-6.011213524480000387e+02
-5.687290731099999448e+02
-5.780452193520000037e+02
-5.587599250639999582e+02
-5.607645349189999706e+02
-5.832733851469999991e+02
-5.867304901610000343e+02
-5.819289120610000055e+02
-5.996987312400000292e+02
-5.923025503190000336e+02
-6.012697815960000298e+02
-5.853845430989999841e+02
-5.876795362039999873e+02
-6.000943115009999929e+02
-5.881282574980000390e+02
-5.936143136929999855e+02
-5.854504608849999840e+02
-5.985076016809999828e+02
-5.949170488659999592e+02
-5.878877714369999694e+02
-5.833502382530000432e+02
-5.967817985939999517e+02
-5.892778822709999531e+02
-5.861137359049999986e+02
-5.859247427459999926e+02
-5.891182593830000087e+02
-5.987166201060000503e+02
-5.914062499469999921e+02
-5.905768514569999752e+02
-6.041406851010000310e+02
-6.035045649620000177e+02
-5.721818296300000384e+02
-5.954327054939999471e+02
-5.818033584060000294e+02
-5.814124512219999588e+02
-5.892205128599999853e+02
-6.006216962529999819e+02
-5.775022811379999439e+02
-5.890519080239999994e+02
-5.939950341649999928e+02
-5.818146684880000521e+02
-5.897418866079999589e+02
-5.825433304050000061e+02
-5.809848863680000477e+02
-5.923229933349999783e+02
-5.914198825409999927e+02
-5.698354571910000459e+02
-5.615218924260000222e+02
-5.690078531049999810e+02
-5.769890885329999719e+02
-5.889108951079999770e+02
-5.792267006439999477e+02
-6.001126364159999866e+02
-5.854823068440000498e+02
-5.909791538189999756e+02
-5.864190722829999913e+02
-5.875977574669999512e+02
-5.822799526479999486e+02
-5.906204900929999440e+02
-5.961665703899999471e+02
-6.000700035260000504e+02
-5.916908649580000201e+02
-5.866629147280000325e+02
-5.869229311870000174e+02
-5.920948935459999802e+02
-5.912758424480000485e+02
-5.964990224819999867e+02
-5.939576816329999929e+02
-5.981936888230000022e+02
-5.875944580760000235e+02
-5.830660450599999649e+02
-5.792552329449999888e+02
-5.793086178869999685e+02
-5.817972344180000164e+02
-5.993873000329999741e+02
-5.968066642029999684e+02
-5.983040316579999853e+02
-5.989219085659999564e+02
-5.846739649820000295e+02
-5.796714607620000379e+02
-5.928923664059999510e+02
-5.887699571289999767e+02
-5.737996703909999496e+02
-5.732143150399999740e+02
-5.946269897470000387e+02
-5.879396931589999440e+02
-5.933438812299999654e+02
-5.937508566059999566e+02
-6.040860569589999614e+02
-5.807337946549999970e+02
-5.798237582289999636e+02
-5.953832581240000081e+02
-5.917932908090000410e+02
-5.918469238169999471e+02
-5.966000804310000376e+02
-5.968599506489999840e+02
-5.929935143389999439e+02
-5.998140519260000474e+02
-5.970316187129999435e+02
-5.951227602459999844e+02
-6.003688642289999962e+02
-5.833515311349999592e+02
-5.946374635250000438e+02
-5.926905817959999467e+02
-5.898551396899999872e+02
-5.874100488750000295e+02
-5.624993430819999958e+02
-5.574171999899999719e+02
-5.838394656970000369e+02
-5.800053679989999864e+02
-5.903378174810000019e+02
-6.063425575349999690e+02
-5.892811676750000061e+02
-5.989265765869999996e+02
-5.949961527870000282e+02
-5.924217360190000363e+02
-5.876987836670000434e+02
-5.763245065679999470e+02
-5.928226276630000484e+02
-6.038480317730000024e+02
-5.986396583020000435e+02
-5.854130038910000167e+02
-5.956172600510000166e+02
-5.942896178160000318e+02
-5.965907794959999819e+02
-5.878302942369999755e+02
-5.972726532340000176e+02
-5.898919034020000254e+02
-5.982893983029999845e+02
-5.693326288529999601e+02
-5.959767066709999881e+02
-5.915415104999999585e+02
-5.937301728109999885e+02
-5.826019771180000362e+02
-5.966452568879999490e+02
-5.899586645819999831e+02
-5.879817870089999587e+02
-5.971534680570000546e+02
-5.972430302789999814e+02
-5.976911036379999587e+02
-5.909839173389999587e+02
-5.963150978359999499e+02
-5.965197866620000013e+02
-5.944660866699999815e+02
-5.878945136590000402e+02
-5.872310078829999611e+02
-5.924651337469999817e+02
-5.986141672239999707e+02
-5.979463306100000182e+02
-5.954616589720000093e+02
-5.875685849510000480e+02
-5.926676958159999913e+02
-5.853963336279999794e+02
-5.931980535249999775e+02
-5.949648240919999580e+02
-5.827284303699999555e+02
-5.846784309790000407e+02
-5.961065625720000298e+02
-5.895755479929999865e+02
-5.929707557330000327e+02
-5.897720114869999861e+02
-5.986843257140000105e+02
-5.958607256620000499e+02
-5.833879087799999752e+02
-5.967533474079999678e+02
-5.953894404559999884e+02
-5.894622910230000343e+02
-5.834997990130000289e+02
-6.021819289500000423e+02
-5.974215118629999779e+02
-5.924929319939999459e+02
-6.006834534910000230e+02
-5.854358902559999933e+02
-5.993095049590000372e+02
-5.957994763740000508e+02
-5.975876847160000125e+02
-5.993031365580000056e+02
-5.989227819620000446e+02
-5.803954875089999632e+02
-5.908303382340000098e+02
-5.785859080599999515e+02
-5.889625437329999613e+02
-6.001566656019999755e+02
-6.013969400209999776e+02
-5.956833115990000351e+02
-5.806068102020000197e+02
-5.946220574960000249e+02
-5.772005849539999645e+02
-5.926809990870000320e+02
-5.843803954879999765e+02
-5.996893161360000022e+02
-5.911554205469999488e+02
-5.929177940399999898e+02
-5.993835900950000450e+02
-5.958431491029999734e+02
-5.988311441229999446e+02
-5.929427269259999775e+02
-5.953370875189999651e+02
-5.966145959389999689e+02
-5.923893809390000342e+02
-5.947763763450000170e+02
-5.863873011450000376e+02
-5.883590701780000245e+02
-5.850062173410000241e+02
-5.758336396229999536e+02
-5.881895919769999637e+02
-5.858406818060000205e+02
-5.968673290039999983e+02
-5.738086199939999688e+02
-5.950757879620000494e+02
-5.943829125470000463e+02
-5.839079204890000483e+02
-5.958010918850000053e+02
-5.997899324549999847e+02
-5.981139156540000386e+02
-5.900365135949999740e+02
-6.027398226740000382e+02
-5.930190297499999588e+02
-5.944466830979999941e+02
-5.849351297939999768e+02
-6.027781892890000108e+02
-5.951209998650000443e+02
-5.960020344609999938e+02
-6.007927239099999497e+02
-5.904219180909999523e+02
-5.977512512020000486e+02
-5.956041904869999826e+02
