-5.742425099560000490e+02
-5.824357539860000088e+02
-5.830313847050000504e+02
-5.880552095570000120e+02
-5.762657144620000054e+02
-5.880577204649999885e+02
-5.951526837630000273e+02
-5.922790725060000341e+02
-6.033852675489999910e+02
-5.980235476960000369e+02
-5.885652985660000240e+02
-5.901229990279999811e+02
-5.961856396350000296e+02
-6.044330775710000125e+02
-6.048904840100000229e+02
-5.970471588630000497e+02
-5.964749763400000120e+02
-5.888777175049999641e+02
-5.975931517559999975e+02
-5.670271629630000234e+02
-5.787585377750000362e+02
-5.874009813239999858e+02
-5.892594050760000073e+02
-5.831974571560000413e+02
-5.900643661689999817e+02
-6.006239286229999834e+02
-5.943951273589999573e+02
-5.930404736279999725e+02
-6.012159266300000127e+02
-6.005889995569999655e+02
-5.962437515190000568e+02
-5.897349547840000241e+02
-5.881661960210000188e+02
-5.906316600740000240e+02
-5.971211852610000506e+02
-5.969402215469999646e+02
-5.828161116060000495e+02
-5.846545225900000560e+02
-6.041538484200000312e+02
-6.045883548650000421e+02
-6.010881405589999531e+02
-5.933418045639999718e+02
-5.932010371029999760e+02
-6.056106248840000035e+02
-5.769825958119999996e+02
-5.874261834720000479e+02
-5.934271691320000173e+02
-5.922033859770000390e+02
-5.914111702569999807e+02
-5.943725508009999885e+02
-5.823932268900000508e+02
-5.919811538540000129e+02
-6.008043172359999744e+02
-5.820355713000000151e+02
-6.010565674700000045e+02
-5.970030629179999551e+02
-5.803174160800000436e+02
-5.937066954880000367e+02
-5.996328386440000031e+02
-5.919758867540000438e+02
-5.934975883979999480e+02
-5.897851487399999542e+02
-5.988265134680000301e+02
-5.964117127529999607e+02
-5.915013218320000306e+02
-5.989595580740000287e+02
-5.975429282259999582e+02
-5.591431798840000056e+02
-5.991715857909999841e+02
-6.023120186940000167e+02
-5.976794805409999753e+02
-5.921645421560000386e+02
-6.011693930359999740e+02
-5.867711224859999675e+02
-5.900662011379999967e+02
-6.003632099830000470e+02
-5.976148995739999918e+02
-5.857751328269999931e+02
-5.877187767230000190e+02
-5.977198656609999716e+02
-5.946363808840000047e+02
-5.860652540859999817e+02
-5.976601764590000130e+02
-6.006834576190000234e+02
-5.955670011419999810e+02
-5.880500507189999553e+02
-5.884503986260000374e+02
-5.952508228650000319e+02
-6.021162241160000121e+02
-6.019865129779999506e+02
-5.952691051470000048e+02
-5.954643989529999999e+02
-6.018296571350000477e+02
-5.986422440659999893e+02
-5.997603273080000008e+02
-5.966795425909999722e+02
-5.878541146119999894e+02
-5.812402591500000426e+02
-6.042737274040000557e+02
-5.956615788530000373e+02
-5.926370591449999665e+02
-5.902584558060000290e+02
-6.020062794089999443e+02
-5.870804897259999962e+02
-5.961895607149999705e+02
-5.866395098709999729e+02
-5.786172232129999884e+02
-5.852714960939999855e+02
-5.979232444049999913e+02
-5.967890730699999722e+02
-5.986209034319999773e+02
-5.962522409780000316e+02
-5.630057352530000117e+02
-5.888033438439999827e+02
-5.716396071619999475e+02
-5.960336219839999785e+02
-5.959796291559999872e+02
-5.849882088450000310e+02
-5.876881299560000116e+02
-5.899625982850000128e+02
-6.014865132480000511e+02
-5.974273257620000095e+02
-5.692416857519999667e+02
-5.856399122259999785e+02
-6.030116167850000011e+02
-5.871465808479999851e+02
-5.757552965390000281e+02
-5.857841649770000458e+02
-5.941480823650000502e+02
-5.950959182230000124e+02
-5.914942415629999459e+02
-5.996395548149999968e+02
-6.042924022290000039e+02
-5.919795464899999615e+02
-5.966251228429999856e+02
-5.982128418129999545e+02
-5.999296772679999776e+02
-5.994895497060000480e+02
-6.015282000920000200e+02
-5.921791975170000342e+02
-6.016775692789999539e+02
-5.981718614320000142e+02
-5.898576085820000117e+02
-6.017218869690000247e+02
-5.913430452349999769e+02
-5.945583900259999837e+02
-6.018467532099999744e+02
-5.969053510530000040e+02
-5.807541427459999568e+02
-5.938114636179999479e+02
-5.944516605159999472e+02
-5.917980999889999794e+02
-6.003871659269999554e+02
-5.858905331109999679e+02
-5.913002892619999784e+02
-6.024502344569999650e+02
-5.999836822940000047e+02
-5.942514764569999670e+02
-5.953363692179999589e+02
-5.877540992750000441e+02
-5.769550655519999509e+02
-5.905918456760000481e+02
-5.937977590870000313e+02
-5.618158004389999860e+02
-5.887858470569999554e+02
-5.987717442859999437e+02
-5.942480865649999942e+02
-6.015458613759999480e+02
-5.899805538519999573e+02
-5.773732197699999915e+02
-5.804891588179999644e+02
-6.019773137299999917e+02
-5.951816335549999621e+02
-6.030333627940000270e+02
-5.989073334419999810e+02
-5.948405268080000496e+02
-5.916531897500000241e+02
-5.862360046259999535e+02
-5.862192020080000248e+02
-5.831986047980000194e+02
-5.922148632500000076e+02
-5.945051445469999862e+02
-5.978652998380000554e+02
-6.027310742160000245e+02
-5.925146119839999983e+02
-5.955756314310000334e+02
-5.731467108189999635e+02
-5.835498930620000237e+02
-5.869141728309999735e+02
-5.981228398560000414e+02
-5.970476596160000327e+02
-5.956381187050000108e+02
-6.002732622610000135e+02
-5.927730946819999645e+02
-5.854401826179999944e+02
-5.866358619850000196e+02
-5.889665773689999924e+02
-5.965070410729999821e+02
-5.991038818040000251e+02
-5.988141215360000160e+02
-5.925704571420000093e+02
-5.913683142529999941e+02
-5.874437332889999652e+02
-5.994666748710000093e+02
-5.985971388450000177e+02
-5.981318457910000461e+02
-5.831479308519999449e+02
-5.957274926510000341e+02
-6.048047168760000432e+02
-5.925420823140000266e+02
-5.889352114810000103e+02
-5.959647307120000050e+02
-5.855791551620000064e+02
-5.839282700349999686e+02
-5.832242528890000131e+02
-5.903212066720000166e+02
-5.938703683219999903e+02
-5.925198506020000195e+02
-5.927854649419999760e+02
-5.975436023659999591e+02
-5.987355191970000305e+02
-6.024553353390000439e+02
-5.996499565819999589e+02
-6.000150050519999922e+02
-5.852200655450000113e+02
-5.877536042760000328e+02
-5.964602610709999908e+02
-5.917169479010000259e+02
-5.886777153629999475e+02
-6.009176288700000441e+02
-5.902556932590000542e+02
-5.885747904649999782e+02
-6.008581123559999924e+02
-5.980523226239999985e+02
-5.976154416209999454e+02
-5.990645479690000457e+02
-5.941688435119999667e+02
-5.933463710070000161e+02
-6.035415608920000068e+02
-6.003255805720000353e+02
-5.995560095939999883e+02
-5.885822970389999682e+02
-5.878831408080000074e+02
-5.783247276020000527e+02
-5.891720396680000249e+02
-6.056135834630000545e+02
-5.811410974579999902e+02
-5.858830363890000399e+02
-5.789529988970000431e+02
-5.945579341479999584e+02
-5.965968102099999442e+02
-5.998441394579999724e+02
-5.845756708710000566e+02
-5.869366722769999569e+02
-5.803117943610000111e+02
-5.873350679320000154e+02
-5.986474133550000261e+02
-5.941376108919999979e+02
-6.053689481290000458e+02
-6.030059895529999494e+02
-5.892619745859999512e+02
-5.971905949729999747e+02
-5.905094235029999936e+02
-5.950409417549999489e+02
-5.931804365120000284e+02
-5.860954437870000220e+02
-5.976563595400000395e+02
-5.977152050619999955e+02
-5.933270916789999774e+02
-5.965244214599999850e+02
-5.845965362790000199e+02
-5.822451679570000351e+02
-5.807159677749999673e+02
-6.038187846619999846e+02
-6.020267104920000065e+02
-6.005682408469999700e+02
-5.961348064740000154e+02
-5.937757754350000141e+02
-6.029110795999999937e+02
-5.910547495739999704e+02
-5.889635159140000269e+02
-6.009573684130000402e+02
-5.997855152470000348e+02
-5.912696626189999733e+02
-5.915519307670000444e+02
-5.960137533759999542e+02
-5.973472054239999807e+02
-5.910634991030000265e+02
-5.956252750490000381e+02
-6.024637537170000314e+02
-5.955708815149999964e+02
-5.988616618649999737e+02
-5.844063370180000447e+02
-5.912986477260000129e+02
-5.771561824929999602e+02
-5.938596028030000298e+02
-5.848863318850000041e+02
-5.895995255789999874e+02
-6.020329046150000067e+02
-5.863865143159999889e+02
-5.878990606520000028e+02
-5.754015336749999960e+02
-5.732972216379999963e+02
-6.009664464749999979e+02
-5.971345571089999567e+02
-5.987502437460000237e+02
-6.021591449249999641e+02
-5.948420661610000479e+02
-5.926459275969999680e+02
-6.028056875390000187e+02
-5.945831130090000443e+02
-5.998536374389999537e+02
-5.953038109450000093e+02
-6.007472591719999855e+02
-5.943497315759999537e+02
-5.975929623700000093e+02
-5.912525127369999609e+02
-5.866730093469999474e+02
-5.849077815110000529e+02
-5.844493986659999791e+02
-6.032139051660000177e+02
-5.917413771100000304e+02
-5.962206476860000066e+02
-6.008425256919999811e+02
-5.797957937370000536e+02
-5.981820901989999584e+02
-5.951747132819999706e+02
-5.578187783649999574e+02
-5.918113809840000386e+02
-5.857170598029999837e+02
-5.871634341369999674e+02
-6.028633773909999718e+02
-5.938042078329999640e+02
-5.876316128380000237e+02
-5.989441783889999442e+02
-5.937651983929999915e+02
-5.954946120869999504e+02
-6.002019391659999883e+02
-6.018435575239999480e+02
-5.883488014700000122e+02
-5.959069781800000101e+02
-5.733046508080000194e+02
-5.815764076020000175e+02
-5.977960819129999663e+02
-6.016969807839999476e+02
-5.927011434060000283e+02
-5.990581772259999980e+02
-5.978684850030000462e+02
-5.952526082959999485e+02
-5.950731696349999993e+02
-5.961010354530000086e+02
-5.796215922000000091e+02
-5.979124709459999849e+02
-5.902198896459999560e+02
-5.899160137530000156e+02
-5.818006549130000167e+02
-6.010214086669999460e+02
-5.961448747069999854e+02
-5.796190941329999760e+02
-6.011367930280000564e+02
-5.852347245900000416e+02
-5.945383026969999491e+02
-5.724934029390000205e+02
-5.916911150030000499e+02
-5.828822107849999838e+02
-5.961334890419999510e+02
-5.951214566769999692e+02
-5.827284558249999691e+02
-5.759663742769999999e+02
-5.765973660959999734e+02
-5.986688984969999865e+02
-5.918429727059999550e+02
-5.890128057540000555e+02
-5.974823481920000177e+02
-6.040838850369999591e+02
-5.994033199499999682e+02
-6.047759039219999977e+02
-6.010274074960000235e+02
-5.970901262239999596e+02
-5.995983571970000412e+02
-5.960400046590000329e+02
-5.809459443409999722e+02
-5.874401214859999527e+02
-5.883645288950000349e+02
-6.007359975340000346e+02
-5.899985077290000390e+02
-5.921922951660000081e+02
-5.976905217209999819e+02
-5.870236198390000482e+02
-5.829673608589999958e+02
-5.828738910060000080e+02
-5.889736799380000321e+02
-5.908254769440000018e+02
-5.939052085329999500e+02
-5.979437999250000075e+02
-5.943651384070000177e+02
-5.959777839649999578e+02
-5.904356886519999534e+02
-6.027381248860000369e+02
-6.003521801050000022e+02
-5.930164162810000335e+02
-6.008767169269999613e+02
-6.039503382010000223e+02
-5.920326074629999766e+02
-5.947451076239999566e+02
-5.980613291030000482e+02
-5.866805433130000438e+02
-6.048444826549999789e+02
-5.861148035999999593e+02
-5.942475782059999574e+02
-5.945122047580000526e+02
-5.945728536640000357e+02
-5.935594654929999479e+02
-6.034339004549999572e+02
-6.004839228949999779e+02
-5.911185286989999668e+02
-5.972705299120000291e+02
-5.981843023659999972e+02
-5.929412867979999646e+02
-5.925610460850000436e+02
-5.957964400160000196e+02
-5.908188993420000088e+02
-5.969073427089999768e+02
-5.945631238380000241e+02
-6.007321756110000024e+02
-5.946140103049999652e+02
-5.882205869580000126e+02
-6.047917450239999653e+02
-6.050003472759999568e+02
-5.934437738619999436e+02
-5.919793621269999448e+02
-5.992920790660000421e+02
-5.947932954440000231e+02
-6.001991928170000392e+02
-5.983870270720000235e+02
-6.039269542219999494e+02
-5.990550763759999882e+02
-6.000742510439999933e+02
-6.010482591119999825e+02
-5.900246220760000142e+02
-5.964080267680000134e+02
-6.020317380369999682e+02
-5.931654461389999824e+02
-5.833299913590000187e+02
-5.994515066029999844e+02
-5.970122056750000183e+02
-6.054128107569999884e+02
-6.001182436049999751e+02
-5.902923352799999748e+02
-5.873750633900000366e+02
-6.034545102499999985e+02
-5.953538016899999548e+02
-5.828082857949999607e+02
-5.889958856790000254e+02
-5.934337420870000415e+02
-5.946700100079999629e+02
-5.959196878770000012e+02
-6.003727488240000412e+02
-6.040008823990000337e+02
-5.837469818060000080e+02
-5.978889943389999644e+02
-6.008358309389999476e+02
-5.994443172610000374e+02
-5.966463512609999498e+02
-5.821690110309999682e+02
-5.942219449359999999e+02
-5.992448071249999657e+02
-5.910404577790000076e+02
-5.898685752479999564e+02
-5.969430116180000141e+02
-5.815550174659999811e+02
-5.853381433729999799e+02
-5.980690034340000238e+02
-5.948865543140000227e+02
-5.955053636599999436e+02
-6.051416256229999817e+02
-6.023578856440000209e+02
-5.982668791889999511e+02
-5.977119077009999728e+02
-5.964287675479999962e+02
-5.698816193229999953e+02
-5.854337465659999680e+02
-5.822075185469999496e+02
-6.018880711450000263e+02
-5.923050010700000030e+02
-5.813070308009999962e+02
-5.741856077039999491e+02
-5.853414845669999522e+02
-5.845190175100000260e+02
-5.982544032240000433e+02
-5.992148778140000331e+02
-6.012140977220000195e+02
-5.914974697979999974e+02
-6.029661361309999847e+02
-5.944790318269999716e+02
-5.849489170770000328e+02
-5.978271775140000273e+02
-5.859075826419999657e+02
-5.865457342949999884e+02
-5.981140758579999783e+02
-5.827928157679999686e+02
-5.905452244709999832e+02
-5.985685526600000230e+02
-5.991580262510000239e+02
-5.933241898710000441e+02
-5.941702579090000427e+02
-6.018678024460000415e+02
-5.823973441660000390e+02
-5.944716265199999725e+02
-5.984930459700000256e+02
-5.802155190900000434e+02
-5.850777083269999821e+02
-5.916542788699999846e+02
-5.945311490819999563e+02
-5.903945522809999602e+02
-5.912707862050000358e+02
-6.069715060260000428e+02
-5.913141111610000280e+02
-5.934543157199999541e+02
-5.900677305929999648e+02
-5.884722713170000361e+02
-5.908469250849999526e+02
-6.035097410810000156e+02
-5.978180896999999732e+02
-5.959631320199999891e+02
-6.003024108329999535e+02
-5.938156378999999561e+02
-6.003338928299999679e+02
-5.969151019509999969e+02
-5.999067329749999544e+02
-6.011643617219999669e+02
-5.743148621450000064e+02
-5.939003777950000540e+02
-5.977572226529999853e+02
-5.973092777939999678e+02
-6.006111996380000164e+02
-5.918381543960000499e+02
-5.796831011609999678e+02
-5.809697794420000037e+02
-5.753232281570000168e+02
-5.904113447820000147e+02
-5.868736197399999810e+02
-5.968858221760000333e+02
-5.992570948589999489e+02
-6.021762632339999755e+02
-5.956215874629999689e+02
-5.986829703990000553e+02
-6.041258874359999709e+02
-5.989784708879999471e+02
-5.938545525759999464e+02
-6.011989210609999645e+02
-5.854836430340000106e+02
-5.992409212930000422e+02
-5.966522078829999600e+02
-5.872802285609999444e+02
-5.840495235350000485e+02
-5.764108191889999944e+02
-5.766894566610000084e+02
-5.981424813419999964e+02
-6.055404114010000285e+02
-5.972194718240000384e+02
-5.971848596779999525e+02
-6.016872175409999954e+02
-5.942004718030000276e+02
-6.039791900930000565e+02
-6.012490320110000539e+02
-5.869809324349999997e+02
-5.944249385489999895e+02
-6.012445662970000058e+02
-5.963943122059999951e+02
-5.634662424819999842e+02
-5.801625183180000249e+02
-5.708349593729999469e+02
-5.745809770529999696e+02
-5.699773042369999985e+02
-5.875068114030000288e+02
-5.959536356270000397e+02
-5.972359281469999814e+02
-5.944278376900000467e+02
-6.032086450079999622e+02
-5.931670082399999728e+02
-6.001953480040000386e+02
-6.003898365349999722e+02
-5.909639911269999857e+02
