4.872259537422037212e+00
4.829781879132845290e+00
4.836177933037617116e+00
4.951251457964946034e+00
4.923344087101773958e+00
4.804796457707651847e+00
4.754521427020810265e+00
4.706203246779722349e+00
4.736707928508997689e+00
4.546831424189816673e+00
4.440166213105090520e+00
4.774655694393052485e+00
4.758798692947622477e+00
4.742276563002204348e+00
4.667104669921171123e+00
4.721802727772518971e+00
4.771535811455260401e+00
5.078224295952277423e+00
5.102512518357990245e+00
4.736479810998881490e+00
5.035797652805361402e+00
4.905855379034322894e+00
4.973277189137963461e+00
4.999132924818062484e+00
4.677550854881216580e+00
4.634325085705576441e+00
4.671054912972015138e+00
4.691386255681789130e+00
4.729310414849082100e+00
4.643685066840773423e+00
4.684751967820709240e+00
4.536223759913085019e+00
4.617873428321741969e+00
4.659192419293283649e+00
4.598821914360241792e+00
4.561361419576397402e+00
4.464094197034825129e+00
4.465996977159747416e+00
4.398509406605832339e+00
4.343204001655919910e+00
4.414185881903932795e+00
4.355396193229727153e+00
4.340685890501638333e+00
4.360342417746569943e+00
4.303399934935166371e+00
4.239834312800442540e+00
4.239452087239576450e+00
4.242196836545895522e+00
4.256117597059554392e+00
4.212114314688053085e+00
4.010441496892829250e+00
3.926313028784129244e+00
3.922285813145186761e+00
3.999695113380518752e+00
4.022912129291416505e+00
4.008944250048883440e+00
3.916610141436086323e+00
3.965631601649351357e+00
3.966041477342363564e+00
3.994619381117555434e+00
4.008230657035595002e+00
4.080834350963048252e+00
4.077216084536114060e+00
3.993195963135292903e+00
3.885217754515182698e+00
3.969560303106629995e+00
3.926169379942745064e+00
3.892887488741487267e+00
3.941959030735859848e+00
4.033540504321234010e+00
3.983831447237696111e+00
3.927674375505179505e+00
3.895392278063917857e+00
3.812848410309542135e+00
3.628340391969860246e+00
3.538746246907229498e+00
3.531644517784880755e+00
3.499885855281569480e+00
3.493555352359541732e+00
3.441423687952414046e+00
3.374768288342178568e+00
3.304740988337815377e+00
3.204919655779220999e+00
3.158334212840686828e+00
3.118112409776145011e+00
2.972559503189128538e+00
2.934586512611273790e+00
2.895497366602152400e+00
2.969155267075132443e+00
2.960458410449301248e+00
2.906909183307933908e+00
2.866029483449184401e+00
2.873420609656720526e+00
2.841742071335820352e+00
2.766874409871181495e+00
2.741632178101212958e+00
2.735522801952123828e+00
2.785064810736008756e+00
2.755191644876994417e+00
2.770318032284380116e+00
2.764565426970394313e+00
2.711515259038753900e+00
2.697567422697716211e+00
2.787956599375248423e+00
2.806524362979947451e+00
2.779270048052185693e+00
2.738702977688526108e+00
2.776996579040024837e+00
2.766651044132599324e+00
2.763475167248658604e+00
2.721683486373829286e+00
2.737572830081420605e+00
2.793000895094736702e+00
2.897748781381850769e+00
2.904586373306877967e+00
2.905029603979965902e+00
2.954689492992453204e+00
2.995959111870520886e+00
3.135703110946570060e+00
3.137128942201770521e+00
3.114865807703439238e+00
3.129736250868433434e+00
3.139043325600970658e+00
3.145270894533569450e+00
3.114219163771233312e+00
3.151535181463155144e+00
3.121675351473948368e+00
3.073764629896049705e+00
3.020255783869969068e+00
2.980460534883828672e+00
3.102667561953745601e+00
2.963455078114058949e+00
2.909881612712104992e+00
2.929853238645239610e+00
2.856975498669878544e+00
2.825696551294919256e+00
2.885643602387515827e+00
2.912753336621555000e+00
2.944545126161254522e+00
3.002214349442757335e+00
3.085508710083314288e+00
3.030930715143451692e+00
3.056436323563767488e+00
3.024983140448885610e+00
3.018676199926054071e+00
3.033244797242715673e+00
3.034385275471788379e+00
2.958463959557391387e+00
2.994300252145733143e+00
2.933265245421900147e+00
2.928643713393624726e+00
2.952394621320124202e+00
2.907038011447390602e+00
2.923742293705107187e+00
2.920967476710413457e+00
2.911470590612242670e+00
2.905335436743922362e+00
2.909036610288704860e+00
2.829894874372544500e+00
2.825395370563207109e+00
2.902277898479054929e+00
2.850232622085432599e+00
2.854363326558131408e+00
2.905084164013153281e+00
2.835364879517273007e+00
2.837459074594733011e+00
2.893032492040142678e+00
2.892867262768895387e+00
2.843492219085538508e+00
2.881057444758781561e+00
2.889556540370857629e+00
2.861661230823802526e+00
2.822462045803273423e+00
2.878251378875723354e+00
2.812185804672230560e+00
2.740255097614088697e+00
2.724411312559100296e+00
2.792007700562446182e+00
2.784421483899303773e+00
2.791076853116015499e+00
2.873170026294998181e+00
2.883900830472503785e+00
2.910649412072844999e+00
2.855733530986391155e+00
2.935966450761997582e+00
2.860322709066233760e+00
2.805286081667964115e+00
2.772473444417457245e+00
2.794209011509339646e+00
2.742482269769487502e+00
2.675767366569822059e+00
2.808805084017044873e+00
2.840733884051795499e+00
2.790414664525686650e+00
2.729182111915582798e+00
2.804876824389976875e+00
2.930628942735671316e+00
2.899055190919966218e+00
2.773214921350309226e+00
2.763013572170792020e+00
2.707856163092862811e+00
2.732623281756927813e+00
2.829442701310631136e+00
2.912818222958651670e+00
2.838937829541182456e+00
2.852487160356730111e+00
2.903431418167131906e+00
2.903896692377330169e+00
2.807507613524850676e+00
2.793711688775346591e+00
2.810653660627719486e+00
2.901296606691567082e+00
2.844178264455306415e+00
2.836329141690012268e+00
2.791061984263337514e+00
2.772951496149905548e+00
2.735368713720327527e+00
2.700473662156326782e+00
2.725553888661899293e+00
2.756456783626399787e+00
2.826552139975486266e+00
2.879646679716106661e+00
2.872284456665112007e+00
2.944927842919075722e+00
2.897503925795441582e+00
2.820489673797795582e+00
2.790969365650580070e+00
2.754747538341762780e+00
2.772972592724276986e+00
2.834312967898922953e+00
2.847348766835562817e+00
2.902473600224471539e+00
2.945381978623486052e+00
2.817086793125124888e+00
2.815541688556573163e+00
2.867342672231556033e+00
2.813638391833605645e+00
2.811219308414055096e+00
2.754230200981755416e+00
2.723566962642923084e+00
2.802301554080146140e+00
2.824783531529451608e+00
2.806333907431544095e+00
2.752286322314595690e+00
2.760855845566732913e+00
2.788836495745134592e+00
2.772967003049260803e+00
2.789291128584464818e+00
2.883669537238967795e+00
2.924802386486991423e+00
3.004371814539605889e+00
2.943394808720025679e+00
2.920361107808416623e+00
2.891733736013743616e+00
2.890857658204567748e+00
2.830884137508986598e+00
2.831004415397475160e+00
2.870785606763416986e+00
2.786734827715044105e+00
2.731477439042834465e+00
2.724359374238281006e+00
2.664289961697112297e+00
2.732725013608211295e+00
2.696641058798890267e+00
2.761793801137224946e+00
2.810227215013049396e+00
2.807641180777914247e+00
2.732645970483552844e+00
2.693335107260141914e+00
2.776247287256667029e+00
2.751460157807123164e+00
2.765267979780621221e+00
2.809269300013795601e+00
2.896406394137397200e+00
2.979421923796627958e+00
3.039482028240996225e+00
3.029773753929491331e+00
3.087182210365950752e+00
3.086479061973367966e+00
3.111970918887257298e+00
3.189565644409908973e+00
3.149174653778351374e+00
3.182249518815267741e+00
3.135136520153468886e+00
3.101683897498261011e+00
3.077348696524331295e+00
3.039662316771387207e+00
3.024437798996699289e+00
3.019590203984639842e+00
2.967257824996000881e+00
2.884062065906349392e+00
2.898132502146856471e+00
2.940137751874901895e+00
2.974257890634232737e+00
3.045737020821068786e+00
3.018182731379928097e+00
2.958820542040358159e+00
3.001139950085633501e+00
2.983832099834037521e+00
2.950617901389469555e+00
2.939875167417827395e+00
2.895971339637186226e+00
2.869936584665243373e+00
2.895478026164246987e+00
2.944054686992074288e+00
2.798591967400750224e+00
2.775451314651366186e+00
2.765389122709497105e+00
2.790537045086483037e+00
2.694523520030953190e+00
2.753506310143487124e+00
2.772582009607650999e+00
2.760279877113912761e+00
2.789303138778572944e+00
2.770801689042361016e+00
2.807995370366553889e+00
2.775359796494861531e+00
2.760976095514048101e+00
2.822635824898423351e+00
2.688064173341105256e+00
2.731693430822719648e+00
2.795106616928949794e+00
2.866045882396162092e+00
2.919605110284607896e+00
2.896852429793412842e+00
2.908625276655622649e+00
2.856493829855055289e+00
2.852466476577770305e+00
2.809923486502790890e+00
2.755849959631329504e+00
2.846398074760450481e+00
2.838122795088330985e+00
2.913145550774969283e+00
2.838281522330017737e+00
2.868796960399951246e+00
2.856375325478078597e+00
2.802587019166398630e+00
2.844984534228613526e+00
2.924253579975580664e+00
2.877986448890959892e+00
2.904661253915850061e+00
2.910049312296957957e+00
2.859729182982193141e+00
2.886040540255801812e+00
2.836192165562834155e+00
2.845655109109323622e+00
2.798458146908758160e+00
2.750822604240411362e+00
2.759285777153211328e+00
2.718430429494196776e+00
2.700668065497868753e+00
2.835463454181696541e+00
2.815975319494117723e+00
2.763516057489082467e+00
2.834035109168550726e+00
2.835188353531383765e+00
2.956316965414906406e+00
2.893075353322135168e+00
2.898803546292849642e+00
2.890300330415509045e+00
2.792513204982207675e+00
2.800654387817246960e+00
2.821394158922145401e+00
2.770497969679818873e+00
2.686437417845426001e+00
2.766820919394675560e+00
2.767013733251065144e+00
2.928323411100625329e+00
2.921199411200817053e+00
2.890915598906339756e+00
2.885709791368494592e+00
2.822496235604221582e+00
2.768323861111629647e+00
2.790875131567157386e+00
2.844719669844464782e+00
2.853525713919536244e+00
2.871908947024608860e+00
2.919081533633481662e+00
2.917562338665619759e+00
2.849496446742827427e+00
2.893268221233558979e+00
2.881846977200559046e+00
2.840876801271043917e+00
2.877794294246897699e+00
2.791041024420816363e+00
2.761374114458234441e+00
2.756089439767875238e+00
2.818886837033370174e+00
2.823483309672646602e+00
2.907569603638061828e+00
2.971564066278901795e+00
2.895315872232250953e+00
2.805961867167834356e+00
2.778719489261195275e+00
2.789026711955265636e+00
2.774568074493757752e+00
2.773652645880518630e+00
2.779426019882522247e+00
2.790903258803500986e+00
2.780364364611228822e+00
2.765019710598823011e+00
2.869706082510889988e+00
2.927027502433142470e+00
2.880403791137624570e+00
2.858930044614593768e+00
2.752214017840909133e+00
2.762558415671965140e+00
2.734390059958527353e+00
2.736435820551982534e+00
2.775854643168478297e+00
2.884974176660858980e+00
2.841204850059213971e+00
2.859720965409038307e+00
2.779941546148047671e+00
2.805134934365903110e+00
2.764142724245620464e+00
2.759152587299223747e+00
2.764377325909037175e+00
2.864350711766979529e+00
2.854059214522361554e+00
2.967012133443339916e+00
2.894402010778736933e+00
2.936551889546650251e+00
2.950929684014853116e+00
2.925570713553169444e+00
2.961604632627387268e+00
3.001704349198967670e+00
2.978454800731412888e+00
2.936656091543577318e+00
3.025096362101544756e+00
3.023147697351222796e+00
2.971642138616290563e+00
2.984039376415800415e+00
2.871492469082933319e+00
2.839632722730177417e+00
2.883103015849416195e+00
2.911429374036059503e+00
2.878657673291494135e+00
2.800424432117388562e+00
2.740270059683898918e+00
2.734072054646695005e+00
2.801649692591848595e+00
2.820707358093001549e+00
2.833636885700071328e+00
2.888445602742069962e+00
2.890765642524485202e+00
2.879820480516103398e+00
2.924214253436296485e+00
2.878458962709039337e+00
2.822798965565915363e+00
2.760876853465217717e+00
2.718715505528300103e+00
2.770292944798437684e+00
2.702358414422483701e+00
2.771178449685259171e+00
2.836140687624645995e+00
2.899772577289466913e+00
2.931364358110400747e+00
2.940570012769633035e+00
2.914826924536000785e+00
2.902294953997611948e+00
2.876049547556509101e+00
2.840283436560513408e+00
2.826162415714992271e+00
2.765001989149374673e+00
2.786024766580512679e+00
2.829013078796208003e+00
2.909228591912295769e+00
2.895589231918090700e+00
2.906954936011220791e+00
2.977984553351477715e+00
2.936480035688988632e+00
2.906889918796375483e+00
2.946331447749896082e+00
2.996465417788098051e+00
3.016413267441979240e+00
3.036490408349745262e+00
2.855355319395469049e+00
2.888106819354159693e+00
2.943859031951088223e+00
2.909244575486908069e+00
2.883656012772674249e+00
2.791214968432205623e+00
2.775749988741781582e+00
2.742628119158702749e+00
2.735674871032740540e+00
2.719193630472092948e+00
2.795159029465049905e+00
2.827989391776426054e+00
2.734387317115115845e+00
2.709122736237692397e+00
2.759896556032490178e+00
2.723145607564898540e+00
2.764954610839028160e+00
2.742108312959209204e+00
2.717099004453094935e+00
2.752603313229132986e+00
2.700377010715355297e+00
2.777519216855214079e+00
2.760506294142434758e+00
2.789190922113435889e+00
2.728444428607626815e+00
2.727794163788755721e+00
2.832234100493813411e+00
2.832926049158360993e+00
2.830604529071484077e+00
2.889224636472560448e+00
2.776441787612339063e+00
2.760567695239513508e+00
2.764291229230378732e+00
2.807663441368997148e+00
2.796458653368577796e+00
2.777969042304107461e+00
2.870328378426413529e+00
2.892020228145024685e+00
2.807540916887944160e+00
2.838002466524650380e+00
2.844571145181642002e+00
2.778736043599679295e+00
2.772736734708147743e+00
2.788479334691222444e+00
2.814370977678671615e+00
2.825485445016484132e+00
2.828034653253032271e+00
2.849161455586538327e+00
2.946582087775597714e+00
2.887053515264308423e+00
2.886429628451038898e+00
2.828068952483302034e+00
2.788812650573716745e+00
2.747037859222183798e+00
2.793988009995748367e+00
2.738823104912034623e+00
2.755495236795011849e+00
2.771954184325563286e+00
2.802619845787152286e+00
2.690762159686359123e+00
2.766808630895892129e+00
2.806788021921142740e+00
2.781302752308708381e+00
2.737026488728232732e+00
2.713752383693103010e+00
2.740306734655812093e+00
2.713485949843853273e+00
2.717271793545871894e+00
2.741890953338589565e+00
2.726307942988098976e+00
2.715414885427271052e+00
2.764269342882490932e+00
2.797605583351592262e+00
2.783212711957172569e+00
2.814619157186279086e+00
2.717605747712496633e+00
2.716055043624852505e+00
2.788008966987014503e+00
2.823617183684785648e+00
2.852732724949885945e+00
2.830580505832681837e+00
2.824649712796260648e+00
2.917835499132875654e+00
2.923218944930400021e+00
3.036714672141589411e+00
3.115001444622458315e+00
3.073386080530723152e+00
3.108571858587155123e+00
3.102916853542808440e+00
3.034307334466962214e+00
2.928410319610282642e+00
2.918108634029925597e+00
2.978500797381125054e+00
3.074128982329792148e+00
3.048981633267081381e+00
3.019922681129435738e+00
2.958886614927986880e+00
2.937005617972154869e+00
2.908657766049488558e+00
2.908981952505033775e+00
2.888623547643409673e+00
2.875859697551324867e+00
2.937809728352059224e+00
2.910554242751713261e+00
2.883454351988253173e+00
2.977002183405312863e+00
2.962083219627700270e+00
2.886092687354306019e+00
2.845067661761315758e+00
2.863862252274016029e+00
2.924576721510311561e+00
2.910119928800185995e+00
2.943522719463874004e+00
2.928619811447024102e+00
2.906618826058896765e+00
2.900702845863395218e+00
2.858129808108791803e+00
2.876305095082926311e+00
2.862045422420825158e+00
2.859615358750194236e+00
2.876631710872978420e+00
2.847146993044089580e+00
2.790455876734122764e+00
2.719354335131778821e+00
2.728034273978243274e+00
2.780262757366648518e+00
2.804813897569676584e+00
2.802871920013471296e+00
2.812208562678095713e+00
2.834838619745399413e+00
2.840456477399362800e+00
2.858429988647614106e+00
2.848452562357323803e+00
2.857466535237114691e+00
2.867476067903618642e+00
2.885655211559412958e+00
2.938856580372713356e+00
2.876167241312646006e+00
2.863581324146391438e+00
2.878238871254434006e+00
2.905801954710609536e+00
2.884104540407645967e+00
2.886721669991757278e+00
2.837040887967602121e+00
2.814410950803027500e+00
2.953524843301643887e+00
2.882851713147938089e+00
2.686582401490786420e+00
2.732950969190629298e+00
2.761317982413470595e+00
2.770261539999427480e+00
2.752567710338839291e+00
2.780619355467410792e+00
2.757544922571525170e+00
2.886354274859550095e+00
2.910230746865272611e+00
2.886917213915217495e+00
2.869842852840552183e+00
2.901801337100801792e+00
2.949140383230340667e+00
2.914147216596992163e+00
2.867297682487815802e+00
2.770061551662706290e+00
2.788554284929737559e+00
2.884875907209875301e+00
2.898478566420666258e+00
2.944525938075600813e+00
2.919081533633481662e+00
2.881290509476612804e+00
2.884048716648177635e+00
2.883204120418809246e+00
2.872647907419215940e+00
2.864761595665510363e+00
2.832501721093916736e+00
2.814058279424930475e+00
2.800220884144677402e+00
2.756155474569604191e+00
2.743527838386190076e+00
2.737403331626525382e+00
2.726884302642853086e+00
2.729432541756619202e+00
2.729054231780672968e+00
2.791749988806304206e+00
2.824282386731185479e+00
2.831884354983444041e+00
2.904678983984288365e+00
2.978121891393970433e+00
2.866811992440382983e+00
2.886441580908922777e+00
2.815320230453366879e+00
2.802728313625849843e+00
2.738851036474966971e+00
2.812058854291638266e+00
2.890795219312499054e+00
2.909780747754029839e+00
2.896782180282114538e+00
2.852644211954936448e+00
2.874483083964837427e+00
2.929827810640071917e+00
2.894365733628008197e+00
2.906003957326968923e+00
2.916784188108541009e+00
2.874128215650791240e+00
2.942131710172064984e+00
2.862169282205369480e+00
2.742099378213707528e+00
2.786242092855536256e+00
2.836331785951707207e+00
2.752968942796122143e+00
2.732367105643017435e+00
2.804221282281410321e+00
2.817227537846384244e+00
2.913939772884813539e+00
2.945479926938902260e+00
2.884159843004544754e+00
2.871244677835729675e+00
2.869180196502129743e+00
2.917227622246848284e+00
2.941871853089458089e+00
2.871289083321287183e+00
2.866125956757658244e+00
2.890327836076730605e+00
2.916872640346163781e+00
2.914781123858188217e+00
2.918403159263640578e+00
2.807963496913733259e+00
2.769075658049089839e+00
2.836522342587838530e+00
2.891094083560754591e+00
2.896891092188313088e+00
2.769008125665217257e+00
2.809254883416597792e+00
2.739883756658300307e+00
2.722573231338323740e+00
2.774915674394449194e+00
2.855349015444522021e+00
2.896522915497131034e+00
2.915000686106265615e+00
2.863808303640450692e+00
2.774797470086781015e+00
2.724314776232731550e+00
2.799537461796144822e+00
2.834181539704187625e+00
2.856028536272003038e+00
2.889661052788025764e+00
2.840711354573005831e+00
2.791374750906800095e+00
2.840043837689834039e+00
2.818795842199289581e+00
2.798946230280245917e+00
2.779543487697215376e+00
2.763044335511104066e+00
2.788214841076633643e+00
2.791198129836002906e+00
2.734936562335587240e+00
2.751463247074182217e+00
2.884963431310698656e+00
2.879597367688753629e+00
2.904793624338913638e+00
2.876999304831338033e+00
2.876096138866015117e+00
2.791441383944861077e+00
2.871415330459876181e+00
2.857288924837668720e+00
2.799565144803743078e+00
2.790802214417925864e+00
2.817840485194290867e+00
2.780495819094141563e+00
2.695464894967100289e+00
2.777794088840999542e+00
2.836738620317353021e+00
2.869125476517191409e+00
2.770082309246423957e+00
2.729163608140779740e+00
2.824720163131207773e+00
2.798561952146137344e+00
2.821376082694400544e+00
2.834048341154399075e+00
2.828869915708391414e+00
2.917444086867818864e+00
2.838065186002604712e+00
2.918565743648753763e+00
2.881510888405594883e+00
2.780771475687997096e+00
2.752385329128173019e+00
2.699849995833101701e+00
2.783038806772194285e+00
2.766165938623350140e+00
2.743805568913366244e+00
2.783150193575617770e+00
2.828109969573319393e+00
2.794739880561337930e+00
2.838002995065367795e+00
2.867269258371107465e+00
2.899709468205392326e+00
2.897394346650106645e+00
2.948417541665358854e+00
2.931828269186311342e+00
2.899503578200930853e+00
2.897305127182844497e+00
2.897801580508920782e+00
2.936712617877343501e+00
2.902143001300935055e+00
2.766137740605120410e+00
2.802408963731025437e+00
2.809520599675325414e+00
2.732271216405867342e+00
2.755894047310237127e+00
2.721506384339379192e+00
2.771074340395796476e+00
2.767456774730185476e+00
2.705399970429511303e+00
2.798581605027803842e+00
2.836842258568494923e+00
2.844976977059744172e+00
2.842679018109501410e+00
2.862061494797063510e+00
2.817783703551427710e+00
2.783720711565727424e+00
2.711257088510788726e+00
2.728789291975472153e+00
2.839857214720486134e+00
2.836781450869982013e+00
2.878425611336864254e+00
2.869038340629138872e+00
2.798564989418684590e+00
2.821379981498415290e+00
2.791210490092067342e+00
2.829253435095555602e+00
2.832769316411062555e+00
2.777872207283840655e+00
2.684082338528384515e+00
2.729285071222865344e+00
2.807826383521601965e+00
2.896666359800521118e+00
2.795734250603944648e+00
2.810960156245548625e+00
2.837468766347922333e+00
2.841146599526324756e+00
2.866726007137759158e+00
2.794071044193400688e+00
2.751746717995680491e+00
2.775838972274868865e+00
2.725614976477785500e+00
2.701207137559058058e+00
2.765759389390190837e+00
2.742566134116003251e+00
2.782389261048856088e+00
2.662417510459244685e+00
2.797612732313034201e+00
2.829096322149530440e+00
2.787991032984145079e+00
2.800152317285615311e+00
2.715969256085200900e+00
2.734717170019597798e+00
2.705657221452858252e+00
2.769781399316559423e+00
2.782402019838254859e+00
2.766078090003968093e+00
2.704966543231172693e+00
2.809259155008665410e+00
2.901398628248107681e+00
2.861704736691051298e+00
2.928104847849543280e+00
2.913129760240693145e+00
2.927011103497901168e+00
2.892317064223768774e+00
2.853071502784323865e+00
2.851799431937667162e+00
2.855143604094196874e+00
2.736430338963519393e+00
2.714317041172604306e+00
3.003036629813229386e+00
3.030436272222203353e+00
2.988306543847200292e+00
2.968336402768392723e+00
2.856024859835782248e+00
2.769177495214057316e+00
2.720668667809440944e+00
2.739199335572349181e+00
2.730371769558130879e+00
2.701577317050170901e+00
2.749023462977353560e+00
2.758899055782940479e+00
2.763569069156767366e+00
2.755294176671521988e+00
2.815941228079875902e+00
2.853548142225744932e+00
2.891978734361647874e+00
2.884857188839683229e+00
2.911395198182479493e+00
2.921461791637877781e+00
2.933136375963449449e+00
2.880011631920954329e+00
2.904526467429759951e+00
2.843736977992162629e+00
2.855160415808540630e+00
2.891904044051254452e+00
2.858218676028830618e+00
2.864728433900847193e+00
2.903490485605213500e+00
2.927949111579639219e+00
2.924807515034109517e+00
2.929967405962052851e+00
2.937929202686818009e+00
2.895321225701908308e+00
2.889097609981358783e+00
2.905230627678291988e+00
2.859501180276028176e+00
2.763528541556971252e+00
2.746412387097028951e+00
2.869793720809912685e+00
2.935894412270305676e+00
2.971301903206740924e+00
2.945240567423992317e+00
2.919861126834630838e+00
2.928677005065598138e+00
2.988115459616645708e+00
2.905909496181875440e+00
2.885426138371938620e+00
2.940883710723700251e+00
2.970585632497403594e+00
2.917030167824803399e+00
2.932346671183336806e+00
2.723043334212660316e+00
2.752111552971645558e+00
2.800808811754205152e+00
2.733065677952141836e+00
2.762286009811438348e+00
2.717099556512422076e+00
2.760926293836907242e+00
2.762115493602684602e+00
2.795927574169259522e+00
2.744275860769102682e+00
2.841101370947541671e+00
2.850967028921941093e+00
2.889538025359763118e+00
2.907436327763688322e+00
2.727025119062895353e+00
2.770534244509531341e+00
2.723577610423466577e+00
2.746200648168302116e+00
2.794719306120026392e+00
2.859370734969497008e+00
2.861732517200026749e+00
2.828501016439626259e+00
2.680583891617645431e+00
2.679874810508879435e+00
2.695430392349244197e+00
2.884228493028941465e+00
2.718281258442547532e+00
2.699076879231119719e+00
2.757686349097736134e+00
2.827347520203343567e+00
2.811672456030396727e+00
2.715704328530629930e+00
2.764829651172021396e+00
2.778347350494534407e+00
2.830838215087538856e+00
2.817994677070913223e+00
2.818548562647093636e+00
2.741041225519966762e+00
2.741542996197579463e+00
2.793832672154866081e+00
2.808001958688775002e+00
2.790415381264946593e+00
2.767194427574614757e+00
2.769587153349754693e+00
2.735577452751063898e+00
2.828967656230802152e+00
2.733505624651245469e+00
2.737625613556389670e+00
2.734158188547253676e+00
2.745422918240466803e+00
2.784678617004123780e+00
2.852774964836869209e+00
2.874253294335765485e+00
2.914134863042546097e+00
2.867666821651358333e+00
2.811185159323377203e+00
2.806217382883942069e+00
2.727179128696903376e+00
2.732463540470394303e+00
2.738266970183878435e+00
2.814719346577914116e+00
2.860742910504192604e+00
2.829041180329477267e+00
2.827958274091044277e+00
2.808489095581466088e+00
2.786177847876908142e+00
2.776769525905958602e+00
2.749903452850662511e+00
2.730972171224013589e+00
2.776533990427633380e+00
2.764981916758227243e+00
2.712783441412159657e+00
2.803252575134820734e+00
2.817008874675406727e+00
2.803850388305339170e+00
2.788815698464135018e+00
2.848175556386929763e+00
2.872718224956983146e+00
2.840223406705888465e+00
2.821140372260834805e+00
2.768107476237148923e+00
2.668358671543239247e+00
2.778288142003992878e+00
2.714561106330082740e+00
2.724174186794964037e+00
2.749833994989515418e+00
2.812155934510033095e+00
2.761535261408045283e+00
2.799057877215117340e+00
2.827634170114656342e+00
2.804130168162669356e+00
2.756354657876957326e+00
2.715333312873393634e+00
2.775553278177163907e+00
2.844463745594237647e+00
2.843584357813216723e+00
2.806183529279580036e+00
2.807008728165981903e+00
2.797835949443783665e+00
2.789942472525195782e+00
2.787363808332166570e+00
2.758216815263078381e+00
2.744971220249859289e+00
2.807503695456160742e+00
2.788643577081875602e+00
2.768600187820553060e+00
2.735699362137586466e+00
2.764815002852813119e+00
2.761458491449762853e+00
2.744607257878620921e+00
2.701022399018564002e+00
2.738350781035914672e+00
2.705899850327059486e+00
2.751415817356584803e+00
2.791324775084404575e+00
2.808384945124154708e+00
2.777655306189016571e+00
2.847347186417561016e+00
2.876638489626390793e+00
2.882101663716948092e+00
2.915797146579301558e+00
2.946205865176430461e+00
2.935361987898596592e+00
2.955348202834988669e+00
2.885491639218522586e+00
2.812038584372554162e+00
2.855029597044485890e+00
2.943422837446227458e+00
2.995280621244026165e+00
2.948432295305422279e+00
2.957633175361677136e+00
2.962256572277290001e+00
2.905109636485342595e+00
2.942251009006539686e+00
2.922730914743948638e+00
2.778946922846853962e+00
2.746853472611890279e+00
2.771068025148426539e+00
2.845689195959390183e+00
2.894762339122159744e+00
2.803818289404646613e+00
2.732163245488819836e+00
2.749775445377313332e+00
2.735161055587037815e+00
2.807270560526718750e+00
2.857939292567285516e+00
2.760239482363803454e+00
2.754463468626875855e+00
2.722908004321849873e+00
2.699303799130435166e+00
2.727055004945812211e+00
2.809575946651024392e+00
2.787828186958443144e+00
2.710419524723063578e+00
2.705840534843100720e+00
2.777597703052046008e+00
2.791315818749286581e+00
2.738063001466547242e+00
2.713882274528502947e+00
2.789473785501487946e+00
2.814558579955301454e+00
2.807880517400980658e+00
2.788875221303384055e+00
2.796071172198590471e+00
2.808516156264727393e+00
2.812718613725873507e+00
2.883523192207754882e+00
2.918978074600766526e+00
2.885713949787816368e+00
2.804117329927548141e+00
2.752866324397173159e+00
2.725131006025215186e+00
2.743265572269662833e+00
2.803136814356373296e+00
2.855398220914203478e+00
2.794080349596267610e+00
2.717534728388949272e+00
2.763270887915262097e+00
2.791555301261288147e+00
2.787340847474524708e+00
2.787199669919612877e+00
2.786956045580913255e+00
2.776142827737794860e+00
2.762555700795913616e+00
2.847877455228717825e+00
2.760773080135345392e+00
2.784112785071753748e+00
2.800364619116589182e+00
2.799587291012731072e+00
2.807396302626331774e+00
2.787079654405306250e+00
2.764433034095780339e+00
2.757222152819754246e+00
2.818075584507981013e+00
2.744925135591132825e+00
2.738549068393699937e+00
2.783020840741226021e+00
2.747026392301318953e+00
2.784400294497900941e+00
2.760007427526237844e+00
2.768511152226048377e+00
2.754467462142183631e+00
2.854919613579338655e+00
2.888273705866533980e+00
2.820142017700526971e+00
2.859288198136032744e+00
2.719031261313484382e+00
2.750044363278527193e+00
2.863103560823464289e+00
2.858856064932265628e+00
2.812717013849775682e+00
2.854474732766083100e+00
2.731122479860615737e+00
2.762020094061591102e+00
2.895335213753323256e+00
2.852686628425912474e+00
2.843621810297564778e+00
2.805505480301188292e+00
2.768242222060779412e+00
2.738099340783675562e+00
2.752649995913029723e+00
2.772877927352734861e+00
2.866895533499608018e+00
2.840038380022354314e+00
2.826347112440366960e+00
2.838923211360250498e+00
2.889324488526686885e+00
2.862716542027869071e+00
2.942874954869811877e+00
2.884988388191536579e+00
2.897689596903022302e+00
2.815960404551172136e+00
2.779083302098013686e+00
2.755755068942085551e+00
2.778996401580974052e+00
2.749478859711417922e+00
2.801110851073195462e+00
2.806676326190820081e+00
2.803944008000159638e+00
2.774236111076344269e+00
2.734547311713586115e+00
2.801247222220845323e+00
2.853644161418869007e+00
2.889803453524131704e+00
2.878846470376633437e+00
2.833866263605253621e+00
2.833066536458330731e+00
2.827202504243373049e+00
2.893654436866987201e+00
2.869855397054004609e+00
2.852571822058123097e+00
2.790590080968539333e+00
2.760700997935126022e+00
