4.893060698581206402e+00
4.592772691958529663e+00
4.452617432477216752e+00
4.134219878042288521e+00
4.767444074134483678e+00
3.835498533437342150e+00
3.910620027565961276e+00
4.004703359800823037e+00
2.871263659088102660e+00
2.756590285116741867e+00
2.837150859577262541e+00
2.745066301567231193e+00
2.681402058625300899e+00
2.717267929373178514e+00
2.743613310945987482e+00
2.682115210053438226e+00
2.769574335525226250e+00
2.758952518620064964e+00
2.726694885754546327e+00
2.706744354385910878e+00
2.762858845471480418e+00
2.710244453919240293e+00
2.834747960577800541e+00
2.982018443940278818e+00
2.746937385525924480e+00
3.037738138813153022e+00
3.247947197846664302e+00
2.802950409836035384e+00
2.888266954420937616e+00
2.794746857946172280e+00
2.671198233003309053e+00
2.824163238908119933e+00
2.758807351012390274e+00
2.803495496696936318e+00
2.810745630611207968e+00
2.759113082133459294e+00
2.827581475395537058e+00
2.858394129576955489e+00
2.881816961571292968e+00
2.968633018747854457e+00
2.738965498139762644e+00
2.770935762517781953e+00
2.818878855147911366e+00
2.955902061977019990e+00
3.016697863558762460e+00
2.966714849795982989e+00
2.679877049418498913e+00
2.839561409795533731e+00
2.769627050705563587e+00
2.853256910970339177e+00
2.883461288104974596e+00
2.841588992095795074e+00
2.834765069630991619e+00
2.808344886227473580e+00
2.924553641156202755e+00
2.982760298783661668e+00
2.938254754101488508e+00
2.770980151498743549e+00
2.772814454665151640e+00
2.904077994820386532e+00
3.023843580610610537e+00
2.838959492490162440e+00
3.017130424757934914e+00
3.100404812278551692e+00
3.025385429990697261e+00
2.698896996923001890e+00
2.706446748044379902e+00
2.779389321415766556e+00
2.823024973322056930e+00
2.812984891534257681e+00
2.715684812344761223e+00
2.953424791661368953e+00
2.754091864844018023e+00
2.762110425019246307e+00
2.798778483553137075e+00
2.953839196706550929e+00
2.758546175071209916e+00
3.064951059968168412e+00
3.069165521766461957e+00
2.892684739130761518e+00
2.917428490983112521e+00
2.945251092861183917e+00
2.960027871490402251e+00
2.940987079196370590e+00
2.833154778687532183e+00
2.905346106748729618e+00
2.811642936078477373e+00
2.997983655725962038e+00
2.746780661064876394e+00
2.917432090040829262e+00
2.717022083090234741e+00
2.769762083645452400e+00
2.877380405855298307e+00
2.967821591672922921e+00
2.930077985310288291e+00
2.789738518212772966e+00
2.925122390601801570e+00
2.765057865578946839e+00
2.610751615914467028e+00
2.947448218374667306e+00
2.880248773977692078e+00
2.919101574114885356e+00
2.727298663513037180e+00
2.759593267131951855e+00
2.857472484556938142e+00
2.840975536677498248e+00
2.755914730175808902e+00
2.839784146726648029e+00
2.668328315631342651e+00
3.059474954955506920e+00
2.758473128380988459e+00
2.831480354867396798e+00
2.869180196502129299e+00
2.797020200141572488e+00
2.954054163349074447e+00
2.764823683347638283e+00
2.752731189201009343e+00
2.865217967275788702e+00
2.725653683063935961e+00
2.744023687944402656e+00
2.908932965882851551e+00
2.790385815617618448e+00
2.772779471937860230e+00
2.852800028042625335e+00
2.759982065159119813e+00
2.828477505655648816e+00
2.904912563228022826e+00
2.811697352134471473e+00
3.156253792076929798e+00
2.848006495779109137e+00
2.896100136390314717e+00
2.877400389240260203e+00
2.914786098498481692e+00
2.772293454885322639e+00
2.668461167039909654e+00
2.737655383717972679e+00
2.840131863135936019e+00
2.750131087784726258e+00
2.729549596545187917e+00
6.187826274225868950e+00
6.119992810453293686e+00
6.096538444068076323e+00
2.747378568745122873e+00
2.781586058348725743e+00
2.870589834859727407e+00
2.887663068988485460e+00
2.753125314982955985e+00
2.906186676729490603e+00
2.914319474594369463e+00
5.857246452045534291e+00
6.298133453651169056e+00
2.763110927921642812e+00
2.723763021997325229e+00
2.715889725301820601e+00
5.711343187027023482e+00
5.947406241379513681e+00
2.755719506771325822e+00
2.910465598491073003e+00
2.966294995444653360e+00
5.842205747831892282e+00
2.909246294145616307e+00
2.733955742143607370e+00
2.801561528862074102e+00
3.072203443784281784e+00
3.068328209302257914e+00
2.924373608142435188e+00
2.861218970998200106e+00
2.788437196710730426e+00
2.775376010561451778e+00
2.700184067799823229e+00
3.170208510492646070e+00
2.767223879630992034e+00
2.724507478426146267e+00
2.889219617820701469e+00
2.843879392660666472e+00
2.800394615049814462e+00
2.772124636447647283e+00
2.937354251703392372e+00
2.930183270718744293e+00
2.855585754271791732e+00
2.947333031742425558e+00
2.844606123877257975e+00
2.794549874308919435e+00
2.716009756978055911e+00
2.793693254457260799e+00
2.826487749840780328e+00
3.006819415927733719e+00
3.078327467960483510e+00
2.815811961051376322e+00
2.768669536076850068e+00
2.716533452766595413e+00
2.853793790728405000e+00
2.966410962762914494e+00
2.884732743253696885e+00
2.740596285482412853e+00
2.757077438158021199e+00
2.797386280083606902e+00
2.829735146617081920e+00
2.810942190796530848e+00
2.767462736876506124e+00
2.749251898244320813e+00
2.793549713178557159e+00
2.729891023465954802e+00
2.980263243406528595e+00
2.949281946508336194e+00
2.729325191324771804e+00
2.659345972227006083e+00
2.859267913295289620e+00
2.812798784129429741e+00
2.756313842798022051e+00
3.041582482853292468e+00
2.850964398234393737e+00
2.733668048611608725e+00
2.746438785045098641e+00
2.893052712966011519e+00
2.861201670627221194e+00
2.713183738709931347e+00
2.734945886119138247e+00
2.743007655840573378e+00
2.830224902724163272e+00
2.831825912728393568e+00
2.804868802635873681e+00
3.030051154683695902e+00
3.056686604805929797e+00
2.968711673436812415e+00
6.067237015314301374e+00
5.783416377885997939e+00
5.950644754982437945e+00
2.867578420898023062e+00
5.730027312325832511e+00
2.820825765622541947e+00
2.814295649003494493e+00
2.866815131814396622e+00
2.763342360258677743e+00
2.911653997301190344e+00
2.801476217996504925e+00
2.848908738447056610e+00
2.838997710460506418e+00
2.639237389853364757e+00
3.035762013070194776e+00
2.882505160446378056e+00
2.729787903848941433e+00
2.683782778095127775e+00
2.704952125269502794e+00
2.923768458684783855e+00
2.892458124156683574e+00
2.927213521422719733e+00
3.058271080202014769e+00
2.996649629169215512e+00
2.858068403660066537e+00
2.826798365642657185e+00
2.790363058815107156e+00
2.793378778468827761e+00
2.913465462297434083e+00
2.752346816809247532e+00
2.965709021465187334e+00
2.767651712192124691e+00
2.874954782253105634e+00
2.960458410449300359e+00
2.843036580840985206e+00
2.930454913490395441e+00
2.707049500840352341e+00
3.038198643933605947e+00
2.495663038152386548e+00
2.751868092768983143e+00
2.914758309019806148e+00
2.867599170037542500e+00
2.925633948394775086e+00
2.852996144406788392e+00
2.772317081432064345e+00
2.993198122410208661e+00
2.772961233050328822e+00
2.915663389350698687e+00
2.701089039628275401e+00
2.813985252271233861e+00
2.795218774979876475e+00
2.977953827714593604e+00
2.744185489357452212e+00
2.779500134916348397e+00
5.976077727071494650e+00
2.987429329708068515e+00
2.731058402890718551e+00
6.176279219724444935e+00
2.879635219954083780e+00
2.809154677122639221e+00
2.928684687705386924e+00
2.917627974913868716e+00
2.954190582883914118e+00
5.746393738685158681e+00
2.871268186707748082e+00
6.170728401088481085e+00
5.738298441175746056e+00
2.836220901128824412e+00
3.084691718794602799e+00
2.839421419937520064e+00
2.695097215315247041e+00
2.769529562940247214e+00
3.014704794834811352e+00
2.783342055874555854e+00
2.816480605294486850e+00
2.775551296589562345e+00
2.756994377941312191e+00
2.955049576572278625e+00
2.763552423964488636e+00
2.898197715822714571e+00
2.805251147401958356e+00
2.862749203126254027e+00
2.812576398962346680e+00
2.763880243425897998e+00
3.002958541172355389e+00
5.940821744506393998e+00
6.164520905958548624e+00
2.863981319771481626e+00
2.850038771666098203e+00
2.888963308870502011e+00
2.899746713076850835e+00
2.752488510421069901e+00
2.911718564696800904e+00
2.882882411753902918e+00
2.709398641765363713e+00
3.078053280890374666e+00
3.116101570873452964e+00
2.890682445375140297e+00
5.970510279699717593e+00
5.915284862117800024e+00
2.859788278876601808e+00
7.522814765764207934e+00
5.399378575354760734e+00
6.199016776876798751e+00
2.753367574444066435e+00
2.909675239610084230e+00
6.186217180151372119e+00
6.035141257667461900e+00
5.903446112229703502e+00
2.792001074498360769e+00
2.635170772454794808e+00
2.858564849710428124e+00
3.108634909409595082e+00
2.688304484242809433e+00
2.903940426386188545e+00
2.731002013913574000e+00
2.916270220675717617e+00
2.963162162285418955e+00
2.779415765947944816e+00
3.057516312303174111e+00
2.743162590879366647e+00
2.825169375453443266e+00
3.015252062431928337e+00
3.047967355468230721e+00
2.965284640637387614e+00
2.710381707435320031e+00
2.908551185728041943e+00
2.923764867426927871e+00
2.799346173662700110e+00
2.926489193555991797e+00
2.846717056540744473e+00
2.834664883191662543e+00
2.892621129702263261e+00
2.754257068612151027e+00
2.816939296470550858e+00
2.899739471055977624e+00
2.986255682288440294e+00
2.919867462745526776e+00
2.891504971463822571e+00
2.848075139458226879e+00
2.706875874509209634e+00
2.915738156968145756e+00
2.918810716713230224e+00
2.708410234805650685e+00
3.028971442585750573e+00
2.794368264921429645e+00
2.716604498266171674e+00
2.938898773350317128e+00
2.695953634616144345e+00
2.792551879553896388e+00
2.908303113501066850e+00
2.986953464652571277e+00
2.834228290028875108e+00
2.747488671496208124e+00
2.714135958274750848e+00
2.839841720941503223e+00
2.947899930458970363e+00
2.897930468455031772e+00
2.843362973663404958e+00
2.741989970805874588e+00
3.221743782487986874e+00
2.925051281601743103e+00
2.691923847362699629e+00
2.888361819440216749e+00
2.983069057195961271e+00
2.976051242838402722e+00
3.053083359490861071e+00
2.947680783259951198e+00
2.871815801892593445e+00
2.709664370360285179e+00
2.829321296707038691e+00
2.725229898559018871e+00
2.784537484035724209e+00
3.078735779504308656e+00
2.814101988201564986e+00
2.840084153682773671e+00
2.879081103407821640e+00
2.930115356090951195e+00
3.089602563437569671e+00
2.605018426038479440e+00
2.960200837781112426e+00
2.943969599027815853e+00
2.918459011190666086e+00
2.877480842681667816e+00
2.728414374687246458e+00
2.656881066212787967e+00
2.920205643443625210e+00
2.693591839904480256e+00
2.754133075942409192e+00
2.835038800439951601e+00
2.693010397306330628e+00
2.813720846139503351e+00
2.803200135559357431e+00
2.768640460587108887e+00
2.972184550124705726e+00
2.934215397682998994e+00
2.890605645881154206e+00
2.765127302675231213e+00
2.853993868248493104e+00
2.837184872369088229e+00
2.714306541273479478e+00
2.850575205112119814e+00
2.973015640725760633e+00
3.057009159292788603e+00
2.775505179242150344e+00
2.732245047575345254e+00
2.884245655279729981e+00
2.766097792920561016e+00
2.928597104417062003e+00
2.934337063120049827e+00
2.721203777742490004e+00
2.783555639824719208e+00
2.727849702604598914e+00
2.789581509832613104e+00
2.952707571026972122e+00
2.700919473068384757e+00
2.782794638488438554e+00
2.868347607944337518e+00
2.860721237730094124e+00
2.740543194332101695e+00
2.781368368267677305e+00
2.719242725466044508e+00
2.801626134943775881e+00
2.775757374123322574e+00
2.754164483105538963e+00
2.784417712915933762e+00
2.988260363489098737e+00
2.787975250966192142e+00
2.799756596563351518e+00
2.810890961954946476e+00
2.834197064425830970e+00
2.873818017898836619e+00
2.867505884911136338e+00
2.863359041405740602e+00
2.901477037648239055e+00
2.595852268523769268e+00
2.839520734208503150e+00
6.131257456672326356e+00
6.090576409503455579e+00
6.024438480057705547e+00
6.051319442898383194e+00
2.892813682213218662e+00
2.725672944430420852e+00
2.920742371384371427e+00
2.844704026783805961e+00
2.814893426046535030e+00
5.786556229744942215e+00
5.776404937329099987e+00
5.941701439823445341e+00
2.861788601556725542e+00
2.747192566967230132e+00
2.805441320006533346e+00
2.726235132925991511e+00
2.890349978808794518e+00
2.806651741844719883e+00
2.859181875991802180e+00
2.937339101976481182e+00
2.885671672245475605e+00
2.753773774295920074e+00
2.683593486353699209e+00
2.861248154215219053e+00
2.761354921048722932e+00
2.867360807432507208e+00
2.867375455011080376e+00
2.820969514191885352e+00
2.923143000265296276e+00
2.803341755833562043e+00
2.972505508825845855e+00
5.839280263868142029e+00
6.117858612292375931e+00
2.897827634625634641e+00
2.761009597955067285e+00
3.119755439133010011e+00
2.810768933939608250e+00
2.819651042239092575e+00
2.827436648273484732e+00
2.803588771556912551e+00
2.882295092456704122e+00
2.988115626946185710e+00
2.767046620496301124e+00
2.895185140884775965e+00
2.906801678821588020e+00
5.816074449317168771e+00
2.898304331846468074e+00
2.863888789740272056e+00
6.119602438067362371e+00
5.925515167477001910e+00
5.994247742627927700e+00
5.810968077695831902e+00
5.832508379762518125e+00
2.630719673397377001e+00
2.717800581352502132e+00
2.757686167786320031e+00
2.755987300406153917e+00
2.875145909340950379e+00
2.834411931953434660e+00
2.859519365208076369e+00
2.724115636312085531e+00
3.045585986308710247e+00
5.338176842331097127e+00
2.751250624715967597e+00
2.841724124541296970e+00
2.799304556492558937e+00
2.822715359365871368e+00
2.901396043286748494e+00
2.800200171416322270e+00
2.865099300198860721e+00
2.879598062230213085e+00
2.670413076660612450e+00
2.728918467085449606e+00
3.045415242622917518e+00
2.802519223841293261e+00
2.730032234241932532e+00
2.813290777719217317e+00
2.781259786499636011e+00
2.915893859522324494e+00
2.778843824326944212e+00
2.741935265464886751e+00
2.789651770382820306e+00
2.809561175699863522e+00
2.747297945254573381e+00
2.748576540684286584e+00
2.746089219235237522e+00
2.866989012884423094e+00
2.776334634009380409e+00
2.855226260736616339e+00
2.961656462184633298e+00
2.905151286938427724e+00
2.911823140233623874e+00
2.735802076174371322e+00
2.901508056166655081e+00
2.909058438739242636e+00
2.905327003970465505e+00
3.022960304072813909e+00
2.903082155227440175e+00
2.917927175239299675e+00
2.684393600051974360e+00
2.794713581031157634e+00
2.679848876336126562e+00
2.878626929631556308e+00
2.789503719302055096e+00
3.102453384017235916e+00
2.828671949873296843e+00
2.846642408171423000e+00
2.824758042735695529e+00
2.936260717306962587e+00
2.813225550857947344e+00
3.021061568389495910e+00
2.606050076264844417e+00
2.694909460445749527e+00
2.691323837816623321e+00
2.734845699486536219e+00
2.895623766997363013e+00
2.728585897493425172e+00
2.954526019516497293e+00
2.707212958006813164e+00
2.980525289273687317e+00
2.854717849455528977e+00
3.092701408154366227e+00
2.800192493383267145e+00
2.900328429678266762e+00
2.997872078658461170e+00
2.859702082385506383e+00
3.002170048481597853e+00
2.931179967180452817e+00
2.787482914745846418e+00
2.850393306194778376e+00
2.704784464610812567e+00
2.704816814499643396e+00
2.929524534800826974e+00
2.883856619182028957e+00
2.817507586502652206e+00
2.774975675569066880e+00
2.773762426740978171e+00
5.721601611437133528e+00
5.864156375814000732e+00
2.704015347589580731e+00
2.741788649768613251e+00
2.849129516185600952e+00
2.846436719830602868e+00
2.757610197254136697e+00
2.864582517575641862e+00
6.022702549520439597e+00
5.995719556483608770e+00
2.858726464704169690e+00
2.653197693350421993e+00
2.846820331527791126e+00
2.827394206685725386e+00
2.812570532448920080e+00
2.861311237876788649e+00
6.052618028588950594e+00
6.066756052455051673e+00
2.872758430498464577e+00
3.032993405861608149e+00
2.747982896598885283e+00
2.847253237771449008e+00
2.844245769971364357e+00
2.818875130260295681e+00
2.953370447471836968e+00
2.731538943526158114e+00
2.801345748028972515e+00
2.985276369115596573e+00
2.734974405730334901e+00
2.969888381740970473e+00
3.011732225812913111e+00
2.763858172916982880e+00
2.677228791119652840e+00
2.725132290366836241e+00
2.988327123994292123e+00
2.747719963897340190e+00
2.802654634449275317e+00
2.760305417884042711e+00
2.832033544999070340e+00
2.827782700279495742e+00
2.927308319941717585e+00
2.718027593678915999e+00
2.732018118534355278e+00
2.691856979856099397e+00
2.804982174631418523e+00
2.884044382460159373e+00
2.760210499219216906e+00
2.749589423895866247e+00
2.827857316061049175e+00
3.009021269449585922e+00
2.772368121299911614e+00
2.902144207306038837e+00
2.866703333098839845e+00
