-5.749854551790000414e+02
-5.676901812879999625e+02
-5.675125770800000282e+02
-5.828085536810000349e+02
-5.976559693950000565e+02
-5.953759994729999789e+02
-5.907798100129999739e+02
-5.981491524870000376e+02
-5.872565789699999641e+02
-6.002450164550000409e+02
-5.959248637179999832e+02
-6.014442115909999984e+02
-5.818224173620000101e+02
-5.994378771220000317e+02
-6.033212931169999820e+02
-5.884929739789999985e+02
-5.942572562730000527e+02
-5.935010570690000122e+02
-5.957538537579999911e+02
-5.892619685549999531e+02
-5.970094928989999516e+02
-5.971075185370000327e+02
-5.981530731670000023e+02
-5.906515755259999878e+02
-5.976153791870000305e+02
-5.959995072189999519e+02
-5.896512062530000549e+02
-6.008693517949999432e+02
-5.864644456849999870e+02
-5.948928071940000564e+02
-6.043267350410000063e+02
-6.009700002179999956e+02
-5.942289965920000441e+02
-5.993032780239999511e+02
-5.944400681649999569e+02
-5.948929681600000094e+02
-6.014014565459999631e+02
-6.023162998889999926e+02
-5.922129540930000076e+02
-5.940075121009999748e+02
-5.905774401759999819e+02
-5.993516767239999581e+02
-5.867833641949999901e+02
-6.013154044299999441e+02
-5.870528921510000373e+02
-5.983293750369999771e+02
-5.938398522840000169e+02
-5.928287430919999679e+02
-6.005203124739999794e+02
-5.986796412920000421e+02
-5.846783443369999986e+02
-5.858780040489999692e+02
-5.905934834949999868e+02
-6.002365643430000546e+02
-5.868979586780000091e+02
-5.721592902150000555e+02
-5.970594041419999485e+02
-6.015329252469999801e+02
-5.990199155010000140e+02
-5.914128849200000104e+02
-5.793997082199999795e+02
-5.925583830110000463e+02
-5.913145094899999776e+02
-5.941528857770000513e+02
-6.015408015240000168e+02
-5.913059884709999778e+02
-5.963016093679999585e+02
-5.962077540919999592e+02
-5.988950815020000391e+02
-5.961899591310000233e+02
-5.902840577749999511e+02
-5.991698799570000347e+02
-5.870523572529999683e+02
-5.888312371109999503e+02
-5.787284913119999601e+02
-6.001541464289999794e+02
-5.993716800559999456e+02
-5.805640264500000285e+02
-5.862940027560000544e+02
-5.743177995910000391e+02
-5.921312329759999784e+02
-5.663168405979999989e+02
-5.864213707640000166e+02
-5.899966012129999626e+02
-5.866724322439999924e+02
-5.996278598249999732e+02
-6.016321553530000301e+02
-6.030507993249999572e+02
-5.965921830529999852e+02
-5.823330230269999674e+02
-5.992877463419999913e+02
-6.013541301310000335e+02
-6.012185809979999931e+02
-6.041724847220000356e+02
-5.912100437139999940e+02
-5.936803645530000040e+02
-5.822320744659999718e+02
-5.730975294590000431e+02
-5.641329470089999631e+02
-5.755570240580000245e+02
-5.842693112550000478e+02
-5.940421081289999847e+02
-5.915980740439999863e+02
-6.023668371640000032e+02
-5.986618429850000211e+02
-5.911228071909999926e+02
-5.829536313959999916e+02
-6.009343738300000268e+02
-5.933007790980000209e+02
-6.036752201000000468e+02
-5.944484781050000493e+02
-5.980165230249999695e+02
-5.960614639579999903e+02
-5.975195967910000263e+02
-5.989889933609999844e+02
-5.953917929310000545e+02
-6.005649323500000492e+02
-5.977004776740000125e+02
-5.850553449889999911e+02
-6.000376713690000088e+02
-6.044000054949999594e+02
-5.901020699709999917e+02
-5.997534926560000486e+02
-5.880552861500000290e+02
-5.896509282709999979e+02
-5.848778817720000234e+02
-5.957960357650000560e+02
-5.921417015020000463e+02
-5.875729693299999781e+02
-6.016013263940000115e+02
-5.833422197749999896e+02
-5.785911762709999948e+02
-5.920324815799999669e+02
-5.926730049899999813e+02
-5.854101325599999655e+02
-5.797659311869999783e+02
-5.793640713280000227e+02
-6.017694939230000273e+02
-5.896146425299999692e+02
-5.920192645109999603e+02
-5.975730072930000460e+02
-5.954875314449999451e+02
-5.913153905630000509e+02
-5.940569430689999990e+02
-5.914472209739999471e+02
-5.852148524200000566e+02
-5.853033533950000447e+02
-5.951877614329999915e+02
-5.703058003899999449e+02
-5.825438600539999925e+02
-5.805180692960000215e+02
-5.895962713879999910e+02
-5.982014182750000373e+02
-5.990141319460000204e+02
-5.914359162470000228e+02
-5.931790359789999911e+02
-5.674798999729999878e+02
-6.033078518070000200e+02
-5.902592203909999853e+02
-6.034209320209999987e+02
-5.751905765400000519e+02
-5.942570797849999735e+02
-5.772370107560000179e+02
-5.896814300139999432e+02
-5.744679532100000188e+02
-5.745635729069999798e+02
-5.836165725920000114e+02
-5.910620108140000184e+02
-5.977243173049999996e+02
-5.982146942790000139e+02
-5.828309402549999731e+02
-5.935612736040000073e+02
-5.884624448240000447e+02
-6.019299482139999782e+02
-5.918326278619999812e+02
-5.917164801899999702e+02
-5.990193268140000100e+02
-6.015609556560000328e+02
-5.830591390969999566e+02
-5.912384982029999492e+02
-5.857416378179999583e+02
-5.840827443189999713e+02
-5.980782342229999813e+02
-6.021023562220000258e+02
-6.005435744830000431e+02
-5.838686192960000199e+02
-5.812511326349999763e+02
-5.698649627920000285e+02
-5.954136641139999711e+02
-5.967605584829999543e+02
-5.967951157510000257e+02
-5.803731350350000184e+02
-5.911561133909999626e+02
-5.744502176539999709e+02
-5.921006576019999557e+02
-5.999339477600000237e+02
-5.921898657299999513e+02
-5.964576647420000199e+02
-5.930030972380000094e+02
-5.930240886169999612e+02
-6.015020775460000095e+02
-5.938864758549999578e+02
-5.900266007129999934e+02
-6.018795844810000517e+02
-5.964353627489999781e+02
-5.947691666189999751e+02
-5.902507604690000562e+02
-5.938994358899999497e+02
-5.815009218229999988e+02
-5.836282671620000428e+02
-5.832090430360000255e+02
-5.901235373890000346e+02
-6.039217494700000088e+02
-5.988659809289999885e+02
-5.945590044189999617e+02
-5.989293790829999580e+02
-5.830507104499999969e+02
-5.988634403419999899e+02
-5.886160236849999592e+02
-5.945130283959999815e+02
-6.008708086220000268e+02
-5.946034949429999870e+02
-5.940198600689999466e+02
-6.053285139189999882e+02
-5.940519285379999701e+02
-5.876744268449999709e+02
-5.752921994609999956e+02
-5.951727143189999651e+02
-5.936576295910000454e+02
-5.853202913110000054e+02
-6.047055529519999482e+02
-5.957535958490000212e+02
-5.966318111199999521e+02
-5.976258479189999662e+02
-6.061222336639999639e+02
-5.963321686709999767e+02
-5.981952459489999683e+02
-5.890580864390000215e+02
-5.958312643570000091e+02
-5.950080734360000179e+02
-5.775184447120000186e+02
-5.908802710639999987e+02
-5.885460449900000413e+02
-5.921141989550000062e+02
-5.942165048230000366e+02
-6.042813277279999511e+02
-5.872171439979999832e+02
-5.893584429449999789e+02
-5.935149096029999782e+02
-5.959533580539999775e+02
-5.884823570089999976e+02
-5.812546091120000256e+02
-5.879076520290000190e+02
-5.951532719560000260e+02
-5.872829805200000237e+02
-5.863822697389999803e+02
-5.723255076420000478e+02
-5.871042100939999955e+02
-5.866709464670000216e+02
-6.020810248640000282e+02
-5.943267355450000196e+02
-6.030956543749999810e+02
-5.912593638050000209e+02
-5.931375031679999665e+02
-5.792668196590000207e+02
-5.939842228640000030e+02
-5.975172747660000141e+02
-5.858962015470000324e+02
-5.888591148189999558e+02
-5.922213144710000279e+02
-5.948373274570000149e+02
-5.856535217079999711e+02
-5.902256895919999806e+02
-5.949004862939999612e+02
-5.930715398400000140e+02
-5.977909860239999489e+02
-6.011119942300000503e+02
-5.972977287249999563e+02
-5.936737113689999887e+02
-5.960946565809999811e+02
-5.872968734419999919e+02
-5.796296389489999683e+02
-5.827258175480000091e+02
-5.949465815859999793e+02
-5.916592517359999874e+02
-6.002602203310000277e+02
-5.968729045720000386e+02
-5.774597323670000151e+02
-5.933766181790000473e+02
-5.960712190890000102e+02
-5.970457836770000313e+02
-5.903706567750000431e+02
-5.940228028679999852e+02
-5.901799237709999488e+02
-5.881627276670000128e+02
-5.921325441640000236e+02
-5.930454067849999547e+02
-5.967449702290000459e+02
-5.941979666189999989e+02
-5.951601612040000191e+02
-5.940941716999999471e+02
-5.849398248500000363e+02
-6.010862271400000054e+02
-6.013205991679999443e+02
-5.919707873029999519e+02
-5.850422548779999943e+02
-5.812116199739999729e+02
-5.964511468240000340e+02
-5.978152708469999652e+02
-5.954754086000000370e+02
-5.824957583880000129e+02
-5.943294255370000201e+02
-5.936412261530000478e+02
-5.985475802949999888e+02
-5.853553162030000294e+02
-5.838106106259999706e+02
-5.790454797630000030e+02
-5.895046417410000004e+02
-5.747529185880000568e+02
-5.787055853440000419e+02
-5.924155737940000108e+02
-5.905275317639999457e+02
-6.019525647320000417e+02
-5.982092555149999953e+02
-5.989589189609999949e+02
-5.881149483310000505e+02
-5.890202378039999758e+02
-5.904605507429999989e+02
-6.062909478090000448e+02
-5.980600431289999506e+02
-5.993597978310000371e+02
-5.946982279899999639e+02
-5.971274677300000349e+02
-5.987762872690000222e+02
-6.001874870970000302e+02
-5.933021879020000142e+02
-5.902394607410000162e+02
-6.018201400970000350e+02
-6.002634737859999632e+02
-5.867187687069999811e+02
-5.848862177060000249e+02
-5.915599041450000186e+02
-5.924465845019999506e+02
-6.006865829179999992e+02
-5.787545876789999966e+02
-6.018134474900000441e+02
-6.020238020360000064e+02
-6.050886874850000368e+02
-5.766283907719999888e+02
-6.050164972280000484e+02
-5.992090460030000258e+02
-5.996644693980000511e+02
-5.967820259100000158e+02
-5.971526546290000397e+02
-5.971224732470000163e+02
-6.030550097200000437e+02
-5.929871980399999529e+02
-5.725532500389999768e+02
-5.971962376420000282e+02
-5.738786017520000087e+02
-6.019886080290000336e+02
-5.965473434650000399e+02
-5.941199682660000008e+02
-5.805492427630000520e+02
-5.921910380719999694e+02
-5.958573207059999959e+02
-5.989744891090000465e+02
-5.882838752229999955e+02
-5.869202637690000302e+02
-5.944053770450000229e+02
-5.964456472690000055e+02
-5.960118182779999643e+02
-5.927119923220000146e+02
-6.015576292040000226e+02
-5.890339053550000017e+02
-5.936929560500000207e+02
-5.914490839070000447e+02
-5.875663292250000040e+02
-5.943141474039999821e+02
-5.894061692489999587e+02
-5.958519352680000338e+02
-5.887638696569999865e+02
-6.014805218720000539e+02
-5.931220546340000510e+02
-5.973323167959999864e+02
-6.015309460549999585e+02
-5.988788459019999664e+02
-5.886770430740000393e+02
-5.948610120810000126e+02
-5.873587608100000352e+02
-5.989915467030000400e+02
-5.999446571299999960e+02
-5.866492652680000219e+02
-5.957462389129999565e+02
-5.621626397830000315e+02
-5.787503080860000182e+02
-5.886583381780000082e+02
-5.935105265839999902e+02
-5.977644755170000508e+02
-5.954145410439999750e+02
-5.952220180519999531e+02
-5.987149634439999772e+02
-5.931508167739999635e+02
-5.911635935570000129e+02
-5.856066438650000237e+02
-6.025645696730000509e+02
-5.940195654100000411e+02
-6.014411803980000286e+02
-5.835840486969999574e+02
-5.933242500809999456e+02
-5.998791704149999759e+02
-6.002507136630000559e+02
-5.960016910159999952e+02
-6.022495642650000036e+02
-5.949892274129999805e+02
-5.925893732939999836e+02
-5.809240333420000297e+02
-5.923526037999999971e+02
-5.997455721239999775e+02
-5.974535881100000552e+02
-6.019392685889999939e+02
-5.921642681890000404e+02
-5.854838932960000193e+02
-5.905413763090000430e+02
-6.002286019939999733e+02
-5.972904249870000513e+02
-5.990008782139999539e+02
-5.948677650580000318e+02
-5.986164103449999629e+02
-5.981655359600000565e+02
-5.940070833109999739e+02
-5.984322221749999926e+02
-5.980273107790000040e+02
-6.014146596450000288e+02
-5.889165586210000356e+02
-5.974186413649999849e+02
-5.846896689769999966e+02
-5.997180121699999518e+02
-5.752779683109999951e+02
-5.974643694100000175e+02
-5.948269721259999869e+02
-5.990414684810000381e+02
-5.947069545589999962e+02
-5.845348450940000475e+02
-5.889921555710000121e+02
-6.013531612750000477e+02
-5.944837008670000387e+02
-5.960309041790000038e+02
-5.815559514560000025e+02
-5.928979592629999615e+02
-5.982133786819999841e+02
-6.001944143739999618e+02
-5.870942451089999850e+02
-6.028657802919999540e+02
-5.893203365250000161e+02
-6.001678508999999622e+02
-5.833283810399999538e+02
-5.919376696909999964e+02
-6.026038259350000317e+02
-6.027973669460000110e+02
-5.930457656969999789e+02
-5.956455860920000305e+02
-5.943272363739999946e+02
-5.878560534499999903e+02
-5.815065420209999729e+02
-5.871472941680000304e+02
-5.865586840529999790e+02
-5.867941876150000553e+02
-5.956886942569999519e+02
-5.915367327589999604e+02
-5.895970723479999833e+02
-5.855152694370000290e+02
-5.907480659190000551e+02
-5.896402541549999796e+02
-6.009723793399999749e+02
-5.857481936489999725e+02
-5.844921515280000222e+02
-5.778937081579999813e+02
-5.726554786039999954e+02
-6.031925475890000143e+02
-5.979582543259999738e+02
-5.996360289489999786e+02
-5.979176417170000377e+02
-5.879352567739999813e+02
-5.912454201409999541e+02
-5.966022917650000181e+02
-5.892509390689999691e+02
-5.912469778729999916e+02
-5.967648152680000067e+02
-5.911689396210000496e+02
-5.697156040529999927e+02
-5.848217222060000040e+02
-6.033942679829999634e+02
-5.964534148870000081e+02
-5.821779386810000005e+02
-5.896412958629999821e+02
-5.986325801340000226e+02
-5.965252109169999812e+02
-5.961508479579999857e+02
-5.900538685940000505e+02
-5.849059614320000264e+02
-5.944731109760000436e+02
-5.952507109660000424e+02
-5.868039280069999677e+02
-5.901665636789999780e+02
-5.857748784440000236e+02
-5.964519161629999644e+02
-5.878976594570000316e+02
-5.832432077470000422e+02
-5.980027128790000006e+02
-5.941464862520000452e+02
-5.900233938049999551e+02
-5.896066404539999439e+02
-5.931074671669999816e+02
-5.796723755409999512e+02
-5.936662705679999590e+02
-6.039450277549999555e+02
-5.893687143820000074e+02
-5.912153755799999999e+02
-5.892243480719999980e+02
-5.972772319870000501e+02
-5.996839352700000063e+02
-5.975334293429999661e+02
-5.986558766650000507e+02
-5.981792765940000436e+02
-5.808431687390000207e+02
-5.988454812879999736e+02
-5.987269246340000564e+02
-5.846634216910000532e+02
-5.992274293799999896e+02
-5.967334442989999843e+02
-5.880155230850000407e+02
-5.893186870009999438e+02
-6.007235588669999515e+02
-5.962549869059999992e+02
-5.970335366379999869e+02
-5.947296856909999860e+02
-5.860208508050000091e+02
-5.815132627609999645e+02
-5.958858292090000077e+02
-5.986904251910000312e+02
-5.936610509880000563e+02
-6.006493468439999788e+02
-5.861536695459999464e+02
-6.006671607209999593e+02
-5.922406102139999575e+02
-5.939413019359999453e+02
-5.810074320910000552e+02
-5.897646866610000416e+02
-5.960883352030000424e+02
-6.013429698290000260e+02
-5.957112176209999461e+02
-5.877526609980000103e+02
-5.886727251119999664e+02
-5.909479645369999616e+02
-5.757322086020000143e+02
-5.856044533699999874e+02
-5.995550628099999813e+02
-5.896986031650000086e+02
-6.045922089859999460e+02
-5.936809318340000345e+02
-6.013857399180000129e+02
-5.758574752969999508e+02
-5.979703369009999960e+02
-5.912317745159999731e+02
-5.825205321729999923e+02
-5.871389943729999459e+02
-5.998937895970000227e+02
-6.002452100530000507e+02
-5.944853723700000501e+02
-5.936642146729999467e+02
-5.978428134780000391e+02
-5.988650458670000489e+02
-6.030757569910000484e+02
-5.834013156989999516e+02
-5.887845122009999841e+02
-5.929183705670000109e+02
-5.877899227530000417e+02
-5.883037554679999630e+02
-5.990840363680000564e+02
-5.898042122970000491e+02
-5.937828677850000076e+02
-5.805131856289999632e+02
-6.031240388229999780e+02
-5.954283732139999756e+02
-5.933015361020000000e+02
-6.009656685700000480e+02
-5.983966388689999576e+02
-5.937936041379999779e+02
-5.817012285470000279e+02
-5.937828976849999663e+02
-5.919600163979999934e+02
-6.001103820069999983e+02
-5.869836059499999692e+02
-6.000560020650000297e+02
-6.007308440419999442e+02
-5.887568108519999441e+02
-5.932911108780000404e+02
-6.026838996669999915e+02
-5.991020902720000549e+02
-5.975921132140000509e+02
-5.773680452270000387e+02
-6.008626840319999474e+02
-5.942537220960000468e+02
-5.954906539580000526e+02
-5.912347917560000496e+02
-5.885573517740000398e+02
-5.945301237730000139e+02
-5.922883021710000548e+02
-5.897485671780000303e+02
-5.952372094119999701e+02
-5.982832084110000324e+02
-5.883248559469999464e+02
-5.829511438790000284e+02
-5.936484032130000514e+02
-5.797055726219999769e+02
-5.822546289020000359e+02
-6.013839158810000072e+02
-5.915867426280000245e+02
-6.021351359520000415e+02
-6.054733233220000557e+02
-5.924573646720000397e+02
-6.005576290720000543e+02
-5.970002445039999657e+02
-5.968182519209999555e+02
-5.833494147840000323e+02
-5.979992989070000249e+02
-5.891254185379999626e+02
-5.958401050170000417e+02
-5.848736798740000040e+02
-5.914826893739999605e+02
-6.014485093839999763e+02
-5.868804308969999965e+02
-5.912409949130000086e+02
-5.815004611470000100e+02
-5.921687155519999806e+02
-5.950206143249999968e+02
-5.941687749870000061e+02
-5.979835514220000050e+02
-5.913781146640000088e+02
-5.969051108390000309e+02
-5.872716718780000065e+02
-5.941287903459999598e+02
-5.939923983510000198e+02
-5.989139998140000216e+02
-5.896396785440000485e+02
-5.908228544889999512e+02
-5.946091031930000099e+02
-5.942136318840000513e+02
-5.992771919169999819e+02
-5.889728097109999680e+02
-5.936128116249999493e+02
-5.866180497980000155e+02
-5.922573974220000537e+02
-5.791184145580000404e+02
-5.766282862809999870e+02
-5.857834830110000439e+02
-5.854561348759999646e+02
-5.931968229240000028e+02
-5.927001382030000514e+02
-6.010329133180000554e+02
-5.997626843389999749e+02
-5.897904825670000264e+02
-5.892636980669999502e+02
-5.835367033100000071e+02
-5.895994202010000436e+02
-5.956202704170000288e+02
-5.946244145050000043e+02
-5.929155311460000348e+02
-5.926722742230000449e+02
-5.949569481419999875e+02
-5.835751409829999830e+02
-5.964702070509999885e+02
-5.777625089800000069e+02
-5.951475423399999727e+02
-6.029836164719999942e+02
-6.003723456679999799e+02
-5.856633742190000476e+02
-5.991983865040000410e+02
-5.956772707950000267e+02
-5.889869535039999846e+02
-5.801440212100000053e+02
-6.020752273260000038e+02
-6.046336381370000481e+02
-5.929699253689999523e+02
-5.880043878459999860e+02
-5.935411042880000423e+02
-5.964072794720000275e+02
-5.982579686230000107e+02
-5.803820699139999988e+02
-5.877442866669999830e+02
-5.960993742929999826e+02
-5.870659377020000420e+02
-5.949716097210000498e+02
-5.940060054440000386e+02
-5.867848296780000510e+02
-5.995008400240000128e+02
-5.997346818080000048e+02
-5.953388344830000278e+02
-5.926445516349999707e+02
-5.849912503939999624e+02
-5.965407083710000506e+02
-6.000763621029999513e+02
-5.831112594840000156e+02
-5.940304420799999434e+02
-5.828690812209999876e+02
-5.952054841960000431e+02
-5.844410214819999965e+02
-5.900807670630000530e+02
-5.817363013630000523e+02
-5.922981284060000462e+02
-5.902771236019999606e+02
-5.922701553160000003e+02
-5.910416744970000309e+02
-5.927869463250000308e+02
-5.915512992400000485e+02
-5.988691113090000044e+02
-5.992539952490000132e+02
-5.970943882640000311e+02
-5.888441120339999770e+02
-5.920539711070000521e+02
-6.023491173329999810e+02
-5.898848629079999455e+02
-5.948784132509999836e+02
-5.792106434239999544e+02
-5.875349073539999836e+02
-5.836470770370000309e+02
-6.006289817509999693e+02
-5.900687312210000073e+02
-5.923644338709999602e+02
-5.954288626520000207e+02
-5.944670423359999631e+02
-6.007325879789999590e+02
-6.041466891640000085e+02
-5.902583067179999716e+02
-5.995980309100000341e+02
-5.930959470269999656e+02
-5.980540732330000537e+02
-6.016608141020000176e+02
-5.921595082479999519e+02
-5.954531290290000243e+02
-5.882297793120000051e+02
-5.962445399179999868e+02
-5.782229464639999605e+02
-5.845539138320000347e+02
-5.921638431410000294e+02
-5.988508391970000275e+02
-5.973499596010000232e+02
-5.882006426020000163e+02
-6.027764786689999710e+02
-5.933035300259999758e+02
-6.000951336790000141e+02
-5.771585271120000016e+02
-5.709435969920000389e+02
-5.756427144790000057e+02
-5.848943181959999720e+02
-5.880674725449999869e+02
-5.927854572319999988e+02
-5.706478258719999985e+02
-5.775514855659999967e+02
-5.890938297190000412e+02
-5.893292283340000495e+02
-5.901930538210000350e+02
-5.850924589119999837e+02
-6.049181040080000002e+02
-5.949670162310000023e+02
-5.768899004129999639e+02
-5.990765760790000058e+02
-5.912328636189999997e+02
-5.959840130950000230e+02
-5.933287689810000529e+02
-5.925159628290000455e+02
-5.981133086549999689e+02
-5.968414347389999648e+02
-5.936375968090000015e+02
-5.914923683380000057e+02
-6.026600889830000369e+02
-6.029141634019999856e+02
-5.994108749880000460e+02
-5.837548919130000513e+02
-6.009565754310000329e+02
-5.971952284110000164e+02
-5.964721956009999531e+02
-5.805012111180000147e+02
-5.932168457069999477e+02
-6.007207936360000531e+02
-5.827354423640000505e+02
-6.051511832019999702e+02
-5.949396544769999764e+02
-5.843278980110000020e+02
-5.906560091400000374e+02
-5.863970547169999463e+02
-5.820254725730000018e+02
-5.918000657049999518e+02
-6.012713443540000071e+02
-5.904642997439999590e+02
-5.837387663639999573e+02
-5.915739938550000261e+02
-5.974423728519999486e+02
-5.767527619840000170e+02
-5.885528287460000456e+02
-5.986528547100000424e+02
-5.997460570209999560e+02
-5.959420624660000385e+02
-5.935103142359999993e+02
-6.030230099929999596e+02
-6.039279630710000220e+02
-6.006862663150000117e+02
-5.828958766079999805e+02
-5.737544222389999504e+02
-5.856510057320000442e+02
-6.006819371320000300e+02
-5.974439081519999490e+02
-5.997880596940000260e+02
-5.995570218660000137e+02
-5.822619413510000186e+02
-5.948502889889999778e+02
-5.969103094690000262e+02
-5.973161799060000021e+02
-5.972630653539999912e+02
-6.026410047529999474e+02
-5.839573057300000301e+02
-5.976882651439999563e+02
-5.896498705760000121e+02
-6.012022193709999556e+02
-5.934528078399999913e+02
-5.836757662979999850e+02
-5.803454064759999937e+02
-5.923784698099999559e+02
-5.904157934009999735e+02
-6.011776532720000432e+02
-6.050237619609999911e+02
-5.913921993760000078e+02
-5.925017208900000014e+02
-5.835875955819999490e+02
-5.946681700650000266e+02
-5.858436407850000478e+02
-5.990477496209999799e+02
-5.956472751579999567e+02
-5.903460520730000098e+02
-5.908597736330000316e+02
-5.872334692719999794e+02
-5.924189333240000224e+02
-6.023675132749999648e+02
-5.731654479899999615e+02
-5.908230202739999868e+02
-5.992124965560000192e+02
-5.942029325720000088e+02
-5.785270501310000100e+02
-5.683706166489999987e+02
-5.943756874020000396e+02
-5.987240217360000543e+02
-5.908599480120000180e+02
-6.005474331570000004e+02
-5.940639432630000556e+02
-5.851805983509999578e+02
-5.787283462860000327e+02
-5.999684771109999701e+02
-5.947046976310000446e+02
-6.010262966950000418e+02
-6.000058944789999487e+02
-5.737212993770000367e+02
-5.959455947879999940e+02
-5.985587866419999727e+02
-5.943903041129999565e+02
-5.974834355650000361e+02
-5.954800429099999519e+02
-6.043559848380000403e+02
-5.854500341939999544e+02
-5.906937244629999668e+02
-6.038422093829999540e+02
-5.924982034959999737e+02
-5.817404946770000151e+02
-5.955004625059999626e+02
-6.016817153330000565e+02
-5.915001074960000551e+02
-5.879312595540000075e+02
-5.797693683700000520e+02
-5.894311079509999445e+02
-5.807246151629999531e+02
-5.833852124640000056e+02
-5.624652614860000313e+02
-5.918511664330000031e+02
-5.897408173549999901e+02
-5.914564961459999495e+02
-5.902678279729999531e+02
-5.885478200449999804e+02
-5.887008143360000076e+02
-5.919835668919999989e+02
-5.929968259790000502e+02
-5.916867324419999932e+02
-5.566003113640000493e+02
-5.983787250189999440e+02
-5.799718784729999470e+02
-5.876099307839999710e+02
-5.958730001200000288e+02
-5.889389170829999784e+02
-5.943208865740000419e+02
-5.948809013290000394e+02
-5.920095332549999512e+02
-5.963517692980000220e+02
-5.976026560620000510e+02
-5.900583847630000491e+02
-5.925194239649999872e+02
-5.920925135239999690e+02
-6.004445932239999593e+02
-5.970546644979999655e+02
-5.917894712920000302e+02
-5.984433581590000131e+02
-5.921074920989999555e+02
-5.827460742929999924e+02
-5.973945982530000265e+02
-5.871642633300000398e+02
-5.836335338869999987e+02
-5.838310185039999851e+02
-5.746763212539999586e+02
-5.777562665560000141e+02
-5.981317861950000179e+02
-5.849142185770000424e+02
-5.900818768469999895e+02
-5.926096208129999923e+02
-5.752810754109999607e+02
-5.932425971320000144e+02
-5.854327781859999504e+02
-5.869263319350000074e+02
-5.890513203550000298e+02
-5.835727754069999946e+02
-5.909653072300000076e+02
-5.729048682909999570e+02
-5.726051168740000321e+02
-5.868093371480000542e+02
-5.985156869920000418e+02
-5.981982800160000124e+02
-5.780778052800000069e+02
-6.009485512390000395e+02
-6.002815543650000336e+02
-6.028033458390000305e+02
-5.851410508379999555e+02
-5.946299690829999918e+02
-5.940074209599999904e+02
-5.943288170319999608e+02
-6.007045517770000060e+02
-6.003644937369999752e+02
-5.904831685450000123e+02
-5.992522248369999716e+02
-5.906414101389999587e+02
-5.993091198600000098e+02
-5.937870888999999579e+02
-6.017338251690000561e+02
-5.884361058309999635e+02
-5.853413814110000430e+02
-5.961942026340000211e+02
-5.975747414239999671e+02
-5.940015566340000532e+02
-5.965979614919999676e+02
-5.963495442690000345e+02
-5.932098012290000497e+02
-5.963552692550000529e+02
-5.940269833380000364e+02
-5.892729681969999547e+02
-5.881297216519999438e+02
-5.917675257070000043e+02
-6.003260761349999939e+02
-5.903250150469999653e+02
-5.919423934740000277e+02
-5.963711723229999961e+02
-5.747728758120000521e+02
-5.907745635039999570e+02
-5.873051730339999494e+02
-5.795995035460000508e+02
-6.022075983710000173e+02
-5.980691985710000154e+02
-5.903262997560000258e+02
-5.838209308250000049e+02
-5.899694947949999460e+02
-5.922347152419999929e+02
-5.710836564969999927e+02
-5.999340302010000414e+02
-5.991571885739999743e+02
-6.008967623549999644e+02
-5.962922899980000011e+02
-5.888696057350000501e+02
-5.793459738249999873e+02
-5.946078396489999704e+02
-5.920486089959999845e+02
-5.904765731190000224e+02
-5.857574264849999963e+02
-5.956583408809999582e+02
-5.852193203719999701e+02
-5.997803117370000336e+02
-6.027293858299999556e+02
-6.010752270660000249e+02
-5.921847675830000526e+02
-6.047999147379999840e+02
-5.962696631810000554e+02
-5.965134581129999560e+02
-5.896610860460000367e+02
-5.905424604520000003e+02
-5.954767926719999878e+02
-6.034819746279999890e+02
-5.939359771719999799e+02
-6.008417107589999659e+02
-5.922419046270000536e+02
-5.954141594070000565e+02
-5.991996195570000054e+02
-5.983110066780000125e+02
-5.943335184810000555e+02
-5.937892196039999817e+02
-5.649583561859999463e+02
-5.824357049550000056e+02
-5.946836361770000394e+02
-5.995662148779999825e+02
-5.953980341210000233e+02
-5.877479889930000354e+02
-5.771580060520000188e+02
-5.754978895740000553e+02
-5.948381796610000265e+02
-5.806890290960000129e+02
-5.875447968519999904e+02
-5.815554851729999655e+02
-5.919244952770000054e+02
-5.879569915360000323e+02
-5.866727621270000554e+02
-5.833240406029999576e+02
-6.047581307299999480e+02
-5.888245486990000472e+02
-5.870814635960000487e+02
-5.873418388019999838e+02
-5.981434440660000291e+02
-5.860682123789999878e+02
-5.770475989750000281e+02
-5.832559327660000008e+02
-5.794843241849999913e+02
-5.998515620949999629e+02
-6.010126690739999731e+02
-5.927855768409999655e+02
-5.703064217749999898e+02
-5.987291161760000477e+02
-5.950572899600000483e+02
-5.969054234300000417e+02
-5.828146284949999654e+02
-5.946839356650000354e+02
-5.921641341839999768e+02
-5.966871481570000242e+02
-5.908930748430000222e+02
-5.940432830349999449e+02
-5.957134578090000332e+02
-5.922120137189999696e+02
-6.026678773539999838e+02
-5.926794660479999948e+02
-5.922303250029999617e+02
-5.881992709979999745e+02
-5.848289182019999544e+02
-5.897868303950000382e+02
-5.809679928470000050e+02
-5.942502431650000290e+02
-6.028357104310000523e+02
-5.957448824370000011e+02
-5.960340639099999862e+02
-5.933512987970000268e+02
-5.873611671910000496e+02
-5.977575571080000145e+02
-5.939405533819999619e+02
-5.961353964239999641e+02
-5.985313791859999810e+02
-5.913327477289999479e+02
-6.009394023099999913e+02
-5.764770428580000043e+02
-5.975014232629999924e+02
-5.905172179979999783e+02
-6.003652611889999662e+02
-5.897992676779999783e+02
-6.020033113509999794e+02
-6.005845014120000087e+02
-5.963659387129999914e+02
-5.895399427199999991e+02
-5.995011488029999782e+02
-5.872277914190000274e+02
-5.953110918429999856e+02
-5.988784334910000098e+02
-5.833935376220000535e+02
-5.856708327869999948e+02
-5.881423132749999922e+02
-5.921570811110000250e+02
-5.742543329039999662e+02
-5.687990356300000485e+02
-5.806374588009999798e+02
-5.932714715770000566e+02
-5.943832065650000231e+02
-5.993645382680000466e+02
-5.912537635940000200e+02
-5.907603128050000123e+02
-5.973815922640000053e+02
-5.804667108019999660e+02
-5.793686129520000350e+02
-5.955085506140000007e+02
-6.025542119850000518e+02
-5.760231697289999602e+02
-5.981928821400000515e+02
-5.962612785540000004e+02
-5.888148657909999883e+02
-6.013413626200000408e+02
-5.994054461839999703e+02
-5.846304382560000477e+02
-5.909169630879999886e+02
-5.710024407879999444e+02
-5.799145936239999628e+02
-5.891803796760000296e+02
-5.939442875390000154e+02
-5.878723669790000486e+02
-5.837700986910000438e+02
-5.877735914630000025e+02
-5.993061525949999577e+02
-5.939955932809999695e+02
-5.910863074210000150e+02
-5.978816425239999717e+02
-5.812186944549999907e+02
-5.877350361479999492e+02
-5.951695817669999542e+02
-5.930963092670000378e+02
-5.991062758330000406e+02
-5.772570087000000285e+02
-5.843370187579999993e+02
-5.733709164619999683e+02
