4.861879574814662597e+00
4.810910308870870011e+00
4.919692978225368662e+00
4.920351613452030648e+00
4.894409157395814169e+00
4.893691449202739463e+00
4.797555523388969512e+00
4.715210387670946801e+00
4.609608443241139497e+00
4.613832354995140328e+00
4.550701484386776130e+00
4.521331109308407648e+00
4.515707917923832859e+00
4.704318229031705378e+00
4.702710707666377665e+00
4.715227247970133817e+00
4.752592345236439364e+00
4.787030812518340284e+00
4.743980396249546594e+00
4.713544101840992262e+00
4.741590555921082917e+00
4.724352336564240140e+00
4.372755767247926251e+00
4.677124009474198374e+00
4.659759113945698417e+00
4.680251702633096755e+00
4.677774043281696770e+00
4.743130295490520787e+00
4.770392646313299068e+00
4.739265132908265343e+00
4.782464427468332779e+00
4.768872508256012388e+00
4.396154000942186890e+00
4.838067692788103891e+00
4.866176014079227841e+00
4.848321874628375383e+00
4.865835693896784164e+00
4.849277987494633457e+00
4.842144256421942572e+00
4.857098928372779234e+00
4.292093778099448365e+00
4.262551114063032998e+00
4.240499263058537416e+00
4.259792248455316788e+00
4.271280604221643351e+00
4.243236736266314146e+00
4.248247874124108314e+00
4.838530148712520074e+00
4.838206589222910914e+00
4.865160223466437728e+00
4.857400230576022437e+00
4.859447293674456603e+00
4.871057072135370092e+00
4.858816522570079677e+00
4.115327690476179079e+00
4.128285842816604934e+00
4.196175044013297217e+00
4.182703910151900573e+00
4.100771268920031076e+00
4.086261004879644609e+00
4.041988124673301819e+00
4.062584029900181193e+00
4.019230772175193422e+00
4.027194929476347163e+00
3.983085989531232496e+00
3.939308822623583506e+00
3.939496668357520104e+00
3.966922358705800900e+00
4.067761054929357911e+00
4.098544253756447375e+00
4.099862558671937052e+00
4.081681148742513088e+00
3.938010411362570018e+00
3.844485531251223165e+00
3.803221003307591275e+00
3.787883181936845034e+00
3.734436235899603496e+00
3.672800974733044121e+00
3.672091910614438959e+00
3.717749588124514837e+00
3.657053458728761530e+00
3.562030460285257050e+00
3.475452488525774264e+00
3.438676634986197467e+00
3.432049242070981609e+00
3.373816977845715659e+00
3.311092115903754074e+00
3.298419924751850196e+00
3.297476762617137958e+00
3.314777368089748766e+00
3.260392614394775457e+00
3.240827980624704452e+00
3.274564551203717144e+00
3.320798096843588620e+00
3.269685305958357713e+00
4.712518859378707958e+00
4.714334205378316156e+00
3.194869793903970745e+00
3.179574342581094726e+00
4.797176148527381834e+00
4.769068881867822185e+00
4.736246404063031434e+00
4.762710467790372881e+00
3.178560995167467595e+00
3.128172789345243565e+00
3.098497216393779397e+00
3.075272508250284975e+00
4.855394525679659345e+00
4.847328542609836255e+00
4.827573821289530720e+00
2.802705478640237224e+00
2.775799704589652528e+00
2.782996047428023534e+00
2.748780274958331660e+00
2.751489414844258796e+00
2.703947114867448764e+00
2.742421193033630633e+00
2.772342330954097989e+00
2.705397752641928832e+00
2.687250267466728015e+00
2.733826073472853668e+00
2.730835403315256649e+00
2.683100445380306454e+00
2.723174250759579973e+00
2.696338257711743402e+00
2.673573264378592107e+00
2.785592576095793582e+00
2.731538394385112589e+00
2.737427624614027888e+00
2.770750620319339053e+00
2.727134026776095066e+00
2.695867949288317966e+00
2.741388152013501056e+00
2.736801235018721634e+00
2.699523106031878061e+00
2.722020021968979187e+00
2.701373909698544296e+00
2.750726085963486334e+00
2.695111500476372157e+00
2.678382534291918748e+00
2.698283899073631975e+00
2.767843384297601350e+00
2.787879839591369535e+00
2.744373699043189951e+00
2.684566631693093175e+00
2.714704587980062200e+00
2.755421746303094999e+00
2.723455709204759767e+00
2.765489649230313152e+00
2.723342431645348505e+00
2.716369820182811701e+00
2.740939619911390679e+00
2.702905843717090750e+00
2.691782680678363793e+00
2.747048780054697215e+00
2.788566836208162147e+00
2.771301860137217243e+00
2.775658120158172260e+00
2.783797586032433102e+00
2.752956955711440390e+00
2.728034823824651678e+00
2.747668466172729751e+00
2.716004786446444719e+00
2.753253529916923625e+00
2.717481738669093705e+00
2.731145181055009363e+00
2.751944948577278449e+00
2.757414368570672458e+00
2.724010646087860366e+00
2.767204184732308558e+00
2.813192492525173449e+00
2.806373104204072266e+00
2.765989515526044329e+00
2.728578750925103602e+00
2.670733607082518279e+00
2.707967134217104554e+00
2.694818917849583606e+00
2.703331833127409656e+00
2.730232407689864971e+00
2.814202906686012362e+00
2.823186320454248666e+00
2.802173085303618638e+00
2.786219840572527584e+00
2.799887676318462582e+00
2.771174841109813602e+00
2.778089991342973075e+00
2.758945631939853538e+00
2.780452840815682780e+00
2.825224238887950712e+00
2.791959526927279889e+00
2.862525633073003561e+00
2.794709645025758249e+00
2.797570731902948804e+00
2.796836427108314371e+00
2.830969092024849587e+00
2.829891517355391350e+00
2.779655374322507644e+00
2.740911162369185750e+00
2.775666406468904501e+00
2.783115340764733769e+00
2.778260786895283552e+00
2.747356001685985039e+00
2.751539205608380723e+00
2.752343546870557045e+00
2.698425281529951647e+00
2.724432785003146229e+00
2.725103484273578847e+00
2.770772635926665117e+00
2.833469604566105193e+00
2.865421609466920927e+00
2.920233038646059764e+00
2.910449106237729566e+00
2.882314694824283041e+00
2.919187900769664168e+00
2.955790587981496298e+00
2.903387848703648633e+00
2.961830008626423982e+00
2.911025592467369805e+00
2.872716658495925834e+00
2.911818332245334151e+00
2.899885514981582979e+00
2.897566565240563996e+00
2.951175697921084140e+00
2.937790155882479048e+00
2.823279298971321793e+00
2.821889792320033230e+00
2.848460987972277092e+00
2.845932887472928385e+00
2.743391331910196129e+00
2.758747904394310613e+00
2.809228719773454230e+00
2.826624488679032154e+00
2.912389568721876820e+00
2.972044582438157168e+00
2.951964261301278203e+00
2.924603391914876394e+00
2.913564998416888319e+00
2.911728867872144466e+00
2.904647999327973462e+00
2.876946297726114654e+00
2.862073549020011320e+00
2.770064800686077966e+00
2.749442488942076324e+00
2.735578366634741965e+00
2.753639228366707936e+00
2.769423044606944995e+00
2.787618697024397463e+00
2.785369993376104691e+00
2.814188515362821441e+00
2.880665548098217066e+00
2.885278669383600114e+00
2.911075059149111244e+00
2.910094328368069139e+00
2.872539991018401739e+00
2.836967042459252575e+00
2.776650140006839074e+00
2.808400434411018942e+00
2.812298881698032105e+00
2.797689225056993578e+00
2.800440501064073828e+00
2.768035043130776973e+00
2.743721742451300294e+00
2.734315636498464208e+00
2.797582170374983246e+00
2.795897530311151957e+00
2.806712846017561880e+00
2.795352571680359777e+00
2.799430835009145468e+00
2.848548402256840362e+00
2.850791819828308871e+00
2.813338230643446902e+00
2.802754537950121527e+00
2.826468290994965216e+00
2.867968096056858318e+00
2.895111224115578086e+00
2.863467478425414381e+00
2.865288292650496782e+00
2.871721086735270045e+00
2.900606315927757972e+00
2.886601635141226474e+00
2.894711384577053348e+00
2.864242657317986662e+00
2.873343348783782059e+00
2.880751464462007139e+00
2.782537331285961368e+00
2.782591058707692966e+00
2.799959999714281444e+00
2.797254725619388704e+00
2.816335739928746307e+00
2.829862540831267648e+00
2.797488873972513002e+00
2.833475074885960954e+00
2.821967221638125523e+00
2.851447702483775437e+00
2.861153613492291914e+00
2.777661246444569798e+00
2.786057788345388975e+00
2.773720425709844672e+00
2.817844921211953402e+00
2.831356741917203212e+00
2.839064282470546985e+00
2.782242800332134447e+00
2.709571737378436040e+00
2.715130015303134581e+00
2.705136040941379605e+00
2.742682628376823306e+00
2.704845466935218212e+00
2.769843497383922770e+00
2.767630936378620454e+00
2.740256557331813170e+00
2.792140039467934542e+00
2.806814208315185244e+00
2.809231923497951477e+00
2.804453779258984092e+00
2.828624047129628671e+00
2.827048107125168741e+00
2.778930189839248222e+00
2.793066236235725697e+00
2.828167958237274959e+00
2.783559771228201640e+00
2.799188989689692431e+00
2.768330182619118229e+00
2.778433191566786142e+00
2.764091351601824176e+00
2.745676237286545085e+00
2.788191169916439005e+00
2.791336060025736199e+00
2.784434772085710108e+00
2.774560866155219241e+00
2.759520429349998416e+00
2.742425386405252574e+00
2.755285103215273423e+00
2.784358094785942317e+00
2.715703223844608605e+00
2.730442088746802387e+00
2.757454986033317290e+00
2.767799848254927308e+00
2.726432284139842732e+00
2.742253452910579981e+00
2.782481087087565363e+00
2.769811004382789932e+00
2.738193017301738585e+00
2.751119408531734312e+00
2.790229560448387325e+00
2.792740589456887079e+00
2.781040992146646129e+00
2.760712408057021339e+00
2.703039215401803919e+00
2.754960072305948859e+00
2.742881331738578954e+00
2.681655645305713431e+00
2.710752478556461842e+00
2.764994213375499665e+00
2.790379902450560667e+00
2.815053285463704924e+00
2.761327398190950078e+00
2.770420365215358061e+00
2.749374656171835962e+00
2.771824128619996053e+00
2.769173884031120192e+00
2.798205496385138602e+00
2.846230665283473016e+00
2.897673894695536490e+00
2.859324745460018580e+00
2.819481689956507164e+00
2.877867439615660494e+00
2.878598791078743169e+00
2.855319771934484940e+00
2.772455409920960623e+00
2.752015079900544503e+00
2.780154492110106013e+00
2.811632088307430166e+00
2.784535329278477800e+00
2.723944749806794796e+00
2.776317164878681520e+00
2.887619607912371933e+00
2.889651536085276806e+00
2.878334761628675409e+00
2.896790465325374875e+00
2.921460422459972506e+00
2.929066062757888833e+00
2.902687031011093932e+00
2.826869293051944343e+00
2.826301293209908305e+00
2.833151249051133913e+00
2.862698901386591999e+00
2.847719965165114608e+00
2.846923602768434147e+00
2.848383576697492980e+00
2.861184020645998416e+00
2.833525366041391713e+00
2.935711668403421015e+00
2.904155643211981719e+00
2.837499427312717426e+00
2.787962338339597945e+00
2.806197961655591655e+00
2.752717021417203647e+00
2.773412518901578583e+00
2.767612147682546819e+00
2.744851362095951597e+00
2.778131926313075706e+00
2.777995680342213447e+00
2.822342466817235884e+00
2.759987862292151650e+00
2.738051314347486720e+00
2.751922418964604322e+00
2.786416695327531556e+00
2.751586814912442502e+00
2.751973292021563378e+00
2.717329019460101858e+00
2.762194779518635013e+00
2.787797876460917035e+00
2.768136557325161728e+00
2.783833328344209601e+00
2.802847659078174125e+00
2.876166198257672946e+00
2.871970751940207567e+00
2.925813732963874703e+00
2.977730343734972696e+00
2.933203879719239904e+00
2.886314258704342883e+00
2.885529587441445276e+00
2.890928743500952969e+00
2.877257722207032575e+00
2.868677395595398583e+00
2.867014823819368008e+00
2.896320942160933942e+00
2.913738148839047692e+00
2.919927053883367041e+00
2.916661619043251275e+00
5.994007424086158942e+00
2.920268823242134104e+00
2.925976930872832504e+00
2.932755700701986434e+00
5.964511463648972445e+00
5.926473150196498452e+00
5.916815613148681763e+00
5.895572660904112361e+00
5.897353559012720403e+00
5.851364029010672319e+00
5.901768294333487042e+00
5.863825202033225992e+00
5.930381775231675867e+00
5.899204268373829052e+00
5.848988117614875470e+00
5.876267607929373860e+00
5.888094853176196075e+00
5.885572444546069981e+00
5.918300093776927895e+00
5.861341569982080557e+00
5.828321456474411910e+00
5.851765630986941247e+00
5.858199979515892331e+00
5.818208487154787001e+00
5.794943399205896739e+00
5.801467572950830487e+00
5.844608626760221526e+00
5.805063996201936583e+00
5.762933541175015328e+00
5.821982566102375856e+00
5.779564862513439927e+00
5.782874544722546695e+00
5.839197975749751635e+00
5.809457633893202022e+00
5.807211637266202153e+00
5.736874671805197501e+00
5.773589351521287050e+00
5.786108018348775417e+00
5.759023007420617013e+00
5.773183264023410644e+00
5.868161125940561718e+00
2.779233887243029333e+00
2.741798497337103679e+00
2.788240484606735237e+00
2.750785160640503157e+00
2.738438606213401627e+00
2.748130091534969566e+00
2.767734452580304705e+00
2.828309212232637204e+00
5.986837729553056597e+00
6.003771647889350582e+00
2.961538789210771405e+00
6.048867249328588436e+00
5.987243606201438695e+00
5.996559763731201365e+00
2.858403925270184498e+00
2.858433487069447221e+00
2.922516381476757630e+00
2.932261243477463974e+00
2.840507701098520243e+00
2.802745439742967637e+00
2.745502139864400171e+00
2.734331545368995808e+00
2.789065793415422601e+00
2.757220520741857417e+00
2.732295189030643279e+00
2.805439359529982468e+00
2.800236597146747997e+00
2.840317059766391594e+00
2.875020173842263826e+00
2.893017283045505650e+00
2.874073937810229573e+00
2.882552514699428858e+00
2.863316957655928086e+00
2.833189721850621012e+00
2.824331425311129795e+00
2.815802017187998274e+00
2.809943237860864418e+00
2.753953521757402712e+00
2.764073081522990361e+00
2.789643167145217539e+00
2.813289178168500992e+00
2.786771250031118363e+00
2.780954692187559196e+00
2.770343841475278346e+00
2.754077159412931408e+00
2.799774633787512901e+00
2.868793126037497920e+00
2.843193978609268147e+00
2.850409268859473766e+00
2.837429294273250857e+00
2.836148973520256078e+00
2.864527186116410107e+00
2.872426848502847019e+00
2.897479076714791546e+00
2.841005631814199628e+00
2.840322516898388994e+00
2.835141795395778708e+00
2.805169870079172512e+00
2.762926166223049762e+00
2.704621415281629027e+00
2.749409572981079020e+00
2.748028384132886526e+00
2.773786942070353145e+00
2.777634425189895229e+00
2.728954744952726497e+00
2.747388032295401850e+00
2.754488337241600693e+00
2.784555978966844147e+00
2.844827235527669362e+00
2.843542157239804524e+00
2.796074927465285409e+00
2.810308523988068963e+00
2.882542454153971256e+00
2.897456125638488089e+00
2.844549876518251530e+00
2.848668109836595352e+00
2.777399863181389872e+00
2.755344261612330925e+00
2.745541294535560173e+00
2.771946788811069151e+00
2.722919205558622657e+00
2.694385644261044099e+00
2.745339687543237428e+00
2.829934628220235115e+00
2.841189539611886250e+00
2.770391127620791316e+00
2.760138583477286467e+00
2.823232898646514943e+00
6.170276330927165098e+00
6.120518033630812482e+00
6.131870595503464472e+00
6.161602875875725083e+00
6.177030516356544432e+00
6.145952570594732656e+00
6.085145684369438257e+00
6.153275712984100920e+00
6.134516606872948863e+00
6.130338489838876193e+00
6.092228081744806012e+00
6.066379974910902639e+00
6.079615283881045329e+00
2.862724052366905969e+00
2.900463066477489527e+00
2.822102407780412214e+00
2.761842500940268952e+00
2.711130760402382212e+00
6.084835577071906698e+00
6.068633042127363098e+00
6.041976663311436901e+00
5.998317930886957861e+00
5.990124623077552890e+00
6.011688947375771086e+00
6.007007990672227571e+00
5.988065797901689358e+00
5.937176938579479923e+00
5.925746957135445747e+00
5.912666149885345668e+00
5.919614430011468365e+00
5.885733344282597201e+00
5.917497021545511160e+00
6.013415003140894832e+00
6.045119849928536127e+00
6.050143221445257069e+00
6.049305579981886893e+00
6.069209091801005762e+00
6.103145828177464871e+00
6.088345341716417281e+00
2.772728800297641794e+00
2.783600725678882171e+00
2.742033734292851577e+00
2.706743061319267341e+00
2.772647471280833553e+00
2.755625881719069525e+00
2.696940859566631765e+00
2.742653824309586152e+00
2.764053545067461037e+00
2.762090693659424723e+00
2.773304346803646681e+00
2.729918863263155693e+00
2.779288757937900645e+00
2.784380182374526225e+00
2.762325650606749061e+00
2.765783975656812110e+00
2.764171847045693298e+00
2.759982970961958770e+00
2.773237277983980675e+00
2.774394708760813621e+00
2.757268394625376207e+00
2.774716021505623686e+00
2.756025217591450360e+00
2.819748215710048189e+00
2.837143634009388737e+00
2.828954577224597422e+00
2.856706320222644369e+00
2.885565109298350528e+00
2.869671409761054726e+00
2.826066170492120389e+00
2.763954775317425394e+00
2.744981967153882429e+00
2.766364401159037367e+00
2.759179950637507428e+00
2.728275829163905986e+00
2.751426175640553584e+00
2.833559775265028780e+00
2.878400076431349763e+00
6.035175722379589658e+00
6.063370020046606967e+00
6.044180176004021909e+00
2.903053220318222216e+00
6.063206577381311746e+00
5.969293593047673596e+00
5.944364389907469182e+00
5.969109900144241365e+00
5.912563065202771639e+00
5.925309612163738748e+00
5.901032960423115981e+00
5.847399592981481931e+00
5.832239621277576447e+00
5.805944712103277006e+00
5.859232458266185439e+00
5.903028883547834837e+00
5.916779951967116702e+00
5.975635949419944026e+00
6.002867731343077828e+00
5.987567536153560077e+00
6.026722741258303095e+00
6.006946062684431986e+00
6.035920725125539121e+00
6.099202406872557880e+00
6.085316589956516253e+00
6.095083510502542268e+00
6.147825143902516665e+00
2.882613744503414566e+00
2.918128852535474049e+00
6.083511239407715543e+00
6.096994423484410675e+00
2.885530453833402564e+00
6.139848206592732893e+00
6.130935572977422865e+00
2.877519765353489412e+00
2.918956320330950316e+00
2.861796114330998453e+00
2.883400769924292284e+00
2.891079729097764339e+00
2.813818046711620280e+00
2.745912598754737921e+00
2.774419218503216822e+00
2.806961524495838134e+00
2.833485662571808117e+00
2.821818916939923483e+00
2.823721303528377913e+00
2.839497490754305797e+00
2.812313816059651916e+00
2.812263323374965207e+00
2.805282338731700520e+00
2.732221257511916690e+00
2.756219512303038854e+00
2.784153192624285289e+00
2.815051509297831878e+00
2.763634925238859896e+00
2.783341337313840924e+00
2.780421191114756496e+00
2.777548919461185761e+00
2.806048823523924263e+00
2.852867504809853738e+00
2.827501724137405414e+00
2.858523045210585423e+00
2.835182710161727737e+00
2.807237253956280654e+00
2.799374573007335165e+00
2.862810856483536615e+00
2.877750857874947776e+00
2.903207536501653863e+00
2.889596857694858301e+00
2.926882471162789656e+00
2.913228621306608090e+00
2.909163625511634876e+00
2.911440365180094414e+00
2.910093125657664981e+00
2.842380868215940382e+00
2.849461879022072708e+00
2.920320187924605015e+00
2.859229791394878539e+00
2.837905213357204914e+00
2.840103695290015384e+00
2.817707756315405820e+00
2.755815668726774526e+00
2.773406749829530504e+00
2.823142221001272656e+00
2.793511589379932936e+00
2.770257388763722961e+00
2.740724174374356448e+00
2.704237045822721619e+00
2.704001849111793643e+00
2.725368415462393390e+00
2.748398442729874880e+00
2.756833146927829770e+00
2.808129982746525144e+00
2.821217822147024545e+00
2.926229143454080805e+00
2.892497018148851851e+00
2.923804029000575344e+00
2.943465474572446894e+00
2.821044310180186088e+00
2.819237662915277998e+00
2.872735455972234231e+00
2.854301490732890301e+00
2.883901697353777660e+00
2.843887128561891409e+00
2.852538168018089682e+00
2.810551191492515866e+00
2.743790261663598962e+00
2.716519464314585353e+00
2.718544463495125463e+00
2.738593434593751486e+00
2.749187698211964737e+00
2.814770150474102284e+00
6.221359176257226231e+00
2.901959682697193621e+00
2.839160087068004490e+00
6.238422076134317429e+00
6.241372685555638178e+00
2.770815403450760606e+00
2.771435729004011694e+00
2.795777351650162945e+00
2.773257651210936370e+00
2.755841795168946007e+00
2.729538239336463334e+00
2.738276282627448488e+00
2.743645931967169549e+00
2.692397630365916061e+00
2.774755304526869359e+00
6.113713192487852055e+00
2.769591666654129813e+00
2.794190580472276419e+00
6.111010145630588752e+00
6.158327451508241346e+00
6.194106957423321624e+00
6.095785921437857802e+00
6.113805770549142871e+00
2.778065693967656902e+00
2.794361644454776084e+00
2.807665400292563618e+00
2.711053485270993324e+00
2.715695675144768728e+00
2.810016903863747029e+00
2.894708620915065200e+00
2.900425313639363623e+00
2.871890144138525169e+00
2.859299564578710040e+00
2.867371793123452139e+00
2.896377565166530221e+00
2.885621076995384282e+00
2.878105800696006522e+00
2.834022053548630904e+00
2.741042502406702663e+00
2.759938405109795045e+00
2.811563266227527169e+00
2.838874953216502295e+00
2.841465291007440719e+00
2.797847208122702600e+00
2.772505365188677739e+00
2.800220884144677402e+00
2.770983579886391102e+00
2.743786799297642354e+00
2.711239015653175599e+00
2.747796389836772324e+00
2.722828859844114380e+00
2.746646318694855093e+00
2.748740075016188555e+00
2.746982344318943614e+00
2.803441456495926243e+00
2.786241913402351944e+00
6.203828898349792453e+00
6.219927813085937451e+00
2.829271814442719801e+00
6.243025949009021858e+00
6.264654260212609849e+00
2.825597989806759358e+00
2.861935883279008497e+00
2.801947001640109569e+00
2.805166839958008307e+00
2.816386692199776665e+00
6.203032000562306081e+00
6.212710680532290475e+00
6.189063741794877060e+00
6.122437178117877465e+00
6.120854025379137475e+00
6.176274362429182041e+00
6.198627428713553655e+00
6.131787341387501478e+00
6.035883199665149412e+00
6.001648273599512251e+00
5.986811004199147135e+00
5.932229429143818678e+00
5.952114750237935681e+00
5.966966063251910590e+00
2.768412541511832359e+00
2.757748356902783637e+00
5.934650368808595644e+00
5.901159292884746499e+00
5.888399612798030702e+00
5.912591479207741862e+00
5.947703926726682688e+00
5.959059153926901331e+00
6.014589678440250609e+00
6.015095926084637057e+00
6.016804966092885287e+00
6.065048474662011913e+00
2.796659793396401028e+00
2.782072968130059554e+00
2.829882153023337121e+00
2.874269646362359154e+00
2.918505439432998561e+00
2.892978568880177459e+00
2.879215518157680620e+00
6.048674730881137940e+00
2.865036998015907166e+00
2.853994393827710585e+00
2.787544439107652927e+00
2.825726455267742132e+00
2.816477409815317579e+00
2.788980817431342629e+00
2.772047257894424632e+00
2.769661712195191416e+00
2.857184978260945307e+00
2.934264303023843112e+00
2.909662867068966818e+00
2.959904728196500745e+00
2.886463580231006798e+00
2.850926516064558047e+00
2.864423327652530826e+00
2.887222021251569792e+00
2.884063279472210084e+00
2.936283705638812691e+00
2.928777560689783677e+00
2.874147525789168434e+00
2.887167123669843960e+00
2.897923049357935987e+00
2.871557765394943118e+00
2.879262058236450539e+00
2.835735178044664018e+00
2.831057929467357681e+00
2.876540109228446163e+00
2.867320351826771141e+00
2.860232682842429153e+00
2.874139523405222718e+00
2.872300993976780514e+00
2.877759371455507864e+00
2.899102274843024851e+00
2.879932117255543655e+00
2.912814103234190544e+00
2.937909801202208904e+00
2.978080757803589496e+00
2.962165761735828795e+00
2.944605406501862532e+00
2.886029452379168081e+00
2.867364120581828324e+00
2.884176832304150118e+00
2.894058223325854051e+00
2.930648563031740039e+00
2.962624512151346590e+00
2.893569594808460987e+00
2.884850256079160680e+00
2.913346186089116330e+00
2.913333657513330621e+00
2.967841976925321479e+00
2.972772779746208460e+00
2.970471006423055282e+00
2.914691921970484767e+00
2.954626710770753562e+00
2.903049775666962429e+00
2.890464495543925150e+00
2.825496062641036144e+00
2.769553393599769375e+00
2.786331279657894289e+00
2.813260741559516553e+00
2.805247047944262384e+00
2.829860243898980610e+00
2.879143275351193410e+00
2.893065156542451888e+00
2.842717889626052763e+00
2.796038983991460558e+00
2.796869857537171544e+00
2.759921194527119148e+00
2.798289656200730224e+00
2.720896359657971608e+00
2.727125409657575439e+00
2.783255108681200518e+00
2.797284039921580590e+00
5.949638056218209847e+00
5.907985612710985102e+00
5.890118929189800845e+00
5.844696827039021159e+00
5.874410778963282453e+00
5.920689233526784889e+00
5.949114976196038462e+00
5.966547661755498666e+00
6.003521050183800334e+00
6.096081446306307328e+00
2.791556555042364884e+00
2.773870220468146019e+00
2.802058172129907820e+00
2.841010383648747251e+00
2.879214128890034807e+00
2.895152673003619448e+00
2.886990474525331862e+00
2.920209752740374309e+00
2.850692196642773624e+00
2.865381998966280985e+00
2.876236603619388710e+00
2.918043522636356801e+00
2.865025479816889931e+00
2.858347424649425150e+00
2.746173519645107586e+00
2.773169306046783689e+00
2.806327849699674193e+00
2.837445682299486904e+00
2.886109665276078484e+00
2.894780302544564421e+00
2.902132491806671322e+00
2.844363900769379505e+00
2.829050370707456796e+00
2.887198122748073637e+00
2.946467715757293160e+00
2.923061579919246089e+00
2.889624889150838705e+00
2.931389090516644647e+00
2.925375531448911381e+00
2.924305900551444903e+00
2.901389667038882791e+00
2.931657892728958714e+00
2.871565078489429101e+00
2.857935268686119468e+00
2.830027031673019167e+00
2.813722267744277694e+00
2.776851814555469034e+00
2.781613560507641747e+00
2.787918937128552876e+00
2.766033441591045250e+00
2.778358148259507221e+00
2.819074493517331526e+00
2.781445847037112618e+00
2.752556084805538816e+00
2.757576653513007958e+00
2.782319895339139482e+00
2.758370714751735342e+00
2.741658257332594495e+00
2.780685526987904055e+00
2.802393441328322687e+00
2.827862443613549992e+00
2.831217052788429722e+00
2.843271882884223611e+00
2.894164646318519551e+00
2.879132681902659030e+00
2.935256717903904633e+00
2.950933072775457244e+00
2.953339804357093978e+00
2.972942986335257665e+00
2.977190789989785369e+00
2.964029689459942052e+00
2.990393619575857809e+00
2.942600550533490900e+00
2.959402811379349796e+00
2.957983434706827452e+00
2.983623803363956384e+00
2.947216144092590806e+00
2.895525686296013923e+00
2.898097479381948283e+00
2.944136375917393078e+00
2.892735037987406166e+00
2.867640319147434891e+00
2.849923858632016138e+00
2.814722011140709412e+00
2.801386442460232828e+00
2.800880218788371678e+00
2.869817764249150915e+00
2.838342121732332579e+00
2.812100638312932332e+00
2.803940263272382882e+00
2.813101846716538734e+00
2.822817918322044761e+00
2.852557098464463703e+00
2.862955640592427908e+00
2.871458514413885776e+00
2.857310098676725474e+00
2.780404287149622622e+00
2.725930666763188182e+00
2.733168308026419080e+00
2.792291890186267889e+00
2.816708362610513383e+00
2.816788241952170591e+00
2.868002963736265176e+00
2.872236236802258258e+00
2.895525168255320470e+00
2.833511955153886763e+00
2.838210880114442780e+00
2.835541570846740189e+00
2.900804026472660446e+00
2.961976704837497643e+00
2.881959576399363954e+00
2.857132478552578458e+00
2.872992342488924766e+00
2.892734692293781773e+00
2.909352333424056525e+00
2.920819405577825378e+00
2.942658831737039904e+00
2.954808454028788223e+00
3.047795432767756996e+00
2.949329076247681591e+00
2.907131059997123845e+00
2.928025443878518708e+00
2.967899088581011480e+00
2.979698139073822194e+00
2.931534069390973052e+00
2.904011191438490513e+00
2.905340083363735726e+00
2.857645359382440908e+00
2.822057582686788191e+00
2.787372239224606751e+00
2.797541241876515983e+00
2.774970089928898709e+00
2.748370608196791132e+00
2.747407141287945276e+00
2.748894686960561273e+00
2.769768943431925035e+00
2.797018055000717762e+00
2.780175713871337440e+00
2.809412394078163455e+00
2.794648636233184824e+00
2.798752221973213938e+00
2.829451006820934644e+00
2.832409221846306391e+00
2.761492893345916411e+00
2.760381314239030992e+00
2.831607493986410429e+00
2.759655232089690102e+00
2.793531635761442367e+00
2.816216610987158919e+00
2.860836590929304091e+00
2.878608170626909324e+00
2.929641274968660891e+00
2.918577393183192648e+00
2.813990760468129348e+00
2.833981122026044464e+00
2.866817747956782902e+00
2.868206756843027616e+00
2.777046272570912855e+00
2.788686070535728145e+00
2.758208113975448406e+00
2.758168957841415914e+00
2.756432114164976355e+00
2.736974424432935926e+00
2.748623291758985232e+00
2.724868804181221460e+00
2.722785705853473459e+00
2.736490818548455994e+00
2.783080487517383794e+00
2.823505622448802654e+00
2.851619890518370060e+00
2.886366920542154713e+00
2.858476692226123106e+00
2.886808098921713306e+00
2.886146912407613119e+00
2.906723585069622473e+00
2.885564762745761236e+00
2.804415268821649043e+00
2.751249534302550259e+00
2.733390019737395260e+00
2.758065445198862431e+00
2.792070557847706080e+00
2.865255834999729689e+00
2.931233358161714264e+00
2.907629446817459051e+00
2.787090418339527087e+00
2.735209498374849613e+00
2.772967003049260803e+00
2.754206419279426221e+00
2.696931775184533642e+00
2.758860090689631228e+00
2.759011598380840091e+00
2.769001444564448189e+00
2.752872499771829684e+00
2.750825694223463458e+00
2.752552270166726434e+00
2.739472576975356066e+00
2.757684717294563992e+00
2.798561416156522430e+00
2.791614944794500008e+00
2.772872517805317738e+00
2.826667472484162058e+00
2.927216766828176109e+00
2.949021193548801989e+00
2.899416837917583756e+00
2.900089653786586119e+00
2.862091193515678089e+00
2.872126041802483432e+00
2.827891440632048337e+00
2.789280373142864811e+00
2.762721484333880539e+00
2.750440328383803035e+00
2.770697024216107973e+00
2.819458635979609440e+00
2.851149066604550253e+00
2.851424030199647408e+00
2.824215997405297607e+00
2.771254409107904326e+00
2.771640128155168803e+00
2.841451389695062169e+00
2.850017017493053473e+00
2.850790241319062890e+00
2.839412615313244626e+00
2.836342891823905976e+00
2.820230664325171777e+00
2.865570274831870101e+00
2.847384238208816143e+00
2.800101069604452597e+00
2.828717200428491285e+00
2.868566715277858226e+00
2.930167742638635886e+00
2.933144899250632154e+00
2.896388958686315629e+00
2.922793697817210212e+00
2.913020768892662815e+00
2.835981135339232129e+00
2.874303219912610174e+00
2.889455658078178502e+00
2.871411499593884198e+00
2.943307833034119358e+00
2.935372719093777505e+00
2.923911592370740831e+00
2.890470895892224945e+00
2.883772702554762368e+00
2.901700535892703492e+00
2.904778304793672383e+00
2.913286288712456873e+00
2.934449863262277525e+00
2.954407893301126187e+00
2.908741480434450910e+00
2.891186088787783159e+00
2.843420827102453696e+00
2.779173618182210426e+00
2.719328041998610779e+00
2.784543409609554487e+00
2.736647218769712175e+00
2.735809569396232988e+00
2.702220013248366470e+00
2.728917184525759598e+00
2.733439957269959919e+00
2.767840493959144332e+00
2.698720808086675582e+00
2.782390518960270231e+00
2.839149696652151000e+00
2.833167132380297826e+00
2.766088393381527233e+00
2.777864287541779831e+00
2.764453291339898922e+00
2.751616979159708265e+00
2.808510103239794553e+00
2.782250348189393652e+00
2.770054512098994781e+00
2.754582727020555399e+00
2.783059287906026302e+00
2.784325591593052263e+00
2.764706313516862135e+00
2.782567339706264686e+00
2.790048386677191683e+00
2.771819799337612356e+00
2.694234956346606591e+00
2.699745358362525050e+00
2.760217926179018288e+00
2.776296273815170412e+00
2.760342188932379592e+00
2.783786090920062239e+00
2.768161303103560122e+00
2.756110665412403460e+00
2.806902563324918720e+00
2.802149353621251837e+00
2.810648857470460005e+00
2.769988808641652422e+00
2.783056413370020188e+00
2.790112184124502015e+00
2.796614739287483609e+00
2.817159207428646450e+00
2.851335301222920116e+00
2.883911406406236999e+00
2.898328138772420015e+00
2.921791402547416538e+00
2.944088483724631278e+00
2.932362528747085140e+00
2.898012767397686762e+00
2.855674176092223515e+00
2.881647618984666703e+00
2.897075249281591880e+00
2.888551540132181739e+00
2.890554618062076919e+00
2.868732298420332061e+00
2.834251047455041750e+00
2.807290864873107417e+00
2.757654438104963024e+00
2.769647450488961216e+00
2.771773078734982132e+00
2.730442088746801943e+00
2.805943869716570394e+00
2.878040479214981850e+00
2.976863114085026130e+00
3.013738873890702497e+00
2.978261573468656387e+00
2.907277076578701269e+00
2.941975866658324446e+00
2.918589556618059522e+00
2.886723228853088408e+00
2.886832866655082430e+00
2.907471238034867067e+00
2.889486805645598011e+00
2.906160869600992402e+00
2.825561360154827728e+00
2.811133223452777052e+00
2.819047179456207530e+00
2.843159510122497569e+00
2.878545639728506966e+00
2.873304369536927361e+00
2.819098614805803482e+00
2.786910475777792051e+00
2.801365559865402588e+00
2.765818142973250460e+00
2.739315607957578891e+00
2.745153911896380361e+00
2.718245022068466632e+00
2.724511332330992630e+00
2.820232791809924144e+00
2.937026046871222817e+00
2.898445445406899523e+00
2.822159102531251573e+00
2.774096429470323866e+00
2.743228754588286300e+00
2.797970335797003827e+00
2.818162876769190639e+00
2.807800028492057898e+00
2.844943057426633448e+00
2.825260518961038692e+00
2.778618001813131677e+00
2.757700853972380628e+00
2.811047135855249124e+00
2.843076502663971272e+00
2.846646799306158826e+00
2.838945050542542425e+00
2.880397368419850501e+00
2.911160936808543820e+00
2.864484072219637856e+00
2.889084283990344559e+00
2.860625456084735507e+00
2.923370144200012177e+00
2.895169252392681525e+00
2.876474752192343054e+00
2.880509329962324561e+00
2.993441664706362637e+00
2.929137927786945372e+00
2.925871152323697100e+00
2.904434024039795670e+00
2.864878880511356307e+00
2.939205504894137011e+00
2.948278989512356230e+00
2.902099412494340669e+00
2.887489393919914882e+00
2.876831938087450968e+00
2.823462236333257547e+00
2.780604610511893782e+00
2.760402506881922235e+00
2.744476817172992522e+00
2.761448351861754968e+00
2.720956817003900685e+00
2.759104927326976764e+00
2.834100033520341455e+00
2.854548825996851225e+00
2.783936242086014534e+00
