4.856870597411464985e+00
4.297257846580770924e+00
4.905999286587800157e+00
4.640559233540716200e+00
2.637110729567494261e+00
4.623205489700842108e+00
5.184364763401587695e+00
3.276290127568069810e+00
2.983412475672782449e+00
2.821783301389389376e+00
3.092493815676920388e+00
2.853470343283770916e+00
2.739514373023073102e+00
2.866002093509353976e+00
2.863092908027960348e+00
2.731632661980743393e+00
2.886505153295244153e+00
2.878389480247591337e+00
2.889703271964095599e+00
2.924031121585404680e+00
2.884945753389481116e+00
2.903299330072598217e+00
2.926808671573870146e+00
2.723234290324649809e+00
2.904911014127626867e+00
2.943772409681156610e+00
2.924682033999593589e+00
3.118234275996593308e+00
2.931034117849875997e+00
2.706765043368190238e+00
2.715352647447472734e+00
2.916979602259844206e+00
2.884801726289001333e+00
2.849614008949282074e+00
5.528937510950906464e+00
5.633506989433845646e+00
2.727787381743672412e+00
3.080280182061365668e+00
2.807927527554797908e+00
2.820621562705638130e+00
2.764527084331061868e+00
2.860235654627079516e+00
6.155697929560871806e+00
6.144709106214874872e+00
2.769406254055190697e+00
3.145203808976454685e+00
2.845406649320971759e+00
2.840111441475492438e+00
2.701801991264348946e+00
2.722587188686526272e+00
3.068566277596102232e+00
5.744565779934981187e+00
2.910486213676333644e+00
2.953002539788951886e+00
2.876713576288053353e+00
2.896406221509682855e+00
2.828788786742481243e+00
6.082648518532038473e+00
2.998240484017250740e+00
2.756180327917605588e+00
2.743046117002045481e+00
2.742146057379147184e+00
2.717322763309504285e+00
3.016008786459349889e+00
2.694136410800314074e+00
2.933119329314782142e+00
2.742091172809540289e+00
2.658405725242104278e+00
2.744782322880996883e+00
2.756537502012261776e+00
2.813925727520184772e+00
2.917066163116634137e+00
2.962497932488730168e+00
2.982296765917167747e+00
2.883472385857024811e+00
2.754597792782096821e+00
2.794532697965797841e+00
2.894714148236402718e+00
2.847878157506040342e+00
2.712276350226871635e+00
2.814893958926339312e+00
3.046685083824713036e+00
2.828982325855005531e+00
2.711537018002889265e+00
2.713221332659759177e+00
2.788944961809034950e+00
3.206381449547137219e+00
2.708512506893774763e+00
2.757716809246373746e+00
2.810289131032606136e+00
2.891976486764717524e+00
2.794476337348377193e+00
2.746508146720121779e+00
2.966629231973554326e+00
2.838845892259740378e+00
2.990225409563634251e+00
2.845312988055971104e+00
2.767544940917852525e+00
2.903763592305682373e+00
2.952599193930662835e+00
2.831276920401817776e+00
2.690255006500313684e+00
3.055477213137090420e+00
2.705169310782598924e+00
3.041032390488466852e+00
2.865969120559396011e+00
2.918401788650767159e+00
2.889983044932963541e+00
2.718441833109547456e+00
2.896512903475487732e+00
2.666769768840197230e+00
2.859232414477703710e+00
3.113617189058409895e+00
2.891712468417287685e+00
2.950157114460177255e+00
2.752915727006549407e+00
2.757815439800132662e+00
2.654438170310245315e+00
2.849601551094468554e+00
2.856408409174010732e+00
2.789228208662747122e+00
2.743968658713141995e+00
2.805681735336351679e+00
2.824552884971354150e+00
2.835399266417341746e+00
2.964839624667749085e+00
2.835029629474796309e+00
2.844405210232888059e+00
2.746570953024880080e+00
2.644235428247643682e+00
2.924576379580468455e+00
2.889503936664562289e+00
2.693523714393470936e+00
2.776503196468536494e+00
3.171218377847858427e+00
2.782272632219926933e+00
2.979454480269835948e+00
3.030521242294797357e+00
2.836168542241451540e+00
2.784827642781506185e+00
2.857914799289860142e+00
2.856917219661780472e+00
2.844594347178521776e+00
2.838158557938580184e+00
2.914136064084859701e+00
3.216400161671430169e+00
2.893998963372309330e+00
2.801406432490651799e+00
2.894479227771379115e+00
2.802587019166398630e+00
2.789686899994334723e+00
2.718851411901724191e+00
2.988102240553358602e+00
2.560611255149832122e+00
2.812811760498735936e+00
2.920719260730137101e+00
2.882745566296130768e+00
2.747872085814766940e+00
2.817403059556796929e+00
2.782207217300681545e+00
2.760741567043174083e+00
2.930448771092918570e+00
2.970121546334425489e+00
2.953815329366411557e+00
3.074495893638500288e+00
2.841685591334833560e+00
2.888456508241036058e+00
2.700691392958477710e+00
2.710077674163602346e+00
2.709857007297617582e+00
2.893977539650230302e+00
2.895487869081823540e+00
2.911164887119930711e+00
2.865815067306332953e+00
2.808327972299531794e+00
2.768323138652711624e+00
2.829912189450407567e+00
2.777694187631172262e+00
2.827123272869437542e+00
2.956916130024658251e+00
3.048418606425305377e+00
2.788817132764354945e+00
2.783414629551264063e+00
3.217625211238873018e+00
3.246903909880918704e+00
2.965960552670921846e+00
2.821615140305282488e+00
2.864398715262943096e+00
2.714238567259702251e+00
2.890083908816489799e+00
3.078178844706720430e+00
2.859571471392173603e+00
3.027219516321867587e+00
2.872585943013715948e+00
2.705332881550808199e+00
2.889033921573092023e+00
2.702574698320103774e+00
2.743706070263358221e+00
2.790196050459536892e+00
2.858209754374231082e+00
2.685747195846995616e+00
5.902861085948067021e+00
6.170005186383557216e+00
5.871631204358801703e+00
6.014843638865436048e+00
2.808244469415011046e+00
5.830041680811552496e+00
2.801880975344956060e+00
2.815012078126842177e+00
2.849015619472802907e+00
2.920922799390631042e+00
2.863924230841312202e+00
2.985013400304930009e+00
2.827348050735883689e+00
5.980395137447024112e+00
5.413253088485702413e+00
5.333176726867392858e+00
5.573282515717286500e+00
7.835201401368058427e+00
7.409806677640112582e+00
6.021330251696879188e+00
2.837984496081682018e+00
6.204323976067014357e+00
5.804962446045624169e+00
5.830679634485159468e+00
2.875537688850556606e+00
6.113106002679816520e+00
5.972287752612059464e+00
2.869368223145994268e+00
3.056025687064819252e+00
3.044932839981860706e+00
2.906173257051272607e+00
2.723206565797020140e+00
2.873124605721095737e+00
2.863374582551154734e+00
6.132423827492682555e+00
6.091598394510261194e+00
2.727069672743987816e+00
6.105874957776321388e+00
2.662464647652621696e+00
6.224763047699084950e+00
2.729414772437490644e+00
6.073662733474752606e+00
6.161458512397856246e+00
6.102657290066352935e+00
2.650123959364919735e+00
2.881740793340025419e+00
2.907792289693333920e+00
3.050142619616335260e+00
2.913897904869009015e+00
2.723004590521286961e+00
2.736886917649320683e+00
2.835140208173133392e+00
2.733539463772199252e+00
2.811480037275740695e+00
2.898138367987284081e+00
2.813008709549261077e+00
2.677073775599021044e+00
2.868872426581565271e+00
2.773975666800269302e+00
2.851998597475110753e+00
2.989069922233336563e+00
2.960055742718369576e+00
2.765091137738501903e+00
2.781592709222541870e+00
2.821299700492664542e+00
2.885861050016095053e+00
2.745758911485128628e+00
2.723889314931867922e+00
3.178933940804684610e+00
3.097444430494274314e+00
2.821867112392077104e+00
2.826637755355291493e+00
2.753142749659014843e+00
2.810035942830625189e+00
2.846531924992234952e+00
2.856192045363896703e+00
2.959955911833823006e+00
2.816681913173725960e+00
2.828532128154106484e+00
2.695954191005477618e+00
3.161024359286084273e+00
2.962237161336006341e+00
2.974161562524806346e+00
3.019226887797603176e+00
2.859438581260314916e+00
2.983585091798120814e+00
3.065239631741701221e+00
2.871103098114033081e+00
2.795746948491582895e+00
2.938996087101852339e+00
2.730444835553357485e+00
2.813113755254130766e+00
2.791519299592965631e+00
6.094362148740424701e+00
2.712002581119715483e+00
2.820093970065536748e+00
2.682177100789580493e+00
2.684624554756214199e+00
2.729638987118992333e+00
2.948958629753899885e+00
3.028858861023405957e+00
2.767283686216504002e+00
2.954239496046317193e+00
3.114764999161252934e+00
3.081806126283741509e+00
2.878951545267825818e+00
2.974091121670618953e+00
2.908225231992872306e+00
2.854662326791034044e+00
3.055668012071992123e+00
2.694578816809781063e+00
2.971390415276996322e+00
2.744940800818844728e+00
2.764986256747038240e+00
2.774716742300013639e+00
2.869813234341217711e+00
2.727319929894548078e+00
2.757508476868203218e+00
2.879448211029328686e+00
3.006992184891740028e+00
2.747767275443828261e+00
2.827659809807396396e+00
2.759161648037316450e+00
2.772664061872624153e+00
2.722252927264474653e+00
2.888548597479364322e+00
2.829030576010093334e+00
2.798236944935149406e+00
2.820727742976978369e+00
2.655625350082349012e+00
2.782969816580840750e+00
2.867252692038146922e+00
3.065959719239637948e+00
2.942756700782448220e+00
2.844277236838912426e+00
2.653959494792639262e+00
2.810031672419369464e+00
2.826090232105125555e+00
2.796137514501030541e+00
2.880874172885722562e+00
2.739269063089641687e+00
3.031618379677758490e+00
3.056655852398173057e+00
2.768331446918883998e+00
2.721997244671639837e+00
2.711700757827087305e+00
2.750948563677626968e+00
2.856178740905408464e+00
2.845385914072113831e+00
2.763912082538082515e+00
2.757035182945622331e+00
2.760051811107900210e+00
2.945899013883537698e+00
2.795007871187485282e+00
2.743052496763414450e+00
2.737218296007828400e+00
2.506681272120570458e+00
2.914161629010992183e+00
2.759869199799149797e+00
2.935230144298739852e+00
2.845431074547404737e+00
2.782653050597576616e+00
2.701816055914984194e+00
2.776223514056459507e+00
2.854578602876438165e+00
2.713927228206386211e+00
2.798491915300096000e+00
2.773340584926416774e+00
2.781180324969958040e+00
2.909306790285273170e+00
2.785492416072963717e+00
2.849550490866936681e+00
2.865314816909304785e+00
3.012438547091043972e+00
2.705406069335988040e+00
2.734801820973504771e+00
2.834054516059985929e+00
2.785073428116393579e+00
2.688119788997506365e+00
2.554921133812157130e+00
2.876104309652207203e+00
2.765953361862777626e+00
2.822237587447236962e+00
2.977883308660700834e+00
2.894920724303172044e+00
2.747151433758248107e+00
2.863886170922301577e+00
2.756080187512692792e+00
5.714272132126715142e+00
2.715552614110063878e+00
2.751309142935413732e+00
2.924741868951857171e+00
2.925856114028849486e+00
2.818668125196721164e+00
6.088403813808673348e+00
6.082537217313182865e+00
2.863584816274873379e+00
2.718082044383502538e+00
3.025213215626296748e+00
2.827107001866041358e+00
2.729754750888804704e+00
2.744235230442172213e+00
2.936951821191488232e+00
2.860993184193209693e+00
2.686919983922111843e+00
2.809226227985207824e+00
2.822847675663707978e+00
2.824826012341291381e+00
2.839866546160224381e+00
2.980897348115160828e+00
2.890665321340400329e+00
3.195926939089815733e+00
3.048000984251809875e+00
2.972158979597154804e+00
2.790185836104827732e+00
2.708778507002740810e+00
2.705969881576659297e+00
2.859165087923396076e+00
2.774022710793839330e+00
2.756191031115223566e+00
2.898288287938244334e+00
2.737084214999604193e+00
2.952996782930858988e+00
3.096869548431125274e+00
3.105641640627585076e+00
2.767363004739348931e+00
2.739305386407290932e+00
2.949537082323258286e+00
2.778136425735784787e+00
2.722750631255091314e+00
2.915918723147132408e+00
2.801094428968791572e+00
2.836517935779712563e+00
2.871017589636120526e+00
2.788366188290196668e+00
2.743663791356367732e+00
2.832604984815214166e+00
2.886058557964477966e+00
2.931415528375327373e+00
2.896234106559758104e+00
2.810475226718784469e+00
2.806823827745517974e+00
2.788263438056024501e+00
6.193889246668849324e+00
2.991753499204103495e+00
5.922974506107551385e+00
2.805923377428542587e+00
2.779421882334526472e+00
2.925076922065469098e+00
2.954021496198021790e+00
3.227993339522248650e+00
3.057059534912593080e+00
2.760282956510074825e+00
2.810979010949743451e+00
2.845978742014774632e+00
2.980657981050492733e+00
2.662381828363467484e+00
2.766302405739473169e+00
2.802532069397244641e+00
2.991243554109227265e+00
2.967061846338899578e+00
2.661727634450978375e+00
2.870206612771979859e+00
2.973711821949127643e+00
3.081345647602683258e+00
2.773692484757457777e+00
2.931539697837981073e+00
2.714760026226996192e+00
2.987687567333639382e+00
2.907768560253721546e+00
2.963667491470660664e+00
3.141891627666365316e+00
2.915445077513894923e+00
2.799165947206417648e+00
2.792197879807231775e+00
2.936115460944954680e+00
2.761107567625716186e+00
2.720819913187934702e+00
2.910740627400524971e+00
2.901396387948396605e+00
2.922146129131806269e+00
3.034112061213296574e+00
2.960522251225280677e+00
2.927921617803317833e+00
2.830402444883059143e+00
2.844820908247125413e+00
2.880203117837351279e+00
2.764268257604533208e+00
3.048874218461627539e+00
2.910937477858293043e+00
2.975898855808106980e+00
2.764444247945688105e+00
2.969850332929253600e+00
2.842200028147209512e+00
3.029797022904340054e+00
2.756124452922981138e+00
2.730402351302826158e+00
2.838980450795672628e+00
2.898334004216905235e+00
2.921955851822542360e+00
2.872812037011819530e+00
2.743648847793754619e+00
2.842760102435658798e+00
2.728372042079305615e+00
2.985450384782838640e+00
2.926665508731737475e+00
2.816617474915612540e+00
2.799024472919092066e+00
2.737623239235085215e+00
2.879178181356617294e+00
2.951127750538766747e+00
2.748684958302788139e+00
2.975947076142316572e+00
2.770201075734395335e+00
2.906588034104592655e+00
2.788884544042653513e+00
2.845948875155701163e+00
2.701937453014040535e+00
2.912027987502866733e+00
2.768005780340785815e+00
2.755974963601810046e+00
2.935979223359729939e+00
2.763584266853463589e+00
2.902614166574676080e+00
2.774568434910193115e+00
3.000169661869141802e+00
2.740810099222490415e+00
2.764432672357929111e+00
2.915413692771576581e+00
2.853731066516254522e+00
2.825455361530243792e+00
3.244187417520757233e+00
2.956629161731311850e+00
2.793368754747572069e+00
2.868251209360853871e+00
2.758772915627525801e+00
2.805108375802974674e+00
2.888561925941695918e+00
3.057994440805933856e+00
2.723172047447608879e+00
2.782513971213801174e+00
3.146439734048627646e+00
2.816720433411878499e+00
2.791476311918121844e+00
2.756871777939626789e+00
2.807167077321903736e+00
2.739696881043594878e+00
