-5.627327128550000452e+02
-5.767970470059999570e+02
-5.902718723860000409e+02
-5.925132333730000482e+02
-5.846870357909999711e+02
-5.892858271000000059e+02
-5.853894811989999880e+02
-5.798222515730000168e+02
-5.957244091610000396e+02
-5.535599900890000526e+02
-5.983706295649999447e+02
-6.003488478750000468e+02
-5.925013609369999585e+02
-6.054021949570000061e+02
-5.849739133309999488e+02
-5.924321830149999641e+02
-5.721198046749999548e+02
-5.928070007359999636e+02
-5.838545635289999609e+02
-5.965222755680000546e+02
-5.707182595589999892e+02
-5.858833128969999962e+02
-5.937866667759999473e+02
-5.427621421349999764e+02
-5.525407127790000459e+02
-5.913710043009999708e+02
-5.814360250170000199e+02
-5.766489295439999978e+02
-6.014766298219999499e+02
-5.952594335090000186e+02
-5.867431509020000249e+02
-5.804768576999999823e+02
-5.987815252090000513e+02
-5.732111271380000517e+02
-5.724085964329999570e+02
-5.870473343779999595e+02
-5.910083053079999900e+02
-5.878547472709999511e+02
-5.896531823310000391e+02
-5.782818689489999997e+02
-5.817633954210000411e+02
-5.820782048900000518e+02
-5.802986458430000312e+02
-5.895232358160000103e+02
-5.557332221200000504e+02
-6.029440835619999461e+02
-5.679158459080000512e+02
-5.631710723989999678e+02
-5.975702329770000460e+02
-5.933681255230000033e+02
-5.783924809569999752e+02
-5.909908910569999989e+02
-5.887739129919999641e+02
-5.966399103769999783e+02
-5.970857243330000301e+02
-5.800329763969999703e+02
-5.823631027950000316e+02
-5.743789337270000033e+02
-5.935420641340000429e+02
-5.971852679789999456e+02
-5.890121603750000077e+02
-5.702557352740000169e+02
-5.693473608440000362e+02
-5.935975111369999695e+02
-5.960210410180000054e+02
-5.916530218509999486e+02
-5.922222693109999909e+02
-5.871756702159999577e+02
-5.843837349689999883e+02
-6.001115582229999745e+02
-6.016204405089999909e+02
-5.869753596040000048e+02
-5.868469652239999732e+02
-5.882589982279999958e+02
-5.995308143409999957e+02
-5.819367303899999797e+02
-5.760611081360000298e+02
-5.791255492489999597e+02
-5.889295361560000401e+02
-5.947324008599999843e+02
-5.973198543879999534e+02
-5.911645248849999916e+02
-5.931333444639999470e+02
-5.574579088929999671e+02
-5.668842522659999759e+02
-5.870963982529999612e+02
-5.868838235829999803e+02
-5.948203713279999647e+02
-5.671032194299999674e+02
-5.819287357360000215e+02
-5.831153321750000487e+02
-6.017889580260000457e+02
-5.969857064560000026e+02
-5.843826683250000542e+02
-5.987154699709999477e+02
-5.654880807819999973e+02
-5.910784837239999661e+02
-5.784851675200000045e+02
-5.845703166859999556e+02
-5.725957112849999930e+02
-5.826682412540000087e+02
-5.915052764790000310e+02
-5.764672991950000096e+02
-5.865717005870000094e+02
-5.796187540820000095e+02
-5.903868993580000506e+02
-5.884402755390000266e+02
-5.930677680479999481e+02
-5.869661682830000018e+02
-5.450162378190000254e+02
-5.696141592809999565e+02
-5.794374756600000183e+02
-5.854659815479999452e+02
-5.888738629570000285e+02
-5.672442342540000482e+02
-5.773088105589999941e+02
-5.898115003189999470e+02
-5.822996766769999795e+02
-5.933799786739999718e+02
-5.858154072490000317e+02
-6.003924325980000276e+02
-5.870262519860000339e+02
-5.895228250589999561e+02
-5.878510501990000421e+02
-5.482247445399999606e+02
-5.627733450240000366e+02
-5.679709604810000201e+02
-5.920099469980000322e+02
-5.686827629030000253e+02
-5.908237645210000437e+02
-5.741347611759999836e+02
-5.473745756759999495e+02
-5.658101558920000116e+02
-5.689744686330000150e+02
-5.833347563480000417e+02
-5.876431707149999966e+02
-5.872218701289999672e+02
-6.009100861859999441e+02
-5.822678728700000192e+02
-6.022457828860000291e+02
-5.938794826150000290e+02
-5.757170942190000460e+02
-5.419136525029999802e+02
-5.744816952209999954e+02
-5.789901950250000482e+02
-5.838480444739999484e+02
-5.985236608330000081e+02
-5.856677407930000072e+02
-6.043004552930000273e+02
-5.854692065450000200e+02
-5.968409630559999641e+02
-5.808815175439999621e+02
-5.780254957219999596e+02
-5.994474498439999479e+02
-5.988462801890000264e+02
-5.977532486610000433e+02
-5.878129553840000199e+02
-5.734872512130000359e+02
-5.731796527620000461e+02
-6.042982981599999448e+02
-5.892200824359999842e+02
-5.868239906109999993e+02
-5.828613167879999537e+02
-5.884125432280000041e+02
-5.935986982209999496e+02
-6.027018852569999581e+02
-5.855469999010000492e+02
-5.807504096190000382e+02
-5.831956316050000169e+02
-5.815191732350000393e+02
-5.831777422870000009e+02
-5.459730460739999671e+02
-5.757547900639999625e+02
-5.952843366299999843e+02
-5.829226013090000151e+02
-5.729986045099999501e+02
-5.654847010380000256e+02
-5.813400292549999904e+02
-5.917611838090000447e+02
-5.733077012400000285e+02
-5.824872557390000338e+02
-5.686665232079999441e+02
-6.002898266160000276e+02
-5.626909863350000478e+02
-5.963409172780000063e+02
-5.940340945509999528e+02
-5.678158388499999774e+02
-5.819548633819999850e+02
-5.954877312659999689e+02
-5.949133735540000316e+02
-5.906577262609999934e+02
-5.899204084929999681e+02
-5.839636541779999561e+02
-5.673450339629999917e+02
-5.803032749679999824e+02
-5.963971271049999814e+02
-5.621992800389999729e+02
-5.674209349129999964e+02
-5.897238277610000523e+02
-5.826864256149999619e+02
-5.799855075059999763e+02
-5.792413766720000012e+02
-5.953350995910000165e+02
-5.853970277339999484e+02
-5.878726646789999677e+02
-5.880558320019999883e+02
-5.805116613049999614e+02
-5.592344593410000471e+02
-5.988449928190000264e+02
-5.897953671599999552e+02
-5.815830527750000556e+02
-5.795627468689999660e+02
-5.709691439849999597e+02
-6.023816768819999652e+02
-5.722855514689999836e+02
-5.858537014519999957e+02
-5.968170325349999530e+02
-5.879874034059999985e+02
-5.900450498369999650e+02
-5.893196726429999899e+02
-5.770631203939999523e+02
-5.934545596489999753e+02
-5.959408764680000559e+02
-5.825774309270000231e+02
-5.687172914699999637e+02
-5.550496765730000561e+02
-5.891997244679999994e+02
-5.734580932679999705e+02
-5.430313873390000481e+02
-5.566208131969999613e+02
-5.988990769560000444e+02
-6.046211284180000121e+02
-5.973463834279999674e+02
-5.929295059949999995e+02
-5.760962507540000388e+02
-5.921519217589999471e+02
-5.745540592359999437e+02
-5.874870755340000414e+02
-5.794988110870000355e+02
-5.906834868040000401e+02
-5.935800027100000307e+02
-5.827863265769999543e+02
-5.542272515590000239e+02
-5.549032381790000272e+02
-5.811183167540000341e+02
-5.901531497060000220e+02
-5.968414110229999778e+02
-5.846924326229999451e+02
-5.791120295470000201e+02
-5.946162667239999564e+02
-5.934023733139999877e+02
-5.922278593730000011e+02
-5.821728341619999583e+02
-5.971390495959999498e+02
-5.888231805850000455e+02
-5.837697929979999572e+02
-5.892447493290000011e+02
-5.673980542699999887e+02
-5.826507724489999873e+02
-5.818746403779999810e+02
-5.911918529590000162e+02
-6.005822354250000217e+02
-5.766821108569999978e+02
-5.662641322099999570e+02
-5.959150127230000180e+02
-5.968282110970000076e+02
-5.960267257079999581e+02
-5.811033177340000293e+02
-5.728043269329999703e+02
-5.927008212409999715e+02
-5.866426894830000265e+02
-5.829395424419999472e+02
-5.727708207250000214e+02
-5.809682956149999882e+02
-5.780925188149999485e+02
-5.878705458220000537e+02
-5.978019834699999819e+02
-5.989336336210000127e+02
-5.760577888369999755e+02
-5.643080420700000559e+02
-5.833701210100000480e+02
-5.878884208030000309e+02
-5.732898256790000460e+02
-5.675030685069999663e+02
-5.884239391889999524e+02
-5.941811246339999570e+02
-5.782768101149999893e+02
-5.985570273890000408e+02
-5.845304933180000262e+02
-5.898192466729999524e+02
-5.929028440549999459e+02
-5.950305284680000568e+02
-5.961108241660000431e+02
-5.632385907860000316e+02
-5.733839512230000537e+02
-5.701733046269999932e+02
-6.053938353119999647e+02
-5.820925886490000494e+02
-5.911923903670000300e+02
-5.808323459109999476e+02
-5.734333091620000005e+02
-5.745760018849999824e+02
-5.613354958800000531e+02
-5.822672780440000224e+02
-5.627560188160000507e+02
-5.926556318079999528e+02
-5.739459890790000145e+02
-5.937917866850000337e+02
-5.896813924880000286e+02
-5.873471318870000459e+02
-5.854636562150000145e+02
-5.740631036900000481e+02
-5.938439092380000375e+02
-5.903685244680000324e+02
-5.684869409299999461e+02
-5.768653578239999433e+02
-5.690511702049999485e+02
-5.928912437669999917e+02
-5.934746269600000232e+02
-5.767913120299999719e+02
-5.813979346260000511e+02
-5.847080081069999551e+02
-5.575255844690000231e+02
-5.888838863229999561e+02
-5.745596002849999877e+02
-5.488238293330000488e+02
-5.766231541099999731e+02
-5.879483253209999702e+02
-5.733988900079999667e+02
-5.736383738050000147e+02
-5.690692408659999728e+02
-5.940678235079999467e+02
-5.707623658090000163e+02
-5.679688742859999593e+02
-5.900562437510000109e+02
-5.634406183390000251e+02
-5.691614257610000323e+02
-5.956946460320000369e+02
-5.897867486760000020e+02
-5.889383105839999644e+02
-5.830427250249999815e+02
-5.763304245970000466e+02
-5.954290748350000513e+02
-5.930911258170000337e+02
-5.874513644559999648e+02
-5.869027644430000237e+02
-5.743457750730000271e+02
-6.016520299879999811e+02
-5.963097517559999687e+02
-5.906260948709999639e+02
-5.852193522119999898e+02
-5.803890042199999471e+02
-5.872853479829999515e+02
-5.898655367059999435e+02
-5.745707811109999739e+02
-5.823940430269999524e+02
-5.984436342110000169e+02
-5.918005491239999856e+02
-5.904848652819999870e+02
-6.026270502139999508e+02
-5.556324647640000194e+02
-5.816624368719999438e+02
-5.568889153379999470e+02
-5.613050745000000461e+02
-5.749407512200000383e+02
-5.878434338199999729e+02
-5.922832333640000115e+02
-5.703693210830000453e+02
-5.461170392080000511e+02
-5.955948349809999627e+02
-5.787604331500000399e+02
-5.831834449340000219e+02
-5.804948796590000484e+02
-5.614465374999999767e+02
-5.785499408399999766e+02
-5.747775690659999555e+02
-5.609076287890000003e+02
-5.518624989610000284e+02
-5.493047140459999582e+02
-5.749629188720000457e+02
-5.795873248709999643e+02
-5.890376508330000433e+02
-5.785657577670000364e+02
-5.967090114119999953e+02
-5.907640192430000070e+02
-5.934686665519999451e+02
-5.747710047000000486e+02
-5.998321781659999488e+02
-5.879008589899999606e+02
-5.728039013009999962e+02
-5.722565293569999767e+02
-5.640634484060000204e+02
-5.643787813940000433e+02
-5.812334429789999604e+02
-5.951753688630000170e+02
-5.969609148509999841e+02
-5.940642251949999491e+02
-5.905260430370000222e+02
-5.778372548150000512e+02
-5.842185639179999725e+02
-5.632452700960000129e+02
-5.747805403639999895e+02
-5.718117676179999762e+02
-5.950417824659999724e+02
-5.797123345679999602e+02
-5.861411702560000094e+02
-5.883887887739999769e+02
-5.951485692920000474e+02
-5.935703433920000407e+02
-5.780954787409999653e+02
-6.037621457840000403e+02
-5.843504092540000556e+02
-5.943161297850000437e+02
-5.953558112340000434e+02
-5.855518113140000196e+02
-5.811984980910000331e+02
-5.888202284340000006e+02
-5.932987016609999955e+02
-6.035453639720000183e+02
-5.736532504409999547e+02
-5.791353708200000483e+02
-5.710814111199999843e+02
-5.696962411619999784e+02
-5.632454871579999462e+02
-5.774504577550000022e+02
-5.878932544409999537e+02
-5.766783193149999533e+02
-5.673925462299999936e+02
-5.679723828300000150e+02
-5.944797532290000390e+02
-6.001466390440000396e+02
-5.866592230659999814e+02
-5.650774415759999556e+02
-5.595145111279999810e+02
-5.825987279600000193e+02
-5.832411320459999615e+02
-5.938307636399999865e+02
-5.820308149349999667e+02
-5.690194452179999871e+02
-5.877895635590000438e+02
-5.887675484679999727e+02
-5.919390704180000284e+02
-5.919853240910000522e+02
-5.878159721619999800e+02
-5.910079832010000018e+02
-5.865184581209999806e+02
-5.914374851630000194e+02
-5.702115060510000148e+02
-5.574473887039999909e+02
-5.841105759490000082e+02
-5.858324367269999584e+02
-5.826723091280000517e+02
-5.931969637299999931e+02
-5.727933475910000425e+02
-5.828200013370000079e+02
-5.736255431020000515e+02
-5.899453235810000251e+02
-5.976731994850000547e+02
-5.778877502870000171e+02
-5.927816454669999757e+02
-5.927145866299999852e+02
-5.951410492429999977e+02
-5.884882680440000513e+02
-5.916131432869999571e+02
-5.921612171579999995e+02
-5.960566340630000468e+02
-6.031321707390000029e+02
-5.910685777600000392e+02
-5.734369569579999961e+02
-5.966089401320000434e+02
-5.903173226039999690e+02
-5.997815430819999847e+02
-5.832221500790000164e+02
-5.413628848710000057e+02
-5.634892807459999631e+02
-5.867901008920000550e+02
-5.791077296030000525e+02
-5.987686540539999669e+02
-5.985866555589999507e+02
-5.832371886449999465e+02
-5.768900548340000114e+02
-5.963054883439999685e+02
-5.653991942110000082e+02
-5.841650154809999549e+02
-5.828494343539999818e+02
-5.764544194909999533e+02
-5.666014036620000525e+02
-6.000948751800000309e+02
-5.882820936650000476e+02
-5.893179638159999740e+02
-5.954806509810000534e+02
-5.825001226790000146e+02
-5.726307072299999845e+02
-5.962565234359999522e+02
-5.949944003660000362e+02
-5.911275242110000363e+02
-5.948361470610000197e+02
-5.802915557669999771e+02
-5.774220882649999567e+02
-5.972204841799999713e+02
-5.865815517390000196e+02
-5.868911758130000180e+02
-5.548599343350000481e+02
-5.792148556900000358e+02
-5.736434942050000245e+02
-5.909384734640000261e+02
-5.851091336440000532e+02
-5.779168648510000139e+02
-5.853537701989999960e+02
-5.701278401759999497e+02
-5.681513503649999848e+02
-5.932057983290000038e+02
-5.563231024350000098e+02
-5.918970043640000540e+02
-5.973822355620000053e+02
-6.043862181150000197e+02
-5.867072986739999578e+02
-5.791047985159999598e+02
-5.787703122259999873e+02
-5.733650969349999968e+02
-5.978602084589999777e+02
-5.846822914860000537e+02
-5.869817284819999941e+02
-5.828980215379999663e+02
-5.372851820629999793e+02
-5.951394164649999539e+02
-5.710043511379999472e+02
-5.834851878399999805e+02
-5.754562790329999871e+02
-5.702102530019999449e+02
-5.838766759239999828e+02
-5.872565100880000273e+02
-5.712954733320000287e+02
-5.920577579209999612e+02
-5.885000207260000025e+02
-5.932633088699999462e+02
-5.921469219900000098e+02
-5.932303642050000008e+02
-5.599287137190000294e+02
-5.452792244339999570e+02
-5.879835425989999749e+02
-5.806389623180000399e+02
-5.917382693380000092e+02
-5.907419502730000431e+02
-5.987786061689999997e+02
-5.944116600229999676e+02
-5.976352967709999575e+02
-5.773425362499999665e+02
-5.866393079969999462e+02
-5.935242233269999588e+02
-5.708495219120000002e+02
-5.866786069700000326e+02
-5.685941204719999860e+02
-5.927274017160000312e+02
-5.747107542249999597e+02
-5.980613598229999752e+02
-5.950451683539999976e+02
-5.886094397360000130e+02
-5.806335743979999506e+02
-5.757331122609999738e+02
-5.833422845329999973e+02
-5.700837600659999680e+02
-5.910156701460000477e+02
-5.837239171769999757e+02
-5.732123617800000375e+02
-5.941177027180000323e+02
-6.003637812480000093e+02
-5.757436898219999648e+02
-5.793483135540000148e+02
-5.849214166230000274e+02
-5.814979101669999864e+02
-5.851011765839999725e+02
-5.810780610709999792e+02
-5.893186916370000290e+02
-5.961446796720000521e+02
-5.972653596999999763e+02
-5.859344108760000154e+02
-5.917275601589999496e+02
-5.963914145590000544e+02
-5.898924118999999564e+02
-5.885706881940000130e+02
-5.791321145670000305e+02
-5.841137186419999807e+02
-5.619241133509999599e+02
-5.801024716699999999e+02
-5.828777923229999942e+02
-5.965219570440000325e+02
-5.933763271850000365e+02
-5.864480917719999979e+02
-5.906392368289999695e+02
-6.045939290930000425e+02
-5.889196256120000044e+02
-5.923792686220000405e+02
-5.954867558470000404e+02
-5.830746005199999900e+02
-5.924630384800000229e+02
-5.952559816169999749e+02
-5.845754808729999468e+02
-5.811672248800000489e+02
-5.792999094430000468e+02
-5.964384135550000110e+02
-5.860748243250000087e+02
-5.777128759619999983e+02
-5.958037809080000216e+02
-5.991951886059999879e+02
-5.930496087609999449e+02
-5.774994594390000202e+02
-5.628244385960000500e+02
-5.416668120150000050e+02
-5.516532309589999841e+02
-5.808764876760000107e+02
-5.860635931450000271e+02
-5.895732013479999978e+02
-5.829352398749999793e+02
-5.697514773090000517e+02
-5.824281574709999632e+02
-5.983822170140000480e+02
-5.881487511279999580e+02
-5.793630220369999506e+02
-5.802368617490000133e+02
-5.812879242010000098e+02
-5.899795870809999769e+02
-5.788473515330000509e+02
-5.919831491820000338e+02
-5.889358824780000532e+02
-5.694989069189999782e+02
-5.904171060329999818e+02
-5.485154313760000377e+02
-5.902160437310000134e+02
-5.818414887870000030e+02
-5.854852024980000351e+02
-5.991709643489999735e+02
-5.872638027360000024e+02
-5.953505632190000370e+02
-5.879934213559999989e+02
-5.917794513080000343e+02
-5.935516255190000265e+02
-5.827141407090000484e+02
-5.903987003040000445e+02
-5.955355331399999841e+02
-5.997871396799999957e+02
-5.924225934539999798e+02
-5.972815954870000041e+02
-5.750697020009999960e+02
-5.621611139179999554e+02
-5.570644270960000313e+02
-5.961173446980000108e+02
-5.897988476760000367e+02
-5.959431229839999560e+02
-5.855000102149999748e+02
-5.952083748730000252e+02
-5.918672719999999572e+02
-5.795066326610000260e+02
-5.925156169719999752e+02
-5.841272459609999714e+02
-5.692779723359999480e+02
-5.720614962500000047e+02
-5.852581967879999638e+02
-5.783960574610000549e+02
-5.862286028659999602e+02
-5.852387982290000537e+02
-5.773237827059999745e+02
-5.802388753750000205e+02
-5.876282895309999503e+02
-5.851402139299999590e+02
-5.841007445489999554e+02
-6.009664433350000081e+02
-5.682545779680000351e+02
-5.773243655530000069e+02
-5.841300855849999607e+02
-5.873569310950000499e+02
-5.874313889869999912e+02
-5.722384450329999481e+02
-5.909469640800000434e+02
-5.903683098230000041e+02
-5.734532649569999876e+02
-5.820292289310000342e+02
-5.991777347659999577e+02
-5.966511843270000099e+02
-5.795941951759999711e+02
-5.593079793660000405e+02
-5.724095943249999436e+02
-5.602911947899999632e+02
-5.763215975010000420e+02
-5.708725642929999822e+02
-6.027636071739999579e+02
-5.864918719710000232e+02
-5.741014374469999666e+02
-5.760494093569999450e+02
