4.858405191006612611e+00
4.764026973055463188e+00
4.713087947407728961e+00
4.767013006065748293e+00
4.779415131582524623e+00
4.864290904129809689e+00
4.871606100661259653e+00
4.936931840728611576e+00
4.947621954030037017e+00
4.880073769934220707e+00
4.765150679674253098e+00
4.679006091041130411e+00
4.693926075259388320e+00
4.739549451160943505e+00
4.504227458732517952e+00
4.443471390703444435e+00
4.480589470147872788e+00
4.442347690129623494e+00
4.449520648339549744e+00
4.414139213935147410e+00
4.301709660123519186e+00
4.301315612693400681e+00
4.305078861066309770e+00
4.350516291200390739e+00
4.320434468893146196e+00
4.369216176844538779e+00
4.349635387018088828e+00
4.252334535287646489e+00
4.283187948246025556e+00
4.303016267689444341e+00
4.369858121266639195e+00
4.333082620952431796e+00
4.258221577137572211e+00
4.272211254139944181e+00
4.245520227251308398e+00
4.259940257797050656e+00
4.247893007127180098e+00
4.234232634138090923e+00
4.238935833437444067e+00
4.221402728951598071e+00
4.214170618283032077e+00
4.140582326195193730e+00
4.124806177264574991e+00
4.190652097227829387e+00
4.224421025418749309e+00
4.166927165190196014e+00
4.155510798927130267e+00
4.044890233368515275e+00
3.936420328166187588e+00
3.860986790964195503e+00
3.774137782328568225e+00
3.704156719146748156e+00
3.719015595557512377e+00
3.751316835459249432e+00
3.762577175288236209e+00
3.757984167076811932e+00
3.693941661694184919e+00
3.679488279638895687e+00
3.690113277394069247e+00
3.699704988238926795e+00
3.716304885232104116e+00
3.665447039584666999e+00
3.617215088987658866e+00
3.556820068544372937e+00
3.457639223516531413e+00
3.385948020865057639e+00
3.322540744671161672e+00
3.314515198335949542e+00
3.284826631650443751e+00
3.176495710684967388e+00
3.116490654566446583e+00
3.043112551319783865e+00
3.056881253827175016e+00
3.058842428109039169e+00
2.999840995786276832e+00
2.971409934694302368e+00
2.883780331439965483e+00
2.808264588673937912e+00
2.800470496184525260e+00
2.704145521232169447e+00
2.718998896652957686e+00
2.757462239088688261e+00
2.774605737758069512e+00
2.706195484439362975e+00
2.671411050362710426e+00
2.797681897571630660e+00
2.773639666575310248e+00
2.680556099021246030e+00
2.730773882986286427e+00
2.734578578135943960e+00
2.754332587034470592e+00
2.734975868266482646e+00
2.717896797157684396e+00
2.788653079893589570e+00
2.749395206222633892e+00
2.712664557220446415e+00
3.533893320404564609e+00
3.432839058272321608e+00
3.435409728111044281e+00
3.436206338391220694e+00
3.320298480558637966e+00
3.256290834676780044e+00
3.223784266975691981e+00
3.177992605403606063e+00
3.220937751649354919e+00
3.199023601038291531e+00
3.152859812931745331e+00
3.171694972723575034e+00
3.217241831134240559e+00
3.199016411336459420e+00
3.285148702874802762e+00
3.253839885427676659e+00
3.255500729534551940e+00
3.184978963823779985e+00
3.204786732373934743e+00
3.096283417260119020e+00
3.105630370794309592e+00
3.075916123693882565e+00
3.147491223180773456e+00
3.160944637288036763e+00
3.142425337219644899e+00
3.044907880379962961e+00
3.071830887272279487e+00
3.073514112542839793e+00
3.109216782406785118e+00
3.049924589231674865e+00
3.027615233149681284e+00
3.048578849234508503e+00
3.004559368692853560e+00
3.084972285126723612e+00
3.069928663666307234e+00
3.019852148698674021e+00
3.047167373151661973e+00
3.009836208168145344e+00
3.056506175357740052e+00
3.010518559982648945e+00
2.994305428642843214e+00
2.966561814626488047e+00
2.928636884285930275e+00
2.961142009428119337e+00
2.937209900568905407e+00
2.979964597105139834e+00
3.087166662167755593e+00
3.055089196733869361e+00
2.985901706352705354e+00
2.914221679968769685e+00
3.003551730867973557e+00
3.027821824348321478e+00
2.990216547342349429e+00
2.953162542089411868e+00
2.997380523056757173e+00
3.001481800711109038e+00
2.981529808672051196e+00
2.925438941424004291e+00
2.962904487154454536e+00
2.916348744577712537e+00
2.888472433657624627e+00
2.775319441073405446e+00
2.802200028548997413e+00
2.845903371514922231e+00
2.955308105764946625e+00
2.908403170126177884e+00
2.885131712764601009e+00
2.777712008110271746e+00
2.756125178579521773e+00
2.736998538545462711e+00
2.714031687361074585e+00
2.768481894468519222e+00
2.798737215245475252e+00
2.768692471185631554e+00
2.820651875010455889e+00
2.754750260912956605e+00
2.745052458515137239e+00
2.781137357269503507e+00
2.811095871719781591e+00
2.830970504968216783e+00
2.911011851573263698e+00
2.915417465818574971e+00
2.864845371045355638e+00
2.893901691488499850e+00
2.831906248448206931e+00
2.751999636627882939e+00
2.695946772471593089e+00
2.693521858088402166e+00
2.733977688277648976e+00
2.900105860136832803e+00
2.899320092711393126e+00
2.829501369499579866e+00
2.839051426092877417e+00
2.848807820826108284e+00
2.898644165812699125e+00
2.854330919847942294e+00
2.852268921402749235e+00
2.827644072368373784e+00
2.816081319848558362e+00
2.790299983872702061e+00
2.825981422444244995e+00
2.777422006105661811e+00
2.759770642644058913e+00
2.756627649864957341e+00
2.726006052817931735e+00
2.739486265707495871e+00
2.804805340839181760e+00
2.907024079707631437e+00
2.877573630682627837e+00
2.856323160988616383e+00
2.836410760098050599e+00
2.837342066089318049e+00
2.852609331822358207e+00
2.868538652345476336e+00
2.958702587283824847e+00
2.889259593736776210e+00
2.883951802648581086e+00
2.925814416534309181e+00
2.814190292073369903e+00
2.779657892619161963e+00
2.897692530273010103e+00
2.778885747921278071e+00
2.780047661461939601e+00
2.688129833173985350e+00
2.786667364433724092e+00
2.873724238684011389e+00
2.825973283667062574e+00
2.766209861886838262e+00
2.669634619194170000e+00
2.778913816583738594e+00
2.781007371439349285e+00
2.690097024272544601e+00
2.720309173605088837e+00
2.732084918153167230e+00
2.849551543664370801e+00
2.928748026034332153e+00
2.868980306659492996e+00
2.891092181166142083e+00
2.860329701275711400e+00
2.785267312126432415e+00
2.732243400577627934e+00
2.728374974229165417e+00
2.694222151196890458e+00
2.813231949200065252e+00
2.821037043358346708e+00
2.849539787404274715e+00
2.785291546678731578e+00
2.780452840815682780e+00
2.768385088819834028e+00
2.734007498160895722e+00
2.770201617211281775e+00
2.764580800049077691e+00
2.758326666658609927e+00
2.742863467254613496e+00
2.854819959296908127e+00
2.873431920195778311e+00
2.903609305674577090e+00
2.889754487841484476e+00
2.908284889758910641e+00
2.883142382887116550e+00
2.804929410876502160e+00
2.814248567557599667e+00
2.819565392041829988e+00
2.921015747989044620e+00
2.884611932305626514e+00
2.878664447274116966e+00
2.831006534785816875e+00
2.726614017421608249e+00
2.745227859395281467e+00
2.767349815256466172e+00
2.771708678775603119e+00
2.751724731872721375e+00
2.764089361797118283e+00
2.747057516689448420e+00
2.720121688454396836e+00
2.723718230654558869e+00
2.752760432729298934e+00
2.770056497618776259e+00
2.719100954359730871e+00
2.788975080562750009e+00
2.812013691289571238e+00
2.764299006981697726e+00
2.759753249839557832e+00
2.780035431428887538e+00
2.726297305871097088e+00
2.720705974558809359e+00
2.765504293976055461e+00
2.766317046182523054e+00
2.725433910407661919e+00
2.826148616049764861e+00
2.823578757534487504e+00
2.729288918381489459e+00
2.792634061240391485e+00
2.869428514530376173e+00
2.981385416211731698e+00
2.925631213943411524e+00
2.820066843179430460e+00
2.805924090206290966e+00
2.846773787992294746e+00
2.770065161688439304e+00
2.769917146775332739e+00
2.819198645005349668e+00
2.821855595171375963e+00
2.710266776536951916e+00
2.692753423542527447e+00
2.739879376906946717e+00
2.816864923989079283e+00
2.821525296714527009e+00
2.825369887289096216e+00
2.837909265639054990e+00
2.772384533213240854e+00
2.851956696725951090e+00
2.768293337058051140e+00
2.717022083090234741e+00
2.781314796997995220e+00
2.725977806219265887e+00
2.800090891381921132e+00
2.872042826978734364e+00
2.924383353802986196e+00
2.902233278011951967e+00
2.865961269801111655e+00
2.835864771105985227e+00
2.795293723385791740e+00
2.776646898689136833e+00
2.741454540932604989e+00
2.817328876790922365e+00
2.857142978571426184e+00
2.930602327167573851e+00
2.896807380548454880e+00
2.965191730731758124e+00
2.915254705853332684e+00
2.862845612323514644e+00
2.799885890531969235e+00
2.870056793863145828e+00
2.819090810882118436e+00
2.796078861548794148e+00
2.712028576545609138e+00
2.773865533871460176e+00
2.810959266869585971e+00
2.844423491676300486e+00
2.927550853529277131e+00
2.981245041924598382e+00
2.950421325844835518e+00
2.942661040622925661e+00
2.948036295570324317e+00
3.046442187207891283e+00
3.036506545357674725e+00
2.967489174369470017e+00
2.899335786003407911e+00
2.825668062600418029e+00
2.837323034129177302e+00
2.789426822843718234e+00
2.781833567990724010e+00
2.839056709542802093e+00
2.849992631569421953e+00
2.806450605302006629e+00
2.737325154233599456e+00
2.758259958742105056e+00
2.739306664103163147e+00
2.768454803676592579e+00
2.838225854297010908e+00
2.841948627262639526e+00
2.876504128277934669e+00
2.837076311980345267e+00
2.858616448563885637e+00
2.825729463342165015e+00
2.765203970776839437e+00
2.738643824961544571e+00
2.736426319125000450e+00
2.728131411790861716e+00
2.793271379583444514e+00
2.759757960401600041e+00
2.730145966793717349e+00
2.808921145208601367e+00
2.844669752361423498e+00
2.882938951833701413e+00
2.806578165667223956e+00
2.778291561373643415e+00
2.749163327268862034e+00
2.768192370482947418e+00
2.742472606973495264e+00
2.782155459351615345e+00
2.883357418011162743e+00
2.880411428945524932e+00
2.879702936068232688e+00
2.860530020817820152e+00
2.812735323488507966e+00
2.762301576584280216e+00
2.727023468912579851e+00
2.827905585411224720e+00
2.830944365401764529e+00
2.843629019404605884e+00
2.754283572909660194e+00
2.721835042760673673e+00
2.849240776066494174e+00
2.872491601380237292e+00
2.824156511243666845e+00
2.827819831601723344e+00
2.817704029879646743e+00
2.759514087661086190e+00
2.785329603476041083e+00
2.794867617616261679e+00
2.817571649488260999e+00
2.829423439501411952e+00
2.874050451888414681e+00
2.857116203447104930e+00
2.938226335733855166e+00
2.664873167713615487e+00
2.975918849700038393e+00
2.914615240473431790e+00
2.918136562945606638e+00
2.718927913718934608e+00
2.735408379017655989e+00
2.998643359921282503e+00
2.921795509613908770e+00
2.927003587288543152e+00
2.991230850335694136e+00
2.956644719948610778e+00
2.766675622475465168e+00
2.912176849025484682e+00
2.871813712621345882e+00
2.862483013050034497e+00
2.828967832973715346e+00
2.761128392523607200e+00
2.707033985748978910e+00
2.744351471659561614e+00
2.778576793972050929e+00
2.747640078321758050e+00
2.770008303236653369e+00
2.820708776176653831e+00
2.841360413604722357e+00
2.875992524329644251e+00
2.836711476340165294e+00
2.818780055272138263e+00
2.760303606489692640e+00
2.811773283890434350e+00
2.815380080912699423e+00
2.777010442904383591e+00
2.866453383538619892e+00
2.871644998950949823e+00
2.915514705845263954e+00
2.886587258338123352e+00
2.857023801090918358e+00
2.948666478257586654e+00
2.814156001361687309e+00
2.829222508039973771e+00
2.774039293160786901e+00
2.714795388238310458e+00
2.780304299892369269e+00
2.850829002237770027e+00
2.801842429545244872e+00
2.815269436483833765e+00
2.728672571049887363e+00
2.765660318983515165e+00
2.835345481594791828e+00
2.874161094997981891e+00
2.876616415165567098e+00
2.905095179163671215e+00
2.937081033951906672e+00
2.926337984580728691e+00
2.920675264386644709e+00
2.904506326383194281e+00
2.784918311189755524e+00
2.754913065779027281e+00
2.735171292625016015e+00
2.744742064384192659e+00
2.724157484434408083e+00
2.744890708206794816e+00
2.808774465848050017e+00
2.766775198674441771e+00
2.743687482203466477e+00
2.820746532391735784e+00
2.745094898177474985e+00
2.813870999175335452e+00
2.763849127575526587e+00
2.786787756539776062e+00
2.827276074245315129e+00
2.888598968358190078e+00
2.849405201090220441e+00
2.899125557819115961e+00
2.794388841947376800e+00
2.819837938605691985e+00
2.847174213145377220e+00
2.959339960193827501e+00
2.871237538066121253e+00
2.853693396284891381e+00
2.857329872450851571e+00
2.844591710597498047e+00
2.725285122698174245e+00
2.813652608265633237e+00
2.745019854208708754e+00
2.755476002435876648e+00
2.790572880252368826e+00
2.814238618170108008e+00
2.736858966041180619e+00
2.836169423712201265e+00
2.751285154250646237e+00
2.739660562916508280e+00
2.783120191439816260e+00
2.847137861080843990e+00
2.812656040115819156e+00
2.798642885399992952e+00
2.801011602974897041e+00
2.787224246450221266e+00
2.824556248333532693e+00
2.844014943701949072e+00
2.768611384792022623e+00
2.842047325432847327e+00
2.804050106542320453e+00
2.815521798885599392e+00
2.774193576519129678e+00
2.758567200559014942e+00
2.857963085835784067e+00
2.845906006880761119e+00
2.790269341837809058e+00
2.844324172804499451e+00
2.867067316963451074e+00
2.819369610391656789e+00
2.828141085589614523e+00
2.862153734515321180e+00
2.768422836201146264e+00
2.720873572954098041e+00
2.774899277451345903e+00
2.778765373326794297e+00
2.852891165116538286e+00
2.785158882362010146e+00
2.772117241387888953e+00
2.713894249966273264e+00
2.724235856162237734e+00
2.779199345135214383e+00
2.868498736273035643e+00
2.958787082572857496e+00
2.704343543265167238e+00
2.720458233459944086e+00
2.859539823118398161e+00
2.729748706383061663e+00
2.691140092971750608e+00
2.831674416312722986e+00
2.796574154210826002e+00
2.729058628904846628e+00
2.708655385980283548e+00
2.750275804351265840e+00
2.753856568523495252e+00
2.851935132502140480e+00
2.729305589339530602e+00
2.723652694452800560e+00
2.759750351028150472e+00
2.804528302584946342e+00
2.777504095406521767e+00
2.796609375654740770e+00
2.810024199184056659e+00
2.829221801131894587e+00
2.771853170714495107e+00
2.720798596000813863e+00
2.800113033432757970e+00
2.866322556866202298e+00
2.879769956090242999e+00
2.833163249796947447e+00
2.857421739960693596e+00
2.847374931406119192e+00
2.768747370201910751e+00
2.810583747195589233e+00
2.817256111893272408e+00
2.855732655554437560e+00
2.873568165191143553e+00
2.887572856223717732e+00
2.877114005388038187e+00
2.837262589186979156e+00
2.940156628480870893e+00
2.944578747461171542e+00
2.824589881735046326e+00
2.812842156965086549e+00
2.794833984336100752e+00
2.753919025679585353e+00
2.745642001426988443e+00
2.717778688561671707e+00
2.751571550950474787e+00
2.820450673208095616e+00
2.835943053024866156e+00
2.780610904100031977e+00
2.742224097334132971e+00
2.740711403997144302e+00
2.667120919643501953e+00
2.746856567059881460e+00
2.713091594472991641e+00
2.736525168895766136e+00
2.750411969142077417e+00
2.741958971246652776e+00
2.758613601068478971e+00
2.800390865575732136e+00
2.869432522294260046e+00
2.948670378323083874e+00
3.054730593685800244e+00
3.005050082777323439e+00
2.953644020527863123e+00
2.953357750087178601e+00
2.925380488073303198e+00
2.907216366217003856e+00
2.926793808931541285e+00
2.920010445186797643e+00
2.915891115936945166e+00
2.939813939690740785e+00
2.955764875628641430e+00
2.902475667425998829e+00
2.904639392420339750e+00
2.958335004694363946e+00
2.840284844870317293e+00
2.791909382483607871e+00
2.938459630486694341e+00
2.869778040197533464e+00
2.846980330104161183e+00
2.909180125052416965e+00
2.822932340669892959e+00
2.757901194749369012e+00
2.674860370187573277e+00
2.808760758768892085e+00
2.886166315374080416e+00
2.823955559140404858e+00
2.774548611936723752e+00
2.782137847052154278e+00
2.737663785054694987e+00
2.814000888414927015e+00
2.805009447399419820e+00
2.843419244501240062e+00
2.803037281236195000e+00
2.883563247095509929e+00
2.961066193113554235e+00
3.005511936426138675e+00
2.956027740059284703e+00
2.904825468078934048e+00
2.933506775175404258e+00
2.847879737629383179e+00
2.759024646501006206e+00
2.767955924504579279e+00
2.774438681967939857e+00
2.828624047129629115e+00
2.782394292691098503e+00
2.783599468314362113e+00
2.726988265467968464e+00
2.803448055520202153e+00
2.769239787378478646e+00
2.729593009955880056e+00
2.735481493265856212e+00
2.807411797367817652e+00
2.836546491774813550e+00
2.825190613038348175e+00
2.769096784151828583e+00
2.705051200994169402e+00
2.762123458500723938e+00
2.733432091711809786e+00
2.768988443457285786e+00
2.809365408771169914e+00
2.809342093800610396e+00
2.787794289397982350e+00
2.774463191321881350e+00
2.815884585703043452e+00
2.766360424818139485e+00
2.864532422577897641e+00
2.849012986983387119e+00
2.943622598092356935e+00
2.907141723411502454e+00
2.886650307882824062e+00
2.737189251769048148e+00
2.740063685391272319e+00
2.691617171887562332e+00
2.820848099419747346e+00
2.857796003916305061e+00
2.943470910336977830e+00
2.943992866839184597e+00
2.869522085644228060e+00
2.905139239348090818e+00
2.908872805744521450e+00
2.932469437180889038e+00
2.936605012595327135e+00
2.787620311304967124e+00
2.795664858311882828e+00
2.761065193000701523e+00
2.800917885265471252e+00
2.842847867895853309e+00
2.919148505985948550e+00
2.888310405756278954e+00
2.898496334308533040e+00
2.874667459028956706e+00
2.822337152078043587e+00
2.852808616083455373e+00
2.765094754253459186e+00
2.732882361171076635e+00
2.799850888886763922e+00
2.813464945578671994e+00
2.864266398224857735e+00
2.872752338785924398e+00
2.880849006803375634e+00
2.835755631220715944e+00
2.801058728409671073e+00
2.789419652902732416e+00
2.854429540205888571e+00
2.867716338831300504e+00
2.729255392959771598e+00
2.794615715979569259e+00
2.888115475530713461e+00
2.923177722958355762e+00
3.008763533413684854e+00
2.981087888674200492e+00
2.949296356760371385e+00
2.916452982648614967e+00
2.871684174835387182e+00
2.785469619292229915e+00
2.795319123105624914e+00
2.729195669057094431e+00
2.717621938386574509e+00
2.691996099551408950e+00
2.775335295058959151e+00
2.750750443060947070e+00
2.724938714907180426e+00
2.686495486688931678e+00
2.694581600174691172e+00
2.705115154665324262e+00
2.764363760433854900e+00
2.776155795340024213e+00
2.766883626031278798e+00
2.816365033158877207e+00
2.872936650885292043e+00
2.828273855198608189e+00
2.807815699079980298e+00
2.847793180692727244e+00
2.845296118157124354e+00
2.807846505776268486e+00
2.759460273314330081e+00
2.784953320973261981e+00
2.766585982759256712e+00
2.724777789105012449e+00
2.791811240037549879e+00
2.797912436085160603e+00
2.827007251494059847e+00
2.843710955775921256e+00
2.831015012323318647e+00
2.712597648011956686e+00
2.704066197414552786e+00
2.673566157775042029e+00
2.778215434411089646e+00
2.763014657941575081e+00
2.716399455161188747e+00
2.734187447853566155e+00
2.769304064200968085e+00
2.902344052658127005e+00
2.904740091643313260e+00
2.879313286184745913e+00
2.822731478550519757e+00
2.883742186812128683e+00
2.935511199092927459e+00
2.846321485707473897e+00
2.807420346154098745e+00
2.828171317300280041e+00
2.853308430576687371e+00
2.918978245893586454e+00
2.917428662366914338e+00
2.860432659581413795e+00
2.923736992275468349e+00
2.922285578104918624e+00
2.909790026788874773e+00
2.907054007066260493e+00
2.901170970487606304e+00
2.889404956041987660e+00
2.836471399468008414e+00
2.788803506882476135e+00
2.783046711789077587e+00
2.810975987090604811e+00
2.910779448876194664e+00
2.879080582408210631e+00
2.871010100992332337e+00
2.812559332707490256e+00
2.780960445601483144e+00
2.731594040116503308e+00
2.724506193789986153e+00
2.813915066237785645e+00
2.784082793309135440e+00
2.704016457050510969e+00
2.709321132682502409e+00
2.744865934795358786e+00
2.830229672659093421e+00
2.824757334710364276e+00
2.882101663716948092e+00
2.993116101991368350e+00
2.931114634401049468e+00
2.873061433384256791e+00
2.899833615916609819e+00
2.935019761432621443e+00
2.882980575723672612e+00
2.837766727551790158e+00
2.863769718395667407e+00
2.816569899718450287e+00
2.808061787069508153e+00
2.780233443436000318e+00
2.775407177334526132e+00
2.788911257103746433e+00
2.895867572939066381e+00
2.980606817411515230e+00
2.911676149574330630e+00
2.890450137954294174e+00
2.867390451264006490e+00
2.809698204434063928e+00
2.791148509126664123e+00
2.710573371078525362e+00
2.703217712282900642e+00
2.826705679762221646e+00
2.737283690084021615e+00
2.756329987501496159e+00
2.827509328012906664e+00
2.866326220094286725e+00
2.818302503281008953e+00
2.845512607598145394e+00
2.884516770622073789e+00
2.861476192457312884e+00
2.907890816382210808e+00
2.890987720485854950e+00
2.905592882700534396e+00
2.856156508316727294e+00
2.807775988215583496e+00
2.759407363909866628e+00
2.769717133571585777e+00
2.850579063979809202e+00
2.911718049537077579e+00
2.879411224538794833e+00
2.853214502977299727e+00
2.865661703690789874e+00
2.808533247088237594e+00
2.769622356928828744e+00
2.720340603674473723e+00
2.729095454541669241e+00
2.726119769929413739e+00
2.782635621133317194e+00
2.747914118017519058e+00
2.782450179248497690e+00
2.763099889616732252e+00
2.802825360239200148e+00
2.804588561625394050e+00
2.804615838220985591e+00
2.834484256438902783e+00
2.900763692547188022e+00
2.846647501887088261e+00
2.978516577090012163e+00
2.866460884086856176e+00
2.920678345864193393e+00
2.844377963632822581e+00
2.922825003314430514e+00
2.797836664281887931e+00
2.701817166279021354e+00
2.762915489116523293e+00
2.832774964588609556e+00
2.868778311407139014e+00
2.875516996993757957e+00
2.916864926594990859e+00
2.884187927302934717e+00
2.835205283572954205e+00
2.866180908456408272e+00
2.894187450736389611e+00
2.878862622634154267e+00
2.901607313197290594e+00
2.934525856079649664e+00
2.957301810772786421e+00
2.895215536018001412e+00
2.889598588039522742e+00
2.913340007620119465e+00
2.882395704964881844e+00
2.846299527456659373e+00
2.829302564237341944e+00
2.777000900251924254e+00
2.798657535319389211e+00
2.819086022100071087e+00
2.694852315062923331e+00
2.731777077288701339e+00
2.738538661403194574e+00
2.727470073163039910e+00
2.758075415937714769e+00
2.713094543137042791e+00
2.838316050055032402e+00
2.887179419433437477e+00
2.958931563926411989e+00
2.918617823559637614e+00
2.811192985193297300e+00
2.712941208356716594e+00
2.754679110168732237e+00
2.774310364757339276e+00
2.738921503073792341e+00
2.826113231984876073e+00
2.877618633523212122e+00
2.815574896890508771e+00
2.764820970695932356e+00
2.740648828288658745e+00
2.784331158465171097e+00
2.831433559171042891e+00
2.743320068821719193e+00
2.831431793280565934e+00
2.772452704736367846e+00
2.698499397813532319e+00
2.728328609240462832e+00
2.745743068824904043e+00
2.796101214190931383e+00
2.829178149215774596e+00
2.845839946307592516e+00
2.785060322506498487e+00
2.832603925719231697e+00
2.770858531213746367e+00
2.690004089216222471e+00
2.713620644084210110e+00
2.780380189830160997e+00
2.897991373348098421e+00
2.924144148293650769e+00
2.945333597404545589e+00
2.888776384561463573e+00
2.808642020621353375e+00
2.863806906898578308e+00
2.930330186173564666e+00
2.867442414417419538e+00
2.881798917343123989e+00
2.909974742158426331e+00
2.851227981063597205e+00
2.814054370476874567e+00
2.901485481611100870e+00
2.915689112371207425e+00
2.858689559920769341e+00
2.828654450441057566e+00
2.841434496869494897e+00
2.911400006869546697e+00
2.904095384108449363e+00
2.898338489548796471e+00
2.939988095213992292e+00
2.894022460175456946e+00
2.867126435998244904e+00
2.771106999016818673e+00
2.863323069442217594e+00
2.955112349810071315e+00
2.846885666829632733e+00
2.794531266599105557e+00
2.857026776213341446e+00
2.936339558021176632e+00
2.894876854030236757e+00
2.948156033862522563e+00
2.931805757549432290e+00
2.918554779338568217e+00
2.878089991643764112e+00
2.874809732834505027e+00
2.825521013901683531e+00
2.753560967184129904e+00
2.704592205860247400e+00
2.777885706792128317e+00
2.764232985838928958e+00
2.782207397014104799e+00
2.739305751463315453e+00
2.757649180008218348e+00
2.803559166488197807e+00
2.801556888588914607e+00
2.797311209000528986e+00
2.799440301203082182e+00
2.704207462455497257e+00
2.807405563861409714e+00
2.879118441467804601e+00
2.903476536843375033e+00
2.828324238838255233e+00
2.849567160113970488e+00
2.803593943494670615e+00
2.734269920838102053e+00
2.773563411930579647e+00
2.834057338869487186e+00
2.828296660536160356e+00
2.795903610641826020e+00
2.763641619313184083e+00
2.737791263043988899e+00
2.816060013565051978e+00
2.932196105310830081e+00
2.899232484641409258e+00
2.920051198181292218e+00
2.902736123039777905e+00
2.844678013413819873e+00
2.796950839753891138e+00
2.813116776815352882e+00
2.816952431263261225e+00
2.738461977095902444e+00
2.840479008899731372e+00
2.862973454295376641e+00
2.860502403424964868e+00
2.873560509194125423e+00
2.825475889120273809e+00
2.839395886451905326e+00
2.876251205997140126e+00
2.914838932085270784e+00
2.874385325595718133e+00
2.847805822032113188e+00
2.863148616471034913e+00
2.862762477049048293e+00
2.874738422883027944e+00
2.754324055008778416e+00
2.738543043298753421e+00
2.754665496934246782e+00
2.748954346656196979e+00
2.741522569668175979e+00
2.736294026598749873e+00
2.750355067986677504e+00
2.791716497067709302e+00
2.756666646513501906e+00
2.750085635030298015e+00
2.794326573613040932e+00
2.734178487224269816e+00
2.786217507661596482e+00
2.728411992350128656e+00
2.766986085978750065e+00
2.771360676635215015e+00
2.809241890617466986e+00
2.768496162179026499e+00
2.739747798612127472e+00
2.692999443000313686e+00
2.751040893916337104e+00
2.779372051381391096e+00
2.779291276566743907e+00
2.812260834275511989e+00
2.782509658563649957e+00
2.836936551987019328e+00
2.869622449034018974e+00
2.869547351064275720e+00
2.873371016767587438e+00
2.885747390192010986e+00
2.881747733581133453e+00
2.848293173112627308e+00
2.878964744487157112e+00
2.804768083104198340e+00
2.840618418584234917e+00
2.875644971132563121e+00
2.881040957709556594e+00
2.900387560309828139e+00
2.863187908608165078e+00
2.933356780209321890e+00
2.956722171594754478e+00
2.867773700974328932e+00
2.929982593804953517e+00
2.850866184162279993e+00
2.821217644918590839e+00
2.859638788378700003e+00
2.862293835370505413e+00
2.890412600304669510e+00
2.819442675423637912e+00
2.740615624271305784e+00
2.774554558843635998e+00
2.875528820930160379e+00
2.897644733227315861e+00
2.869109095172227786e+00
2.830561958339721240e+00
2.859319674328143712e+00
2.896025207072618457e+00
2.834106031890832433e+00
2.791056251672474176e+00
2.864650240430758110e+00
2.900089653786586119e+00
2.823024796207075582e+00
2.837004053574827545e+00
2.887067197001136343e+00
2.846508387481055280e+00
2.810153910375729147e+00
2.843169182444126086e+00
2.789169410415939243e+00
2.711140166055602929e+00
2.724426728689909538e+00
2.777059776094133348e+00
2.751597899403181557e+00
2.764835257298344118e+00
2.748479033938589389e+00
2.785846549973634012e+00
2.782977003138904504e+00
2.796275022239407271e+00
2.778309737952196379e+00
2.809131716384975608e+00
2.803403110506942131e+00
2.864904884983094924e+00
2.858622570399946827e+00
2.880837725384753689e+00
2.886706081332147011e+00
2.870984151819720331e+00
2.927888659085246204e+00
2.877280313073441231e+00
2.857272125647118077e+00
2.829441994457564391e+00
2.871990424775124673e+00
2.880929537493064352e+00
2.760305961302115918e+00
2.766523811572927372e+00
2.812301015183119368e+00
2.798347548107632754e+00
2.750310164326926099e+00
2.733094034240314940e+00
2.807699057947628862e+00
2.840008802803259513e+00
2.845960294874122276e+00
2.829637609306181023e+00
2.842220610719723872e+00
2.850490133292869377e+00
2.883771488866619492e+00
2.806603819565561597e+00
2.743111736696119074e+00
2.761471165882417367e+00
2.778335832832308672e+00
2.798040385698534305e+00
2.729032978913959795e+00
2.783265887406375594e+00
2.775081620421279816e+00
2.747959970596369317e+00
2.742469325261451374e+00
2.722881010988177586e+00
2.780068704187002915e+00
2.847738400906937528e+00
2.839337422709741876e+00
2.863007160312387001e+00
2.862374888095548187e+00
2.888455642726749595e+00
2.911585478738345500e+00
2.893382276851782287e+00
2.862050314023148356e+00
2.865009075029257168e+00
2.858873029709434022e+00
2.904919620230480781e+00
2.894114026779180726e+00
2.910792675543897534e+00
2.948448066356264885e+00
2.936407839520934093e+00
2.859221747259208968e+00
2.909158469385950241e+00
2.890070760379406689e+00
2.928462395182837685e+00
2.886087663256263980e+00
2.857697499736457480e+00
2.820028368651635198e+00
2.831620384161690929e+00
2.817127260171254921e+00
2.838245408698832239e+00
2.869345221474753238e+00
2.902385742798500257e+00
2.890947768466251677e+00
2.847833738124471381e+00
2.814005863533337148e+00
2.775148464496989931e+00
2.753098254694154701e+00
2.732343499635432327e+00
2.785082763581721910e+00
2.898439235174682604e+00
2.790928698480131143e+00
2.765180825913560625e+00
2.797161597047979065e+00
2.883161806073325284e+00
2.887060096361002248e+00
2.880972578835140574e+00
2.900633896237165832e+00
2.833090715102501100e+00
2.908894463537651465e+00
2.888416174999718145e+00
2.906562230539714076e+00
2.949080704219537274e+00
2.862740819564355998e+00
2.880398236355521391e+00
2.950040338707252463e+00
2.915202222831204448e+00
2.877328795949465334e+00
2.916030349636299590e+00
2.887807126523514789e+00
2.914963464608089971e+00
2.853341199366105307e+00
2.809996085406526234e+00
2.791210490092067342e+00
2.727429925772612673e+00
2.718885433408329444e+00
2.692584817605566894e+00
2.740654483877892567e+00
2.755878262913657561e+00
2.809065680969385692e+00
2.879384309188337099e+00
2.917534061497825792e+00
2.930211084546640254e+00
2.860467444317449370e+00
2.836011459779385735e+00
2.802075659221213932e+00
2.795066188840614974e+00
2.881819217091870389e+00
2.878079394318370898e+00
2.872700645733906377e+00
2.816706409976020176e+00
2.798573386566806320e+00
2.809987544456380881e+00
2.878035441060446065e+00
2.911356213176257590e+00
2.878809649837932749e+00
2.927936816258164487e+00
2.917670474882315901e+00
2.912547167000047121e+00
2.787825317339664100e+00
2.713053261548692419e+00
2.734574372731522818e+00
2.782953467092111222e+00
2.667846134993546059e+00
2.681213531220517865e+00
2.745013296871255726e+00
2.758221528449083859e+00
2.753066108904760778e+00
2.728582049343577509e+00
2.798345761338294047e+00
2.806823827745517530e+00
2.779608065897061220e+00
2.698646697883959611e+00
2.733923371274330272e+00
2.786689254294421048e+00
2.735296144844283628e+00
2.675307272071752340e+00
2.714416696087762482e+00
2.760795899736161019e+00
2.789111686541075663e+00
2.772056997971001913e+00
2.837541189128362618e+00
2.842762213059685017e+00
2.946771962673732759e+00
2.940074999043391202e+00
2.873781654893078574e+00
2.894135622254077944e+00
2.783340978033413737e+00
2.793371260681258406e+00
2.818578542457173430e+00
2.808825733291405502e+00
2.780634100344740123e+00
2.799628546789734163e+00
2.850242094980705243e+00
2.939637052426710806e+00
2.889997577853656185e+00
2.928884087839598749e+00
2.889530411675917954e+00
2.868860575211001684e+00
2.824072591135008192e+00
2.800838624412337996e+00
2.813219330233602822e+00
2.778440029944861056e+00
2.844644793291422502e+00
2.902107682357772500e+00
2.929082108784252014e+00
