4.840571660454991765e+00
4.307337576740415841e+00
3.931036122957915158e+00
3.334592778736257923e+00
3.228795750740513615e+00
2.792610606583022737e+00
2.840144538575458011e+00
2.787830339170588534e+00
3.027072182819563917e+00
2.767321629301516595e+00
2.711072297080991067e+00
2.745636538218414469e+00
2.923135474109949783e+00
2.741181132285861910e+00
2.780043884545710053e+00
2.857173603405995355e+00
2.757350358587026040e+00
2.703429303680790152e+00
2.854047126450437233e+00
2.861581555713553104e+00
2.975023193186904003e+00
3.035334248480717090e+00
2.873777131233387294e+00
2.836010049347498452e+00
2.822189398321806486e+00
2.890439066993110373e+00
2.876161852191215118e+00
2.848492232743491392e+00
2.936180341872753452e+00
2.892429601563363928e+00
2.938067562191176041e+00
2.887844351761361672e+00
2.733816380081149688e+00
2.790998925116238816e+00
2.957767063174515876e+00
3.110115914238567481e+00
2.722350822359234535e+00
2.740634233165746725e+00
2.805310321515250394e+00
2.762844548649091347e+00
2.707861333229602430e+00
2.839047903787465188e+00
2.892596238675559928e+00
2.867317387384940020e+00
2.824895396293462646e+00
2.907074474450216162e+00
2.824213341799801213e+00
2.806395196689162042e+00
2.902054961574642267e+00
2.921147206150350506e+00
2.960004560807297125e+00
2.853769612284775548e+00
2.770229051901665240e+00
2.952297579852003917e+00
2.879530170010378143e+00
2.951337662823418473e+00
2.787723264601420503e+00
2.712376633139284454e+00
3.000964178393338067e+00
2.728015579134400959e+00
2.686409127441313771e+00
2.948120757363917654e+00
2.728065065206473072e+00
2.858180190260929621e+00
2.735225219246123274e+00
2.774043979463916010e+00
2.905402898050457594e+00
2.735580011624591634e+00
2.884501516726936998e+00
2.794690143826323858e+00
2.753475803416474577e+00
2.875109389223303946e+00
2.923360053089595567e+00
2.770682406917111873e+00
2.746544920440952442e+00
2.779952877298462077e+00
2.792874146824378290e+00
2.757705930660482530e+00
2.911990728007216589e+00
2.869336682928651960e+00
3.093784898793062954e+00
3.101419674923083125e+00
2.915718950790696873e+00
2.906170504289106837e+00
2.994079825255165250e+00
2.723081526506322181e+00
2.667357868753272854e+00
2.947771700793669236e+00
2.693368337231281995e+00
2.917314689916054249e+00
2.867753999212624194e+00
2.892612659863052382e+00
2.827427452650199680e+00
2.879905727623736311e+00
2.732378634084229763e+00
2.968705610194449118e+00
2.736545450015402281e+00
2.714532924832557814e+00
2.777715248185097963e+00
2.885719494337590785e+00
2.861653368247105256e+00
2.791285546123864147e+00
2.965392554114885115e+00
2.988531579220805146e+00
2.946861041854535568e+00
2.797773757829607355e+00
2.909956700708792532e+00
2.790971873738608000e+00
2.838936772807735487e+00
2.792607741878547323e+00
2.994682954838459032e+00
2.847242350064356664e+00
2.814369556401575601e+00
3.005040598727410917e+00
2.760664593897635744e+00
2.808859733058950425e+00
2.940125507525146453e+00
2.703751098011797360e+00
2.836767879118768931e+00
2.825538709697674733e+00
2.620023854853233747e+00
2.744816751624778561e+00
2.775122519817818656e+00
5.973458211120255434e+00
2.758456633699359006e+00
2.825341572270510415e+00
2.777138995441171598e+00
2.716487621911795269e+00
2.839778864630131849e+00
3.127901852680162964e+00
2.915402030595437122e+00
2.711379169352748253e+00
2.753956789784473003e+00
2.849002983501422115e+00
2.705172822575297342e+00
2.817781574217561147e+00
2.603172295488717758e+00
2.828832444666880885e+00
2.771776866921289439e+00
2.998410412201771624e+00
2.867340928456189264e+00
2.877617243484616338e+00
2.759437805061023763e+00
2.688229342894686624e+00
2.816283543963569169e+00
2.829995229677958690e+00
3.125171515293200919e+00
2.931716391467633187e+00
2.939637732782732105e+00
2.864815002753231976e+00
2.856252964987520127e+00
2.950223042415607289e+00
2.685833204054190571e+00
2.823959454383154100e+00
2.916823786244208350e+00
2.996733054511195427e+00
2.918345250308811423e+00
2.822645036131890439e+00
2.835307919785785558e+00
2.842366971381421692e+00
2.935778942631750876e+00
2.706188833026992757e+00
2.852626509026374269e+00
2.903150185574284059e+00
2.893427379423924695e+00
2.729044155011053796e+00
2.724169047618007600e+00
2.747297035269394172e+00
2.886260902967713093e+00
2.686053796929614546e+00
2.872015320293400453e+00
2.745232594881533483e+00
2.739710568655017386e+00
2.855960959116913944e+00
2.786802648197392429e+00
2.878401813506933138e+00
2.819556702746018217e+00
2.892987728975012107e+00
3.009460084466979435e+00
2.770323627304217773e+00
2.894848527988985953e+00
2.763550433771745141e+00
2.669928088919250708e+00
2.753889431331621562e+00
2.866676124015407279e+00
2.786588415966735344e+00
2.894561452102891508e+00
2.798812069432315752e+00
2.830612301252151131e+00
2.751083059451313595e+00
2.748657490485127308e+00
2.776397846130845615e+00
2.876215047592929785e+00
2.871391474529378485e+00
2.762897935139841721e+00
2.757852062747383926e+00
2.907561521275173089e+00
3.024100858106422596e+00
2.822155913481747991e+00
2.898681769356547200e+00
3.324995639094884492e+00
3.505349340650657286e+00
3.069991042332208320e+00
2.947802232172300307e+00
2.945361777439233109e+00
2.891748778853377999e+00
2.905969717667408414e+00
2.919553733021538200e+00
2.829749282180313852e+00
5.695581181933938808e+00
3.027938407563799839e+00
2.863893503606584900e+00
2.971078423737750995e+00
2.739186010478295685e+00
2.801666289906776353e+00
3.326975052506405461e+00
2.710789921775570210e+00
2.789401907219538845e+00
2.856747276186677453e+00
2.785665809102018109e+00
2.672933033205284303e+00
2.857297499386439732e+00
2.911882380866370301e+00
2.853861594401522428e+00
2.917395070949425406e+00
2.799731058512584525e+00
2.741035753141501718e+00
2.808842288203450721e+00
5.778538569569299455e+00
2.758811519477181839e+00
2.903730187190263656e+00
2.783725201955106421e+00
2.944733264660824634e+00
6.110207361456728492e+00
2.864550575570275814e+00
2.695404236844632706e+00
2.834988712499574959e+00
3.096843715785477347e+00
2.638948464824578455e+00
2.856591675406199737e+00
2.717657263158840486e+00
2.869342433380861035e+00
3.029482794141601154e+00
2.733378312638043539e+00
2.891573447104534456e+00
2.858512900093333808e+00
2.873808274746247005e+00
3.013169759572135398e+00
2.772627814907727029e+00
2.780707463937909463e+00
2.933333428030301615e+00
2.877246252930047543e+00
6.072030797023348470e+00
6.112033376872218149e+00
2.828817774265426355e+00
2.749161508533102261e+00
5.460005860802715993e+00
2.924285553772065782e+00
6.018101444807988365e+00
2.835125746770326138e+00
2.898230667148493200e+00
5.852942336978896876e+00
5.930253535895408490e+00
2.797800028593894872e+00
2.898572407237742343e+00
2.883594458310668518e+00
6.039643449741053161e+00
2.445199991820709684e+00
6.167654740661153490e+00
2.772407076891848288e+00
2.922225521755636102e+00
2.953736108727385901e+00
2.975436270532441085e+00
2.863124342392415311e+00
2.778208775452269297e+00
2.784962118234286077e+00
2.767742220655673435e+00
2.891619096630813068e+00
5.826798520628630129e+00
2.820340759553710441e+00
5.952730045953705584e+00
2.851505917931786538e+00
2.907384219534804082e+00
2.678528513941937028e+00
2.838176174940519658e+00
2.802559009191420980e+00
2.823123624639912954e+00
2.904135327425359847e+00
2.950198976340409729e+00
2.763853831156778185e+00
2.743117387207481439e+00
2.852646665817552663e+00
2.839026065396371035e+00
2.840265128469523503e+00
2.785649654927913055e+00
2.883709590093981756e+00
2.901348824253988212e+00
6.160479932602654252e+00
2.799835173720052417e+00
2.888843886401617045e+00
2.855078983145650007e+00
6.052811330282812818e+00
6.088298120164616023e+00
2.738379265185887146e+00
6.213146304409707277e+00
6.078895952391354385e+00
2.833443311591040459e+00
3.052932033308307869e+00
2.877050920647738597e+00
2.767395345808039586e+00
2.853286701332342634e+00
2.847692047957432582e+00
2.767436539471140211e+00
2.799406544251834994e+00
2.914214988637591652e+00
2.875561510383667585e+00
5.717607191824215285e+00
2.779021050657946912e+00
5.866826569790520196e+00
2.946717156430185725e+00
2.994774281978526353e+00
2.886898335584403341e+00
5.824061555306571769e+00
5.964182005941803588e+00
2.730843459446184340e+00
2.840072006129422011e+00
2.984434452287401118e+00
6.159736114477632363e+00
2.740069707142502864e+00
2.768612287771619496e+00
2.735074770458752802e+00
2.767828029339973295e+00
2.738264779016082784e+00
2.836171715534868465e+00
2.970944294327984014e+00
2.837411143983190165e+00
2.795901643477467058e+00
2.985856995905865396e+00
2.789855551816258661e+00
2.922822095167613821e+00
2.857269675756910932e+00
2.796610448382112146e+00
2.951745415851441567e+00
2.806723000226420961e+00
2.868400425324191261e+00
2.786762458481167215e+00
2.687560417925520362e+00
2.845215106103579306e+00
2.703556546477250411e+00
2.788377664521073829e+00
2.869671409761055170e+00
2.851003507539055626e+00
3.050139832860125910e+00
2.838450281403568365e+00
2.655092465433171789e+00
2.889607931882800518e+00
2.818597878378539257e+00
5.671795659224685870e+00
5.346965681580535090e+00
5.769558475308141254e+00
6.068346809469610470e+00
2.772036435546978428e+00
6.003553697602779238e+00
5.895893486147794960e+00
2.703382140948630497e+00
5.914904986557265154e+00
2.968816767670244605e+00
5.984129176413223838e+00
6.210475344126244579e+00
2.803611242665430048e+00
5.933035479415237567e+00
3.008910101681337768e+00
2.819510950501878277e+00
2.949945931707901980e+00
2.783758969451198606e+00
2.966133847283361824e+00
2.817412642833846625e+00
2.920233381084463620e+00
3.155976869370242799e+00
2.970482789042885319e+00
3.096376915041191058e+00
2.840855152942507456e+00
2.788457100261720445e+00
2.852525021800860205e+00
2.830541114345452858e+00
2.744884150560821023e+00
2.974472390189561111e+00
2.772025072036687021e+00
2.842134761055498782e+00
2.873621234609739172e+00
3.036972834913081787e+00
2.858198208662233064e+00
6.026906503339835020e+00
5.843438285804000820e+00
2.742900836705548961e+00
3.211178599829041413e+00
5.564873493620497769e+00
5.817079851609396890e+00
5.712889461559710114e+00
5.603086381629323931e+00
2.857603541431176009e+00
2.951238892397563873e+00
2.902177113823344978e+00
2.806680067268088052e+00
2.723903449096535034e+00
2.832704008540250395e+00
2.734179767315968679e+00
2.852485582785651896e+00
