4.859586505043407278e+00
4.796847923376350131e+00
4.845987721816884530e+00
4.806027673661482424e+00
4.755219237848029579e+00
4.739889133724543235e+00
4.676912015422141522e+00
4.658684041658117003e+00
4.616793042794966162e+00
4.634558123489228798e+00
4.681244706272040368e+00
4.662149933238955768e+00
4.655207514171628702e+00
4.622251940342500198e+00
4.573183683168652536e+00
4.647570870895891382e+00
4.639424317735984182e+00
4.625895913225890332e+00
4.575195514947967723e+00
4.534915765480104888e+00
4.440221841304778927e+00
4.472893135320807012e+00
4.479023442671404176e+00
4.548359814262719070e+00
4.488270268154537668e+00
4.389830406746939140e+00
4.434207369981697511e+00
4.421708493331508727e+00
4.444010126001065153e+00
4.375055999641604743e+00
4.548720369510529160e+00
4.533981032161471525e+00
4.562966688460480924e+00
4.361413876256184707e+00
4.563592992369061463e+00
4.402153223139785077e+00
4.408260201031694692e+00
4.519163086236210880e+00
4.408018829360872637e+00
4.514018830266440574e+00
4.479048336421476151e+00
4.446932988026691014e+00
4.437482619684273821e+00
4.449895392028895280e+00
4.566064607514878304e+00
4.663339897541246337e+00
4.509395303142096800e+00
4.377219437039911121e+00
4.298014774288240858e+00
4.311891696228002502e+00
4.306007895951887043e+00
4.307202920689945813e+00
4.339770731271411108e+00
4.054006660083330438e+00
4.035051052960793250e+00
4.071178821913870038e+00
4.443610919061208087e+00
4.413903714400666978e+00
4.429813652965551185e+00
4.393547086352894482e+00
4.379297660584400731e+00
4.298409124315646146e+00
4.288873744935842502e+00
4.298801460872553548e+00
4.325133639553811804e+00
4.266800323427380803e+00
4.305844516468284588e+00
4.345453371053474179e+00
4.346807334124667577e+00
4.320874911403938867e+00
4.330577213259220848e+00
3.975631144862410871e+00
3.966178639446286791e+00
3.953680943121232527e+00
3.962474479413085060e+00
3.962625770874660613e+00
3.909981585634387802e+00
3.927804730380572096e+00
3.960791082599535606e+00
3.999011502859175948e+00
4.054577783197654384e+00
4.065703383179840813e+00
4.081220773249102152e+00
4.089691430902825608e+00
4.048354480526625387e+00
4.019980845725512175e+00
3.998198344254571879e+00
3.989347189704099961e+00
3.994471804882343324e+00
4.007325791597184050e+00
4.006483869928843866e+00
3.978290461994950178e+00
3.928181385832379746e+00
3.874102734827769012e+00
3.909277426839901093e+00
3.946138492247832641e+00
3.947212940797595770e+00
3.892351859737246400e+00
3.831225521944642942e+00
3.771036992658650444e+00
3.742863208828235866e+00
3.720629382241666061e+00
3.669275405308246363e+00
3.568216080900931342e+00
3.486797097624121822e+00
3.460626099421895141e+00
3.489635224489803011e+00
3.500142997078833584e+00
3.426799235438224400e+00
3.437479745394872666e+00
3.397306138692832267e+00
3.426484058039669822e+00
3.389679040853277758e+00
3.397792518680326612e+00
3.413046439766092455e+00
3.391816180160711180e+00
3.425063649043620373e+00
3.408503777319308981e+00
3.407821738295593761e+00
3.412010257897827081e+00
3.327245256965587483e+00
3.298731422835147864e+00
3.310892628884241073e+00
3.273671639001077605e+00
3.303773902675544605e+00
3.275879881802749694e+00
3.228050495268003139e+00
3.194542220725843151e+00
3.214450652911007733e+00
3.167344155597872746e+00
3.182384954715566483e+00
3.099220708500767696e+00
3.063889358315668332e+00
3.025877228176979017e+00
2.954887645918199190e+00
2.917131124923938224e+00
2.826730620345702327e+00
2.755725857192620420e+00
2.727873347499842893e+00
2.729139974424177773e+00
2.751507405041825560e+00
2.789621121227755296e+00
2.780344582960895927e+00
2.750983824016418833e+00
2.691187470244315261e+00
2.721839267848122024e+00
2.690345888542958086e+00
2.718104854489612698e+00
2.762986246798923684e+00
2.788007532271030708e+00
2.696906561228994192e+00
2.750424512688904866e+00
2.715611349217704085e+00
2.758336455184537073e+00
2.699783324639219995e+00
2.736848918007714904e+00
2.717750724404282003e+00
2.739609826234385093e+00
2.700597156186016257e+00
2.718702815682508600e+00
2.718235089170912833e+00
2.756205725267981688e+00
2.777253499412684068e+00
2.756422500270958142e+00
2.765544250233577639e+00
2.806480714346706318e+00
2.726400374119692493e+00
2.708576378838152721e+00
2.727081590271915434e+00
2.765614036701434131e+00
2.769312369524247419e+00
2.717416052061222054e+00
2.805976657066127977e+00
2.856930345668231563e+00
2.822503498669222566e+00
2.789216556669631863e+00
2.795678629599618326e+00
2.727066005801840110e+00
2.739105876011367346e+00
2.731429113120089180e+00
2.726803623292297196e+00
2.757146894889715760e+00
2.799130043424206349e+00
2.712624190705376304e+00
2.727052804769281025e+00
2.759594354248464221e+00
2.762940643589723688e+00
2.750019818110407410e+00
2.712031895092681388e+00
2.777950503518735736e+00
2.766459650889562916e+00
2.749983818134208224e+00
2.723873345073151597e+00
2.731281384259043765e+00
2.723576325348713301e+00
2.705953436406472790e+00
2.754021241748146664e+00
2.779617779479761186e+00
2.803255607325168430e+00
2.698568879980646429e+00
2.767894687302968837e+00
2.781199201783288277e+00
2.741733940410702619e+00
2.743750353075147697e+00
2.788504437866291763e+00
2.820029255167400439e+00
2.851128548487423142e+00
2.739082693165724613e+00
2.732984266328659206e+00
2.759227428103743662e+00
2.757718078411932172e+00
2.727739357050082525e+00
2.766142078780480684e+00
2.720597912224443693e+00
2.717669773905579067e+00
2.752890480930906492e+00
2.690884241285752321e+00
2.743452933804405358e+00
2.680497155379949703e+00
2.722400778724543002e+00
2.737313646625099572e+00
2.701850291929588366e+00
2.671734642512238356e+00
2.727112208912570335e+00
2.763465035060150843e+00
2.711901546885505887e+00
2.719363160741867791e+00
2.791199204643050713e+00
2.731176120282249986e+00
2.713276985491898330e+00
2.767873371380995984e+00
2.712574422942161778e+00
2.855151309475559174e+00
2.844650769426714465e+00
2.762435338609756208e+00
2.765894791925390006e+00
2.722809027456755349e+00
2.744277864940064759e+00
2.758068345781155895e+00
2.809293327511386273e+00
2.843128734334764207e+00
2.866289064278060739e+00
2.908036279003409774e+00
2.888813251146566952e+00
2.917778778454596988e+00
2.964855983011653429e+00
2.921906398227020141e+00
2.904981239182105046e+00
2.936335982138283285e+00
2.892295628043578759e+00
2.819215848423103576e+00
2.819095599656031403e+00
2.830668472287067861e+00
2.820664815251893831e+00
2.804006776026048975e+00
2.811922118409398763e+00
2.790454622458498068e+00
2.742556836238767559e+00
2.714432168981203652e+00
2.766362774474815822e+00
2.708361312675988231e+00
2.753898509386284221e+00
2.769034669338757304e+00
2.706875135649962516e+00
2.733862103325623405e+00
2.684108045515306795e+00
2.731976756855738486e+00
2.784068425883243325e+00
2.780690741524487475e+00
2.755008892907607088e+00
2.787943148631263135e+00
2.752851067529807683e+00
2.759425483683153324e+00
2.723248244284754982e+00
2.728606604111336598e+00
2.740797146816962293e+00
2.786347609326589314e+00
2.787907279663367710e+00
2.803332659532221882e+00
2.779585040972842869e+00
2.858157098551442399e+00
2.887951003739502642e+00
2.931193272372192293e+00
2.955055837035909239e+00
2.967817716774397763e+00
2.891521053009990183e+00
2.883002774885934816e+00
2.930012969254573552e+00
2.902840333190924937e+00
2.858792402396508336e+00
2.799982499945311787e+00
2.776478344954269151e+00
2.735421356939365278e+00
2.704723460910560817e+00
2.679039006808225043e+00
2.750748807143247543e+00
2.796689650282991213e+00
2.836251751872530313e+00
2.814915629286249388e+00
2.738132392708577445e+00
2.794902860565998015e+00
2.859662392661064256e+00
2.889899133187869840e+00
2.839908097104552276e+00
2.810506537974960306e+00
2.776432603179843195e+00
2.766623393235877248e+00
2.863007160312387001e+00
2.859442253307452830e+00
2.797593787525272546e+00
2.828149394922411020e+00
2.838339303184170159e+00
2.952258288158405186e+00
2.859837932470999711e+00
2.852387421091322040e+00
2.862621351139546189e+00
2.777875807159132293e+00
2.770218402942266511e+00
2.784429205420744680e+00
2.717289274258447573e+00
2.762175048761391860e+00
2.853928695675489458e+00
2.748640573083355854e+00
2.857554723885441295e+00
2.895641897749098526e+00
2.896404149976311793e+00
2.903468787502287096e+00
2.888390728416085018e+00
2.924447982098502319e+00
2.876057544625975737e+00
2.879146053954192652e+00
2.899852754882564554e+00
2.826984435754820613e+00
2.844318020193944641e+00
2.858122110757340462e+00
2.848317749128421728e+00
2.893238669726367007e+00
2.875542383620870446e+00
2.805758008096920886e+00
2.868655782766555529e+00
2.894862000165120186e+00
2.905650701650147827e+00
2.852129905877359928e+00
2.901038779471933005e+00
2.882004337262523919e+00
2.861339196949567842e+00
2.801552605253023298e+00
2.820610394932273834e+00
2.811858637983069453e+00
2.793494943614540205e+00
2.745414176403989881e+00
2.703199215744189310e+00
2.744363314140458421e+00
2.814297780974856611e+00
2.855760669243835981e+00
2.820164711501794930e+00
2.770705686282828317e+00
2.744404671326734046e+00
2.739149868116018016e+00
2.752017623490082165e+00
2.793387549195420316e+00
2.779267169597050557e+00
2.797061493782358799e+00
2.890052421669890403e+00
2.914724858369997396e+00
2.915693571005018914e+00
2.895833213429253927e+00
2.924751784339997940e+00
2.930714759235363953e+00
2.897447497367295455e+00
2.856440267185714976e+00
2.946048709712723035e+00
2.936456027254622292e+00
2.916856184319000622e+00
2.859239409353473427e+00
2.905297403020902447e+00
2.911331138843536337e+00
2.982028336552152936e+00
2.933865197993936302e+00
2.933331553029762784e+00
2.915170149408092382e+00
2.951289379237487687e+00
2.881730209440155122e+00
2.773983417398164342e+00
2.771809878039979136e+00
2.734026334913400191e+00
2.731822468609554466e+00
2.729190539335793364e+00
2.745160833175353421e+00
2.802362396264979516e+00
2.805144203066929354e+00
2.797672246707965993e+00
2.715051933204961632e+00
2.719648690548100767e+00
2.776268899080202690e+00
2.808798319566572221e+00
2.779487362806314810e+00
2.806205623257141291e+00
2.804173496772266017e+00
2.802760960196213347e+00
2.771257837156261505e+00
2.831431793280565934e+00
2.802246241856699793e+00
2.763559480090847842e+00
2.753772140174273186e+00
2.773685454408988615e+00
2.740611063248486357e+00
2.727539733899398300e+00
2.811437532651224203e+00
2.777773568885700595e+00
2.819537018731975930e+00
2.763824343188256982e+00
2.786926084416305738e+00
2.868370094670490200e+00
2.881015272434355179e+00
2.853788184151023977e+00
2.924100032488628820e+00
2.872385767963628211e+00
2.906942035885820896e+00
2.895115541735770126e+00
2.877556254880171416e+00
2.874986434750606001e+00
2.880618162825472783e+00
2.894012785044323355e+00
2.917208768669119046e+00
2.931633333143829123e+00
2.905914830135253535e+00
2.920972611990738876e+00
2.920252215134850449e+00
2.927409264178823189e+00
2.931372715981371169e+00
2.910106183629731724e+00
2.863185114518445040e+00
2.944702531665974732e+00
2.914327023516750437e+00
2.876543933264360753e+00
2.900535295423932514e+00
2.830973154235129741e+00
2.822360359698953047e+00
2.803067962072986141e+00
2.790645982563893845e+00
2.793984072968205279e+00
2.766319757367177612e+00
2.803402575442920153e+00
2.730022893676900875e+00
2.725562694197292135e+00
2.774153925073372218e+00
2.750275804351264952e+00
2.718958808073413724e+00
2.691187656035900044e+00
2.764407712331883982e+00
2.773785499998152826e+00
2.790121144323307600e+00
2.821222961766757908e+00
2.807926281083604536e+00
2.777939704169261059e+00
2.755014519018003316e+00
2.800428717178853777e+00
2.878424047981811729e+00
2.816507411671412608e+00
2.749042924364769380e+00
2.777355756830586664e+00
2.776443228304875444e+00
2.748659491461246773e+00
2.714371382106730124e+00
2.724766595508687050e+00
2.744373516852252060e+00
2.748837026816977502e+00
2.719314067922276479e+00
2.777365298263805737e+00
2.798208712730342107e+00
2.845361312733411641e+00
2.791589153152734148e+00
2.744813472715404767e+00
2.698469751544382067e+00
2.735054844057062340e+00
2.789609829348900227e+00
2.766003976859035873e+00
2.757093034338884863e+00
2.741417698928786173e+00
2.727444774876293998e+00
2.780109710065414408e+00
2.778413036249290258e+00
2.799326526148745220e+00
2.832656880033302293e+00
2.871381200746427886e+00
2.899257491151828958e+00
2.846717056540744473e+00
2.876516295799486755e+00
2.992860504600908023e+00
2.943635337469640234e+00
2.952374129408399384e+00
2.909987800661714363e+00
2.975326032555088318e+00
2.874725204258661293e+00
2.800897356205685806e+00
2.855140802132181577e+00
2.807264326706695901e+00
2.750913121129054950e+00
2.725062017642900791e+00
2.746398004659922343e+00
2.761120424755139080e+00
2.823029046963562827e+00
2.877378841932358711e+00
2.875901597760257111e+00
2.945427303465492308e+00
2.956425206224571500e+00
2.860054195290711032e+00
2.834459031279161323e+00
2.851320571244138513e+00
2.898333831704001273e+00
2.917138666570377126e+00
2.904043043758133269e+00
2.833883025108835607e+00
2.877614463405408607e+00
2.820388802984439724e+00
2.788035509099552112e+00
2.815463904936449158e+00
2.825914896100022222e+00
2.842913646243937276e+00
2.743074734672753756e+00
2.764595630467501230e+00
2.756271394474789638e+00
2.799357247655253733e+00
2.876608245833971900e+00
2.828574552667827202e+00
2.799105928685086120e+00
2.797941564793660962e+00
2.842227647462461704e+00
2.886782291756688767e+00
2.862916869208743886e+00
2.893803897986178431e+00
2.882796385456316113e+00
2.799241861647542517e+00
2.759194085235759264e+00
2.731543519697242850e+00
2.774471300986910638e+00
2.823983356891467178e+00
2.838245056368459807e+00
2.817331006466936572e+00
2.827085778677400185e+00
2.812411598610701446e+00
2.937173641445121941e+00
2.882245131837331886e+00
2.883207935616160622e+00
2.889199370067769834e+00
2.967650248934331714e+00
2.864216995969404156e+00
2.797602008864019663e+00
2.859673582771292022e+00
2.849744199046644777e+00
2.875791543210321599e+00
2.831625858053990807e+00
2.759287408009538645e+00
2.802741693413790092e+00
2.833954833796756390e+00
2.850366116834817998e+00
2.888535442053636881e+00
2.899121591103070550e+00
2.917531319454856664e+00
2.815118825200812136e+00
2.841437840249192881e+00
2.876897982202358151e+00
2.860951589943458107e+00
2.785771167917422630e+00
2.740531882682630371e+00
2.731801054249741512e+00
2.723939243081606953e+00
2.758515905337506346e+00
2.778929650063131973e+00
2.758803545017296077e+00
2.841669579666151080e+00
2.889876121912494433e+00
2.883033471883390764e+00
2.870302423090639543e+00
2.781432364807744140e+00
2.793322215570556377e+00
2.845612763536177425e+00
2.888006925199453345e+00
2.939637562693741657e+00
2.915618116283406280e+00
2.869752079884254403e+00
2.870178391668364970e+00
2.853963034098374596e+00
2.845041475971835876e+00
2.845447065049707902e+00
2.821011343472407784e+00
2.798097567991509216e+00
2.796035407501128667e+00
2.809421826639780573e+00
2.822003189225696040e+00
2.818512728372891019e+00
2.769988086616980372e+00
2.752786588168433024e+00
2.802596474699845519e+00
2.805139033987442243e+00
2.775133149958754153e+00
2.763658625807464464e+00
2.755983127669689114e+00
2.729356334376293436e+00
2.768413625165141667e+00
2.729372638538021700e+00
2.764978300095680463e+00
2.762877304550457325e+00
2.790593306091017745e+00
2.797368227459516632e+00
2.818511131785716550e+00
2.784682926295199756e+00
2.796288432905303267e+00
2.833790923833302777e+00
2.830281434769341686e+00
2.888576292916633648e+00
2.879721167057671671e+00
2.940402863554584467e+00
2.902682035635318680e+00
2.859019062545754331e+00
2.919794684562597720e+00
2.928907816917425855e+00
2.939280694319615250e+00
2.893933309528745834e+00
2.889582668829531187e+00
2.877968380646319435e+00
2.874959130144287389e+00
2.900678024186758019e+00
2.899056570679503064e+00
2.922225521755636102e+00
2.847690116568163621e+00
2.867018834957314688e+00
2.840269881542949904e+00
2.817744842955089091e+00
2.711756995012643223e+00
2.778413576125772444e+00
2.732356492114452973e+00
2.700885225254860966e+00
2.755528442966975078e+00
2.710596613293833723e+00
2.758111491582601715e+00
2.823731927786347295e+00
2.795556116410471859e+00
2.826758744569476178e+00
2.849221121640087784e+00
2.702133416395275045e+00
2.908479327758751953e+00
2.854492774557328971e+00
2.832894809201358388e+00
2.807083005541517462e+00
2.860215026881721023e+00
2.762438596602646346e+00
2.738612970100009925e+00
2.760269733196377473e+00
2.757761592306339438e+00
2.844339290591050506e+00
2.838607052763732153e+00
2.795268144561447787e+00
2.783112825596547601e+00
2.802208236373592509e+00
2.825121944270724939e+00
2.814957370902799294e+00
2.848991926980489087e+00
2.869847556927022758e+00
2.931524006383027459e+00
2.932721943860344904e+00
2.880555675559838935e+00
2.871387991895208547e+00
2.804313998110767425e+00
2.732685858272041024e+00
2.787860469966171095e+00
2.770910500178596525e+00
2.753524831919988092e+00
2.777134674444147411e+00
2.790094980462134888e+00
2.785015798877988225e+00
2.788333014544711830e+00
2.806261035613045074e+00
2.795293544513706152e+00
2.770555359490223246e+00
2.752148433497001889e+00
2.713025985868915413e+00
2.741522569668176423e+00
2.753221022729559042e+00
2.780672940135175075e+00
2.814183718238736365e+00
2.772656487919122004e+00
2.791453743123822662e+00
2.862872333863317298e+00
2.961495230453697669e+00
2.894451588816091991e+00
2.791179499781410112e+00
2.743406094620335356e+00
2.741035205903054273e+00
2.724995045867056653e+00
2.798255528003116055e+00
2.815226633860940186e+00
2.805795074484236373e+00
2.845539140479357965e+00
2.866114791839293741e+00
2.861983577870424789e+00
2.880145308834261009e+00
2.817775718541133845e+00
2.808924349283903332e+00
2.781652386622023965e+00
2.812827936436923082e+00
2.858086422766113355e+00
2.906925179635692302e+00
2.889788573581119735e+00
2.857307473829164390e+00
2.863539942099638580e+00
2.866482862324490011e+00
2.851631287526492642e+00
2.818933841011526997e+00
2.916775445590558125e+00
2.865159157882856356e+00
2.865799190452813061e+00
2.850181222308504569e+00
2.811935098824295043e+00
2.749347013383359961e+00
2.752051416670844297e+00
2.738906716191699786e+00
2.718425095528659519e+00
2.778460365022326517e+00
2.781583901305153983e+00
2.763237593838069106e+00
2.817310242057128988e+00
2.870372275507133253e+00
2.885071229623282552e+00
2.874056018939088464e+00
2.852390050466450777e+00
2.766003253794181660e+00
2.763343445900273476e+00
2.767383963240373834e+00
2.772410142817977707e+00
2.753682261990297420e+00
2.702123794351398267e+00
2.799043765288424357e+00
2.798678259464634888e+00
2.765301249412077667e+00
2.804436841863264362e+00
2.825267420970977383e+00
2.866501351822461796e+00
2.886214475745001895e+00
2.893103005425143426e+00
2.774039112918201599e+00
2.774228000723804488e+00
2.752178954937341882e+00
2.776953366551191849e+00
2.872060758410239334e+00
2.844983128245227366e+00
2.834459736881086656e+00
2.837412553718616781e+00
2.776770786363181642e+00
2.721230787713530219e+00
2.821266736769141303e+00
2.894737639234340243e+00
2.896330609581716953e+00
2.888811001086779573e+00
2.838092845556677624e+00
2.820554023591819170e+00
2.736704222235205819e+00
2.760916333393679256e+00
2.755381280331271832e+00
2.736285438326930386e+00
2.759815392376816501e+00
2.747364919336344968e+00
2.717717608582614019e+00
2.708467278739028483e+00
2.800655816054518077e+00
2.851061205937186038e+00
2.879236530749079925e+00
2.828277567707950357e+00
2.909976804031261910e+00
2.905862694622717513e+00
2.868793648905406890e+00
2.785445565793739142e+00
2.833503485086969143e+00
2.856115718944174819e+00
2.892502376835670130e+00
2.924625446104167192e+00
2.903812321759104531e+00
2.878650551907959265e+00
2.775619930754209541e+00
2.791899890755397351e+00
2.813121575758857684e+00
2.784166302504216262e+00
2.811067057186647844e+00
2.811976173441019800e+00
2.818006032640810510e+00
2.808641842599372662e+00
2.888881444434852064e+00
2.909184249922991850e+00
2.908410562489415874e+00
2.881380571878695562e+00
2.957509932358639126e+00
2.927724372272772158e+00
2.944769430702512292e+00
2.947314370745000911e+00
2.905768917171494881e+00
2.839339359780722383e+00
2.806408558994930136e+00
2.797498346737671060e+00
2.815546838537764440e+00
2.803049946040919504e+00
2.872688984209742280e+00
2.962206609944688207e+00
2.894325828237035658e+00
2.795864088256079683e+00
2.820970400411886736e+00
2.807236897734140424e+00
2.786295928289024726e+00
2.749672889636147310e+00
2.730282219844681002e+00
2.749910725823658364e+00
2.792764043022611276e+00
2.760641954328738823e+00
2.734136426735140013e+00
2.741648044516290739e+00
2.721125686182098935e+00
2.707957532901873243e+00
2.756722873268185658e+00
2.765970354143370002e+00
2.792750078327812080e+00
2.792149888526760382e+00
2.791735839939015307e+00
2.771308716112299564e+00
2.742730573716638531e+00
2.745189428800861364e+00
2.776929239285725881e+00
2.774296667625868906e+00
2.773413961167715325e+00
2.741495941999550379e+00
2.748755900402944263e+00
2.786609947588646552e+00
2.752523569381377655e+00
2.766934043304972057e+00
2.830339555601059320e+00
2.748638208276964257e+00
2.751090874544132259e+00
2.759300092414741279e+00
2.721795547060800402e+00
2.725759710612804199e+00
2.770155591298077535e+00
2.831878175345825088e+00
2.813973169737053581e+00
2.740599204553632262e+00
2.720544063234411336e+00
2.761530372818665757e+00
2.755074953608340760e+00
2.797154804439682785e+00
2.765332710543163763e+00
2.747468107185231823e+00
2.796508358650122261e+00
2.850403655624936139e+00
2.919153815748666503e+00
2.873039505471514321e+00
2.834286682747530595e+00
2.786421001930612373e+00
2.725077797054608730e+00
2.834524475110419939e+00
2.893919833029242827e+00
2.935119248003391856e+00
2.953162711399424545e+00
2.968261949356895801e+00
2.836043370613361869e+00
2.744698344080820807e+00
2.750755169039949433e+00
2.814499244981245152e+00
2.775766740920424969e+00
2.790243179366271420e+00
2.768534811050783695e+00
2.744763195614514206e+00
2.850362082262532848e+00
2.891056208377830838e+00
2.838051620390298790e+00
2.827827788250196761e+00
2.836038081549681955e+00
2.754095314254755067e+00
2.759977354979565867e+00
2.765222052566484567e+00
2.784446982795686143e+00
2.914428932055129540e+00
2.877218969769245405e+00
2.844530717007640153e+00
2.849822976958393372e+00
2.745525450619607621e+00
2.804092366524326696e+00
2.775377091495856430e+00
2.760288934151640117e+00
2.735614921731492455e+00
2.761501403222529127e+00
2.743882286104854185e+00
2.764624567640242780e+00
2.736347382917600157e+00
2.809900532047353572e+00
2.864847290869096064e+00
2.887131101976493586e+00
2.875256858091116641e+00
2.883221982435622888e+00
2.851523978506931734e+00
2.902193825367286095e+00
2.895740665183952345e+00
2.886182426666755507e+00
2.850211220243159538e+00
2.839066219727887752e+00
2.865089352882384421e+00
2.863682244942689081e+00
2.854275564832520207e+00
2.797186801055660865e+00
2.798979456873522675e+00
2.850799712361427929e+00
2.837765670382246253e+00
2.857540725869012199e+00
2.857144378571023768e+00
2.907569603638062716e+00
2.837889885108300092e+00
2.744686503045475234e+00
2.738235380678585962e+00
2.799053768686839305e+00
2.761948044406338898e+00
2.701218613885221664e+00
2.795851212064047076e+00
2.770902560538713644e+00
2.756463313740997290e+00
2.700820986292871595e+00
2.836881915060970982e+00
2.796998748658997780e+00
2.706092755246944925e+00
2.780515959314026286e+00
2.785896803544596789e+00
2.753696606382046497e+00
2.763526913203488089e+00
2.804380323707895251e+00
2.846599550340721763e+00
2.888865694351331115e+00
2.930936027961033474e+00
2.828006718521014928e+00
2.889419318825150906e+00
2.855548108507367289e+00
2.856669739399359198e+00
2.778836087285466494e+00
2.868055787462998385e+00
2.874084549904543540e+00
2.865099300198860277e+00
2.838427381491377854e+00
2.768891836096166070e+00
2.725872704291233184e+00
2.736858966041180619e+00
2.787286494065509768e+00
2.775498693928714733e+00
2.796803353830941585e+00
2.729977472434525598e+00
2.781859270344206436e+00
2.776398566488608388e+00
2.830823555080747234e+00
2.837288318095289696e+00
2.771869585676786318e+00
2.758926965325468661e+00
2.718056290807826070e+00
2.763364977703813619e+00
2.777594822863838520e+00
2.740691518577017760e+00
2.773031013169524606e+00
2.809179773528208912e+00
2.776157236180976984e+00
2.737440227657948810e+00
2.746876589874398089e+00
2.767203823356711112e+00
2.752962767637804564e+00
2.752947692928436219e+00
2.733248250708303129e+00
2.771431038290507409e+00
2.832118111943779937e+00
2.934540679561283394e+00
2.939424603557641902e+00
2.888688629811112740e+00
2.913085305994316254e+00
2.958312187717854425e+00
2.976408742091717574e+00
2.964229748180798651e+00
2.971547408337952501e+00
2.944637838512573325e+00
2.946813363618401294e+00
2.935912294330333516e+00
2.886347345694900479e+00
2.914573553712446419e+00
2.938802647337857454e+00
2.915124182603546998e+00
2.868480608266334109e+00
2.879908505491103554e+00
2.848163092240330485e+00
2.824500132766857963e+00
2.851011925615183795e+00
2.870009059219151837e+00
2.846069219116077686e+00
2.798332360531893492e+00
2.700992965559148029e+00
2.718165925766857782e+00
2.752709937497955561e+00
2.733000731796462190e+00
2.745364456679658893e+00
2.785479671439014648e+00
2.738322296589646765e+00
2.776417295724834311e+00
2.780744324816649016e+00
2.786378653377893144e+00
2.739296259990875448e+00
2.744893076241768259e+00
2.755087294442773338e+00
2.764050288978114889e+00
2.792292606443672831e+00
2.820547641859644461e+00
2.877185082680639550e+00
2.893939529430426649e+00
2.849558737769761763e+00
2.899857065443053994e+00
2.943029901309193175e+00
2.945730978891317520e+00
2.943254151445301670e+00
2.925533284719214588e+00
2.924592450239861918e+00
2.912486394818008417e+00
2.882003990281762018e+00
2.911675462684672144e+00
2.872368534850637811e+00
2.887342722989426402e+00
2.898641578394955509e+00
2.937674250150959843e+00
2.900871765521530143e+00
2.889325353780705541e+00
2.934761489457022421e+00
2.962061950736344595e+00
2.909981615062197768e+00
2.891507046507063361e+00
2.918623990855964578e+00
2.943335692713285656e+00
2.916007373104533063e+00
2.908759357526848000e+00
2.889151605575588366e+00
2.900624932665372580e+00
2.907346040635685913e+00
2.934156437547255081e+00
2.886869758059757096e+00
2.881096492656919583e+00
2.844292706456211128e+00
2.875329198544055220e+00
2.921265821523265860e+00
2.881888790359544927e+00
2.954148946820386978e+00
2.854995971976142410e+00
2.861308441954484305e+00
2.822948281495783807e+00
2.753260249231808565e+00
2.739026469386522500e+00
2.815058081105965115e+00
2.839387433937115901e+00
2.894450206861399977e+00
2.870523645608932917e+00
2.815618759704516361e+00
2.711254691097832126e+00
2.745223123900860429e+00
2.827270591931377197e+00
2.832026129822957650e+00
2.902456545755681461e+00
2.871869426001119496e+00
2.879412787357867209e+00
2.881145952568178625e+00
2.805166839958008307e+00
2.855393493023334894e+00
2.891357812516465398e+00
2.830682426553710052e+00
2.852958113958212305e+00
2.855443223039113576e+00
2.937825556427746232e+00
2.802174334333964900e+00
2.733038784942504407e+00
2.764073805092765124e+00
2.818012597558782861e+00
2.836353116239231920e+00
2.862988822891210816e+00
2.794915741127091735e+00
2.874031836984412891e+00
2.849005791499905182e+00
2.804900889514636564e+00
2.808693824538374795e+00
2.859509223625620322e+00
2.887777865418322154e+00
2.865488789020121274e+00
2.808831963646098551e+00
2.821391146225563862e+00
2.794734692238245444e+00
2.791434219178377862e+00
2.773003065270573941e+00
2.772395895250171716e+00
2.875363803069100666e+00
2.872608744677910497e+00
2.869199539941409860e+00
2.935545945816552926e+00
2.839367711304754849e+00
2.832182374071274378e+00
2.833017119609410717e+00
2.829757233403601191e+00
2.853255859540115402e+00
2.858339727884004144e+00
2.922659576481667631e+00
2.926699506269818674e+00
2.873655511713260502e+00
2.850559243376639795e+00
2.740099450749917676e+00
2.750140360054373456e+00
2.732615596822941306e+00
2.761487642557901800e+00
2.766159792925925842e+00
2.786031945258345299e+00
2.790862590669773269e+00
2.864998080278589043e+00
2.864096541668942564e+00
2.832940168799899183e+00
2.788347897949608800e+00
2.777169962389770319e+00
2.797815219059328395e+00
2.837656427406249460e+00
2.803931168912675354e+00
2.811165060966716034e+00
2.784197909632143642e+00
2.800709374426414655e+00
2.844078937019857367e+00
2.864442179552591394e+00
2.886526632477171450e+00
2.766188171473517254e+00
2.750681370133589265e+00
2.820457764264517220e+00
2.885782736104712587e+00
2.910090720235368078e+00
2.914990566022469753e+00
2.901998793934966070e+00
2.961197899499457886e+00
2.911238568032513907e+00
2.904698607429005097e+00
2.817646713127818892e+00
2.807787207036886556e+00
2.786281751725765865e+00
2.749555054913431107e+00
2.821611950640980471e+00
2.796809968517704359e+00
2.788349691125558749e+00
2.834704393759603480e+00
2.807533615114874870e+00
2.816133164465060901e+00
2.896266734953809596e+00
2.883282851195838159e+00
2.866935297491033374e+00
2.887902526055892150e+00
2.917543658627922198e+00
2.862394976239302835e+00
2.831387998844383080e+00
2.820654711232837286e+00
2.810827991891357236e+00
2.894700157183814238e+00
2.960581192941682538e+00
2.959171167742751685e+00
2.809879178897199736e+00
2.765345548028310674e+00
2.732967617810353911e+00
2.696349013017417029e+00
2.755177852698442287e+00
2.783354271378331024e+00
2.763211718272778228e+00
2.748927245308613099e+00
2.745494673096271487e+00
2.761515163818587304e+00
2.773808573063397453e+00
2.798775625161831648e+00
2.766325721964063789e+00
2.745690077193709389e+00
2.745006739518138339e+00
2.768584837060262593e+00
2.718191678303794490e+00
2.752332465382770987e+00
2.742603689926782273e+00
2.763428305565389653e+00
2.727030069507851984e+00
2.736541795770713215e+00
2.797039506335225134e+00
2.800307661668624437e+00
2.778141825033416445e+00
2.771247552998468588e+00
2.738570977718123522e+00
2.688634411741395613e+00
2.733279714921251990e+00
2.756518274925817025e+00
2.770521250595273877e+00
2.751479783680047309e+00
2.728340521269293717e+00
2.777324791953581062e+00
2.811168796070417475e+00
2.788835240741195598e+00
2.847924331859960301e+00
2.856378301275935616e+00
2.890001730103288313e+00
2.921848387579341733e+00
2.885699395293972902e+00
2.897005522949516632e+00
2.876642661159011904e+00
2.882385990806921594e+00
2.791080435960239470e+00
2.763531255477310378e+00
2.779445448286402609e+00
2.788662403375496535e+00
2.741733940410703063e+00
2.752869412086232703e+00
2.833331254901198637e+00
2.871078020535144493e+00
2.797702271507817251e+00
2.758975715732198797e+00
2.727672634316662847e+00
2.714091560725245600e+00
2.883563940681739268e+00
2.927452305333086091e+00
2.862281083331963849e+00
