-5.834002236449999828e+02
-5.781305192869999701e+02
-5.952898736390000067e+02
-5.977028586870000026e+02
-5.999000047209999593e+02
-5.964130345949999992e+02
-5.987865719259999651e+02
-5.964995645540000169e+02
-5.880258078839999598e+02
-5.913691950170000382e+02
-5.796630248899999742e+02
-5.888733541039999864e+02
-5.968812585169999920e+02
-5.896009034910000537e+02
-5.933020386859999462e+02
-6.000652945750000526e+02
-5.812640361769999799e+02
-5.906215775499999836e+02
-5.957157692949999728e+02
-5.904360217710000143e+02
-5.938624835670000266e+02
-5.890169990529999495e+02
-5.857119400819999555e+02
-5.990250015789999907e+02
-6.020914047469999559e+02
-5.993649912180000001e+02
-5.888441518930000029e+02
-5.947656954770000084e+02
-5.973440795599999547e+02
-5.940859177940000109e+02
-5.927518745679999483e+02
-5.770132367420000037e+02
-6.024073401000000558e+02
-6.034704331950000551e+02
-5.934831963929999574e+02
-5.899601497290000225e+02
-5.929395055290000300e+02
-5.768534293909999633e+02
-5.853113746310000352e+02
-5.996773781499999814e+02
-5.995586534479999727e+02
-5.942527653089999831e+02
-5.950631925320000164e+02
-6.040711503950000179e+02
-5.915451566970000385e+02
-5.952444060029999946e+02
-5.910619742540000061e+02
-5.831447983260000001e+02
-5.799655168210000511e+02
-5.868496806590000006e+02
-5.896239456959999643e+02
-6.006119700589999866e+02
-5.911800788519999514e+02
-5.862026399869999977e+02
-5.942242955259999917e+02
-5.861922045740000158e+02
-5.952241072909999957e+02
-5.877448881850000362e+02
-5.936625469589999966e+02
-5.995221431160000520e+02
-5.921732550519999450e+02
-5.950514579670000330e+02
-5.982468410459999859e+02
-5.829936723069999971e+02
-5.970658886200000097e+02
-6.024108968100000538e+02
-5.954738909369999647e+02
-5.797144060699999955e+02
-5.979465361420000136e+02
-6.014011098019999508e+02
-5.950580003730000271e+02
-5.951461015549999729e+02
-5.889293454810000412e+02
-6.039800249639999947e+02
-6.007476372620000120e+02
-5.812829676070000460e+02
-6.043205938529999912e+02
-6.039669622760000038e+02
-6.003541903120000143e+02
-5.949406471260000444e+02
-5.954751424590000397e+02
-5.921577268539999750e+02
-5.856926592510000091e+02
-6.030443379890000415e+02
-5.903537591250000105e+02
-5.700629311630000302e+02
-6.001708969469999602e+02
-5.854690478239999720e+02
-5.931785923869999806e+02
-5.947038469709999617e+02
-6.003132398440000088e+02
-5.905669105969999464e+02
-6.009365044219999845e+02
-5.921873225729999604e+02
-5.954427966709999964e+02
-5.873762599289999571e+02
-5.676848278170000413e+02
-5.949875479410000025e+02
-5.928396553569999696e+02
-5.934555943499999557e+02
-5.916705933120000509e+02
-5.800853886740000007e+02
-5.992561346229999799e+02
-5.985626161720000482e+02
-5.863862089909999895e+02
-5.941131192909999754e+02
-5.769564467000000150e+02
-6.015255605979999700e+02
-5.917829746529999966e+02
-5.952093723079999563e+02
-5.863683345440000494e+02
-5.957894894759999715e+02
-5.841077858339999693e+02
-5.968664838989999453e+02
-5.959735790759999645e+02
-5.834587510420000172e+02
-5.954529190780000363e+02
-5.925230257419999589e+02
-5.891254335400000173e+02
-5.990466647270000067e+02
-5.911633339600000454e+02
-5.893778740300000436e+02
-5.957090815830000565e+02
-5.993467445689999522e+02
-5.889542726820000098e+02
-5.906083168909999586e+02
-5.849956402850000359e+02
-5.930946592349999946e+02
-5.944964567639999586e+02
-5.858266267860000198e+02
-5.868903538590000153e+02
-5.885033375699999851e+02
-5.934748830930000167e+02
-5.994182917150000094e+02
-6.038116862199999559e+02
-5.959654150310000205e+02
-5.951739805229999547e+02
-5.919969916139999668e+02
-5.954793787539999812e+02
-6.038718836580000016e+02
-5.971998776220000309e+02
-6.051965259050000441e+02
-5.957854751050000459e+02
-5.862229246609999791e+02
-5.882838040950000504e+02
-5.958215101949999735e+02
-5.917749816450000253e+02
-5.988447555799999691e+02
-5.937485446010000487e+02
-5.894046597289999454e+02
-5.969481476040000416e+02
-5.911391723509999565e+02
-5.900422950949999858e+02
-5.921436568379999699e+02
-5.880308406740000464e+02
-5.886491861169999993e+02
-5.876895007499999792e+02
-6.035137995170000522e+02
-5.896009695809999585e+02
-6.047436642420000226e+02
-6.017004996690000098e+02
-5.977190619550000292e+02
-5.850273363380000546e+02
-5.828997127190000356e+02
-5.909506230910000113e+02
-5.998417827959999613e+02
-5.855622906529999909e+02
-6.038066319009999461e+02
-6.031951842649999662e+02
-5.771549186700000291e+02
-5.899605186249999633e+02
-6.023068675859999530e+02
-5.889155367280000064e+02
-5.737544257539999535e+02
-5.846124713489999749e+02
-5.930243821159999698e+02
-5.972831514250000282e+02
-5.845062419350000482e+02
-5.976938777159999745e+02
-5.967631189339999764e+02
-5.959571905220000190e+02
-5.993632650160000139e+02
-5.868679143479999993e+02
-5.963046734199999719e+02
-5.993249958119999974e+02
-6.017016614789999949e+02
-5.801827250979999917e+02
-5.934934527240000079e+02
-5.973235099600000240e+02
-5.915486900939999941e+02
-5.810366832260000365e+02
-5.991972489150000456e+02
-5.995654937230000314e+02
-6.009924938670000074e+02
-6.041943491920000042e+02
-5.964152944679999564e+02
-6.017177862539999751e+02
-6.010568505249999589e+02
-5.875716352929999857e+02
-5.917740574790000210e+02
-6.013873640929999738e+02
-5.990979776990000119e+02
-5.951131242190000421e+02
-5.899513866490000282e+02
-6.027124186099999861e+02
-5.971968885689999524e+02
-5.958418358149999676e+02
-5.925594159329999684e+02
-6.028229935150000074e+02
-5.927438516030000528e+02
-6.009933458159999873e+02
-5.918732751400000325e+02
-5.989817150559999845e+02
-5.834625163460000294e+02
-5.954461318520000077e+02
-5.968893945390000226e+02
-5.942562120669999786e+02
-6.029014747969999917e+02
-6.026030719469999894e+02
-5.936985637510000515e+02
-5.707798226339999701e+02
-5.890054762500000152e+02
-5.806849229900000182e+02
-5.869474094170000171e+02
-5.986164599510000244e+02
-5.978055562470000268e+02
-5.877983594429999812e+02
-5.922233369089999542e+02
-5.944856067949999670e+02
-5.969358780740000157e+02
-5.994951027900000327e+02
-6.037465404040000294e+02
-5.908431496570000263e+02
-5.860916100270000015e+02
-5.938326766459999817e+02
-5.885592852910000374e+02
-5.890434174739999662e+02
-5.963036075090000168e+02
-5.963050612619999811e+02
-5.916252944520000483e+02
-5.893391049189999649e+02
-5.802278871150000441e+02
-5.979877244790000077e+02
-5.924425747310000361e+02
-6.011252959419999797e+02
-5.855604533030000312e+02
-5.867157389530000273e+02
-5.952638423769999463e+02
-5.775605450790000077e+02
-5.953809521739999582e+02
-5.884550526790000049e+02
-5.990670877820000442e+02
-6.019983479730000226e+02
-5.993646506329999966e+02
-5.872541398690000278e+02
-5.976771190709999928e+02
-5.916652131959999679e+02
-5.967228030159999435e+02
-5.933672469519999595e+02
-5.909968373000000383e+02
-5.897949785690000226e+02
-5.937946175470000298e+02
-5.997041891290000422e+02
-5.856458548870000413e+02
-5.887973734720000039e+02
-5.846926169979999486e+02
-6.034081784620000235e+02
-5.830409524570000031e+02
-6.005920436019999897e+02
-5.907557923299999629e+02
-5.824538253680000253e+02
-5.880733490979999942e+02
-5.936819088790000478e+02
-5.845067524009999715e+02
-5.979882656040000484e+02
-5.942620046770000499e+02
-5.935788558320000448e+02
-5.879523046369999975e+02
-5.835495432599999504e+02
-5.980400895300000457e+02
-5.854862889380000297e+02
-5.914628948219999529e+02
-5.966572029180000527e+02
-5.992416617359999691e+02
-5.776438342630000307e+02
-5.891837731900000108e+02
-5.986503692149999551e+02
-5.913943452349999461e+02
-5.926740533780000533e+02
-5.996281121490000032e+02
-5.869664236769999661e+02
-5.819261280010000519e+02
-6.014319209450000017e+02
-5.905939307659999713e+02
-6.012338782020000281e+02
-5.999039452079999819e+02
-5.953822229500000276e+02
-6.032082335019999846e+02
-5.975671681989999797e+02
-5.907840346680000039e+02
-5.864522232079999640e+02
-5.887846342709999590e+02
-5.962457508579999512e+02
-5.920641129949999595e+02
-6.020664081039999473e+02
-6.001698368510000137e+02
-5.953935860420000381e+02
-5.968856191359999457e+02
-5.995787477720000425e+02
-6.005114895250000018e+02
-5.953318350609999925e+02
-5.957966855380000197e+02
-6.048000090619999582e+02
-6.008746252710000135e+02
-5.966948982740000247e+02
-5.986116479830000117e+02
-5.986370240019999756e+02
-5.921380038920000288e+02
-5.987202883400000246e+02
-5.936186528870000529e+02
-5.946034167139999909e+02
-6.023809260089999498e+02
-5.906676218809999455e+02
-6.024874616639999658e+02
-6.001904668509999965e+02
-5.956139818100000412e+02
-5.938746637540000393e+02
-5.970050410970000030e+02
-5.932746298109999543e+02
-5.934322821089999707e+02
-5.960808318010000448e+02
-5.963063093199999685e+02
-5.910982570779999605e+02
-5.880448257599999806e+02
-5.984447682300000224e+02
-5.914527133479999748e+02
-5.942780020799999647e+02
-5.828656922369999620e+02
-5.974528018659999589e+02
-5.901138642810000192e+02
-6.010724665489999552e+02
-5.880729674469999964e+02
-5.898277516959999502e+02
-5.815943249870000500e+02
-5.875029464909999888e+02
-5.948440841890000002e+02
-5.904612399569999752e+02
-5.927598196330000064e+02
-5.932751259369999843e+02
-5.970551829119999638e+02
-5.890247373820000121e+02
-5.692980502729999444e+02
-5.963117913879999605e+02
-5.967678756679999879e+02
-5.931610723630000166e+02
-5.879475331019999658e+02
-5.957947934380000561e+02
-6.017685566950000293e+02
-5.965093848389999494e+02
-5.986745645140000534e+02
-5.950348090349999666e+02
-5.985804326789999550e+02
-5.964871643110000150e+02
-5.994615583229999629e+02
-5.989279598739999528e+02
-6.014973119869999891e+02
-5.897761948029999530e+02
-5.976057207789999666e+02
-5.779692192960000057e+02
-5.865255125339999722e+02
-5.943050528070000382e+02
-5.912016877470000509e+02
-5.891490539740000258e+02
-5.956207639340000242e+02
-6.034458803710000439e+02
-5.906328936439999779e+02
-5.954098606920000520e+02
-5.884821010130000332e+02
-5.927793709070000432e+02
-5.904619563679999601e+02
-5.962954798140000321e+02
-5.889076033110000026e+02
-5.986711501209999824e+02
-5.898675051359999770e+02
-5.950891402260000405e+02
-6.060462663690000227e+02
-5.911396543089999795e+02
-6.002449751950000518e+02
-5.909241024880000168e+02
-6.043497307439999986e+02
-5.923989000149999811e+02
-6.042978675150000072e+02
-5.975952842259999898e+02
-5.940523243180000463e+02
-5.953568147619999991e+02
-5.933947987799999737e+02
-6.022262017680000099e+02
-6.010151476629999934e+02
-5.905584869059999846e+02
-5.779151244629999837e+02
-5.815681144180000501e+02
-5.914903207559999601e+02
-5.744845579829999451e+02
-5.957258128710000165e+02
-5.947487211019999904e+02
-5.746038778299999876e+02
-6.038843451110000160e+02
-5.908118695110000544e+02
-5.924851494869999442e+02
-6.003579640479999853e+02
-5.982226639709999745e+02
-6.011065207520000513e+02
-5.915766394620000028e+02
-5.974125466140000071e+02
-5.983675206670000080e+02
-5.948460503879999806e+02
-5.908914037480000161e+02
-5.947452623520000543e+02
-5.975275056909999876e+02
-5.957414843489999612e+02
-5.928735327470000129e+02
-5.926915135149999969e+02
-6.024160564139999678e+02
-5.990901617780000379e+02
-5.874462475540000241e+02
-5.838564071580000245e+02
-5.912253349100000150e+02
-5.992779989980000437e+02
-6.026243869260000565e+02
-5.885650478909999492e+02
-5.998098211379999611e+02
-5.943239486590000524e+02
-5.937657798069999444e+02
-5.959293538020000369e+02
-5.970615251079999553e+02
-5.977400886760000276e+02
-5.968695288290000462e+02
-5.964298027190000084e+02
-6.030581737759999896e+02
-5.787028472079999801e+02
-5.992001194770000438e+02
-5.959558311570000342e+02
-5.986758522879999873e+02
-5.981135373500000014e+02
-6.023923458010000331e+02
-5.884293110339999657e+02
-5.829753386820000287e+02
-5.942910344980000446e+02
-5.839112069420000353e+02
-5.910228427550000561e+02
-5.864173978210000087e+02
-5.918833048400000507e+02
-5.964142913260000114e+02
-5.934714596540000002e+02
-5.846933936570000014e+02
-5.976763172380000242e+02
-6.012455038550000381e+02
-5.876806055450000486e+02
-5.923025976110000101e+02
-6.009711331949999931e+02
-5.944477109289999817e+02
-5.895661484480000354e+02
-5.906515002840000079e+02
-6.052489438909999535e+02
-5.981186638059999723e+02
-5.967657107620000261e+02
-6.024643546959999867e+02
-6.039403885159999845e+02
-5.997780635369999800e+02
-5.957527341349999688e+02
-5.849420314489999555e+02
-5.941120272709999881e+02
-5.828910955549999926e+02
-5.973966942130000461e+02
-5.981767839310000454e+02
-5.997840528489999770e+02
-5.837105231699999877e+02
-6.040107182589999866e+02
-5.934049541509999699e+02
-5.919239840410000397e+02
-5.971795434269999987e+02
-5.990525235669999802e+02
-6.039019176330000391e+02
-5.930952428250000139e+02
-5.933380186269999967e+02
-5.972896281780000436e+02
-5.974919732519999798e+02
-5.836234507350000058e+02
-5.995996637079999800e+02
-5.817036777519999760e+02
-5.966950912840000001e+02
-5.837686018150000109e+02
-5.935215758450000294e+02
-5.979256083550000085e+02
-5.865205877329999566e+02
-5.964780278920000001e+02
-5.900335813030000054e+02
-5.968791784349999716e+02
-6.035578751340000281e+02
-5.943572638690000076e+02
-5.907309549520000473e+02
-6.014446624209999754e+02
-5.819344396809999580e+02
-5.874617064630000414e+02
-5.931057523590000073e+02
-5.917689948890000551e+02
-5.983454178570000295e+02
-5.945918054859999984e+02
-5.859239132510000445e+02
-5.861940611630000149e+02
-5.983020013740000422e+02
-6.017604800760000217e+02
-5.969622801919999802e+02
-5.901498203610000246e+02
-5.914087272230000281e+02
-5.928037186540000221e+02
-5.994798790580000514e+02
-5.849496342720000257e+02
-6.007376851789999819e+02
-5.981509519490000457e+02
-5.832508328320000146e+02
-5.902509745129999601e+02
-5.981978041779999558e+02
-5.997078066799999760e+02
-5.953259042759999602e+02
-5.923271550519999664e+02
-5.977035991940000486e+02
-6.017137465130000464e+02
-6.027418935990000364e+02
-5.930646055229999547e+02
-5.885359875499999589e+02
-6.000093569160000015e+02
-5.949546966840000550e+02
-6.012979138059999968e+02
-5.947779235900000003e+02
-5.975043066590000080e+02
-6.014488697739999452e+02
-5.983514522210000450e+02
-5.933291876279999997e+02
-5.944363325159999931e+02
-5.912443722430000435e+02
-5.991740281639999921e+02
-5.971419270979999965e+02
-5.999771411929999658e+02
-5.921755663290000484e+02
-5.852512328249999882e+02
-5.908569736389999889e+02
-5.661947675320000144e+02
-5.848184677740000552e+02
-6.013877139239999678e+02
-5.922121518779999860e+02
-5.957371368240000038e+02
-5.805597308879999900e+02
-5.919873739570000453e+02
-5.948313201339999523e+02
-5.978996835289999581e+02
-5.853335375619999468e+02
-5.883242450459999873e+02
-5.923026946339999768e+02
-5.805174632780000366e+02
-6.011023303870000518e+02
-5.945643286580000222e+02
-5.899134095519999619e+02
-6.046153746039999533e+02
-6.007722177680000186e+02
-5.896736048220000157e+02
-5.882189964909999844e+02
-5.921650856039999553e+02
-6.012785584299999755e+02
-5.986981689240000151e+02
-5.854279531659999520e+02
-6.000473724639999773e+02
-5.906613756919999787e+02
-6.012991194139999607e+02
-5.947988196750000043e+02
-5.934445255269999961e+02
-5.946996669070000507e+02
-5.960992899489999672e+02
-5.945290722639999785e+02
-5.988261136190000116e+02
-5.871539983599999459e+02
-5.878432111549999490e+02
-5.992132794289999538e+02
-5.981241935479999938e+02
-5.910644150389999822e+02
-6.062609132589999490e+02
-5.973700894280000284e+02
-5.939643614389999584e+02
-5.848126533229999495e+02
-6.017208264549999512e+02
-5.887585814560000017e+02
-5.987331555099999605e+02
-5.927237941739999769e+02
-5.980215864719999672e+02
-6.036236668569999892e+02
-5.987799479740000379e+02
-5.995779488140000240e+02
-5.995203008900000441e+02
-5.978269947720000346e+02
-5.998473668179999549e+02
-5.908377650429999903e+02
-5.958168364910000037e+02
-5.992001359219999586e+02
-5.874992918880000161e+02
-5.867922587020000265e+02
-5.895107995270000174e+02
-5.741476924180000196e+02
-5.665159032399999433e+02
-5.710170053670000243e+02
-5.879520143580000422e+02
-5.966037804640000104e+02
-6.021165163370000073e+02
-5.896153428280000526e+02
-5.941162825220000059e+02
-5.983204122450000568e+02
-5.949881837359999963e+02
-5.967138827750000019e+02
-5.889643004710000014e+02
-5.916227444940000169e+02
-5.783911395119999952e+02
-5.995520597390000148e+02
-5.960830807190000087e+02
-5.925491817020000553e+02
-6.011483034110000290e+02
-6.029539489879999792e+02
-6.032031366090000120e+02
-5.955964882900000248e+02
-5.924510302759999831e+02
-5.962972029000000020e+02
-6.025162463079999497e+02
-5.980657675380000455e+02
-5.974252438439999651e+02
-5.986857361080000146e+02
-5.998176465320000261e+02
-6.003915449569999510e+02
-5.991616375139999491e+02
-5.910779680809999945e+02
-5.947973817600000075e+02
-5.851535550490000333e+02
-5.900600756500000443e+02
-5.963936212630000000e+02
-5.998657720390000350e+02
-6.025765626749999910e+02
-5.934012471989999540e+02
-5.890925395550000303e+02
-5.848762727050000194e+02
-5.893830514429999994e+02
-5.931656594580000501e+02
-5.966219933459999538e+02
-6.001624649350000027e+02
-5.820771738659999528e+02
-5.873562379239999700e+02
-5.881563481700000011e+02
-5.959606985750000376e+02
-5.976163325180000356e+02
-5.926235039010000492e+02
-5.938701537539999435e+02
-6.011567064580000306e+02
-6.011889762969999538e+02
-5.945285758229999828e+02
-5.998748589059999858e+02
-5.925242015229999879e+02
-5.966544590040000458e+02
-5.990100932120000152e+02
-6.033309000049999895e+02
-5.969103381590000481e+02
-5.880277865599999814e+02
-6.003942593909999914e+02
-6.007236621389999982e+02
-5.969120295019999958e+02
-5.905743694400000550e+02
-5.771272968639999590e+02
-6.007669900829999960e+02
-5.953750397630000180e+02
-5.872060938529999703e+02
-5.990035516919999736e+02
-6.041892153210000060e+02
-5.784902656250000064e+02
-5.793563001630000144e+02
-5.860791896980000502e+02
-5.971025304290000122e+02
-5.842194843989999526e+02
-5.912316304989999480e+02
-5.868029454329999908e+02
-6.023257556790000535e+02
-5.806255999710000424e+02
-5.981412833540000520e+02
-5.967861263920000283e+02
-5.900169619710000006e+02
-5.995433907880000106e+02
-5.879295334629999843e+02
-5.949247011840000141e+02
-5.980948351859999548e+02
-5.926575565460000234e+02
-6.045499842330000320e+02
-5.916731667340000058e+02
-5.964478476530000535e+02
-5.943582289669999454e+02
-5.999280921450000506e+02
-6.038171226099999558e+02
-5.906794554750000543e+02
-5.897710469370000510e+02
-5.891332917700000280e+02
-5.963447377859999960e+02
-6.054268643430000338e+02
-6.007846649800000023e+02
-5.891821419179999566e+02
-5.908832270929999595e+02
-5.979316540470000518e+02
-5.919738560619999816e+02
-5.842608979919999683e+02
-5.982591950170000246e+02
-5.903236068170000408e+02
-5.962802155440000433e+02
-5.849527145710000013e+02
-5.988769151440000087e+02
-5.762378708979999828e+02
-5.901266847150000103e+02
-5.996643804880000062e+02
-5.843320944299999837e+02
-5.698078148780000447e+02
-5.835541718739999624e+02
-5.773033229169999458e+02
-5.856950885820000394e+02
-5.970044152310000527e+02
-6.006312180620000163e+02
-5.922410409010000194e+02
-5.926256708189999927e+02
-6.018629753200000323e+02
-5.997074796709999873e+02
-5.796667582569999695e+02
-6.007435284360000196e+02
-5.792760986460000368e+02
-6.010943015269999705e+02
-5.866874014170000464e+02
-6.038134220910000067e+02
-6.003401576219999924e+02
-5.899751235270000507e+02
-5.891040353600000117e+02
-5.933993403330000547e+02
-5.952602876810000225e+02
-5.928797557829999505e+02
-5.896914644270000281e+02
-5.835396498579999616e+02
-5.822604646979999643e+02
-5.985530802309999672e+02
-6.010974441649999562e+02
-6.059391760769999564e+02
-5.939937095159999672e+02
-5.950223624510000491e+02
-5.962733023429999548e+02
-5.875043607259999590e+02
-6.015954679070000566e+02
-5.881894659969999566e+02
-5.949808066580000059e+02
-5.845126765210000030e+02
-5.987162375059999704e+02
-5.949668469910000113e+02
-5.905172905760000504e+02
-5.999492892340000481e+02
-5.976747208589999900e+02
-5.963819252419999657e+02
-5.816912932740000315e+02
-5.796358128470000111e+02
-5.816574684749999733e+02
-5.988116119249999656e+02
-5.949716582510000080e+02
-5.915725153079999927e+02
-5.978179218059999585e+02
-5.983664676859999645e+02
-5.950337159109999448e+02
-5.930231020590000526e+02
-5.967411252529999501e+02
-5.966574341580000009e+02
-5.785244833420000532e+02
-5.951419221639999932e+02
-5.983345997579999676e+02
-5.942410305240000525e+02
-5.972528196870000556e+02
-6.025076834169999529e+02
-6.006672886070000459e+02
-5.890834716089999574e+02
-5.915282183040000064e+02
-5.991530376539999452e+02
-5.945996318259999498e+02
-5.924405622860000449e+02
-5.961959691749999593e+02
-5.839217871009999499e+02
-5.942490227150000237e+02
-5.934296550039999829e+02
-5.960412996329999942e+02
-5.977931835389999833e+02
-5.782421931669999822e+02
-5.894536675350000223e+02
-5.857269221550000111e+02
-5.855307927280000513e+02
-5.773279887080000208e+02
-5.949366563510000105e+02
-5.919277276589999701e+02
-5.966286434849999978e+02
-5.884247408290000294e+02
-5.912753841710000415e+02
-6.027016284930000438e+02
-5.926812585359999730e+02
-6.007728573059999917e+02
-5.794735894740000504e+02
-5.970025024249999888e+02
-6.011925900009999850e+02
-5.956657375590000356e+02
-5.964356259800000544e+02
-5.941835350300000300e+02
-5.962119187280000006e+02
-6.002219906809999657e+02
-5.893446547250000549e+02
-5.987907591729999695e+02
-6.032357642819999910e+02
-6.010489433929999450e+02
-5.821273996969999871e+02
-5.784859770320000507e+02
-5.749008546530000103e+02
-5.684913147810000282e+02
-5.960090545560000237e+02
-5.964845663380000360e+02
-5.858131935669999848e+02
-5.799053798730000153e+02
-5.961670089740000549e+02
-5.898911548219999759e+02
-6.007477383330000293e+02
-5.830481370259999494e+02
-5.907262619320000567e+02
-5.786589016740000488e+02
-5.860179613799999743e+02
-5.909826650810000501e+02
-5.861126977699999543e+02
-5.950609952800000428e+02
-5.957034076920000416e+02
-5.957707146689999718e+02
-5.803025860860000193e+02
-5.612472515590000057e+02
-5.818349108710000337e+02
-5.889809768149999627e+02
-5.946917116930000020e+02
-5.969350301130000389e+02
-5.952041535790000353e+02
-5.893284544399999731e+02
-5.989307722900000499e+02
-5.872577967830000034e+02
-5.893971587089999957e+02
-5.823984519470000123e+02
-5.934851759089999632e+02
-5.844416699160000235e+02
-5.841936538740000060e+02
-5.943718622390000519e+02
-5.970910899389999713e+02
-5.977936216750000540e+02
-5.752725344289999612e+02
-5.957730571959999679e+02
-5.974023448350000081e+02
-5.851180226789999779e+02
-5.980308541169999899e+02
-5.938112189690000378e+02
-5.870351591820000294e+02
-5.957694548829999803e+02
-5.866545303189999458e+02
-5.940186790049999672e+02
-5.920629865600000130e+02
-5.876417490329999964e+02
-5.978472223759999906e+02
-5.946007290850000118e+02
-5.933725431709999611e+02
-6.064336596499999814e+02
-5.940648712570000498e+02
-5.967783506790000274e+02
-5.944201594270000442e+02
-5.950716291799999453e+02
-5.933829779120000012e+02
-5.938080821569999443e+02
-5.861701756060000434e+02
-5.976804755360000172e+02
-5.914972525829999768e+02
-5.945222962039999857e+02
-6.031231644839999717e+02
-5.924772649479999700e+02
-5.976461257160000287e+02
-5.955557971460000317e+02
-5.983284108599999627e+02
-5.855038133770000286e+02
-6.000063007170000446e+02
-6.019489761610000187e+02
-5.799585137020000047e+02
-5.824296942099999796e+02
-5.930181694330000255e+02
-5.951453493809999600e+02
-5.911124434419999716e+02
-5.973484176489999982e+02
-5.974355023199999550e+02
-5.864022741219999943e+02
-5.960455857199999627e+02
-5.966368716570000288e+02
-6.039292228419999446e+02
-5.826499926049999658e+02
-5.902350265060000538e+02
-5.996958334759999616e+02
-5.977306444690000262e+02
-5.839388462040000149e+02
-5.983231316760000027e+02
-5.926730361850000008e+02
-5.899436504840000453e+02
-5.955397838390000516e+02
-5.904618410340000310e+02
-5.844867653080000309e+02
-5.940371189520000144e+02
-6.032921970989999636e+02
-5.984873782570000458e+02
-5.964096212220000552e+02
-5.955680184779999990e+02
-6.039571620729999495e+02
-5.911739139200000182e+02
-5.858551835399999845e+02
-5.897245333219999566e+02
-5.904860054170000012e+02
-5.909013589899999488e+02
-5.905025579860000562e+02
-5.996422380569999859e+02
-6.004617453920000116e+02
-5.887499408789999507e+02
-5.857832321930000035e+02
-5.899780324910000218e+02
-5.825852147409999588e+02
-5.858385902669999723e+02
-5.986047315880000497e+02
-5.972294184590000441e+02
-5.981983499399999573e+02
-5.790384872390000055e+02
-5.936185185709999814e+02
-6.029768854149999697e+02
-5.881901397330000236e+02
-5.984662677750000057e+02
-5.961223253670000304e+02
-5.989458963480000193e+02
-5.839028758839999682e+02
-6.011105269659999522e+02
-5.988600281940000514e+02
-5.921141206989999546e+02
-5.990760505849999618e+02
-5.956819872649999752e+02
-5.942254513750000342e+02
-6.018360836419999487e+02
-5.855209505719999470e+02
-5.922375867980000521e+02
-5.882262865310000279e+02
-5.845676206529999490e+02
-5.809911505449999822e+02
-5.975395216939999727e+02
-5.858177455860000009e+02
-5.938561752519999573e+02
-5.872923147689999723e+02
-5.897523543119999658e+02
-5.934585733119999986e+02
-5.958581030330000203e+02
-5.941530325170000424e+02
-5.961071884579999960e+02
-5.956013778320000256e+02
-5.889597336450000284e+02
-5.949647614250000061e+02
-5.889146221380000270e+02
-5.965128807280000274e+02
-5.918283214589999943e+02
-5.854423752860000150e+02
-5.977696309279999696e+02
-5.969703297879999582e+02
-6.010677376930000264e+02
-5.981946818039999698e+02
-6.005499390080000239e+02
-5.875726038100000324e+02
-5.957942433360000223e+02
-5.979566570819999924e+02
-5.993185961760000282e+02
-5.828948267849999638e+02
-5.923432717489999959e+02
-5.964722557159999496e+02
-5.786154985150000130e+02
-5.912466469710000183e+02
-5.946734436829999595e+02
-5.792246156229999769e+02
-5.930294319219999579e+02
-5.965427757679999559e+02
-5.777787023629999794e+02
-5.955711372910000136e+02
-5.980323326169999518e+02
-6.000557586380000430e+02
-5.902455995049999729e+02
-6.022317775469999788e+02
-5.782142289299999902e+02
-5.872365277599999445e+02
-5.935787640109999757e+02
-5.950197464310000441e+02
-5.951645882369999754e+02
-5.986106091950000518e+02
-5.934163299330000427e+02
-5.887636542359999794e+02
-5.948772489049999876e+02
-5.961801388349999797e+02
-6.050327266650000411e+02
-5.945586637599999449e+02
-5.830468506729999945e+02
-5.936813588019999770e+02
-5.939233296549999750e+02
-5.664951225700000350e+02
-5.933539531379999517e+02
-5.912861426409999694e+02
-6.028668242799999462e+02
-5.859340345839999600e+02
-6.031300985689999834e+02
-5.914111785520000240e+02
-6.019978723519999448e+02
-5.927806485249999469e+02
-5.872068929480000179e+02
-6.021763924340000358e+02
-5.977695652170000358e+02
-5.856045573489999470e+02
-5.935139155240000264e+02
-5.884077884649999532e+02
-5.986827946590000238e+02
-5.807182988209999621e+02
-6.001434493350000139e+02
-5.865517683599999827e+02
-5.985275531559999536e+02
-5.848620579839999891e+02
-5.928093440899999678e+02
-6.013574415750000526e+02
-5.994632646410000234e+02
-5.973462683069999457e+02
-5.921400344449999693e+02
-6.031619148140000561e+02
-5.864421195339999713e+02
-5.923423934019999706e+02
-6.018687129410000125e+02
-5.962021101499999531e+02
-5.921937769679999519e+02
-5.854596667509999861e+02
-5.998757004200000438e+02
-5.903649423199999546e+02
-5.998685636190000423e+02
-5.991295225200000232e+02
-6.051121898090000286e+02
-5.976825279030000502e+02
-5.959574580900000456e+02
-5.972357277359999443e+02
-5.907838971779999611e+02
-5.958829091950000247e+02
-5.986261188859999720e+02
-6.039953360929999917e+02
-5.938028798730000517e+02
-6.057827127750000500e+02
-5.990862575160000461e+02
-5.903115799480000305e+02
-5.993350093130000005e+02
-5.973989047180000398e+02
-5.944475606790000484e+02
-6.005588046269999722e+02
-6.000733894420000070e+02
-5.921270064709999588e+02
-5.956828900479999902e+02
-6.018163153929999680e+02
-5.849587149679999811e+02
-5.781490291400000388e+02
-6.039228091339999764e+02
-5.964774949730000344e+02
-5.984668927420000273e+02
-5.873947470209999437e+02
-5.854905429220000315e+02
-6.007920119289999548e+02
-5.909936200219999591e+02
-5.967341394090000222e+02
-5.961639005260000204e+02
-5.875537893639999538e+02
-5.921839328519999981e+02
-6.012062633619999588e+02
-5.937990147110000407e+02
-5.972474262480000107e+02
-5.917945820300000150e+02
-5.975303422670000373e+02
-5.970452443870000252e+02
-5.912441567030000442e+02
-5.937472396250000202e+02
