-5.781810741860000462e+02
-5.672286196860000018e+02
-5.916219117409999626e+02
-5.782289928520000331e+02
-5.680577651679999462e+02
-5.692892851950000477e+02
-5.777244532370000343e+02
-5.497605179419999786e+02
-5.962680042969999477e+02
-5.585477545280000413e+02
-5.671969204790000276e+02
-5.788162741400000186e+02
-5.762681928010000547e+02
-5.790780437749999692e+02
-5.991911895380000033e+02
-5.948141857279999840e+02
-5.735430880860000116e+02
-5.761084927729999663e+02
-5.906583296329999939e+02
-5.942120199170000205e+02
-5.826846417629999451e+02
-5.837411431010000342e+02
-5.754739247410000189e+02
-5.732373959130000003e+02
-5.815744446539999899e+02
-5.772396166859999767e+02
-5.899810218889999760e+02
-5.889677849150000384e+02
-5.758407906249999542e+02
-5.825359687379999514e+02
-5.486387377910000396e+02
-5.835965988310000512e+02
-5.842677966039999546e+02
-5.833747930429999542e+02
-5.836673775169999772e+02
-5.503345567019999862e+02
-5.968962702479999507e+02
-5.803325693729999557e+02
-5.964197446440000476e+02
-5.968838032869999779e+02
-5.972361675040000364e+02
-5.749419635719999633e+02
-5.824850718879999931e+02
-5.900946727430000465e+02
-5.694091818020000346e+02
-5.997257233169999608e+02
-5.808461277950000294e+02
-5.886884669759999724e+02
-5.949622530809999716e+02
-5.889820608310000125e+02
-5.915451060809999717e+02
-5.924422131810000565e+02
-5.906581092339999941e+02
-6.025770739050000202e+02
-5.862707238530000495e+02
-5.899721420299999863e+02
-5.799956058569999868e+02
-5.871166701350000494e+02
-5.973838851819999718e+02
-5.832772044590000178e+02
-5.900712238180000213e+02
-5.961039971520000336e+02
-5.903823237560000052e+02
-5.849910219570000436e+02
-5.934311358290000271e+02
-5.759020364030000110e+02
-5.946661309200000005e+02
-5.874877454649999891e+02
-5.890582063909999988e+02
-5.557547270860000026e+02
-5.824214141869999821e+02
-5.827926684510000541e+02
-5.764176218630000221e+02
-5.877948470379999435e+02
-5.740933628320000253e+02
-5.950356088390000195e+02
-5.961049564410000130e+02
-5.725516174570000203e+02
-5.423882377759999827e+02
-5.597821741120000070e+02
-5.826445517619999919e+02
-5.565908793800000467e+02
-5.661723633149999841e+02
-5.687026203030000033e+02
-5.826231452969999509e+02
-5.934780063859999473e+02
-5.926389845300000161e+02
-5.832974538089999896e+02
-5.763993007899999839e+02
-5.735586300139999594e+02
-5.926667500749999817e+02
-5.808721555780000472e+02
-5.790243841049999673e+02
-5.883063679729999649e+02
-5.906184259980000206e+02
-5.957418256070000098e+02
-5.696737280520000013e+02
-5.528448689079999667e+02
-5.749668034009999928e+02
-5.949714063180000494e+02
-5.556045221340000353e+02
-5.933417278370000076e+02
-5.903986988090000523e+02
-5.946803461020000441e+02
-5.791808215470000505e+02
-5.765993688099999872e+02
-5.742827046270000437e+02
-5.913672188199999482e+02
-5.917622642510000333e+02
-5.913371387690000347e+02
-5.837344721350000327e+02
-5.699549774810000144e+02
-5.909795348359999707e+02
-5.755756110229999649e+02
-5.834730947120000337e+02
-5.838062379399999600e+02
-5.971632479669999611e+02
-5.783590879490000134e+02
-5.797296438360000366e+02
-5.599937352619999729e+02
-5.957872846770000024e+02
-5.543850006940000412e+02
-5.657471745479999754e+02
-5.764819917319999831e+02
-5.950708257420000109e+02
-5.861754857129999436e+02
-5.911430628030000207e+02
-5.946774580049999486e+02
-5.584723559899999827e+02
-5.970710236720000239e+02
-5.608321366139999782e+02
-5.855805140539999911e+02
-5.807303433309999718e+02
-5.807569694149999577e+02
-5.912783084400000462e+02
-5.625128271580000501e+02
-5.826491207520000444e+02
-5.927594518749999679e+02
-5.925682436350000444e+02
-5.871441466769999806e+02
-5.727186785000000100e+02
-5.923774924939999664e+02
-5.935046854060000214e+02
-5.873135493099999849e+02
-5.643931741750000128e+02
-5.496291879799999833e+02
-5.991877685629999633e+02
-5.964492808290000312e+02
-5.876591531320000286e+02
-5.913475959160000457e+02
-5.607459466960000327e+02
-5.634178830890000427e+02
-5.731482671369999480e+02
-5.699289911050000228e+02
-5.951389368269999522e+02
-5.974853005280000389e+02
-5.778427909460000365e+02
-5.605414884890000167e+02
-5.826402683210000077e+02
-6.028687893259999555e+02
-5.854811143010000478e+02
-5.773509537630000068e+02
-5.821765110190000314e+02
-5.920080134480000424e+02
-5.944710388050000347e+02
-5.778067200839999487e+02
-5.933002716940000028e+02
-5.907742411479999873e+02
-5.866908235639999702e+02
-5.733873558999999887e+02
-5.901193702479999956e+02
-5.723823145740000200e+02
-5.934792950879999580e+02
-6.057204770539999572e+02
-5.986848416620000535e+02
-5.968980180529999870e+02
-5.820523199100000511e+02
-5.750983200929999839e+02
-5.729081655539999929e+02
-5.823716216149999809e+02
-5.657210268339999857e+02
-5.971419553649999443e+02
-5.931480199679999714e+02
-5.959004217599999720e+02
-5.913069182750000436e+02
-6.029982533610000246e+02
-6.012584589939999660e+02
-5.941864828059999581e+02
-5.925415744130000348e+02
-5.865918988810000201e+02
-5.828090402880000056e+02
-5.755558888719999686e+02
-5.733581356050000295e+02
-5.842012462830000459e+02
-5.768267742430000453e+02
-5.844711165859999937e+02
-5.861697042859999556e+02
-5.743632538299999624e+02
-5.671271445370000492e+02
-5.652165492359999917e+02
-5.759594999470000403e+02
-5.595859105839999756e+02
-5.787132345779999696e+02
-5.869445573399999603e+02
-5.801610579800000096e+02
-5.790375366619999795e+02
-5.722286750649999476e+02
-5.993855371170000126e+02
-5.870207775400000401e+02
-5.932624672130000363e+02
-5.967990226859999439e+02
-5.987136290639999743e+02
-5.752306153069999937e+02
-5.609632664160000104e+02
-5.560657256839999718e+02
-5.864835865620000277e+02
-6.001916908260000127e+02
-5.996803425450000304e+02
-5.923790464249999559e+02
-6.008724977030000218e+02
-5.968540328760000193e+02
-5.799038606750000326e+02
-5.857793769679999514e+02
-5.677229748859999745e+02
-5.748129000840000344e+02
-5.892120425739999519e+02
-5.967014431239999794e+02
-5.972024828779999552e+02
-5.695699631009999848e+02
-5.689871588400000064e+02
-5.813891608070000530e+02
-5.820081605520000494e+02
-5.880376553099999910e+02
-5.871673815609999565e+02
-5.781204193569999461e+02
-5.803592628420000210e+02
-5.884417274559999669e+02
-5.802568218440000010e+02
-5.709130068560000382e+02
-5.914132125080000151e+02
-5.872831618909999634e+02
-5.964070479580000210e+02
-5.948873998080000547e+02
-5.873646156669999527e+02
-5.762329838389999850e+02
-5.652720579150000049e+02
-5.857551190369999858e+02
-5.926728839300000118e+02
-5.999836664279999923e+02
-5.935177718869999808e+02
-5.627381752689999530e+02
-5.912338238840000031e+02
-5.952443795259999888e+02
-5.742946672079999644e+02
-5.801854239210000515e+02
-5.628126788189999843e+02
-5.897683458909999672e+02
-5.884255767930000047e+02
-5.957452394760000516e+02
-5.896375265770000169e+02
-5.872621870259999923e+02
-5.771340567849999843e+02
-5.614882224829999586e+02
-5.560365089230000422e+02
-5.861627701280000338e+02
-5.492146678950000478e+02
-5.903510074270000132e+02
-5.808135507690000168e+02
-5.870430137460000424e+02
-5.991587956380000151e+02
-5.681956631929999730e+02
-6.010814212430000225e+02
-5.825787605320000466e+02
-5.876924221939999597e+02
-5.940245162219999884e+02
-5.793567448369999511e+02
-5.827000064039999643e+02
-5.752389268030000267e+02
-5.954647948919999862e+02
-5.887833136279999735e+02
-5.567350430599999527e+02
-5.689257488700000067e+02
-5.706965920290000440e+02
-5.869471899709999434e+02
-5.764496118910000177e+02
-5.949805395930000032e+02
-5.993974825349999946e+02
-5.974912340939999922e+02
-5.937691968120000183e+02
-5.821331172059999517e+02
-5.850663498979999986e+02
-5.827547265910000078e+02
-5.867588623389999611e+02
-5.936526923720000468e+02
-5.957373800950000486e+02
-5.867251454690000401e+02
-5.738846245800000361e+02
-5.867359697430000551e+02
-5.978231867810000040e+02
-5.449211908639999820e+02
-5.782454061509999974e+02
-5.860284776290000082e+02
-5.532014374279999629e+02
-5.865817522219999773e+02
-5.872853580959999817e+02
-5.814814830990000019e+02
-5.799894041090000201e+02
-5.909567906649999713e+02
-5.976702312940000184e+02
-5.935169038779999937e+02
-5.922407353090000015e+02
-5.859658554679999725e+02
-5.505294063280000501e+02
-5.841649049699999523e+02
-5.741298526709999805e+02
-5.663811621629999991e+02
-5.801029617220000318e+02
-5.868702677720000338e+02
-5.711189762000000201e+02
-5.795584982469999886e+02
-5.926076392380000470e+02
-5.969438114959999666e+02
-5.913452071059999753e+02
-5.966178107069999896e+02
-5.904186130680000133e+02
-5.871942388380000466e+02
-6.000060124840000526e+02
-5.887749016660000052e+02
-5.843795212589999437e+02
-5.783094062110000095e+02
-5.668489335040000014e+02
-5.864039687870000535e+02
-5.738809679600000209e+02
-5.977557964840000295e+02
-5.923176991889999954e+02
-5.564354649860000563e+02
-5.833156716940000024e+02
-5.910259363919999487e+02
-5.862718160379999972e+02
-5.593091825889999882e+02
-5.469223064880000038e+02
-5.385517234139999800e+02
-5.736321830819999832e+02
-5.807066898589999937e+02
-5.991123105069999610e+02
-5.961437184010000010e+02
-5.909307478179999862e+02
-5.775123867160000373e+02
-5.940655363649999572e+02
-5.990412510969999857e+02
-6.004124413270000105e+02
-5.947525573870000244e+02
-5.955500085910000507e+02
-5.879784156350000330e+02
-5.774700546829999439e+02
-5.651107323310000083e+02
-5.901923236769999903e+02
-5.861299966560000030e+02
-5.715633948610000061e+02
-5.773986523620000071e+02
-5.816474903629999744e+02
-5.927238753899999892e+02
-5.824775189780000346e+02
-5.852155732149999494e+02
-5.990569548299999951e+02
-5.742392063099999859e+02
-5.967763927859999740e+02
-5.948139420009999867e+02
-5.584504805750000287e+02
-5.912162973450000436e+02
-5.752663770740000473e+02
-5.888137593589999597e+02
-5.645578354360000048e+02
-5.777569330730000274e+02
-5.935263861680000446e+02
-5.893745018439999512e+02
-5.590331501450000360e+02
-5.842047516479999558e+02
-5.804240281580000556e+02
-5.867892981100000043e+02
-5.913240919989999611e+02
-5.511725668760000190e+02
-5.863642788610000025e+02
-5.921855321640000511e+02
-5.867235601859999861e+02
-5.922072599250000167e+02
-5.785654360910000378e+02
-5.798846178049999480e+02
-5.793150870099999565e+02
-5.765592364880000105e+02
-5.819207370860000310e+02
-5.635419299840000349e+02
-5.600637961170000381e+02
-5.676052745270000059e+02
-5.953297051150000243e+02
-5.794400181380000276e+02
-5.892583461360000001e+02
-5.493734180259999675e+02
-5.913911645010000484e+02
-5.987528727049999588e+02
-5.911021972759999699e+02
-5.494201194979999627e+02
-5.892728027900000143e+02
-5.909924693939999543e+02
-5.944258249599999999e+02
-5.798097072189999608e+02
-5.907545617890000358e+02
-5.817825093139999808e+02
-5.922988816590000170e+02
-5.968176371340000514e+02
-5.616540388680000433e+02
-5.908730615270000044e+02
-5.644984172829999807e+02
-5.696420114039999589e+02
-5.866711940909999612e+02
-5.925216110600000547e+02
-5.931318587340000477e+02
-5.871848601169999711e+02
-5.797231565910000199e+02
-5.815471120030000520e+02
-5.827667778339999813e+02
-5.949111046220000389e+02
-5.840084603599999582e+02
-5.908566745240000273e+02
-5.772415134369999805e+02
-5.926739832729999762e+02
-5.929418901510000524e+02
-5.898565046979999806e+02
-5.816769908759999907e+02
-5.948223572079999713e+02
-5.810382004849999475e+02
-5.918791436940000494e+02
-5.972594468620000043e+02
-5.905913648130000411e+02
-5.866188674530000071e+02
-5.938327490000000353e+02
-5.649115595329999451e+02
-5.755896787149999909e+02
-5.898189659390000088e+02
-5.765294189979999828e+02
-5.990979465509999500e+02
-5.858415621780000038e+02
-5.743103324999999586e+02
-5.826026846949999936e+02
-5.817377035900000237e+02
-5.837157500639999625e+02
-5.909022259890000441e+02
-5.660843442850000429e+02
-5.878774143169999888e+02
-5.789748932139999624e+02
-6.003077742599999738e+02
-5.810240027319999854e+02
-5.822262008879999939e+02
-5.977273059809999722e+02
-5.843376555580000513e+02
-5.863276461650000329e+02
-5.938924604000000045e+02
-5.832215358079999987e+02
-5.930240943840000227e+02
-6.020520925350000425e+02
-5.730898579810000228e+02
-5.910819714299999532e+02
-5.986963630239999929e+02
-5.991129994929999611e+02
-5.953163839110000026e+02
-5.745011463439999488e+02
-5.972025923520000106e+02
-5.975911250430000337e+02
-5.926050661919999811e+02
-5.906097366120000061e+02
-5.860661995320000415e+02
-5.961232651479999731e+02
-5.810765755329999820e+02
-5.566355227389999527e+02
-5.726812183020000475e+02
-5.654532519440000442e+02
-5.327508877400000529e+02
-5.868761816669999689e+02
-5.847037808439999935e+02
-5.782660291920000191e+02
