-5.947199347670000407e+02
-6.032420574660000057e+02
-5.976351996990000544e+02
-5.990071207790000472e+02
-6.019194109860000026e+02
-5.915764648829999715e+02
-5.916017726869999933e+02
-5.927491027879999592e+02
-5.873830912959999750e+02
-5.988824965349999729e+02
-6.052548083030000043e+02
-5.934890927019999936e+02
-5.998221503610000127e+02
-5.962718847659999710e+02
-5.976633977520000371e+02
-6.038441250480000235e+02
-5.894298004309999897e+02
-5.941234339229999932e+02
-5.987144546739999669e+02
-6.030750348650000205e+02
-5.947368394290000424e+02
-6.013011458830000038e+02
-5.954818866389999812e+02
-6.029345930340000450e+02
-5.948181585600000290e+02
-5.983918848439999465e+02
-5.981436307019999958e+02
-5.817090151830000195e+02
-5.934027708859999848e+02
-5.957270085679999738e+02
-5.969264383979999593e+02
-5.855821237620000375e+02
-6.024544544780000024e+02
-5.943585019900000361e+02
-5.977018237219999719e+02
-5.853741033359999619e+02
-5.993789812149999534e+02
-5.960630971799999998e+02
-5.999949932050000143e+02
-5.990288763270000345e+02
-5.987008901450000167e+02
-5.994751516110000011e+02
-5.916924723560000530e+02
-6.036404754479999610e+02
-5.975377572070000269e+02
-5.951470737070000041e+02
-6.049618543289999479e+02
-5.975000779670000384e+02
-5.949155462270000498e+02
-5.920003522939999812e+02
-5.951991107930000453e+02
-6.040183346999999685e+02
-5.907983478129999639e+02
-5.910623243899999579e+02
-5.986737678949999690e+02
-5.929502386870000237e+02
-5.790192979700000251e+02
-5.829504185949999737e+02
-5.789489506940000183e+02
-5.791989320379999526e+02
-5.952398809490000531e+02
-5.958000742389999687e+02
-5.996690741149999440e+02
-5.955088116959999525e+02
-5.963158599119999508e+02
-6.017646587100000488e+02
-5.928527729749999935e+02
-5.998092387689999896e+02
-5.973555466130000013e+02
-6.029834771419999697e+02
-6.014062779659999478e+02
-5.970247271319999527e+02
-5.808244136319999598e+02
-5.933386316329999772e+02
-5.999602552909999531e+02
-6.020097021740000400e+02
-6.014267013700000462e+02
-5.925777738819999740e+02
-6.013595506369999839e+02
-5.954537347489999775e+02
-5.960330947789999527e+02
-5.972565024289999656e+02
-5.965720567209999672e+02
-5.972964540780000107e+02
-5.904791937249999592e+02
-6.031791391909999902e+02
-5.993682078350000211e+02
-5.823390969549999454e+02
-5.940990901840000333e+02
-6.000271557109999776e+02
-6.046281692129999783e+02
-5.965528372129999752e+02
-6.024978981120000299e+02
-5.979211198169999761e+02
-5.954385014270000056e+02
-5.981249084690000473e+02
-5.899484517529999721e+02
-6.003457021359999999e+02
-5.961211244410000063e+02
-5.959791764110000258e+02
-5.921169712580000350e+02
-6.008104742330000363e+02
-5.975017207600000120e+02
-5.975785006410000051e+02
-6.022406096700000262e+02
-6.015505403160000242e+02
-5.860992331979999790e+02
-6.014242993169999636e+02
-5.990925365309999506e+02
-5.982261665009999660e+02
-5.996374533399999791e+02
-5.970384299510000119e+02
-5.951010031829999889e+02
-5.964344211669999822e+02
-5.983446929340000224e+02
-5.962753517480000482e+02
-6.007736068000000387e+02
-5.969533221030000050e+02
-6.002720579770000313e+02
-6.020695562910000262e+02
-5.942733795240000063e+02
-5.986866041700000096e+02
-6.019503688910000392e+02
-5.978309118759999592e+02
-5.963181579409999813e+02
-5.889967036079999616e+02
-5.921539654099999552e+02
-5.950184652850000475e+02
-5.949326204149999739e+02
-6.018542440109999916e+02
-5.904731971370000565e+02
-5.873793619670000226e+02
-5.996291481749999548e+02
-5.973679083329999457e+02
-6.020070965800000522e+02
-5.940464189110000461e+02
-6.043675346610000361e+02
-5.950097863280000183e+02
-6.052859685240000545e+02
-5.899515823360000013e+02
-5.919043441479999501e+02
-5.909949517500000411e+02
-5.952008756830000493e+02
-5.950515387389999660e+02
-6.016034513829999923e+02
-5.993328231409999489e+02
-5.986722125539999979e+02
-5.993592557309999620e+02
-5.970472637980000172e+02
-5.989515348800000538e+02
-5.928077351780000299e+02
-5.966265405440000222e+02
-5.977030754370000523e+02
-5.797824165450000464e+02
-6.028465297489999557e+02
-6.042978459409999914e+02
-5.992352451379999820e+02
-5.934175518350000402e+02
-5.963554679650000026e+02
-5.962842657080000208e+02
-5.979162561609999784e+02
-5.916601995129999523e+02
-6.016333402660000047e+02
-5.983594354609999755e+02
-5.983020295049999504e+02
-5.970520446409999522e+02
-6.021328309499999705e+02
-5.981010412399999723e+02
-5.957810752369999818e+02
-5.936983689050000521e+02
-6.000552862289999894e+02
-5.947314433029999918e+02
-5.873494842190000327e+02
-5.730885666499999616e+02
-5.778333603229999653e+02
-5.855087395609999703e+02
-5.930812842000000273e+02
-5.844245858939999607e+02
-5.928262430370000402e+02
-5.986891355740000336e+02
-5.937659425289999717e+02
-5.954476570929999752e+02
-6.051808556700000281e+02
-6.013977134900000010e+02
-6.025603294420000111e+02
-6.068660882570000012e+02
-6.046071290720000206e+02
-6.039317478970000366e+02
-5.961247593379999898e+02
-5.979171697309999445e+02
-5.836571798910000552e+02
-5.969773835610000106e+02
-6.032397811289999936e+02
-5.928792754739999964e+02
-6.024075271350000094e+02
-5.963729875069999480e+02
-5.909076790750000328e+02
-6.065764328179999438e+02
-6.048995595349999803e+02
-6.007970774330000268e+02
-6.023614961309999671e+02
-5.958126372130000163e+02
-5.986659554090000483e+02
-5.963431648279999990e+02
-5.816916868470000281e+02
-5.987603003299999500e+02
-5.963670024890000150e+02
-6.015655223850000084e+02
-5.937770855869999878e+02
-5.923751155319999953e+02
-6.003418439829999897e+02
-6.024057432539999581e+02
-5.981791267700000390e+02
-5.974869798940000010e+02
-5.904537898629999972e+02
-5.931835881340000469e+02
-5.977124829749999435e+02
-6.011329689599999710e+02
-6.030523625499999980e+02
-5.762968620079999482e+02
-5.935190565399999514e+02
-5.959748714659999678e+02
-5.931843284420000373e+02
-5.993554525770000510e+02
-5.930654961430000185e+02
-6.026765801049999709e+02
-5.976665732449999950e+02
-5.908230952200000274e+02
-5.893660812589999978e+02
-6.012126469700000371e+02
-5.974830775000000358e+02
-5.991546309020000081e+02
-5.968339055899999721e+02
-6.050394871500000136e+02
-5.930418536250000443e+02
-5.891093397089999826e+02
-5.823708806130000539e+02
-5.866568552490000457e+02
-5.988871876919999977e+02
-6.020104582070000561e+02
-5.917529787529999794e+02
-5.957969059289999905e+02
-6.038413003949999620e+02
-5.951450922559999981e+02
-5.978693567669999993e+02
-5.949728141220000452e+02
-5.895019037270000126e+02
-5.960294613109999773e+02
-5.939668712029999824e+02
-5.937044313320000128e+02
-5.984173265970000557e+02
-5.949431782980000207e+02
-5.991879008900000372e+02
-5.875213535609999553e+02
-6.043750393389999545e+02
-6.003334094150000055e+02
-5.918824118909999470e+02
-6.002386427290000483e+02
-5.973908347799999774e+02
-5.967269380960000262e+02
-6.055761013469999625e+02
-5.968454461200000196e+02
-6.015838817110000036e+02
-5.943201655090000486e+02
-5.903505226370000400e+02
-5.982610901430000467e+02
-6.016916020449999678e+02
-5.994208585339999900e+02
-5.917071368370000073e+02
-6.007434387890000380e+02
-5.874329750790000162e+02
-6.030752731100000119e+02
-5.882015094900000349e+02
-5.917642132150000407e+02
-6.019171089129999928e+02
-5.767129625349999742e+02
-5.936230873609999890e+02
-5.990748913009999796e+02
-6.018426772090000441e+02
-5.918795285359999525e+02
-5.914612924000000476e+02
-6.005910364530000152e+02
-5.941336569830000371e+02
-6.003137393079999811e+02
-5.988066164560000288e+02
-5.975544894659999500e+02
-5.899794229379999706e+02
-5.926252468860000135e+02
-5.906157671319999736e+02
-5.984112760110000409e+02
-5.879030426450000277e+02
-6.028956447540000454e+02
-6.008456939809999540e+02
-5.997243265160000192e+02
-5.873146156919999612e+02
-5.827773380370000496e+02
-5.906049984029999678e+02
-5.871890257339999835e+02
-5.910597867850000284e+02
-6.009029041400000324e+02
-6.036414162940000097e+02
-6.013899508250000281e+02
-6.037835021099999722e+02
-6.015961198559999730e+02
-5.956092087299999775e+02
-5.941115652930000124e+02
-5.937955228820000002e+02
-5.887754429430000300e+02
-5.846370655299999726e+02
-5.857349238179999702e+02
-5.878752306469999667e+02
-5.985023205530000041e+02
-6.028138090620000185e+02
-5.928695382160000236e+02
-5.991245900259999644e+02
-6.000920440759999792e+02
-6.044476944020000246e+02
-5.953145812809999597e+02
-6.002304985069999930e+02
-5.903752510360000088e+02
-5.989220160549999719e+02
-5.977762384840000323e+02
-6.046693781070000568e+02
-6.042591837229999783e+02
-5.979171429230000285e+02
-5.863013921289999644e+02
-5.800002980640000487e+02
-5.942189421179999727e+02
-6.012870505390000062e+02
-5.984745648860000529e+02
-5.991703572840000334e+02
-5.958981900510000287e+02
-5.910790960860000496e+02
-5.956238168370000494e+02
-5.951645258180000155e+02
-5.969150175349999472e+02
-5.923767711780000127e+02
-5.842995973790000335e+02
-5.961721615740000288e+02
-5.980210414629999605e+02
-6.009902959949999968e+02
-6.023032491860000164e+02
-5.896415752970000312e+02
-5.966961683719999883e+02
-5.928406462530000454e+02
-5.992876706109999532e+02
-5.931854095600000392e+02
-5.990074914750000517e+02
-6.042047210790000236e+02
-5.984314895710000428e+02
-5.947862073149999560e+02
-5.971058965280000166e+02
-5.967164180360000501e+02
-5.976853817610000306e+02
-6.026750227989999757e+02
-6.035540013620000082e+02
-6.008589580269999715e+02
-5.963533663360000219e+02
-5.954099350989999948e+02
-5.923887272440000515e+02
-5.944394530439999471e+02
-6.032017787900000485e+02
-6.013060109299999567e+02
-5.975985412969999970e+02
-5.916108881799999608e+02
-6.029953238650000458e+02
-5.999903435879999734e+02
-5.958574515870000141e+02
-5.938426285420000568e+02
-5.933410200380000106e+02
-6.025552581499999860e+02
-6.027133087859999705e+02
-5.903453682000000526e+02
-5.947269811099999970e+02
-6.002261509019999721e+02
-5.979465621489999876e+02
-5.980252345970000079e+02
-5.988170279830000027e+02
-5.912682501440000351e+02
-6.051131291079999528e+02
-6.012850262209999528e+02
-5.957042787240000052e+02
-5.907868861849999575e+02
-5.808958425099999658e+02
-5.936463676939999914e+02
-5.925207034300000259e+02
-5.932518405409999787e+02
-5.962457986099999516e+02
-5.942938860750000458e+02
-5.868698149049999984e+02
-5.953971122450000166e+02
-5.875024914919999901e+02
-5.877345246549999729e+02
-5.982447701739999957e+02
-6.015689147540000477e+02
-5.900132291480000504e+02
-6.041909493309999561e+02
-6.031476162860000159e+02
-5.990737405549999721e+02
-5.944332687649999798e+02
-5.980936433739999529e+02
-6.005207834200000434e+02
-5.975448176669999611e+02
-5.997294110210000326e+02
-6.018674911199999542e+02
-5.978084964829999990e+02
-6.016204271880000078e+02
-5.935478192099999433e+02
-5.869800634409999702e+02
-5.946260431910000079e+02
-5.819058242910000445e+02
-5.957128413120000232e+02
-5.946566233050000392e+02
-6.005642054789999520e+02
-6.033104707249999592e+02
-5.954455065509999940e+02
-5.982775406580000208e+02
-5.995292968339999788e+02
-5.992440167160000328e+02
-6.020868358970000145e+02
-5.890524422270000287e+02
-5.994400117090000322e+02
-6.031191031219999559e+02
-5.971434316569999510e+02
-5.956786583220000466e+02
-6.002637987709999834e+02
-5.955517358119999471e+02
-6.044816843129999597e+02
-5.860805274260000033e+02
-5.952156794210000044e+02
-5.959533641470000020e+02
-5.915932306380000227e+02
-5.967179632710000305e+02
-5.996456209200000558e+02
-5.980600159560000293e+02
-5.990403902110000445e+02
-5.970311050340000065e+02
-5.966849225590000287e+02
-5.976902257130000180e+02
-6.027277716180000198e+02
-5.962359497810000448e+02
-6.001856631529999504e+02
-5.964882488560000411e+02
-6.007215840029999754e+02
-5.950666028990000314e+02
-5.995917433609999989e+02
-5.903665652339999497e+02
-6.016681032809999579e+02
-5.996068007999999736e+02
-5.917432618310000407e+02
-6.016961205899999641e+02
-5.998236881709999579e+02
-5.923329484690000299e+02
-5.892665572619999921e+02
-5.902360445110000455e+02
-5.963005480550000357e+02
-5.927155381009999928e+02
-5.988082857079999712e+02
-5.984422870050000256e+02
-6.019808874369999785e+02
-5.998792604440000105e+02
-6.026417552609999575e+02
-5.786246001690000185e+02
-5.821153193569999758e+02
-5.958714481670000396e+02
-5.953514451989999543e+02
-5.903627277260000028e+02
-5.903190576309999642e+02
-5.994661312859999498e+02
-6.040607282150000401e+02
-5.985284494200000154e+02
-5.950487174710000318e+02
-5.977960168590000194e+02
-6.015929171809999616e+02
-5.868681918949999954e+02
-5.976925605049999604e+02
-5.979690548470000522e+02
-5.964652361319999727e+02
-5.878830752679999705e+02
-5.860179710740000019e+02
-5.871458236539999689e+02
-6.073218181380000260e+02
-6.054105884580000065e+02
-5.993299812320000228e+02
-6.063712090179999450e+02
-5.876551599699999997e+02
-6.024243117989999519e+02
-5.934054742390000001e+02
-6.008834525600000234e+02
-6.014249288060000254e+02
-6.001913060629999563e+02
-5.993329516430000012e+02
-5.976371811899999784e+02
-6.017730724680000094e+02
-6.004349484699999948e+02
-5.806103902229999676e+02
-5.964245984479999834e+02
-5.984228885640000044e+02
-5.994712395479999714e+02
-5.880834116710000217e+02
-5.956536543500000107e+02
-5.937344435109999949e+02
-5.938205692579999777e+02
-5.939736337790000107e+02
-5.893236358310000469e+02
-6.003865213779999976e+02
-5.954066572560000168e+02
-5.945985634139999547e+02
-6.026427763740000501e+02
-5.984169790529999773e+02
-5.985096091289999549e+02
-5.959523200090000046e+02
-5.982698779380000360e+02
-5.951920800589999772e+02
-6.004671786620000375e+02
-6.005508552159999454e+02
-5.977718624240000054e+02
-5.927354740160000119e+02
-5.988580686650000189e+02
-5.990128835660000277e+02
-5.968637432460000127e+02
-5.876713263929999584e+02
-6.057893483819999574e+02
-5.980433591209999804e+02
-6.025017559090000532e+02
-5.982048792699999922e+02
-5.947474521240000058e+02
-5.988749260969999568e+02
-5.916311361609999722e+02
-5.944110289169999533e+02
-6.021022742459999790e+02
-6.005754564159999518e+02
-6.019073120299999573e+02
-6.055556569010000203e+02
-5.903521945659999801e+02
-5.951319558100000222e+02
-5.917581666559999576e+02
-5.996930138530000249e+02
-5.968161465629999611e+02
-5.952055172230000153e+02
-6.007060052179999730e+02
-5.964055427900000268e+02
-5.975409472740000183e+02
-5.915186489230000007e+02
-5.966081784289999632e+02
-5.866756480760000159e+02
-5.953134975409999470e+02
-5.956297841470000094e+02
-5.905546563340000148e+02
-5.741297055779999710e+02
-5.939980682840000554e+02
-5.850629607869999518e+02
-5.973517225279999820e+02
-6.043143510789999482e+02
-6.047740237570000090e+02
-6.020201177520000329e+02
-6.016109700060000023e+02
-5.890995618550000472e+02
-5.875229251690000183e+02
-5.984626553269999931e+02
-5.982513825019999558e+02
-6.035556145320000496e+02
-5.938612144080000235e+02
-5.906635836299999482e+02
-5.891297158449999642e+02
-5.945722061459999850e+02
-5.934226248889999624e+02
-6.062719779410000456e+02
-5.964121909240000150e+02
-5.970257644140000366e+02
-6.008896762919999901e+02
-6.030478956739999603e+02
-5.954049032200000511e+02
-5.886957518579999942e+02
-5.941551594359999626e+02
-5.956807977600000186e+02
-6.028724060050000162e+02
-5.991513221229999999e+02
-5.944672543789999963e+02
-6.029002763119999599e+02
-6.003162137389999771e+02
-5.953656482779999806e+02
-5.981264238310000110e+02
-5.916314673050000010e+02
-5.970731933179999942e+02
-5.942212481440000147e+02
-5.985150803510000515e+02
-5.979067419929999687e+02
-5.909512747549999858e+02
-5.942137278669999887e+02
-5.975785129109999616e+02
-5.939230745930000239e+02
-6.005778536819999545e+02
-5.963590610249999600e+02
-5.892792816200000061e+02
-5.920816181589999587e+02
-6.002839330079999627e+02
-5.959817858500000511e+02
-5.951611408029999666e+02
-5.976612655039999709e+02
-6.029893920140000318e+02
-6.006647059890000264e+02
-5.991335303869999507e+02
-5.867071689910000032e+02
-5.924843655439999566e+02
-5.908432600620000130e+02
-6.010377895530000387e+02
-5.907572439230000327e+02
-5.996081960249999838e+02
-6.000484550679999529e+02
-5.949815599370000427e+02
-5.954300606309999466e+02
-5.858473837789999834e+02
-5.948750729030000457e+02
-5.931801155829999743e+02
-5.957403119179999749e+02
-5.916010963799999445e+02
-5.993007727440000281e+02
-6.017997943020000093e+02
-6.030745432559999699e+02
-6.017997858129999713e+02
-5.936880547450000449e+02
-5.993625678890000472e+02
-6.023935294999999996e+02
-6.034709288489999608e+02
-6.041602780360000224e+02
-5.887723293789999843e+02
-5.673063088559999869e+02
-5.898856382220000114e+02
-5.986576433599999518e+02
-5.834103686360000438e+02
-5.907147539019999840e+02
-6.037536012729999584e+02
-5.931975273929999730e+02
-5.986645066170000291e+02
-6.007760001689999854e+02
-5.785621517439999479e+02
-5.925223041000000421e+02
-6.060592552519999572e+02
-5.997977540639999461e+02
-5.774333816409999827e+02
-5.959449941169999647e+02
-5.942444724340000448e+02
-5.983620638869999766e+02
-5.966182008790000282e+02
-5.933350834189999432e+02
-5.971381990739999992e+02
-5.902996847900000148e+02
-5.988756655009999577e+02
-5.997303513949999569e+02
-6.016819070789999842e+02
-6.060500342020000062e+02
-6.004820081819999587e+02
-6.019631910939999671e+02
-5.981677591489999486e+02
-5.887427253340000561e+02
-5.745503698219999933e+02
-6.000983335380000199e+02
-5.939577559509999674e+02
-5.977208888870000010e+02
-5.947007812919999878e+02
-5.935473227160000533e+02
-5.851214005430000498e+02
-5.883154146880000326e+02
-5.835871222370000169e+02
-5.998358820099999775e+02
-5.950048305709999568e+02
-5.974213156380000100e+02
-5.999681356139999480e+02
-5.950580889640000350e+02
-5.908390434609999602e+02
-6.041486473319999959e+02
-5.936078907380000373e+02
-5.986332273990000203e+02
-6.046533545849999882e+02
-5.969083556809999891e+02
-6.000799457959999472e+02
-5.931157383639999807e+02
-5.987608669759999884e+02
-6.006682472610000332e+02
-5.909803513800000019e+02
-5.961999039849999917e+02
-5.982742763759999889e+02
-5.969140623240000423e+02
-6.010193868369999564e+02
-6.026308228699999745e+02
-6.032785155230000100e+02
-5.750569078879999552e+02
-5.936645743990000028e+02
-5.820388540190000413e+02
-5.885563597169999639e+02
-5.915084881660000065e+02
-6.007309812739999870e+02
-5.912798163100000011e+02
-5.927921065970000427e+02
-5.947284351389999983e+02
-5.944609708750000436e+02
-5.804473319139999603e+02
-5.926245089249999864e+02
-5.876919432280000137e+02
-5.852406882359999827e+02
-5.896559686169999850e+02
-6.000786271969999461e+02
-5.963521567450000020e+02
-5.976420100220000222e+02
-5.969330115989999967e+02
-6.022295765809999466e+02
-6.018993286439999792e+02
-5.951732582180000009e+02
-5.867375224969999863e+02
-5.968712340079999876e+02
-5.980840380519999826e+02
-5.990371875280000040e+02
-6.054733233309999605e+02
-5.914768302019999737e+02
-5.875962917949999564e+02
-6.037017092800000455e+02
-5.919248054180000054e+02
-5.943875764150000123e+02
-6.010301790500000152e+02
-5.835459263389999478e+02
-5.954447091709999995e+02
-5.972922509129999753e+02
-5.907235800690000360e+02
-5.941635775409999951e+02
-5.922897866929999964e+02
-5.991795520660000420e+02
-5.877583471880000161e+02
-6.018638303789999782e+02
-6.007284449569999651e+02
-5.931981865999999854e+02
-6.029437249449999854e+02
-5.954230464989999518e+02
-6.035650285680000025e+02
-5.983425964729999578e+02
-5.999779364270000315e+02
-6.022696401189999733e+02
-5.922860737419999850e+02
-5.972797022099999822e+02
-6.015422438010000405e+02
-6.031288320529999964e+02
-5.990226662540000007e+02
-5.962700587320000523e+02
-5.982335273689999440e+02
-6.021154802319999817e+02
-5.941115402819999645e+02
-5.942859636179999825e+02
-5.974449383219999845e+02
-5.974149927079999998e+02
-6.046708015929999647e+02
-5.923997512470000402e+02
-5.977452147110000169e+02
-6.041303041359999497e+02
-5.969419103970000151e+02
-6.007918282340000360e+02
-5.979937097009999434e+02
-5.847054869309999958e+02
-5.971594716969999581e+02
-5.963719812550000370e+02
-6.012906264719999854e+02
-5.992103842469999790e+02
-5.981434873279999920e+02
-5.945394735260000516e+02
-5.922526045800000247e+02
-5.988656247720000465e+02
-5.970043994879999900e+02
-5.958641657199999599e+02
-6.054827010039999777e+02
-5.980322300479999740e+02
-5.895302060200000369e+02
-5.861163479519999555e+02
-5.888383543940000209e+02
-5.936229063160000123e+02
-5.969432859009999675e+02
-5.958422089680000227e+02
-5.968695543490000546e+02
-5.954305123059999687e+02
-5.847631855030000452e+02
-5.927343912469999623e+02
-5.968378781860000117e+02
-5.927791497870000512e+02
-5.978542727650000188e+02
-5.750060854179999978e+02
-6.004233243579999453e+02
-5.951012230909999516e+02
-5.963574261590000560e+02
-5.987459981939999807e+02
-5.959320255249999718e+02
-5.988999372709999989e+02
-5.981416854459999968e+02
-5.996997006230000125e+02
-5.972322232720000557e+02
-5.843623696460000474e+02
-6.016747747419999541e+02
-5.887202631899999687e+02
-5.944616338370000221e+02
-5.937823895239999956e+02
-5.895471617220000553e+02
-5.838691924219999692e+02
-5.989376454069999909e+02
-5.957660886029999574e+02
-5.850101706140000033e+02
-5.981821456589999570e+02
-5.980535633419999613e+02
-6.014551744460000009e+02
-5.992789709649999850e+02
-6.018372674619999998e+02
-5.976939421609999954e+02
-6.046414216929999839e+02
-6.042418068790000234e+02
-5.971577083820000098e+02
-6.049124525529999801e+02
-6.023211637890000247e+02
-5.994427803979999680e+02
-6.010518972940000140e+02
-5.920141478389999747e+02
-5.958222974010000144e+02
-6.039780109600000060e+02
-5.992184870679999449e+02
-6.016575255660000039e+02
-5.985281796599999780e+02
-5.982314482799999951e+02
-5.900026488109999718e+02
-5.782760437849999562e+02
-5.790452508370000260e+02
-5.924532970929999465e+02
-6.001750425029999860e+02
-5.983317171659999758e+02
-6.029497743429999446e+02
-5.975491300050000518e+02
-6.011156203599999799e+02
-5.916068446379999841e+02
-6.033070782539999755e+02
-6.034799939839999752e+02
-6.017536400840000397e+02
-5.997866802659999621e+02
-5.938690801579999743e+02
-5.913349826910000502e+02
-5.916345272280000245e+02
-5.984358314759999757e+02
-5.974816609140000310e+02
-5.970613201490000392e+02
-6.019041186220000554e+02
-5.976449679849999939e+02
-6.041272642510000423e+02
-5.971150384300000269e+02
-5.986759727610000255e+02
-5.994397748779999802e+02
-6.032139474699999937e+02
-5.940945091019999609e+02
-5.809544423040000538e+02
-5.835850670859999809e+02
-5.889227476779999506e+02
-5.999112001070000133e+02
-5.977122614710000335e+02
-5.985695220899999640e+02
-5.922101772820000178e+02
-5.898739954239999861e+02
-5.963774325050000016e+02
-5.976512735049999492e+02
-6.009558644349999668e+02
-5.923201279549999754e+02
-5.926686318460000393e+02
-5.979910080580000340e+02
-5.883182368530000304e+02
-5.878181000309999718e+02
-5.717514423960000158e+02
-5.871862974189999704e+02
-5.961006709270000101e+02
-5.924688835319999498e+02
-6.024449763369999573e+02
-5.958928107780000119e+02
-5.902587680980000187e+02
-5.908542823809999618e+02
-5.845422568840000395e+02
-5.916071901000000253e+02
-5.960864631330000520e+02
-5.921783435889999510e+02
-6.035394783310000548e+02
-6.022574463910000304e+02
-5.837738931999999750e+02
-5.883975739119999844e+02
-5.886638507129999880e+02
-5.950797111020000330e+02
-5.863076346200000444e+02
-5.977976814439999771e+02
-5.956950283600000375e+02
-5.996161056449999478e+02
-5.972630020630000445e+02
-5.990635345409999672e+02
-5.880759974909999528e+02
-5.889404881640000440e+02
-5.955894154930000468e+02
-5.823938481809999530e+02
-5.962899473930000340e+02
-5.941576969770000005e+02
-6.045604382359999818e+02
-6.009309540509999579e+02
-6.014366278559999728e+02
-5.967577001800000289e+02
-6.032598474960000203e+02
-5.961528465180000467e+02
-5.927364480630000116e+02
-5.994579929889999903e+02
-5.996263121980000506e+02
-6.025768066099999487e+02
-5.939677898329999834e+02
-5.867130894020000369e+02
-5.884124016219999476e+02
-5.853550198460000047e+02
-5.883592085929999485e+02
-5.934829954159999943e+02
-5.904651395370000273e+02
-5.997926972669999941e+02
-6.015600910150000118e+02
-5.980231338590000405e+02
-6.035066005820000328e+02
-5.986564668979999624e+02
-6.008043293900000208e+02
-6.011461757509999870e+02
-6.036784941600000138e+02
-5.967347886600000493e+02
-5.999472140880000097e+02
-5.979388941619999969e+02
-5.952765416949999917e+02
-5.973796830479999471e+02
-5.973691966009999987e+02
-6.004317217799999753e+02
-5.853685161549999521e+02
-5.938415767520000372e+02
-5.988466406940000297e+02
-5.936566048920000185e+02
-6.021567217909999954e+02
-5.960840366280000353e+02
-6.036998061550000330e+02
-5.981848383730000478e+02
-6.019756935230000181e+02
-5.992806490399999575e+02
-5.931870716800000309e+02
-5.923203792269999894e+02
-5.987172221360000322e+02
-5.997564298510000071e+02
-5.929840399590000288e+02
-5.865961244420000185e+02
-6.030241439769999943e+02
-5.970421302380000270e+02
-5.897350363010000365e+02
-5.895232436740000139e+02
-5.991174911279999833e+02
-5.983134283819999837e+02
-5.867471380810000028e+02
-5.904761882410000453e+02
-5.931429860199999666e+02
-5.956243524569999863e+02
-5.989675371499999983e+02
-5.992790403139999853e+02
-6.032438996460000453e+02
-6.023668794019999950e+02
-5.949153136800000539e+02
-5.946439456790000122e+02
-5.982315856359999771e+02
-5.969075753390000045e+02
-5.964525424810000231e+02
-5.964490701649999664e+02
-5.981348905859999832e+02
-5.829117361500000243e+02
-5.985829432589999897e+02
-6.001206523990000505e+02
-6.052234419809999508e+02
-5.898472329019999734e+02
-5.968105819209999936e+02
-5.969893512310000006e+02
-5.984087736010000071e+02
-5.959453212040000381e+02
-5.952396724589999621e+02
-5.988683929049999506e+02
-5.930561689400000205e+02
-5.909866352880000022e+02
-6.063137048400000140e+02
-5.963252383349999945e+02
-5.952220247310000332e+02
-5.984281778609999947e+02
-5.975759165969999458e+02
-5.968669154440000284e+02
-5.846768744800000377e+02
-5.973744292960000166e+02
-6.016175430419999657e+02
-5.902220187760000272e+02
-5.993602723870000091e+02
-5.957937320449999561e+02
-5.969361878690000367e+02
-6.020478435779999700e+02
-6.016735337989999834e+02
-5.992588443539999616e+02
-6.023132018329999937e+02
-5.857792492759999732e+02
-5.890521370620000425e+02
-5.958226144989999966e+02
-5.960932958519999829e+02
-5.909187732020000112e+02
-6.001251887189999934e+02
-6.016111855819999619e+02
-5.915034453969999504e+02
-6.002935385939999833e+02
-5.860686013370000182e+02
-6.010818169450000141e+02
-5.866079584980000163e+02
-5.849962759620000270e+02
-5.977078236490000336e+02
-5.941275444689999858e+02
-5.864035910369999556e+02
-5.976020115669999768e+02
-6.018532277509999631e+02
-5.955212336680000362e+02
-5.991172209159999511e+02
-5.973014888300000393e+02
-5.968865426490000345e+02
-6.014651519310000367e+02
-5.948116116480000528e+02
-5.787632772109999451e+02
-6.022824102790000325e+02
-5.910000599530000045e+02
-5.884278526629999533e+02
-5.996601925359999541e+02
-6.033600272879999693e+02
-5.895631200000000263e+02
-5.993131488379999610e+02
-6.050132327569999688e+02
-5.982940244239999856e+02
-5.974032520370000157e+02
-5.899212264020000021e+02
-6.004815686819999883e+02
-6.011901893069999687e+02
-6.029584156409999878e+02
-5.968704309739999871e+02
-6.003794611270000132e+02
-5.891464686990000246e+02
-5.938803231150000101e+02
-5.933868717640000341e+02
-5.921266192570000158e+02
-5.790079936289999978e+02
-5.928171694710000565e+02
-5.909763808989999916e+02
-5.927398208729999851e+02
-5.983525336110000126e+02
-5.889476791280000043e+02
-5.961227883080000538e+02
-5.903325180269999919e+02
-5.923766652619999604e+02
-5.878795057600000291e+02
-5.988359048759999723e+02
-6.021734138360000088e+02
-5.981241783770000211e+02
-5.978635381530000359e+02
-5.956401436899999453e+02
-6.005584759209999675e+02
-5.906070955339999955e+02
-5.936942887229999997e+02
-5.965853106470000284e+02
-6.033111903899999788e+02
-5.957102070419999791e+02
-5.941094690779999610e+02
-5.957073527009999907e+02
-5.940094589850000375e+02
-6.030561408380000330e+02
-6.036646838369999841e+02
-5.973316969789999575e+02
-6.017966640990000542e+02
-5.940336912840000423e+02
-6.048154576010000483e+02
-5.958765551220000134e+02
-5.971317206359999545e+02
-6.010312136369999507e+02
-5.872321099910000157e+02
-5.975518910949999736e+02
-5.948841538169999694e+02
-6.009594943490000105e+02
-5.969011811189999435e+02
-5.969322847400000001e+02
-5.924194262219999700e+02
-5.949341622160000043e+02
-5.950621813269999620e+02
-5.941121597860000065e+02
-5.924924839499999507e+02
-5.880452570209999976e+02
-5.865233588249999457e+02
-6.001569191920000321e+02
-6.017232126059999473e+02
-5.997242688860000044e+02
-5.942704264180000564e+02
-5.917124435919999996e+02
-6.043409835149999481e+02
-5.884667717529999891e+02
-5.980913153579999744e+02
-6.023876343629999610e+02
-6.030403261489999522e+02
-6.002531746529999737e+02
-6.029241300290000254e+02
-5.925534131409999645e+02
-5.936895232849999502e+02
-6.056564690210000208e+02
-6.029361134060000040e+02
-6.033150162460000274e+02
-5.940543110249999472e+02
-6.009515883359999862e+02
-6.009822329390000277e+02
-5.973071249509999916e+02
-5.922726714850000462e+02
-5.945036661369999820e+02
-5.974968076950000295e+02
-5.944636760930000037e+02
-5.915626276399999597e+02
-5.949505062529999577e+02
-6.013859348419999833e+02
-5.871672646959999611e+02
-5.943655816689999938e+02
-5.982363519000000451e+02
-6.045272923100000071e+02
-5.878116632840000193e+02
-5.892159652130000040e+02
-5.978624753999999939e+02
-5.972717303670000319e+02
-5.983135069730000168e+02
-6.051710008369999514e+02
-5.998880335650000006e+02
-6.049446169870000176e+02
-5.927517085309999629e+02
-5.972983294629999591e+02
-5.984145605869999827e+02
-5.842257558510000308e+02
-5.955947168400000464e+02
-6.012148643689999972e+02
-6.013978959549999672e+02
-5.821768155150000439e+02
-5.920347520300000497e+02
-5.986585402010000507e+02
-5.976903313440000147e+02
-5.934413862110000082e+02
-6.029467271519999940e+02
-5.963632224369999904e+02
-6.000267567439999539e+02
-5.957190408579999712e+02
-6.064820823430000019e+02
-5.896699961809999877e+02
-6.027665076250000311e+02
-5.940863890269999956e+02
-6.012822126009999693e+02
-5.958448152219999656e+02
-5.979489485149999837e+02
-6.009860090710000122e+02
-6.025386824270000261e+02
-5.943697277950000171e+02
-6.005089603049999596e+02
-5.801911326360000203e+02
-5.838721613379999553e+02
-6.017512563579999778e+02
-6.006844881790000272e+02
-5.866025318429999516e+02
-5.912016029710000566e+02
-6.018886073879999685e+02
-6.010910084130000541e+02
-6.051558382099999562e+02
-5.969340556700000207e+02
-6.043609651149999991e+02
-6.003730583599999591e+02
-5.957676141360000202e+02
-5.899104785289999882e+02
-5.976938524339999503e+02
-6.021482373269999471e+02
-6.004220728809999628e+02
-5.996501604860000043e+02
-5.987659340740000289e+02
-5.925292192829999749e+02
-5.993635584569999537e+02
-5.942559635950000256e+02
-6.001809803630000033e+02
-5.993360308249999662e+02
-6.005606772329999785e+02
-5.923457346489999509e+02
-5.903635689550000052e+02
-5.999163272240000424e+02
-5.984909287240000140e+02
-5.956558426389999568e+02
-5.980943858599999885e+02
-5.986971892269999671e+02
-5.914813010020000092e+02
-5.955296241370000416e+02
-6.006286685380000563e+02
-5.883986818280000080e+02
-6.012410435939999616e+02
-5.973871499050000011e+02
-6.028215906929999619e+02
-5.997814427639999622e+02
-5.927460006149999572e+02
-5.908288449460000038e+02
-5.982305138049999869e+02
-5.950719711780000125e+02
-5.933584161369999492e+02
-5.921267225799999778e+02
-5.955292811150000034e+02
-6.028959317600000531e+02
-6.026847129620000487e+02
-6.048774233289999529e+02
-5.980821813840000232e+02
-5.862096375370000487e+02
-6.000774557779999441e+02
-5.953088996330000100e+02
-5.995412570309999865e+02
-5.951530479020000257e+02
-6.002049998759999880e+02
-5.991803755099999762e+02
-5.957612690040000416e+02
-5.906558556549999821e+02
-5.902943761530000302e+02
-5.898254903929999955e+02
-5.990239094989999558e+02
-5.846539084769999590e+02
-5.965724491900000430e+02
-5.979140651190000426e+02
-5.854800922059999948e+02
-5.869297599709999531e+02
-5.857296731139999793e+02
-5.885868405219999886e+02
-5.876801882519999936e+02
-5.961975491599999941e+02
-5.853447096930000271e+02
-5.959705654980000418e+02
-6.015165331480000077e+02
-5.962104673100000127e+02
-5.893593154789999744e+02
-5.965735940859999573e+02
-5.919013240269999869e+02
-5.826756644780000443e+02
-5.805498168020000094e+02
-6.008942496050000273e+02
-5.937175922369999626e+02
-5.896322155310000426e+02
-6.025470213989999593e+02
-5.857255225569999766e+02
-5.941165547550000383e+02
-5.884195539840000038e+02
-5.909881882439999572e+02
-5.984168498770000042e+02
-5.907402392479999662e+02
-5.959477043169999888e+02
-5.917509010129999751e+02
-5.884612073170000031e+02
-5.868752631600000313e+02
-5.940122060820000343e+02
-5.940009187829999746e+02
-5.978832619869999689e+02
-5.972619904020000376e+02
-5.925557550129999527e+02
-5.931449590050000324e+02
-6.039425331600000391e+02
-5.949662018049999688e+02
-5.972631390400000555e+02
-6.012161678799999436e+02
-5.930935543560000269e+02
-5.739177136020000489e+02
-5.997660885530000314e+02
-6.045494871990000547e+02
-5.996237622429999874e+02
-5.905466464009999754e+02
-5.959391029509999953e+02
-6.005650237989999596e+02
-5.969317283919999682e+02
-5.997921241020000025e+02
-5.866710070289999521e+02
-6.019016255149999779e+02
-5.916418995349999932e+02
-5.990585614939999459e+02
-5.846413954270000204e+02
-6.013170224389999703e+02
-6.018524604310000541e+02
-5.981171128969999700e+02
-5.872140216919999602e+02
-5.989879475669999920e+02
-5.887919043340000371e+02
-6.026428502539999954e+02
-5.947946714390000125e+02
-5.771851155240000253e+02
-6.041812276199999587e+02
-6.008392959039999823e+02
-6.002704167660000394e+02
-5.978156190490000199e+02
-6.004431228319999718e+02
-5.985734286030000249e+02
-5.942622650529999646e+02
-5.939452586329999804e+02
-5.934638820540000097e+02
-6.018036746499999481e+02
-5.924054305360000399e+02
-5.876446104249999962e+02
-6.021265561940000453e+02
-5.979436947189999501e+02
-5.967716966230000253e+02
-5.831716046049999704e+02
-5.844816497389999768e+02
-5.968046055459999479e+02
-5.916106140489999916e+02
-5.933359363790000316e+02
-5.880766218390000404e+02
-5.986893404280000368e+02
-5.878218846229999599e+02
-5.889280400979999968e+02
-5.899303096510000159e+02
-5.932291458429999693e+02
-5.938502829699999666e+02
-5.936104975800000148e+02
-5.939395036409999875e+02
-5.858813373530000490e+02
-5.977428035599999703e+02
-5.851693204010000500e+02
-6.013827509029999874e+02
-5.983701283530000410e+02
-5.982049512190000087e+02
-5.956698990789999471e+02
-5.895894603729999517e+02
-5.951471299090000002e+02
-5.906441799460000084e+02
-6.013848213039999564e+02
-5.858393467160000228e+02
-5.958315816450000284e+02
-6.052272714480000104e+02
-5.849214818990000140e+02
-5.928327198570000292e+02
-5.988306020920000492e+02
-6.026627121039999793e+02
-6.049963696319999826e+02
-6.047823580880000236e+02
-6.023690254770000365e+02
-5.997062656650000463e+02
-6.011250872660000368e+02
-5.957599236620000056e+02
-5.942599429860000555e+02
-6.021524508290000313e+02
-6.004529302260000350e+02
-5.907620187029999670e+02
-6.025381092999999737e+02
-5.895283130599999595e+02
-5.997882329789999858e+02
-6.032652628109999569e+02
-5.904998064330000034e+02
-5.979893861770000285e+02
-6.045258628459999954e+02
-5.966350333980000187e+02
-5.977995765540000548e+02
-5.906517281129999901e+02
-5.952643749170000547e+02
-6.026739763260000018e+02
-6.042877566610000031e+02
-5.995302733290000106e+02
-6.011727466999999479e+02
-5.874824907879999500e+02
-5.999970537269999795e+02
-5.914392746250000528e+02
-5.944194911920000095e+02
-5.964299811649999583e+02
-5.978559559459999946e+02
-5.941874011500000279e+02
-5.970813548659999697e+02
-5.998727282400000149e+02
-5.862795098709999593e+02
-5.989890004000000090e+02
-5.979955046559999801e+02
-5.987192178100000319e+02
-5.835662334419999979e+02
-5.959660556879999831e+02
-5.952320843369999466e+02
-5.937305763260000049e+02
-6.000859568639999679e+02
-5.947872279199999639e+02
-6.016959495290000177e+02
-5.963121333779999986e+02
-5.835814022460000388e+02
-5.861931298639999568e+02
-5.967379944650000425e+02
-5.942273358339999731e+02
-5.976829062179999710e+02
-5.968833987949999482e+02
-5.960646046279999837e+02
-5.946476752999999462e+02
-6.015742902690000165e+02
-6.007640553749999981e+02
-6.053292569400000502e+02
-6.012488716599999634e+02
-5.897952932629999623e+02
-5.878465856210000311e+02
-5.977952431569999590e+02
-6.006621416130000171e+02
-6.005907045479999624e+02
-5.893060058620000063e+02
-5.886814858049999657e+02
-5.932321752010000182e+02
-6.029410408640000014e+02
-6.024631797490000054e+02
-6.018480526529999679e+02
-6.020347163930000534e+02
-5.991670812529999921e+02
-6.035451698269999952e+02
-6.026266451840000400e+02
-5.868356157279999934e+02
-6.039476924159999953e+02
-5.970320664189999889e+02
-5.979078165749999698e+02
-5.893132983220000369e+02
-5.989114958159999560e+02
-5.938190074999999979e+02
-6.020387772569999925e+02
-5.961026536609999766e+02
-5.992421367509999754e+02
-5.936171033839999609e+02
-5.965783696140000529e+02
-5.898054039260000536e+02
-5.955573044989999971e+02
-5.844499830370000382e+02
-5.981743691389999640e+02
-5.974529517280000164e+02
-5.946675154580000253e+02
-5.938100469070000145e+02
-6.015644722839999758e+02
-5.990280646789999537e+02
-5.933941208889999643e+02
-5.994778633879999461e+02
-5.870586178410000002e+02
-5.947194203640000296e+02
-5.836310237620000407e+02
-5.972979621399999814e+02
-6.036657393089999459e+02
-6.008343534309999541e+02
-6.029240628610000385e+02
-5.821310793720000447e+02
-5.988344265959999575e+02
-5.948270343689999891e+02
-5.952334891860000425e+02
-5.900969712690000506e+02
-5.993255305469999712e+02
-5.985786518579999438e+02
-5.899526030460000356e+02
-5.881146689419999802e+02
-6.051077580170000374e+02
-5.996860512499999913e+02
-5.930457643380000263e+02
-5.967219700419999526e+02
-6.008407684310000150e+02
-5.924782792260000406e+02
-6.054785532910000256e+02
-5.942128778420000117e+02
-5.991419551010000077e+02
-5.993854179539999905e+02
-5.988855974030000198e+02
-6.020504183000000467e+02
-6.013588331060000201e+02
-5.942840970610000113e+02
-5.935845599130000210e+02
-5.981577806709999550e+02
-5.971801934510000365e+02
-5.984032396359999666e+02
-5.904331069690000504e+02
-6.039690091910000547e+02
-5.777336854269999549e+02
-6.026992227709999952e+02
-5.982935169879999648e+02
-5.934527317390000007e+02
-5.834902840680000509e+02
-5.956976293960000248e+02
-5.949576034589999836e+02
-5.986164869670000144e+02
-5.907722746690000122e+02
-6.016887156300000470e+02
-6.019223535099999935e+02
-5.800707751490000419e+02
-5.974660728290000407e+02
-6.009875500580000107e+02
-5.947495397100000218e+02
-6.003230922499999451e+02
-6.029527604319999909e+02
-5.975503081089999569e+02
-6.036831396579999591e+02
-5.916326368380000531e+02
-5.914310177669999575e+02
-5.823586922250000271e+02
-5.904653757060000316e+02
-5.938202828879999515e+02
-5.917159216779999724e+02
-5.922071453319999819e+02
-5.979679835030000277e+02
-5.852110457290000340e+02
-5.995048691120000512e+02
-5.934728613989999531e+02
-5.915835594489999494e+02
-5.930464231600000176e+02
-5.904933202900000424e+02
-5.901493283999999448e+02
-6.009372807910000347e+02
-5.966957852499999717e+02
-5.889602553800000351e+02
-5.971528325010000344e+02
-5.972447633420000557e+02
-5.954538308449999704e+02
-5.939087782589999733e+02
-5.767347984089999500e+02
-5.966846320670000523e+02
-5.802579454619999524e+02
-6.048500463829999489e+02
-5.891451318980000451e+02
-6.050160093089999691e+02
-5.951108296590000464e+02
-5.990734271549999903e+02
-5.980692440269999679e+02
-5.928292922140000201e+02
-6.040278205319999643e+02
-5.940595179929999858e+02
-5.986763537529999439e+02
-5.998112468499999750e+02
-5.937599536879999960e+02
