4.823404399384318531e+00
4.488915013675353727e+00
3.039339566418994387e+00
2.670611353229818352e+00
2.741789561581996715e+00
2.690082712483019556e+00
2.636941599656693391e+00
2.822398448128824899e+00
2.952478619736305099e+00
2.760406310672397723e+00
3.118168372618771667e+00
2.810089856214566417e+00
2.845437751910942836e+00
2.598862058671063568e+00
2.724606944129740249e+00
2.782435803392416140e+00
2.734324962399311776e+00
2.878312005325343925e+00
2.889685276980868966e+00
2.918961801737049111e+00
2.770151800894673499e+00
2.833845620354080275e+00
2.745854329712339670e+00
2.962250158241197528e+00
2.831126454258092284e+00
2.946378115585302826e+00
2.975006722681480920e+00
3.054076128717161165e+00
3.057748518109361768e+00
2.946572754913749037e+00
3.028410804365880615e+00
2.694858437840473631e+00
2.772842224144749235e+00
2.858883173548719459e+00
2.793106514259704909e+00
2.718029801161128134e+00
2.824068164899707245e+00
2.871502916592633792e+00
2.729258140960653556e+00
2.903281074921958194e+00
2.766100685079992072e+00
2.931196342792478760e+00
2.796081007410192498e+00
2.896370487351367817e+00
2.683379585522704058e+00
2.869487062176792058e+00
2.710355327258770597e+00
2.900675438583227628e+00
2.936624082173270089e+00
2.774468958197225721e+00
2.763326075583552921e+00
2.847334367439131597e+00
2.879072767402727884e+00
2.728578201188303964e+00
2.820729515568623391e+00
2.849574003250310295e+00
2.781058970967714039e+00
2.779220214376687537e+00
2.871188429901458061e+00
2.691438834526989510e+00
2.774372902116800876e+00
2.807859148889060297e+00
2.912652571111082889e+00
2.750930751582089773e+00
2.765669719977423835e+00
2.744266204288497768e+00
2.824118623570900599e+00
2.954583050110455300e+00
3.108737525105649713e+00
2.719339993454294113e+00
2.781122974627335154e+00
2.795212156527657310e+00
2.831966454603584538e+00
2.987129893392653113e+00
2.948403975034628921e+00
2.932505754470057013e+00
2.794083391740482814e+00
2.957441799934531268e+00
2.716930069030117245e+00
2.763781648394098234e+00
2.924142438391125864e+00
2.965706998339518563e+00
2.957710093974728505e+00
2.738270256932284319e+00
2.800103926642724339e+00
2.682345988123083558e+00
2.883811540305642573e+00
5.933706683010206540e+00
6.074306627097450395e+00
2.866607925754758757e+00
5.776822742650150388e+00
2.942985049231477301e+00
2.944421674964372571e+00
2.757684717294564436e+00
3.089812453855411700e+00
2.799110215765002962e+00
2.883482269756483696e+00
2.799352960953655156e+00
2.852267343710964465e+00
2.599870189067138959e+00
2.957054953834981070e+00
2.702414846021979233e+00
2.637998104624034390e+00
2.753961147147867994e+00
2.728488409357825883e+00
2.964391674526158038e+00
2.883234988688920808e+00
2.923759737050908303e+00
2.767110044794026447e+00
2.780653520307771132e+00
2.764658025868660829e+00
2.821659972427577934e+00
2.681406533892240596e+00
2.948987792446757350e+00
3.046724470640560067e+00
2.850767089749704386e+00
2.817510070966917191e+00
2.702060510055242837e+00
2.774066689897702886e+00
2.848551561759063322e+00
2.908044016173070290e+00
2.665302046673134750e+00
2.798391323600042835e+00
2.724633002809735860e+00
6.037823448892821077e+00
2.904170449543208576e+00
2.818355016671959312e+00
2.983310577194402846e+00
2.727333129634148978e+00
2.660897780825110637e+00
2.916594075287131993e+00
2.923014539820149693e+00
2.775684600238291111e+00
2.837450440095826476e+00
2.825277862441144094e+00
2.990616157249204932e+00
2.785669219415686904e+00
2.941114924650174434e+00
2.772650176275398781e+00
3.001296553158317337e+00
2.753560785601073757e+00
5.450832321765181732e+00
3.099025169307278116e+00
2.942222629237971177e+00
2.992358601504840010e+00
3.068583386515673528e+00
2.860987766489050177e+00
3.106691809626439316e+00
2.952563970517827041e+00
2.801572772569008496e+00
2.945019015218747427e+00
2.713741513114320547e+00
2.851573776005102978e+00
3.035313822325460098e+00
5.816117347509418778e+00
5.781566915638009618e+00
6.114131500057878199e+00
2.781370345710905134e+00
2.788487044976182272e+00
2.928202861824979131e+00
2.874195017739749947e+00
2.898333314165228991e+00
2.854726782023106590e+00
2.757690337945868819e+00
6.121346992288543731e+00
2.645227589452370687e+00
2.967591953082498346e+00
2.876098225026398225e+00
2.896198542917940433e+00
5.583396278252153344e+00
2.801640233863012863e+00
2.776797796023326104e+00
2.871095609693275374e+00
2.838256683247658785e+00
2.896329746420458928e+00
2.750878223404300549e+00
2.740833632309702672e+00
2.906182031463273585e+00
2.859962412340413707e+00
2.755018148760548513e+00
2.777728208446608171e+00
2.735643251595499592e+00
2.998807262896367565e+00
2.850309807722662736e+00
3.013182038974744792e+00
2.853585463938306699e+00
2.930332745610982670e+00
2.962778425734870602e+00
2.932655110987311797e+00
2.840169889284794191e+00
2.861518652743679336e+00
2.864885338019655947e+00
2.802727421637716265e+00
3.083633246675097084e+00
2.956280433247157280e+00
2.844345443155595010e+00
2.933879683967970831e+00
3.046663420858957139e+00
3.111403863210303378e+00
2.963236912567066561e+00
2.765336326742191542e+00
2.997225717225848296e+00
2.734293510214293121e+00
2.950606378356828596e+00
2.784077225940401412e+00
2.762087073211125787e+00
2.850777613213629547e+00
3.105273417913469114e+00
5.479911678120369167e+00
2.806811892521478224e+00
2.802724745671611561e+00
5.663718036767014574e+00
2.756593187251248800e+00
2.731892018363829777e+00
6.363763666259142582e+00
2.712164633645973488e+00
5.814258422189367614e+00
2.786378832822270724e+00
2.972761174396625350e+00
2.719041926855854552e+00
2.892487683638428120e+00
2.762368005896389977e+00
2.893527604844992940e+00
2.844855356604268248e+00
2.854411673182408737e+00
2.997431567192152091e+00
2.764407169720119128e+00
2.849964736623946227e+00
2.887084515562368559e+00
2.813167965124016678e+00
2.684470152562698608e+00
2.899351996567509193e+00
2.871541397925511330e+00
2.800481030108935343e+00
2.765714012691840029e+00
3.039886346559687258e+00
2.975222512687076382e+00
3.004805151752771852e+00
2.598356596004482100e+00
2.795031663505799902e+00
2.950687038640323667e+00
3.056924271224264356e+00
2.765829712762519765e+00
5.423647020225413229e+00
2.818649499317004814e+00
2.746944666352054476e+00
2.728122064717779516e+00
2.852889587768864477e+00
3.044160475402043708e+00
5.512893432672175464e+00
2.718911730821726991e+00
2.750715725043211268e+00
5.946328699290008402e+00
6.154571715399861809e+00
2.817102234566577046e+00
2.891825202186328436e+00
2.744503598102943087e+00
2.845982958487278669e+00
2.786405749348073613e+00
3.067259689038408954e+00
3.053072059418185269e+00
2.947681122509692830e+00
5.862587227496065090e+00
6.145617381516685462e+00
2.858601756103847258e+00
2.787309455370895694e+00
2.721781401949832979e+00
2.850807254094882115e+00
2.753898690947072403e+00
2.936835371620274859e+00
2.725261455346990935e+00
2.826905728884499425e+00
6.252602018360036595e+00
2.897218321079721548e+00
2.808043625017246914e+00
2.880842064397144409e+00
6.170075526280047740e+00
5.085774965528853109e+00
5.653879110840627220e+00
2.977529344943555589e+00
2.804708541007425726e+00
5.977894278088230706e+00
2.793787751422788457e+00
2.900499784519902757e+00
5.790843634566556375e+00
2.755585418744989745e+00
6.084902217784605050e+00
2.756167810565967713e+00
2.863591800519061703e+00
2.765311013249685423e+00
3.008823856592472534e+00
2.748244894473562017e+00
2.910485526505843801e+00
2.760355230762881362e+00
2.697431000044301364e+00
2.734891222699725954e+00
2.923847294234088512e+00
5.965180718134195814e+00
5.611929525573178701e+00
6.076390458158527963e+00
2.656452145249374119e+00
2.765479705222947615e+00
2.761787464668489012e+00
6.080027878225560123e+00
2.902760582617863960e+00
2.691206792500346445e+00
2.722291314315938848e+00
2.911713069655044617e+00
2.794348582406998016e+00
3.090808470287345067e+00
2.848172923121066180e+00
3.077361532222042229e+00
2.901162180919915734e+00
2.783565160006138850e+00
2.957344416871324988e+00
2.918290766870224040e+00
2.728277478556754065e+00
2.976880414124826846e+00
2.852088532987711922e+00
2.923571274999123837e+00
2.998644693857543952e+00
2.859077123828596356e+00
2.707214250849016679e+00
2.642097273001128954e+00
5.892697005616359007e+00
2.850303492612672240e+00
2.759186474307236736e+00
2.775007027018129513e+00
2.702821118757213981e+00
2.909741741117241709e+00
2.801050338712248067e+00
3.020896555660255611e+00
2.910302389787013500e+00
5.903633965618126922e+00
5.593386809438445795e+00
2.770930890513150668e+00
2.998187785980057640e+00
2.806388426429954563e+00
3.129452827572258400e+00
2.974270330686166641e+00
2.990977265042313427e+00
2.909038672826471661e+00
2.713938834977678738e+00
2.917952364244488450e+00
2.854093376187962328e+00
3.000620935739801265e+00
2.963564914085736746e+00
3.000628934073655607e+00
2.640581943435954315e+00
5.880324991018778036e+00
2.868065550157457455e+00
6.016611837238629690e+00
6.167699814355430021e+00
6.140630342236860884e+00
2.839013913315677762e+00
6.057415290369316807e+00
2.982203380053077613e+00
3.044428846269854994e+00
2.800290877748238483e+00
6.011510625458463153e+00
5.728095145857826864e+00
2.877371369844358817e+00
2.911053417579279046e+00
2.629491966140988346e+00
2.899533928064991439e+00
2.917437917077242648e+00
2.899050879167179406e+00
2.908884665984541318e+00
2.690600490596848360e+00
2.743722653622264307e+00
2.747802758569108050e+00
2.948820103024258454e+00
2.776405770055954569e+00
5.724872924353867631e+00
5.488809798125637407e+00
5.893808530992503236e+00
6.057187548689572765e+00
2.952123811766708794e+00
3.097962233468962268e+00
2.968536844979357880e+00
2.976393119196454329e+00
2.772126440117765878e+00
2.772649635276696500e+00
2.884489729570899108e+00
2.752915727006549407e+00
2.890964371970017766e+00
2.875892209384767639e+00
2.896909732801490112e+00
2.771558767192209505e+00
2.900315844869313597e+00
3.018445129532753679e+00
2.901910577533359792e+00
2.751973473709366846e+00
2.773933849247310235e+00
2.975187725169623487e+00
2.878522190291399774e+00
5.829458722728895204e+00
2.909986426085180877e+00
2.747759086965230857e+00
2.713245657879138406e+00
2.946525241704200937e+00
2.738840995749844076e+00
2.860933588883181056e+00
2.809873128808487497e+00
2.916724361334132265e+00
2.991048812707676419e+00
2.793007876823837332e+00
2.844958699172977390e+00
5.582542521109892242e+00
5.801083864244681365e+00
3.019944039216621245e+00
2.849288332198059326e+00
2.540413549011263150e+00
2.883279209511281582e+00
6.064317274021865600e+00
6.118612424398198968e+00
5.926855068246564606e+00
6.106970607428858777e+00
3.092115133690852780e+00
2.937424211788280282e+00
2.955024365381781148e+00
2.935260295101611572e+00
2.806037775939589807e+00
2.987248566825332130e+00
5.631412788989988094e+00
5.838238261667640039e+00
2.673999626028395582e+00
2.948607976656103524e+00
2.816045099070680902e+00
2.849499078785603157e+00
3.036204538564554412e+00
2.926652353799473527e+00
3.080125322125708554e+00
3.102784072409809024e+00
2.883703694903482884e+00
2.935902416634449619e+00
2.790093188407871239e+00
3.127225767353549735e+00
2.934131558059386080e+00
2.891643477332570544e+00
2.643567475968789715e+00
2.796255710767525660e+00
2.852340442513831231e+00
2.856486303135374882e+00
2.878111533627562668e+00
2.721497198234824832e+00
2.760430582354861606e+00
2.846798552760626766e+00
2.912925333749562196e+00
2.836074928488314661e+00
2.593397385670001665e+00
3.025763705248643021e+00
2.873195781703711482e+00
3.103153396143993437e+00
2.959500126710590262e+00
2.923562723801218510e+00
2.820570332397332791e+00
2.779197546055335533e+00
2.690233632976883005e+00
2.830295214284192173e+00
2.840442571149785156e+00
2.741179855463701465e+00
2.986006530468411579e+00
2.929682747329478421e+00
3.024299092351812490e+00
3.008431651209646063e+00
2.973509374459747612e+00
2.814815979775587174e+00
2.818616681991362949e+00
3.001889738148288522e+00
3.011940570462836586e+00
2.844922846054001031e+00
3.046346500318044992e+00
2.769229676281835584e+00
2.734424070988258126e+00
2.644128022619177454e+00
2.998049199062616577e+00
2.918323148659175192e+00
2.831107733732505238e+00
2.907410875676157413e+00
2.856163510725532095e+00
2.873426873960776895e+00
2.878409456627044616e+00
2.798557128235905633e+00
2.771061529450401739e+00
2.873859251946761617e+00
2.797484048211893004e+00
2.851485227035202463e+00
2.757071634905412072e+00
2.788075680464932926e+00
2.931502345214821670e+00
2.846345727419632876e+00
2.997883253230519074e+00
2.945830612917178737e+00
2.955770796256029342e+00
3.181183113245761973e+00
2.745295976757332834e+00
2.789771316792830191e+00
2.650106601629451220e+00
2.803176234202908734e+00
2.898129396697117777e+00
2.989048845368707408e+00
2.870794489335661392e+00
2.788378740415296875e+00
2.992478905522977684e+00
2.730451061637985344e+00
2.717619178619402831e+00
2.885098265224253389e+00
2.918694399898694947e+00
2.751943858438976598e+00
2.883928570544007197e+00
2.849213575708216428e+00
2.686134955656547252e+00
