-5.661800782589999699e+02
-5.652340776089999963e+02
-5.774516205480000508e+02
-5.977138391859999729e+02
-5.946429701529999647e+02
-5.995970229130000462e+02
-5.670619830030000230e+02
-5.681697248179999633e+02
-5.792916065949999620e+02
-5.921660549660000470e+02
-5.670152731179999819e+02
-5.943491986929999484e+02
-5.922308168619999833e+02
-5.869460082729999613e+02
-5.928604411000000027e+02
-5.925682709100000238e+02
-5.509946766650000427e+02
-5.958613119130000086e+02
-5.977619844140000396e+02
-5.886822534850000466e+02
-5.851987349150000455e+02
-5.797920184040000322e+02
-5.874737975479999932e+02
-6.005815686030000506e+02
-5.845204496159999508e+02
-5.913531972700000097e+02
-5.776146685530000013e+02
-5.524903655069999786e+02
-5.888131827449999491e+02
-5.931026328409999451e+02
-5.958578376159999834e+02
-5.908278763409999783e+02
-5.821660864839999476e+02
-5.923467090980000194e+02
-5.802530942460000460e+02
-5.974371082840000327e+02
-5.784572492700000339e+02
-5.739813467940000464e+02
-5.923561922019999884e+02
-5.865625187829999732e+02
-5.865190452819999791e+02
-5.990834085459999869e+02
-5.949095797720000292e+02
-5.715985533719999694e+02
-5.781311162179999883e+02
-5.900440195779999613e+02
-5.901863748929999929e+02
-5.967391510610000296e+02
-5.848364921969999841e+02
-5.916885757500000409e+02
-5.850978583400000161e+02
-5.902981282629999669e+02
-5.863526830429999563e+02
-6.022843840489999820e+02
-5.729281622419999849e+02
-5.940170957589999716e+02
-5.771490413909999688e+02
-5.586677077609999742e+02
-5.848916936599999872e+02
-5.654627969010000470e+02
-5.555859996829999545e+02
-5.714611474109999563e+02
-5.888320288569999548e+02
-5.739004956850000099e+02
-5.745427908299999444e+02
-5.615458012740000413e+02
-5.752744858410000006e+02
-5.792278487470000528e+02
-5.945711836619999531e+02
-5.901189607070000420e+02
-5.701969527190000235e+02
-5.593596580199999835e+02
-5.613057620920000090e+02
-5.511990845010000157e+02
-5.488043983889999708e+02
-5.607666944630000216e+02
-5.852253912730000138e+02
-5.779946751940000240e+02
-5.820847750179999593e+02
-5.915484066230000053e+02
-5.736741982690000441e+02
-5.728384306799999877e+02
-5.859396570840000322e+02
-5.528016394530000071e+02
-5.848972997060000125e+02
-6.021589057620000176e+02
-5.872497816799999555e+02
-5.938857989819999830e+02
-5.914392729720000261e+02
-5.666183102479999434e+02
-5.877277029470000116e+02
-5.914758004950000441e+02
-5.599597081949999620e+02
-5.967245871589999524e+02
-5.669364771320000500e+02
-6.033986200079999662e+02
-5.839134864559999869e+02
-5.812845955020000019e+02
-5.438318962920000104e+02
-5.740612462349999987e+02
-5.708223171260000299e+02
-5.877930608120000215e+02
-5.965835272210000539e+02
-5.968084462220000432e+02
-5.786461996169999793e+02
-5.560966919149999512e+02
-5.918655865910000102e+02
-5.897131564530000105e+02
-5.921633435049999434e+02
-5.911413289820000045e+02
-5.659456569980000040e+02
-5.973974504349999961e+02
-5.672264684020000232e+02
-5.938756395689999863e+02
-5.862066596800000298e+02
-5.604619991900000286e+02
-5.978684174799999482e+02
-5.810750405090000186e+02
-5.867843839130000561e+02
-5.676200605210000276e+02
-5.701367003399999476e+02
-5.840807998080000516e+02
-5.792620359239999743e+02
-5.868878074819999711e+02
-5.865639284750000115e+02
-5.825789869929999441e+02
-5.865304990380000163e+02
-5.835798288460000549e+02
-5.788968967009999460e+02
-5.871768476900000451e+02
-5.905518435559999944e+02
-5.892822120009999480e+02
-5.929778215029999728e+02
-5.980512997649999534e+02
-5.863509370660000286e+02
-5.865738214760000346e+02
-5.954610396169999831e+02
-5.976092961580000065e+02
-5.746931131269999469e+02
-5.893254802610000525e+02
-5.993122159130000455e+02
-5.868216539779999721e+02
-5.844361824090000255e+02
-5.814542907879999802e+02
-5.982491281439999966e+02
-5.695352775479999536e+02
-5.771703174960000524e+02
-5.680423186629999464e+02
-5.798104202660000510e+02
-5.912598489570000311e+02
-5.905832340260000137e+02
-5.562308839419999913e+02
-5.862016187200000559e+02
-5.862926384669999607e+02
-5.987363970799999606e+02
-5.889307872059999909e+02
-5.964174446570000327e+02
-5.728970317700000123e+02
-5.757615971080000463e+02
-5.383302867370000513e+02
-5.352582856210000273e+02
-5.646361051170000565e+02
-5.674409566059999861e+02
-5.923871215399999528e+02
-5.701444187859999602e+02
-5.775711590629999819e+02
-5.675623727559999452e+02
-5.831560286779999842e+02
-5.784811861480000061e+02
-5.713747851480000008e+02
-5.784035648510000556e+02
-5.711238405640000337e+02
-6.010970083619999969e+02
-5.879812348089999432e+02
-5.963149959190000118e+02
-5.943987061779999976e+02
-5.813489320139999563e+02
-5.819376421250000249e+02
-5.899883081579999953e+02
-5.942402147069999501e+02
-5.971601738260000047e+02
-5.546907712500000116e+02
-5.940161264500000016e+02
-5.761185082859999511e+02
-5.864300943509999797e+02
-5.974621130179999682e+02
-5.906555151469999601e+02
-5.793804423940000561e+02
-5.578979342349999797e+02
-5.642727196710000044e+02
-5.796659439359999624e+02
-5.823363164969999843e+02
-5.821504064089999702e+02
-5.615948251280000250e+02
-5.708073242530000471e+02
-5.863642911650000542e+02
-5.815143112260000180e+02
-5.856262355410000282e+02
-5.392749904239999523e+02
-5.787527814669999771e+02
-5.808462924540000358e+02
-5.703012063469999475e+02
-5.656161973849999640e+02
-6.016507363599999962e+02
-5.829131256399999756e+02
-5.823312901509999620e+02
-5.975272764520000237e+02
-5.666628882549999844e+02
-5.805286952540000129e+02
-6.024235455589999901e+02
-5.722367372490000434e+02
-5.666740054829999735e+02
-5.878410378470000524e+02
-5.988937949400000207e+02
-5.850967759549999982e+02
-5.814555050070000561e+02
-5.793624551530000417e+02
-6.024823947109999835e+02
-5.549814026300000478e+02
-5.694175333619999719e+02
-5.815586945190000279e+02
-5.726840306210000335e+02
-5.839825822520000429e+02
-5.812142446670000027e+02
-5.457245262559999901e+02
-5.867729832400000305e+02
-5.733699262769999905e+02
-5.782481958130000521e+02
-6.024906183780000219e+02
-5.752148584340000070e+02
-5.795831454359999952e+02
-5.875250047629999699e+02
-5.855050863300000401e+02
-5.775152892429999838e+02
-5.912007359970000380e+02
-5.813246432590000268e+02
-5.763846873469999537e+02
-5.831526202920000514e+02
-5.683831452450000370e+02
-5.507482290540000349e+02
-5.776707213780000529e+02
-5.703009684730000117e+02
-5.642702034799999637e+02
-5.995959165189999567e+02
-5.373949932900000022e+02
-5.383018072349999557e+02
-5.723728082940000377e+02
-5.814804111099999773e+02
-5.704823670609999908e+02
-5.572419917830000031e+02
-5.630432883720000063e+02
-5.813501159219999863e+02
-5.697937222890000157e+02
-5.967704618090000395e+02
-5.925705515439999544e+02
-5.753469612889999780e+02
-5.701126592529999471e+02
-5.392226489979999542e+02
-5.478776260849999744e+02
-5.341285247409999783e+02
-5.501993227579999939e+02
-5.341323928220000425e+02
-5.828826369329999579e+02
-5.892185541479999529e+02
-5.806816746599999988e+02
-6.017542041870000276e+02
-5.817336193749999893e+02
-5.849811986060000208e+02
-5.781772600470000043e+02
-5.691164055250000047e+02
-5.806738154490000170e+02
-5.821470654649999688e+02
-5.703234291219999932e+02
-5.595737305220000053e+02
-5.388709461219999639e+02
-5.774063032029999931e+02
-5.852595079769999984e+02
-5.508823834219999753e+02
-5.837279610529999445e+02
-5.972379098710000562e+02
-5.782592606399999795e+02
-5.797366032469999482e+02
-5.732111891629999718e+02
-5.866459468259999994e+02
-5.869659660739999936e+02
-5.843351434439999821e+02
-5.967588184840000167e+02
-5.892218702909999593e+02
-5.953399708550000469e+02
-5.829400627190000250e+02
-5.779899681209999471e+02
-5.950976845320000166e+02
-5.899698195170000190e+02
-5.846476781190000338e+02
-5.921499565430000303e+02
-5.845287391309999521e+02
-5.945059361429999853e+02
-5.907584853770000564e+02
-5.805350258070000109e+02
-5.867447769550000203e+02
-5.624019161050000548e+02
-5.930798806840000452e+02
-5.750945587100000012e+02
-5.942418360039999925e+02
-5.981162944090000337e+02
-5.875295897449999529e+02
-5.836362450789999912e+02
-5.763118365310000399e+02
-5.616172662720000517e+02
-5.749268826270000545e+02
-5.879078734959999792e+02
-5.971379989079999859e+02
-5.860653967370000146e+02
-5.772645568719999574e+02
-5.910605203000000074e+02
-5.866066592729999911e+02
-5.927256304009999894e+02
-5.702905946900000345e+02
-5.978646793340000158e+02
-5.819675348900000245e+02
-5.690044850970000425e+02
-5.662407986209999535e+02
-6.042922200990000192e+02
-5.820160490900000241e+02
-5.884950027309999996e+02
-5.666723000890000321e+02
-5.812403086199999507e+02
-5.502408392700000377e+02
-6.031327046090000294e+02
-6.003427958429999762e+02
-5.640919354310000244e+02
-5.363959292140000343e+02
-5.887440015009999570e+02
-6.001783568370000239e+02
-5.795252340529999628e+02
-5.795327965750000203e+02
-5.971394999350000035e+02
-5.994398160900000221e+02
-5.685140024940000103e+02
-5.750953380890000517e+02
-5.680677284439999539e+02
-5.778180553229999532e+02
-5.800835881399999607e+02
-5.919878640130000349e+02
-5.837038771589999442e+02
-5.696700632109999560e+02
-5.694131318260000398e+02
-5.905808302010000261e+02
-5.552184980150000229e+02
-5.733202782500000012e+02
-5.784862876079999978e+02
-5.664487410089999457e+02
-5.463654990019999786e+02
-5.681621630949999826e+02
-5.754310065480000276e+02
-6.006841635839999753e+02
-5.853058943360000512e+02
-5.811722589859999744e+02
-5.727486879809999891e+02
-5.747687065320000102e+02
-5.628919128070000397e+02
-5.842123269300000175e+02
-5.858091608830000041e+02
-5.520246810950000054e+02
-5.969665626030000567e+02
-5.822590069609999546e+02
-5.681069336770000291e+02
-5.807193210799999861e+02
-5.632846413680000524e+02
-5.782654242529999919e+02
-5.553002213669999492e+02
-5.673900626800000282e+02
-5.796944453180000210e+02
-5.948969163000000435e+02
-6.010221135259999983e+02
-5.443287738000000218e+02
-5.916452967630000330e+02
-5.873135806410000441e+02
-5.718144564970000374e+02
-5.920270827049999980e+02
-5.854281712929999912e+02
-5.405621143759999541e+02
-5.920864932770000451e+02
-5.760320990760000086e+02
-5.833824107179999601e+02
-5.450283989590000147e+02
-5.837151189730000169e+02
-5.923304133159999765e+02
-5.929236397890000489e+02
-5.812816723729999921e+02
-5.822676893950000476e+02
-5.630262019829999645e+02
-5.833405297220000421e+02
-5.761343124669999725e+02
-5.935823091720000093e+02
-5.958982568740000261e+02
-5.700469545559999460e+02
-5.963253237300000364e+02
-5.981806737370000064e+02
-5.938100330879999547e+02
-5.826017890150000085e+02
-5.858991568120000011e+02
-5.889324073120000094e+02
-5.837141743030000498e+02
-5.862505244540000149e+02
-5.946247068489999492e+02
-5.843305471349999607e+02
-5.950034934990000011e+02
-5.914548664620000409e+02
-5.910532099250000329e+02
-5.927757390770000256e+02
-5.932229759890000196e+02
-5.716873759220000011e+02
-5.531967038699999648e+02
-5.915397645589999911e+02
-5.962896324350000441e+02
-5.631474598180000157e+02
-5.887025102039999638e+02
-5.799489508269999760e+02
-5.700438942429999543e+02
-5.908930929269999979e+02
-5.870098294399999759e+02
-5.764171592049999617e+02
-5.939624252999999499e+02
-5.967285930760000383e+02
-5.900437376280000308e+02
-5.924565571110000519e+02
-5.915294914249999465e+02
-5.775012260439999636e+02
-5.793946869970000080e+02
-5.851315306180000562e+02
-5.865631660459999921e+02
-5.853927919999999858e+02
-5.808516746330000160e+02
-5.975206230649999952e+02
-5.856817290379999577e+02
-5.868352282439999499e+02
-5.678805623819999937e+02
-5.820673688140000195e+02
-5.891327426029999970e+02
-5.926547041239999771e+02
-5.611855631659999517e+02
-5.941409949799999595e+02
-5.417039400579999437e+02
-5.580111495500000274e+02
-5.818908484679999447e+02
-5.600374053589999903e+02
-5.778242283590000170e+02
-5.864047530899999856e+02
-5.915581493690000343e+02
-5.935655460010000297e+02
-5.706452025629999980e+02
-5.789615358099999867e+02
-5.932442505430000210e+02
-5.946269727830000420e+02
-5.714546553679999761e+02
-5.658031102749999945e+02
-5.873759036689999675e+02
-5.941685649969999758e+02
-5.953355343639999546e+02
-5.803101413910000019e+02
-5.950288638749999564e+02
-5.789031931409999743e+02
-5.759368743449999783e+02
-5.913563348830000450e+02
-5.966430615340000259e+02
-5.596601725890000125e+02
-5.801211219289999690e+02
-5.644331583470000169e+02
-5.832073137959999940e+02
-5.984780567220000194e+02
-5.678086221949999981e+02
-5.901073206400000117e+02
-5.831534260790000417e+02
-5.822533249680000154e+02
-5.965402946049999855e+02
-5.835032170440000527e+02
-5.551819198929999857e+02
-5.479702750440000045e+02
-5.666800538850000066e+02
-5.803339575679999598e+02
-5.769746391730000141e+02
-5.634996398329999465e+02
-5.859363662380000051e+02
-6.019646692520000215e+02
-5.524326438010000402e+02
-5.755447596330000124e+02
-5.839180066180000495e+02
-5.781579211929999929e+02
-5.785821365269999887e+02
-5.794696194489999925e+02
-5.777174141420000524e+02
-5.893504099100000531e+02
-5.823284826929999554e+02
-5.706824162729999443e+02
-5.581617041490000020e+02
-5.902859104110000317e+02
-5.641939802719999761e+02
-5.884396787099999528e+02
-5.697709117980000428e+02
-5.893110717380000096e+02
-5.771623516030000474e+02
-5.801460153409999521e+02
-5.972061025579999978e+02
-5.554846228970000084e+02
-5.825448766010000554e+02
-5.932131104600000526e+02
-5.646941375180000477e+02
-5.721193014240000139e+02
-5.943209676879999961e+02
-5.951518255080000017e+02
-5.815698191200000338e+02
-5.901038164779999988e+02
-5.645181121780000240e+02
-5.601366218890000255e+02
-5.714450047929999528e+02
-5.848349005699999452e+02
-5.936572723750000478e+02
-5.656618886659999816e+02
-5.930035938319999786e+02
-5.779190120900000238e+02
-5.926576301129999820e+02
-5.896367073689999643e+02
-5.891566795620000221e+02
-5.906260640990000184e+02
-5.649432375799999591e+02
-5.876269237169999542e+02
-5.731033731149999539e+02
-5.777874369600000364e+02
-5.739090609270000414e+02
-5.631314150770000424e+02
-5.843461328810000168e+02
-5.926534977820000449e+02
-5.786546178930000224e+02
-5.951968618380000180e+02
-5.653991064389999792e+02
-5.777919990220000273e+02
-5.892077390330000526e+02
-5.794298634089999496e+02
-5.828958796790000179e+02
-5.970289832490000208e+02
-5.864034953589999759e+02
-5.797141567400000213e+02
-5.534196514809999599e+02
-5.863155080960000305e+02
-5.894899001039999575e+02
-5.889622058380000453e+02
-5.908635169499999620e+02
-5.665817583799999966e+02
-5.798149956920000250e+02
-5.926316969140000310e+02
-5.915581410219999725e+02
-5.984879494240000213e+02
-5.878314214429999538e+02
-5.914477634600000329e+02
-5.898601375760000565e+02
-5.860392193010000028e+02
-5.798969346869999981e+02
-5.865546559450000359e+02
-5.815028838250000263e+02
-5.965752673109999478e+02
-5.937918156360000239e+02
-5.746241775690000395e+02
-5.819529929249999896e+02
-5.867355494040000394e+02
-5.792376011500000459e+02
-5.563875315190000492e+02
-5.642188825419999603e+02
-5.905798192969999718e+02
-5.682602224830000068e+02
-5.959462855719999652e+02
-5.888371921149999935e+02
-5.834776560730000483e+02
-5.853492687330000308e+02
-6.013540458209999997e+02
-5.807953637479999998e+02
-5.781503876809999838e+02
-5.919900435429999561e+02
-5.711982419250000476e+02
-5.819063469720000512e+02
-5.821059577009999657e+02
-5.456079726709999704e+02
-5.980242313420000073e+02
-5.868219459660000439e+02
-5.354539290120000032e+02
-5.560737092949999578e+02
-6.007018695040000011e+02
-5.934590681260000338e+02
-5.770362158289999570e+02
-5.697111118120000128e+02
-5.907922432039999876e+02
-5.848303374749999648e+02
-5.806088156990000471e+02
-5.640997693629999503e+02
-5.819481188910000355e+02
-5.880980947150000020e+02
-5.780847992660000045e+02
-5.870526310059999560e+02
-5.983487306800000169e+02
-5.879632337470000039e+02
-5.752759897859999683e+02
-5.628134389839999585e+02
-5.644414211529999648e+02
-5.897269358400000101e+02
-5.915472070160000158e+02
-5.831938415370000257e+02
-5.761893350660000124e+02
-5.608245993870000348e+02
-5.650285074470000382e+02
-5.802589755740000328e+02
-5.851905739300000278e+02
-5.821721921380000140e+02
-5.645132154020000144e+02
-6.026607018079999989e+02
-5.844630728170000111e+02
-6.014966074599999502e+02
-5.946345343560000174e+02
-5.941347301439999455e+02
-5.909155573729999560e+02
-5.905654305169999816e+02
-5.737578635600000325e+02
-5.872341830609999533e+02
-5.894049619300000131e+02
-5.794390065290000393e+02
-5.925920747320000146e+02
-5.914808328560000064e+02
-5.846740543539999635e+02
-5.909290727669999796e+02
-5.926312218499999744e+02
-5.962370563289999836e+02
-5.899784449009999889e+02
-5.627519062860000076e+02
