4.780224576314380691e+00
4.273362142388590357e+00
4.433289298026917180e+00
3.777495466575704341e+00
2.815338523162002282e+00
2.779360717863012642e+00
2.848316169248069851e+00
2.828849412747168834e+00
2.608825406193369112e+00
2.905539708900912288e+00
3.061521680471984475e+00
2.714118825696472559e+00
2.928097163688391014e+00
2.904301981543930378e+00
2.720666278689836126e+00
2.872065632954789560e+00
2.967562299261803371e+00
3.215783730290330933e+00
3.065835122768346022e+00
2.860835017962413573e+00
2.943009853874091419e+00
2.913511283657572726e+00
2.690932552109026599e+00
2.845860326860754519e+00
2.856396331043715264e+00
2.862029699356734458e+00
2.872691769055635724e+00
2.762869703768167096e+00
2.775304307639073542e+00
2.753049763444169962e+00
5.548959632219358618e+00
2.858220600303623016e+00
5.996640642893319217e+00
2.657222798336639435e+00
2.819454025161609589e+00
2.751660771243432002e+00
6.036790538025979203e+00
2.778884308495047417e+00
2.714881397041130295e+00
2.714159354201591601e+00
5.973738276824655635e+00
6.051130307636747752e+00
2.957125969586009706e+00
5.965089437720108911e+00
2.713378889871445931e+00
2.881464211126003594e+00
2.756593187251249244e+00
5.860592120255426529e+00
5.921733276668241786e+00
6.195809390224976454e+00
2.929380139210341127e+00
5.719620704207579287e+00
2.953363336943153339e+00
2.827670419267422464e+00
6.056565610971287761e+00
6.145878374976192049e+00
2.688313225797916317e+00
2.969802181964313448e+00
2.925562168199472790e+00
5.779947058581073271e+00
2.838690543190645066e+00
2.778592629371927192e+00
6.021007307751752080e+00
2.860176742790557114e+00
2.826467229599523012e+00
2.857592343214825803e+00
3.011075721399247840e+00
2.708419096078005239e+00
2.767767692563810389e+00
2.909126329329821292e+00
2.845207901015319507e+00
2.833136248047382733e+00
3.012000166002651191e+00
3.011302210008155011e+00
2.889647210300939850e+00
2.816117895259358850e+00
2.703728906528906961e+00
2.810538026784196397e+00
2.752200029067654707e+00
2.778570135879244063e+00
2.733231054996997589e+00
2.698501250694540943e+00
2.942744807148591324e+00
2.917005485082261540e+00
2.568887113128951682e+00
2.973608750323417649e+00
2.778185558957500412e+00
2.871730140525045716e+00
2.988716446904925661e+00
2.762000905141053675e+00
2.733953181749826378e+00
2.915439760996615171e+00
2.797907432350112522e+00
2.821257521035610782e+00
2.936414650556014028e+00
2.959818406591864015e+00
3.204811694936224864e+00
3.128288669544420753e+00
3.028066544843425412e+00
2.714410433224865304e+00
2.902228626417980628e+00
3.093033139169381940e+00
2.990446287763750988e+00
2.511325944595802273e+00
2.966958543694198536e+00
2.782446585291441288e+00
2.804575368928422741e+00
2.875897425152712295e+00
2.893437747731926191e+00
2.871764614309467056e+00
2.837817118843284359e+00
2.891174501824474774e+00
2.815972123441565778e+00
2.885417300842288757e+00
2.640988451318937447e+00
2.900052585730128030e+00
2.795726381461533627e+00
2.966655524323644766e+00
2.800363012182527367e+00
2.760971930317293932e+00
2.634215632783315275e+00
2.777092544370821425e+00
2.888423272306190448e+00
2.910591005277106902e+00
5.570270370457793163e+00
3.363049955025943394e+00
3.137411353329365049e+00
2.963788285286248492e+00
2.940877080056220283e+00
2.892177207572178332e+00
2.800591723189940208e+00
2.701613221762138473e+00
2.891299707743906655e+00
2.939734681905834535e+00
2.645994708989419131e+00
2.762676419706079134e+00
2.881412674366516491e+00
2.742462032553960594e+00
2.728792773370671831e+00
2.935422456819460901e+00
2.854544096699155986e+00
2.647203807794178854e+00
3.029505900307837507e+00
2.858939838471596051e+00
2.868140512596968339e+00
2.774951170741568163e+00
3.065563732823051168e+00
2.698667448945867520e+00
2.783152888362405708e+00
2.934000852078949784e+00
3.160931824636526333e+00
2.996081440815653085e+00
3.066800613016763766e+00
2.922966130491422287e+00
3.085677397266279431e+00
3.102490934716812809e+00
3.104351139932465919e+00
2.749939999345440533e+00
2.822931277944966233e+00
2.716592350721763971e+00
2.812507777767023320e+00
2.782033968160705140e+00
2.907481900201616121e+00
2.792934299263053255e+00
3.012466431348240103e+00
2.798895675083299839e+00
2.797499776586228837e+00
2.831626564361904297e+00
2.877414464410714690e+00
2.737467625379339076e+00
2.797350532200067352e+00
2.979034071641343484e+00
2.892431675943270886e+00
2.750240898539616730e+00
3.250368286825356279e+00
3.074668925266589081e+00
2.960650435292893956e+00
2.733432091711809786e+00
2.990000167224075689e+00
2.997878249695941300e+00
2.944863664076827536e+00
2.717486154518547359e+00
2.884073161346639491e+00
2.960961499243109252e+00
3.098289366731261207e+00
2.728344919543714830e+00
2.911883239417405012e+00
2.718044517663388060e+00
3.001654377172695121e+00
2.752643275108491050e+00
2.736268444433038294e+00
2.840088378906544087e+00
2.761342789296540978e+00
2.730451427877815362e+00
2.860185658309613466e+00
2.889496842012463151e+00
2.751387104716456200e+00
2.623178987412029706e+00
2.727219279779313332e+00
2.743881010539633625e+00
3.063094187255755774e+00
2.788876117721975856e+00
2.958682984031915097e+00
2.871794038575886887e+00
3.221877092627836614e+00
2.790613910952212340e+00
2.687640973046808934e+00
3.011902056840494613e+00
3.008872878670682649e+00
2.782766249615658882e+00
2.711789077343589760e+00
2.767283324851288029e+00
2.913880402487377008e+00
2.771687752976514485e+00
2.877467115363788075e+00
2.863831524374295334e+00
6.106349564183170209e+00
5.776744931187459464e+00
5.893637331902939813e+00
5.652536510275719017e+00
2.780371557903727364e+00
3.039750647668324923e+00
2.973581846864147948e+00
2.985268162158971617e+00
2.733075008118145632e+00
2.877011122675753096e+00
3.112457067977002723e+00
2.776955347138300834e+00
3.017484548427713076e+00
2.895156127050836137e+00
2.795668792972444194e+00
2.981878770171583426e+00
3.145258177002327571e+00
2.722562946930703998e+00
3.294324513462508985e+00
2.755229391538933648e+00
2.642676862577035379e+00
2.869173574393852899e+00
2.847965414115838367e+00
2.941307362381564872e+00
2.811122195849906635e+00
2.895125040477526390e+00
5.659664831065528645e+00
2.956384785510844271e+00
3.070628925806568432e+00
2.828105196063257942e+00
2.857025901177656646e+00
5.812626428732539985e+00
5.827944835016885428e+00
2.786699481465484851e+00
2.901009996535688806e+00
2.952570405595774439e+00
5.416916558338331633e+00
5.854177141153143360e+00
5.656738636352222294e+00
2.737257934503067869e+00
2.897240065993841540e+00
2.741968088800451397e+00
2.819674271968306556e+00
2.944720020647124237e+00
2.783179836086773218e+00
2.892068809693157938e+00
6.114506684925611779e+00
2.819812405107828823e+00
2.630134977524918316e+00
5.577388367327489327e+00
6.132106163464556836e+00
2.752192762144396010e+00
2.777140615813321833e+00
2.880571644656664709e+00
5.902382400353267222e+00
5.957034245327116118e+00
2.705689560906794355e+00
2.734919742880949300e+00
5.942079181565994794e+00
2.850911433208684898e+00
2.934154222258945843e+00
2.810924936742352997e+00
2.790297833565442254e+00
2.809653715317956824e+00
2.875885081153278122e+00
2.712385112774364337e+00
2.941497747746885771e+00
2.871195221506193107e+00
2.724261551319917096e+00
2.840271289859474635e+00
2.895075128558842525e+00
2.673733531973595756e+00
5.772114517228501107e+00
6.026470774839947531e+00
2.866955353680974206e+00
2.803794214987968658e+00
2.762458687473895669e+00
2.691174279009072023e+00
2.805051514678473801e+00
2.791984598811390494e+00
2.945673946654653097e+00
2.736439474938190841e+00
2.745371741677253841e+00
2.930596696920270805e+00
2.755575076095732268e+00
3.008434975198899242e+00
2.779289657448463569e+00
2.998038858987654542e+00
2.895994647785109066e+00
2.698683012137586879e+00
2.932723478270667261e+00
2.827030951369298162e+00
5.912806609386104917e+00
5.285075874573609056e+00
5.356664447209662505e+00
2.905773735169343563e+00
2.808073538923081536e+00
2.734630870885502052e+00
2.909882643681700465e+00
2.485864034898127795e+00
2.973136559258588552e+00
2.684052346732455074e+00
3.241324574923035495e+00
2.765908530664019871e+00
2.870334126891850079e+00
5.649412270316267026e+00
7.369483971079658247e+00
5.106667112706682055e+00
3.200798650337131068e+00
5.257208955329814692e+00
2.918321092683256790e+00
2.877666589443606870e+00
5.811887645163144711e+00
2.785850498501310391e+00
2.788197446380008326e+00
5.891727505579327229e+00
5.539525791978949343e+00
5.796102311036270827e+00
2.786371296148451027e+00
6.094737155940360473e+00
2.693587941760951399e+00
3.014201884413185706e+00
2.917171403945952868e+00
2.976855387821181864e+00
2.784864090041019757e+00
2.902984154279868445e+00
2.788650749018241726e+00
2.726180845065124370e+00
2.928626299137532474e+00
3.139982324791017465e+00
2.677958924255560813e+00
6.048479891675262010e+00
6.099136168343842535e+00
2.772220950790178051e+00
5.712217607899755301e+00
2.868955733363622418e+00
2.936411926143878137e+00
2.744440197927438874e+00
2.761930665313668154e+00
2.824820171267544922e+00
2.918014564734042082e+00
2.884344119553005292e+00
2.919707005848360737e+00
2.909615954039295627e+00
2.708725530577064777e+00
2.959659101991308994e+00
2.764694196470922183e+00
2.953737293667126451e+00
2.913468208167029339e+00
2.671749614017002727e+00
2.753112057290803438e+00
3.079654850790912946e+00
2.842039584523762485e+00
6.146111372241801263e+00
3.054375713627909494e+00
3.037670324442729886e+00
2.980916134345279023e+00
5.816130414631364154e+00
6.037904437799591406e+00
6.278886764387458186e+00
7.965776170593797723e+00
7.751804628601007607e+00
6.020105231638397392e+00
2.983074588407068184e+00
2.776353903953889368e+00
5.875450195516935814e+00
2.532608734092181013e+00
2.714317962214449320e+00
2.814708155386628885e+00
2.872624409838501869e+00
2.754254345553438732e+00
2.921218410184353242e+00
2.666423822275821198e+00
2.673763826518714914e+00
3.368043051981372660e+00
3.068639763804152043e+00
2.776129139647506072e+00
2.863491924207225647e+00
2.948236252405834534e+00
2.753560240851832042e+00
5.884749272483917437e+00
5.697414413573932634e+00
3.026213640838994134e+00
2.889364982137078375e+00
2.852115881236244821e+00
2.894824347002767695e+00
2.806491938345805792e+00
2.807760673561762399e+00
2.903727604304508603e+00
2.924187066519514211e+00
2.783919898272936955e+00
3.034975452948507790e+00
2.710871999929174159e+00
2.929540066290269973e+00
2.863795732939065974e+00
5.834670599099831989e+00
2.732180447920671718e+00
2.935071719737015083e+00
2.990071236609589622e+00
6.020035465011813081e+00
2.913376734993262218e+00
5.610384389683116702e+00
5.358960626838006114e+00
2.847315226665287913e+00
2.938526501496966148e+00
2.749352105496857046e+00
2.952039295131418495e+00
2.903322923823665747e+00
2.805810578068305805e+00
2.847040217489033243e+00
2.704086352171468199e+00
2.747552729248339709e+00
2.824698567989158082e+00
2.678062919350477245e+00
2.680664656386546163e+00
2.810753991369575377e+00
3.066148887448227001e+00
2.841259227877667382e+00
2.996328586787504022e+00
2.654136582770374453e+00
2.965687778576834077e+00
2.878886242976613552e+00
2.936329341201358023e+00
2.821599900765521696e+00
2.637036215147603890e+00
6.141902148357623936e+00
2.879953124618523930e+00
2.720748793990360070e+00
6.192779424458779047e+00
5.739486213939362536e+00
2.727003667030904577e+00
2.883837374055617797e+00
2.753144020933158131e+00
2.815229120338166080e+00
2.983647934995012019e+00
2.985810777661571880e+00
5.674720962302904681e+00
6.050958684373907381e+00
2.692832894926827869e+00
2.754704702867441846e+00
5.926039233754701208e+00
5.919882093420441471e+00
6.154298172821983215e+00
2.717795062178161913e+00
2.860708653463333473e+00
2.737993608465878470e+00
2.693419759339415798e+00
2.926275106684263605e+00
2.839049841055982348e+00
2.681516734984140005e+00
2.911469903674086979e+00
2.673444594525945739e+00
3.010604922602764688e+00
2.808624218367419267e+00
6.299115890345246882e+00
2.737184319697889556e+00
2.861861282452383470e+00
2.772580025896457023e+00
2.837276687247826779e+00
2.733315934903977062e+00
2.766821461533071513e+00
2.947882969183139412e+00
5.917397062898517746e+00
5.784606296023955707e+00
5.594182871519307376e+00
5.814904126466747591e+00
2.915120237657445657e+00
3.149606959606229495e+00
2.832058791762628314e+00
6.184652617568750621e+00
3.217234060493578518e+00
2.894901207295337286e+00
