-5.876692185450000352e+02
-5.924617943370000148e+02
-5.959452390610000521e+02
-5.985712807910000492e+02
-5.997486759380000194e+02
-5.911086717429999453e+02
-5.984347990940000273e+02
-6.021108607999999549e+02
-5.947766713559999516e+02
-5.923175923530000091e+02
-5.882471571549999680e+02
-5.883890746189999845e+02
-6.016710894679999910e+02
-5.926962152669999568e+02
-5.984515361730000222e+02
-5.955855861730000242e+02
-5.972546860239999660e+02
-6.020775128750000249e+02
-5.958650061060000098e+02
-6.019504229660000192e+02
-6.004236287640000000e+02
-5.939627299799999491e+02
-5.989660621519999495e+02
-5.995666355309999744e+02
-6.013081471120000288e+02
-5.831171307609999985e+02
-5.867954045899999755e+02
-5.942209060080000427e+02
-5.915722535999999536e+02
-6.029602363220000143e+02
-5.998023069739999755e+02
-5.952567409600000019e+02
-5.988835787919999802e+02
-5.924825966189999917e+02
-5.806827894870000364e+02
-5.813528594739999562e+02
-5.869087990120000313e+02
-5.930198361540000178e+02
-6.017210622339999873e+02
-6.049781552289999809e+02
-5.950821151159999545e+02
-5.982865429759999643e+02
-5.940283161280000286e+02
-5.990811941619999743e+02
-5.932501149299999952e+02
-6.040757533219999686e+02
-5.968293370259999620e+02
-5.952679962229999546e+02
-5.992184997010000416e+02
-5.990167095049999944e+02
-6.033190568479999456e+02
-5.991540892489999806e+02
-6.023130064020000418e+02
-6.022418746969999575e+02
-5.994613538549999703e+02
-5.999398682649999728e+02
-6.016682547460000023e+02
-5.962214824699999554e+02
-5.996980703460000086e+02
-5.986436052310000377e+02
-5.968129782779999459e+02
-5.966490733269999964e+02
-5.954148491509999985e+02
-6.015530423970000129e+02
-5.995898183949999520e+02
-6.017167483509999784e+02
-5.994709070379999503e+02
-5.876965479100000493e+02
-5.941431015279999883e+02
-5.888114790580000317e+02
-6.010824601550000352e+02
-5.952921456730000500e+02
-6.045009002680000094e+02
-6.017811833289999868e+02
-5.986465081820000478e+02
-6.003467154249999567e+02
-5.859485522689999470e+02
-6.009785950980000280e+02
-5.920442380309999635e+02
-5.975974864470000512e+02
-5.974574088540000503e+02
-6.007265527710000015e+02
-5.964190002379999669e+02
-5.966433786830000372e+02
-5.945049458170000207e+02
-5.767261236430000508e+02
-5.919090774180000381e+02
-5.909244125520000352e+02
-6.009103080789999467e+02
-6.026726485579999917e+02
-6.008600266949999877e+02
-5.958783548449999898e+02
-6.011732034819999626e+02
-5.927066206380000040e+02
-6.000300313630000346e+02
-5.996007034430000431e+02
-6.023849288750000142e+02
-5.974953817750000553e+02
-6.018576365689999648e+02
-6.009698592940000026e+02
-6.010938704850000249e+02
-6.025085866199999600e+02
-5.821424945229999821e+02
-6.000911428209999485e+02
-5.957693901549999964e+02
-5.969040356279999742e+02
-5.951227160959999765e+02
-5.980742103920000545e+02
-6.034370328889999655e+02
-5.958055630359999668e+02
-5.992630298679999896e+02
-6.004464428210000051e+02
-6.027698659559999896e+02
-5.978951243860000204e+02
-5.900785417209999650e+02
-5.940722311980000541e+02
-5.989039135230000284e+02
-6.032667767249999997e+02
-5.977985001680000323e+02
-5.936170338419999553e+02
-5.882121266440000227e+02
-5.913294074189999492e+02
-5.826279676870000230e+02
-5.891184801440000456e+02
-5.926323960070000112e+02
-6.007933710139999448e+02
-5.977247607369999969e+02
-5.925305495159999509e+02
-5.904193860740000446e+02
-5.864482446399999844e+02
-5.995404889679999769e+02
-6.000354790300000332e+02
-6.033521711229999482e+02
-5.993542130030000408e+02
-5.956469811220000565e+02
-6.004492971490000173e+02
-6.006833128739999665e+02
-5.946153834570000072e+02
-5.993527837100000397e+02
-5.951243006559999458e+02
-5.967099179990000266e+02
-6.016899546920000148e+02
-6.010587606300000516e+02
-5.904251954979999937e+02
-5.927039312370000061e+02
-5.917446713760000421e+02
-5.980382840019999549e+02
-6.019297147329999689e+02
-5.920502993180000431e+02
-6.019448273020000215e+02
-6.031430779150000490e+02
-6.023286708050000016e+02
-5.977656107159999692e+02
-6.028223641119999456e+02
-5.983442221560000007e+02
-6.024209681209999871e+02
-5.920717701920000309e+02
-5.930809986540000409e+02
-5.936542627850000144e+02
-5.863052410379999628e+02
-5.897526883259999977e+02
-5.969514253270000381e+02
-6.021898100060000161e+02
-5.962172369370000524e+02
-5.975805281409999452e+02
-5.985394444940000085e+02
-6.013777298899999550e+02
-5.992592946620000021e+02
-5.947511720789999572e+02
-5.874307761239999763e+02
-5.974753880060000029e+02
-6.020192863779999470e+02
-5.957422395639999877e+02
-5.905733547559999579e+02
-5.928857288819999667e+02
-5.958639859630000046e+02
-5.905175979289999759e+02
-6.027475691070000039e+02
-5.986927656719999504e+02
-6.024706258259999458e+02
-5.977349546799999871e+02
-5.885568017949999557e+02
-5.863436787360000153e+02
-5.858757301309999548e+02
-5.862792621840000038e+02
-5.998739656159999640e+02
-5.988435428960000309e+02
-5.991445419039999933e+02
-5.983733634840000377e+02
-6.054154714049999484e+02
-5.994102120180000384e+02
-6.003979214989999491e+02
-6.018790175840000529e+02
-5.962377849370000149e+02
-5.903458608580000373e+02
-5.971314951619999647e+02
-6.006273486119999916e+02
-5.890885075490000418e+02
-5.995503351449999627e+02
-5.824865717390000555e+02
-5.942627518399999644e+02
-5.875251871990000154e+02
-5.914124016060000031e+02
-5.952687007829999857e+02
-5.959317425680000042e+02
-6.003889304159999938e+02
-5.874505768799999714e+02
-5.979170881640000061e+02
-5.988816864560000113e+02
-5.800440757960000155e+02
-5.952059598099999675e+02
-5.905967699010000160e+02
-5.999642709250000507e+02
-5.920470751760000212e+02
-5.876093768429999500e+02
-5.920433955910000350e+02
-5.913026878599999918e+02
-5.956228558049999720e+02
-5.993759100879999551e+02
-5.907480665750000526e+02
-5.979915923669999529e+02
-5.918668548279999868e+02
-5.986660854740000559e+02
-5.932450674960000470e+02
-5.863693686039999875e+02
-5.898616764319999675e+02
-5.952177878600000440e+02
-5.998359908480000513e+02
-5.866199371389999442e+02
-5.990107093320000331e+02
-5.946640220640000507e+02
-5.925041687740000498e+02
-5.944489599050000379e+02
-5.861548131539999531e+02
-5.782513952259999996e+02
-5.949815020449999565e+02
-6.012506381780000311e+02
-5.919545498759999873e+02
-5.975289505270000063e+02
-5.892847821379999687e+02
-5.952194985710000310e+02
-5.950544741459999614e+02
-5.921084706359999927e+02
-5.957777079799999456e+02
-6.034541954100000112e+02
-5.902222167920000402e+02
-6.033735414660000060e+02
-6.045233485390000396e+02
-6.048697250300000405e+02
-5.857448316960000056e+02
-5.992201586119999774e+02
-5.928434177120000186e+02
-5.902207320730000220e+02
-6.041221789429999944e+02
-5.956522759219999443e+02
-5.992079861690000371e+02
-6.012320281410000007e+02
-5.959902986020000526e+02
-5.913718175980000069e+02
-5.993485540479999827e+02
-5.908208092400000169e+02
-5.959526509429999805e+02
-6.005621937130000561e+02
-5.872831999170000472e+02
-6.032981395629999497e+02
-6.035477297559999670e+02
-5.955878375720000122e+02
-5.858132453169999962e+02
-5.992198202260000244e+02
-5.909510361119999970e+02
-5.893050870929999974e+02
-6.019641423739999482e+02
-5.991497781670000222e+02
-6.001501761729999771e+02
-5.935945233559999679e+02
-5.975428774539999495e+02
-6.003574824920000310e+02
-6.011674099179999757e+02
-5.979637065489999941e+02
-6.015970155139999633e+02
-5.947042617130000508e+02
-6.032461313659999860e+02
-5.955940036030000329e+02
-6.010663626159999922e+02
-5.822235411870000235e+02
-6.035380982059999724e+02
-6.031532606020000458e+02
-5.992817112029999862e+02
-6.012765951750000113e+02
-5.956972355479999806e+02
-5.996457088820000081e+02
-6.017734518969999726e+02
-5.852544815679999601e+02
-5.944789812310000343e+02
-5.975433197879999625e+02
-5.963711689489999799e+02
-5.999924555979999923e+02
-6.033976182850000214e+02
-5.990709996369999999e+02
-5.991890656140000146e+02
-6.021410775529999455e+02
-6.028042928900000561e+02
-5.923921023880000121e+02
-5.988721570750000183e+02
-6.023926560370000516e+02
-6.034685982480000348e+02
-5.981375861840000425e+02
-5.962864823109999861e+02
-6.015300946470000554e+02
-5.897097624340000266e+02
-6.031575678420000486e+02
-6.019289846140000009e+02
-5.925463729409999587e+02
-5.996996517310000172e+02
-5.986532633450000276e+02
-6.004019461130000082e+02
-6.017530633049999551e+02
-5.978553567940000448e+02
-5.992171822080000538e+02
-5.903247757699999738e+02
-5.955588142809999681e+02
-5.906927029739999853e+02
-5.943130113080000001e+02
-6.029566882719999512e+02
-5.935039104759999873e+02
-5.952744505069999832e+02
-5.827489936289999832e+02
-5.849033173359999864e+02
-5.831841497389999631e+02
-6.020928786990000390e+02
-5.940394425810000030e+02
-5.985756103029999622e+02
-5.945222526359999620e+02
-5.958093218530000286e+02
-5.957642742320000480e+02
-5.965802348729999949e+02
-5.989695173439999962e+02
-5.926245082200000525e+02
-5.892323726490000126e+02
-5.993976865030000454e+02
-6.034553126790000306e+02
-5.990245884140000499e+02
-5.904415574680000418e+02
-5.899124669789999871e+02
-6.017873844509999799e+02
-5.969954639420000149e+02
-5.991346449979999988e+02
-5.941561910740000485e+02
-5.930382849339999893e+02
-5.931367476460000034e+02
-5.930403948370000080e+02
-6.014818211729999575e+02
-5.961768401970000468e+02
-5.928023803070000213e+02
-5.889345062690000532e+02
-5.954862993489999781e+02
-5.964862451279999505e+02
-5.909041588740000179e+02
-5.941881246960000453e+02
-6.045525295259999439e+02
-5.944310395889999654e+02
-5.900761413349999884e+02
-5.883301110359999484e+02
-6.032741839169999594e+02
-5.894405790389999993e+02
-6.019038513499999681e+02
-5.978613133640000115e+02
-5.957968478589999677e+02
-6.009805819199999632e+02
-5.990158839900000203e+02
-5.847631618340000159e+02
-5.898851206599999841e+02
-6.036071665580000172e+02
-5.975510685389999708e+02
-6.011241904270000305e+02
-5.978011881129999665e+02
-6.005312075489999870e+02
-6.036778538400000116e+02
-6.010087214919999496e+02
-5.852655383789999632e+02
-6.040154260089999525e+02
-6.048061257089999572e+02
-5.906547780050000256e+02
-5.957089735800000199e+02
-5.997573219539999627e+02
-5.932032600369999500e+02
-5.792487552310000183e+02
-5.983244107120000308e+02
-5.978168372909999562e+02
-6.014793093470000258e+02
-5.974133053479999944e+02
-5.919269959480000125e+02
-5.913621563049999850e+02
-5.959723767709999720e+02
-6.010191942369999651e+02
-5.936086369879999438e+02
-5.927807940239999880e+02
-5.840592844909999712e+02
-5.930600557540000182e+02
-5.990336987540000564e+02
-6.000635333300000411e+02
-5.979430106370000431e+02
-5.967210185960000217e+02
-6.063091960579999977e+02
-5.990601204280000047e+02
-6.001108424010000135e+02
-5.944609937989999935e+02
-5.981021805489999679e+02
-6.010269178580000471e+02
-6.027327705589999596e+02
-5.926501150240000015e+02
-5.881265642890000436e+02
-5.982399465070000133e+02
-5.888852290060000314e+02
-5.989548888489999854e+02
-6.033980216050000536e+02
-5.946028108780000139e+02
-5.949856557150000071e+02
-5.947834570759999906e+02
-6.031038990509999849e+02
-5.928401659039999458e+02
-5.872951071319999983e+02
-5.947361615009999696e+02
-5.965739972889999763e+02
-5.900797865609999917e+02
-5.651256970839999667e+02
-5.955983421949999865e+02
-5.987928191639999795e+02
-5.980652186070000198e+02
-5.938497226140000294e+02
-5.908658606330000111e+02
-5.939488377740000260e+02
-5.999607559920000313e+02
-5.921137549679999665e+02
-6.037487021839999670e+02
-6.007762024510000174e+02
-5.907187501700000212e+02
-6.034074226929999440e+02
-5.986881814670000495e+02
-5.928866464430000178e+02
-6.001003995510000095e+02
-6.002100639369999726e+02
-6.010591356139999561e+02
-6.028231685560000415e+02
-6.000981893040000159e+02
-5.981747772620000205e+02
-6.018407481259999940e+02
-5.963069251099999519e+02
-5.990560229540000137e+02
-5.927699967969999761e+02
-5.924778282610000133e+02
-5.975891417410000486e+02
-5.907655621960000190e+02
-6.024507236919999968e+02
-5.987315055179999490e+02
-5.985859136359999866e+02
-5.998860490770000524e+02
-5.999756349909999926e+02
-5.942448075739999922e+02
-6.003591587769999478e+02
-5.939340813300000264e+02
-5.930964490000000069e+02
-5.936273784149999528e+02
-6.052111982709999438e+02
-5.919345535579999478e+02
-5.970824805519999927e+02
-5.923917796360000239e+02
-6.011635468030000311e+02
-5.968044294490000539e+02
-5.986454398990000527e+02
-6.026901131849999729e+02
-5.986596610679999912e+02
-6.035987886179999578e+02
-6.006447233489999462e+02
-5.961198012449999624e+02
-6.011033267860000251e+02
-6.010495920309999747e+02
-5.855958141329999762e+02
-5.971999032070000339e+02
-5.973322451080000519e+02
-5.964095994890000156e+02
-6.027606767830000081e+02
-5.850659346539999888e+02
-5.981683447340000157e+02
-6.018284929389999434e+02
-6.041985155969999823e+02
-6.051123492360000000e+02
-6.038030532909999692e+02
-6.027183866479999779e+02
-5.966346303620000526e+02
-6.008718074580000348e+02
-5.921831475760000103e+02
-6.049681528060000346e+02
-5.997598299469999574e+02
-6.023154072529999894e+02
-5.923530645140000388e+02
-6.030260140230000161e+02
-5.949323298069999737e+02
-5.978915258859999540e+02
-6.031260582620000150e+02
-5.948222139040000229e+02
-5.874638278310000032e+02
-5.960160322169999745e+02
-5.968181724649999751e+02
-5.993563109340000210e+02
-5.997711771619999581e+02
-5.985978137229999447e+02
-5.999478554390000227e+02
-5.926467257199999494e+02
-5.846305093839999927e+02
-5.904352163889999474e+02
-5.939866265299999668e+02
-5.914907036939999898e+02
-5.901469660049999675e+02
-6.017232505240000364e+02
-6.035938131179999573e+02
-5.981614745729999640e+02
-5.952324842949999493e+02
-5.958189677620000566e+02
-5.927632960019999473e+02
-5.992508024879999766e+02
-5.986990095380000412e+02
-5.782848257399999738e+02
-5.997767467669999633e+02
-5.989013259399999924e+02
-5.988793630330000042e+02
-5.972450985729999502e+02
-5.847455105660000072e+02
-5.989863000249999914e+02
-5.921261715209999466e+02
-6.045285859980000396e+02
-5.991089086350000343e+02
-5.956399709300000040e+02
-5.962797044059999507e+02
-5.902164986770000041e+02
-5.951813284779999549e+02
-5.864984396710000283e+02
-5.954973098980000259e+02
-5.885433512439999504e+02
-5.828727905230000488e+02
-5.770542669269999578e+02
-5.998451140470000382e+02
-5.986283455940000522e+02
-6.011821504399999867e+02
-6.026954926890000479e+02
-5.937085995649999859e+02
-5.978758996320000279e+02
-6.022318326439999510e+02
-5.906635031770000523e+02
-5.933981958020000320e+02
-5.917604045829999677e+02
-5.978520653890000176e+02
-5.899802093040000273e+02
-5.819290873740000052e+02
-5.918168565979999585e+02
-5.954469902289999936e+02
-5.960387511860000131e+02
-5.877927626020000389e+02
-6.009753658050000240e+02
-5.958334222290000071e+02
-5.926460598849999997e+02
-5.963535130200000367e+02
-5.977140164039999490e+02
-5.940487734250000358e+02
-6.011749054150000120e+02
-5.943537836609999658e+02
-6.005759821799999827e+02
-5.988413096489999816e+02
-5.950196502129999772e+02
-5.879266644909999968e+02
-6.015851185870000108e+02
-5.959298639820000290e+02
-5.941951921300000095e+02
-6.036552626190000410e+02
-5.941696788440000319e+02
-5.963931692310000017e+02
-6.002355989390000559e+02
-6.047538390659999550e+02
-6.013615635759999805e+02
-5.938584963439999456e+02
-5.861859478100000160e+02
-5.990026838679999628e+02
-6.039475043439999808e+02
-5.998537476100000276e+02
-6.029236932329999945e+02
-6.009089448629999879e+02
-6.046059377369999766e+02
-5.959291959989999441e+02
-6.020523307900000418e+02
-6.015097124200000280e+02
-5.906596450219999497e+02
-5.967414268080000284e+02
-6.012629159079999681e+02
-5.970671099920000415e+02
-5.989261543809999466e+02
-6.023133834120000074e+02
-5.987893916619999573e+02
-5.989104945640000324e+02
-6.019624845250000362e+02
-5.974945143969999890e+02
-5.900553181909999694e+02
-5.873007201059999716e+02
-5.984114256499999556e+02
-5.970553803120000111e+02
-5.900468275250000261e+02
-6.001617217389999723e+02
-6.035814755220000052e+02
-5.942395811469999671e+02
-5.936454437989999633e+02
-5.970338724350000348e+02
-5.979068564670000114e+02
-5.938681388060000472e+02
-5.972917243839999628e+02
-5.935579855390000148e+02
-6.002909513009999500e+02
-5.880649358790000178e+02
-5.922113609250000081e+02
-5.866069665160000568e+02
-5.944556806010000400e+02
-5.993128005109999776e+02
-5.869615422499999795e+02
-6.059391601360000550e+02
-6.020665959579999935e+02
-6.008075874610000255e+02
-6.019533042199999500e+02
-5.927031431650000286e+02
-5.943856345460000057e+02
-6.018179668640000273e+02
-6.013287279319999925e+02
-5.925929052159999628e+02
-5.971048954340000137e+02
-5.948618132950000472e+02
-6.024773030420000168e+02
-5.982206289329999436e+02
-5.961462428419999924e+02
-5.914928050949999943e+02
-5.785045562630000404e+02
-5.966630743800000118e+02
-6.031782065630000034e+02
-5.948203039100000069e+02
-6.032582675649999828e+02
-6.006838099200000443e+02
-5.974328637749999871e+02
-5.962754344369999444e+02
-5.974661754049999445e+02
-5.854136740669999881e+02
-5.898560745409999981e+02
-6.015702206380000234e+02
-6.041326633720000245e+02
-6.043851852999999892e+02
-5.984289452870000332e+02
-5.885051676000000498e+02
-5.993535933040000145e+02
-6.038993689259999655e+02
-5.864418125739999823e+02
-5.954049597189999758e+02
-5.996754447839999784e+02
-5.959888434939999797e+02
-5.997231268729999556e+02
-6.004764147560000538e+02
-5.966428650459999972e+02
-6.017727349350000168e+02
-5.959593442340000138e+02
-6.019715169669999568e+02
-5.853850605400000404e+02
-6.012826764809999531e+02
-5.931382860710000386e+02
-5.918858854229999906e+02
-5.876252888430000212e+02
-5.994909577749999698e+02
-5.929648022479999554e+02
-5.818938474589999714e+02
-5.943575465029999805e+02
-6.037439681739999742e+02
-5.994240134550000221e+02
-5.988807276899999579e+02
-6.057361761370000295e+02
-5.961983431329999803e+02
-5.948711026739999852e+02
-5.938939858280000408e+02
-5.800359673250000014e+02
-5.903784196420000399e+02
-5.929692778879999651e+02
-6.005016036959999610e+02
-6.023569545300000527e+02
-5.990576226719999795e+02
-6.020219459480000523e+02
-5.996887553340000068e+02
-6.005082789040000080e+02
-5.984826371579999886e+02
-5.939583134639999571e+02
-5.785255157259999805e+02
-6.034725385670000151e+02
-5.969595014269999638e+02
-6.042581219009999813e+02
-5.982221703039999738e+02
-5.978897424020000244e+02
-5.939718594500000108e+02
-5.962270517279999922e+02
-5.913652303009999969e+02
-5.918674945259999731e+02
-5.852541127099999585e+02
-5.952110682869999891e+02
-5.994604685199999494e+02
-6.034539073109999663e+02
-5.975503530219999675e+02
-5.963708891180000364e+02
-6.001919907059999559e+02
-5.903709045079999669e+02
-5.911176768709999578e+02
-5.868911513709999781e+02
-5.912525149870000405e+02
-5.978484768660000555e+02
-5.869080315820000351e+02
-5.982805837099999735e+02
-5.987645681129999957e+02
-5.985294650549999460e+02
-5.918194243259999894e+02
-5.895168453710000449e+02
-5.934699939170000107e+02
-5.925494106359999478e+02
-5.891990057829999614e+02
-5.982383424800000284e+02
-5.989672629000000370e+02
-5.906887928329999795e+02
-5.934830278389999876e+02
-5.962171071609999444e+02
-6.039504733569999644e+02
-5.964511286050000081e+02
-5.909181107489999931e+02
-6.009730329369999708e+02
-6.017458262610000475e+02
-5.863958521710000014e+02
-5.911207534789999727e+02
-5.694629482999999937e+02
-5.918585010130000228e+02
-5.814678749519999883e+02
-5.929734362860000374e+02
-5.885466475829999808e+02
-6.006409663480000063e+02
-5.875570266639999772e+02
-6.035030716129999746e+02
-6.027837790759999734e+02
-5.979565862399999787e+02
-6.023567137969999976e+02
-5.912766127669999605e+02
-5.987383716599999843e+02
-5.878047826179999902e+02
-5.834428514659999792e+02
-5.975683631030000242e+02
-5.923995399279999674e+02
-5.951048619719999806e+02
-5.919552677599999697e+02
-6.016486499029999777e+02
-6.008540876710000020e+02
-5.919014558970000053e+02
-6.041495956679999608e+02
-6.035851547729999993e+02
-6.005928674589999900e+02
-6.031919434909999609e+02
-6.012895033239999520e+02
-5.891536064309999574e+02
-5.940552883819999579e+02
-5.965055054389999896e+02
-5.989974887810000155e+02
-5.959620790330000091e+02
-5.987344532839999829e+02
-6.045866685390000157e+02
-6.059482820460000312e+02
-5.968641681840000501e+02
-5.994859103449999793e+02
-6.035539302509999970e+02
-5.924538360679999869e+02
-5.928068345809999755e+02
-5.993474675090000119e+02
-5.975285879819999764e+02
-5.998187413580000111e+02
-6.022476051260000531e+02
-5.990993224119999923e+02
-5.905806212200000118e+02
-6.000104944629999864e+02
-5.937424994729999526e+02
-5.972632457370000338e+02
-5.834930425999999670e+02
-6.049724637960000564e+02
-5.855422059779999699e+02
-5.874945318579999594e+02
-5.975704764659999455e+02
-5.975971672389999867e+02
-6.000066761890000180e+02
-5.949678776429999516e+02
-6.006353107259999433e+02
-5.921633627590000515e+02
-6.050241995889999771e+02
-5.892998887710000417e+02
-6.000498613600000226e+02
-5.912739479690000053e+02
-5.963228654480000159e+02
-5.898610497009999563e+02
-5.984618840540000519e+02
-5.997877279929999759e+02
-6.002332572899999832e+02
-5.875740578869999808e+02
-5.986528984940000555e+02
-6.030533480330000202e+02
-5.990094013020000148e+02
-5.908707668450000483e+02
-6.012044034150000016e+02
-6.035256071280000469e+02
-6.028265088890000243e+02
-5.894629358529999763e+02
-5.884386814790000244e+02
-6.030759631749999699e+02
-6.015117360259999941e+02
-6.021603165499999477e+02
-6.021423051719999648e+02
-5.923006751149999900e+02
-6.004725269690000005e+02
-5.949393137060000072e+02
-6.037100190270000439e+02
-5.949013606400000072e+02
-5.974919665160000477e+02
-5.884275264389999620e+02
-6.001478886950000060e+02
-5.982542387800000370e+02
-6.018508973900000001e+02
-5.931680248830000437e+02
-5.825137323469999728e+02
-5.835498575809999693e+02
-5.927885032179999598e+02
-5.817845990880000500e+02
-5.955551852739999958e+02
-6.008391268120000177e+02
-6.028507265749999533e+02
-5.954740194769999562e+02
-5.860195723440000393e+02
-5.949474890989999949e+02
-5.963435259399999495e+02
-5.931843537830000059e+02
-5.941366391640000302e+02
-5.942365739849999500e+02
-5.921030851399999619e+02
-5.999332478190000302e+02
-5.890788397420000138e+02
-5.838771517620000395e+02
-6.039106032559999448e+02
-5.973297265930000322e+02
-5.896169685710000294e+02
-5.962568790090000448e+02
-5.991806743570000435e+02
-5.990486412699999619e+02
-5.906934416929999543e+02
-5.907246863709999616e+02
-5.935078120939999735e+02
-5.951858412430000271e+02
-5.810969619369999464e+02
-5.981374051740000368e+02
-5.916554952200000344e+02
-5.995529226720000224e+02
-5.925095686670000532e+02
-5.949019854690000102e+02
-5.870911613060000036e+02
-6.034242494410000290e+02
-6.033005413500000031e+02
-6.012312861120000207e+02
-5.927255475140000271e+02
-6.016675864290000391e+02
-6.023715588380000554e+02
-5.954155361690000063e+02
-6.032581470320000108e+02
-5.981888388889999533e+02
-5.940746603170000526e+02
-5.907886170409999522e+02
-5.973801154420000330e+02
-5.993781147649999639e+02
-5.922954751800000395e+02
-6.020955652769999915e+02
-5.964193598389999806e+02
-5.965228280490000543e+02
-5.980666270120000263e+02
-5.975502910950000341e+02
-6.014819742390000101e+02
-5.975792338689999497e+02
-5.863015714450000360e+02
-5.941076496160000033e+02
-5.962202863759999900e+02
-5.963051633720000382e+02
-5.785935467430000472e+02
-5.859356562089999443e+02
-5.982171350510000138e+02
-5.962035177620000468e+02
-6.006835060109999631e+02
-5.984876261660000409e+02
-5.920668764079999846e+02
-6.037266724290000184e+02
-6.023505144550000523e+02
-5.915177986039999496e+02
-5.986142742560000443e+02
-5.896960837530000390e+02
-5.992792771849999554e+02
-5.914543417710000313e+02
-5.976471613090000119e+02
-5.824439046740000094e+02
-6.028663818720000336e+02
-5.911531058890000168e+02
-5.904986336489999985e+02
-6.041178899059999594e+02
-6.023412504809999746e+02
-6.033568960989999823e+02
-6.054146488349999800e+02
-5.836600969669999586e+02
-5.999720213430000513e+02
-6.000996898050000254e+02
-6.022983886079999820e+02
-6.019148301310000306e+02
-5.980859312920000548e+02
-5.970948309090000521e+02
-5.953028976140000168e+02
-5.919664777750000439e+02
-5.986351325790000146e+02
-6.010471182129999761e+02
-5.989643705700000282e+02
-5.992018439189999981e+02
-6.049854904879999822e+02
-6.026509759450000274e+02
-5.968250476079999771e+02
-5.974872211160000006e+02
-5.954234050659999866e+02
-6.064358060490000071e+02
-6.038853771090000464e+02
-5.990801883630000475e+02
-6.059152609779999921e+02
-6.000437583839999434e+02
-5.993564216409999972e+02
-5.987480882280000287e+02
-5.984718011710000383e+02
-6.051581491849999566e+02
-6.060668862490000492e+02
-5.837408970469999758e+02
-6.007564498469999990e+02
-5.981865870660000155e+02
-5.945524828310000203e+02
-5.971412862619999942e+02
-5.963618822470000396e+02
-5.965638582940000560e+02
-5.943825820389999990e+02
-5.975085040059999528e+02
-5.940547561509999923e+02
-5.912708322639999778e+02
-5.858942458349999924e+02
-6.048067567729999610e+02
-5.880235950579999553e+02
-5.891912616869999511e+02
-5.875797397889999729e+02
-5.979345918010000105e+02
-5.899641834190000509e+02
-5.841362088769999446e+02
-5.832485630160000483e+02
-5.998352930309999920e+02
-5.951830030190000116e+02
-5.993995052940000505e+02
-5.986294813490000024e+02
-6.047284145380000382e+02
-5.995067025179999973e+02
-5.848118582729999844e+02
-6.000787993610000512e+02
-5.973239840989999720e+02
-6.021356594430000087e+02
-5.908703295289999460e+02
-6.020883207010000433e+02
-6.021590308009999717e+02
-6.038197805349999499e+02
-5.981405838179999819e+02
-6.008643923280000081e+02
-5.939406331210000189e+02
-5.910257595690000016e+02
-6.014578225039999779e+02
-5.979450862950000101e+02
-6.043082212100000561e+02
-6.019536093489999757e+02
-5.994011750500000062e+02
-5.952866842800000313e+02
-5.896421410220000325e+02
-5.971411114640000051e+02
-5.915295019620000403e+02
-5.838307189060000155e+02
-5.922957837730000392e+02
-5.957314038389999951e+02
-5.970030834750000395e+02
-5.969513367780000408e+02
-6.048313150950000363e+02
-6.030270287099999678e+02
-6.064665600519999771e+02
-6.013207153529999687e+02
-5.933502004770000440e+02
-6.006875148919999674e+02
-5.907791967340000383e+02
-5.906414645820000260e+02
-5.957272277749999603e+02
-6.023997861379999677e+02
-6.026366909079999914e+02
-5.824620255900000529e+02
-5.987334767710000278e+02
-5.994923187040000130e+02
-6.047617374059999520e+02
-6.005948302770000282e+02
-6.009080982369999901e+02
-5.988421270500000446e+02
-5.925788676910000277e+02
-6.018192220639999732e+02
-5.984400920939999651e+02
-5.984986068260000138e+02
-6.023236505500000249e+02
-5.936074381360000416e+02
-5.992429014599999846e+02
-5.824809812160000320e+02
-5.912945967409999639e+02
-5.966595990030000394e+02
-5.891870369279999977e+02
-6.016390283739999632e+02
-5.983660627499999691e+02
-5.947409121079999750e+02
-5.811540853290000541e+02
-5.962759409770000048e+02
-5.933358927990000211e+02
-5.922479059849999885e+02
-5.923656482330000017e+02
-5.969502223580000191e+02
-5.916061305680000260e+02
-5.994026563359999500e+02
-6.029389201290000528e+02
-5.965714880120000316e+02
-6.023870358950000536e+02
-5.970816106009999658e+02
-5.942042864349999718e+02
-6.002081432039999527e+02
-6.009781945649999670e+02
-6.001583620469999687e+02
-5.961948062669999899e+02
-5.902096924610000315e+02
-5.737384403119999661e+02
-5.919417235539999638e+02
-5.993467367639999566e+02
-6.024584810689999586e+02
-6.023843221649999577e+02
-6.005676606969999511e+02
-5.981403591040000265e+02
-6.007581559249999827e+02
-5.854686937760000092e+02
-5.986031103689999782e+02
-5.857650125379999508e+02
-5.987200592469999947e+02
-5.861687863900000366e+02
-5.949432475480000448e+02
-6.014975224410000010e+02
-5.958533032709999588e+02
-5.987305821569999580e+02
-5.878660764249999602e+02
-5.982156149090000099e+02
-5.932170987770000465e+02
-5.980504425760000231e+02
-6.018364273429999685e+02
-6.035997237569999925e+02
-6.004438047080000160e+02
-5.847616322290000426e+02
-6.028789631289999988e+02
-5.985871930450000491e+02
-5.794651792050000267e+02
-5.817751767859999745e+02
-5.973225178630000300e+02
-5.937912325309999915e+02
-5.826622309289999748e+02
-5.949007544989999587e+02
-5.916183335859999488e+02
-5.931765673749999905e+02
-6.015611859609999783e+02
-5.954319189880000067e+02
-5.883087634529999832e+02
-5.980275430789999973e+02
-5.942412838159999637e+02
-6.031090298699999721e+02
-5.911895905640000137e+02
-6.044698783449999837e+02
-5.841993280809999760e+02
-5.953403524479999760e+02
-5.988494586750000508e+02
-5.891194680690000496e+02
-6.063409635680000065e+02
-5.978439731189999975e+02
-6.017940529720000313e+02
-5.969220209869999962e+02
-6.023980929120000383e+02
-5.887047231179999471e+02
-5.913442906010000115e+02
-5.987921240399999760e+02
-5.995241295250000348e+02
-5.875088513560000365e+02
-5.998632384219999949e+02
-5.915056405450000057e+02
-5.955998778770000399e+02
-5.993833097350000116e+02
-5.915324425630000178e+02
-5.988463554449999720e+02
-6.005638879360000146e+02
-6.010022989789999883e+02
-5.966314460050000434e+02
-5.873758562839999513e+02
-6.037913389159999724e+02
-5.853350949120000450e+02
-5.896713494790000141e+02
-6.028272364489999973e+02
-6.015803128960000095e+02
-5.961380251450000287e+02
-5.972543618500000093e+02
-5.895026529389999723e+02
-5.984819494329999543e+02
-6.008012729910000189e+02
-6.033749492570000257e+02
-6.050515034070000411e+02
-5.963183895759999587e+02
-5.987350569420000284e+02
-6.040969952670000112e+02
-5.994380261799999516e+02
-5.899461396159999822e+02
-5.941054888190000156e+02
-5.915169815519999474e+02
-5.985379673720000255e+02
-5.953776286910000408e+02
-5.925232945889999883e+02
-6.018541230390000010e+02
-5.899510131709999996e+02
-5.966593462719999934e+02
-6.043801933559999497e+02
-5.966414831969999568e+02
-6.000219617019999987e+02
-5.873662879229999589e+02
-5.940783085960000562e+02
-5.938564082919999692e+02
-5.841806517029999668e+02
-5.884742332580000266e+02
-5.976996534789999487e+02
-5.934171151330000384e+02
-5.882676956940000537e+02
-5.924196201199999905e+02
-5.992827092039999570e+02
-5.994714386489999924e+02
-6.038775928879999810e+02
-5.925755273549999629e+02
-5.938338530889999447e+02
-5.980003776979999657e+02
-5.957050989010000421e+02
-5.932094860739999831e+02
-5.985463045059999558e+02
-5.924330554230000416e+02
-5.983303505669999822e+02
-5.989333624879999434e+02
-6.015803723200000377e+02
-6.050425868930000206e+02
-5.951387991799999782e+02
-6.021729968060000147e+02
-6.002945213469999999e+02
-5.871994789310000442e+02
-6.027646072000000004e+02
-5.983831623180000179e+02
-5.989358179480000217e+02
-5.899852743769999961e+02
-5.945968613830000322e+02
-6.008572933789999979e+02
-5.972405422020000287e+02
-6.012696308160000171e+02
-5.972756628680000404e+02
-5.989008745679999492e+02
-6.014439421360000324e+02
-6.020746235499999557e+02
-5.893343599239999548e+02
-5.972547142409999879e+02
-5.984032782670000188e+02
-5.939588251119999995e+02
-6.000286159889999453e+02
-6.024665447319999885e+02
-5.991040505839999923e+02
-5.956727766799999699e+02
-5.959117596649999768e+02
-6.014197222340000053e+02
-6.022824186269999700e+02
-5.969865143450000460e+02
-5.931976630799999839e+02
-5.943604800110000497e+02
-6.006767412240000112e+02
-5.916716720409999652e+02
-5.977666792759999908e+02
-5.997520299740000382e+02
-5.944525648369999544e+02
-5.953703207759999714e+02
-5.878006384950000438e+02
-6.027329076060000261e+02
-6.009749874730000556e+02
-5.993549523770000178e+02
-6.008946346919999542e+02
-5.972323705999999675e+02
-6.008600376460000234e+02
-5.904750540689999525e+02
-6.041540633820000039e+02
-6.034789130999999998e+02
-5.995504935530000239e+02
-5.996857924820000108e+02
-5.985208409629999551e+02
-5.853321387529999811e+02
-5.889595843419999710e+02
-5.936333389479999596e+02
-5.902992373329999509e+02
-5.993640009289999853e+02
-6.014511687169999732e+02
-5.929874010459999454e+02
-5.996018763710000030e+02
-5.930874411099999861e+02
-5.986760073670000111e+02
-5.997803258540000115e+02
-5.925692989240000088e+02
-5.856167764839999563e+02
-5.921486993700000312e+02
-6.004067996869999888e+02
-5.995088797439999553e+02
-5.940584979400000520e+02
-5.899588692879999599e+02
-5.940423960330000455e+02
-5.985223087309999528e+02
-6.004466163140000390e+02
-6.046566181109999434e+02
-6.005339700900000253e+02
-6.002479250489999458e+02
-5.962973347009999543e+02
-5.989172812279999789e+02
-5.945682737229999475e+02
-5.984177524689999927e+02
-5.970090290130000312e+02
-5.993282696200000146e+02
-6.014662125639999886e+02
-6.011930941870000424e+02
-6.027928996860000552e+02
-6.032844311220000009e+02
-5.861674292110000124e+02
-6.000551309090000132e+02
-5.947606099610000001e+02
-5.936922130839999454e+02
-5.936018598299999667e+02
-6.042484175739999728e+02
-6.033371796320000158e+02
-5.946019010200000139e+02
-6.028972990459999437e+02
-5.996154106819999470e+02
-5.946068518959999665e+02
-6.033561958029999914e+02
-5.934005331800000249e+02
-5.987551090780000322e+02
-6.057160145149999835e+02
-5.998911115319999681e+02
-5.964741720380000061e+02
-5.945927379239999482e+02
-5.979987532699999520e+02
-5.986761391940000294e+02
-6.010154637079999702e+02
-5.979295164330000034e+02
-6.028103294369999503e+02
-5.974223340360000520e+02
-5.879249785929999916e+02
