4.857262294749996379e+00
4.784652442968036823e+00
4.755184223560639190e+00
4.718919897603687019e+00
4.813434948142542247e+00
4.697201187941601574e+00
4.651899397020533122e+00
4.700062340012098439e+00
4.670196676800667746e+00
4.653408535686502034e+00
4.644440224612649715e+00
4.896429004897345116e+00
4.563232845253461178e+00
4.568418216407074794e+00
4.541693736922383096e+00
4.546616984088279523e+00
4.475882706237954700e+00
4.449803366442162122e+00
4.450201456114093901e+00
4.449887301943724616e+00
4.479803343898033141e+00
4.528205052777535045e+00
4.517201124590314087e+00
4.538571581455998150e+00
4.525393242581245090e+00
4.514847062747530337e+00
4.549794390958783019e+00
4.570607618249459492e+00
4.558809713072042413e+00
4.524465272272514049e+00
4.522871764708789044e+00
4.509363147940072203e+00
4.489993429839290506e+00
4.441214923869368114e+00
4.459012222454655117e+00
4.509208467125910502e+00
4.476608537721385339e+00
4.426823466098461779e+00
4.402386171157637307e+00
4.339855297126852030e+00
4.318567355038011257e+00
4.315558248940686070e+00
4.373826013915047994e+00
4.397702468335028314e+00
4.437980621859450636e+00
4.466243835708032073e+00
4.643241540131204381e+00
4.623553827955287687e+00
4.631425050672849153e+00
4.662751762639739894e+00
4.682795532585209308e+00
4.666524295447308290e+00
4.653040511321601791e+00
4.871377423275679241e+00
4.591455215941891765e+00
4.554562218259841089e+00
4.551498764143521392e+00
4.584531055626082541e+00
4.630158204640528297e+00
4.334718099253976220e+00
4.305235069075787457e+00
4.609649986712656577e+00
4.593543512366024650e+00
4.609229436684618264e+00
4.619202203844295695e+00
4.599679445352687246e+00
4.545872083550086096e+00
4.523123478305672407e+00
4.528512890563523463e+00
4.570402389286964961e+00
4.547520753113722947e+00
4.516087023076504003e+00
4.499066792124784442e+00
4.466820009805632985e+00
4.481645456749117074e+00
4.456819718139830577e+00
4.453543645233534853e+00
4.406722591677401546e+00
4.367194293822980633e+00
4.305700755974571692e+00
4.328230700875358217e+00
4.330820476537904362e+00
4.330627090849545446e+00
4.367491041776731642e+00
4.342517012056487324e+00
4.320303114365935393e+00
4.330880857285270835e+00
4.310539293406336903e+00
4.238997287095145339e+00
4.201864586109361532e+00
4.176489075766869341e+00
4.201965016513107720e+00
4.237241791543173264e+00
4.210640568844602249e+00
4.202403597942492297e+00
4.187128968637101600e+00
4.190767232858441105e+00
4.194844216416147908e+00
4.146645873474126276e+00
4.162924092509975083e+00
4.211592929047156098e+00
4.278520889279378459e+00
4.356657663851957629e+00
4.390276301099965472e+00
4.385924987958640386e+00
4.415510502761827105e+00
3.793653911468466866e+00
3.743341555348643102e+00
3.753019451055376265e+00
3.737927768162461195e+00
3.708065533401479819e+00
3.686983997795487689e+00
3.670169614609112063e+00
3.650839492500320915e+00
3.618373944190953484e+00
3.613848087565386447e+00
3.593109099373410054e+00
3.570644479642294922e+00
3.516227808319591919e+00
3.477273213309532096e+00
3.393815846506701650e+00
3.430727328133204690e+00
3.454192959288753695e+00
3.434482348185821987e+00
3.459870084266170487e+00
3.471322226472213224e+00
3.470861708567484438e+00
3.508426142873752873e+00
3.684870418345806531e+00
3.668171479088729647e+00
3.689185275911200712e+00
3.636859771836137512e+00
3.612474636589162014e+00
3.587514599273430083e+00
3.377924510701800997e+00
3.351058041872745807e+00
3.300855343695025201e+00
3.278387866009755403e+00
3.306519771602764557e+00
3.293985276226959691e+00
3.262537815872791125e+00
3.318645205501787210e+00
3.309637140231539210e+00
3.311684163684695648e+00
3.317579087226105727e+00
3.307406990377810274e+00
3.261660006806350598e+00
3.240079474333924292e+00
3.187654623700629131e+00
3.186655456744579062e+00
3.199991562488876173e+00
3.158344819680080295e+00
3.122163512694362097e+00
3.074164764614935930e+00
3.026540599430313172e+00
3.046307929280951843e+00
3.045854067416888356e+00
3.043966162755427529e+00
3.046942565917513335e+00
3.045792343545435710e+00
3.005252901171547641e+00
2.958538490538867638e+00
2.961454710104478139e+00
2.981307263600986523e+00
2.976016128988550502e+00
2.931698654364053525e+00
2.912170668075619862e+00
2.899705329856811176e+00
2.889894634757467884e+00
2.875964881565836961e+00
2.891992565688922934e+00
2.910196041506482256e+00
2.909921132951888367e+00
2.910605950657010332e+00
2.884341519307310531e+00
2.867367259351337516e+00
2.817331716358582927e+00
2.748893049938466060e+00
2.704026996906650382e+00
2.725154307557647204e+00
2.737390911068421140e+00
2.710822384443510202e+00
2.728627127329785740e+00
2.716343130018738616e+00
2.763285363475874945e+00
2.769214690124259359e+00
2.745337319893495387e+00
2.761051430162067888e+00
2.757628147520981177e+00
2.741507796815467746e+00
2.740489189907524992e+00
2.753556427604126444e+00
2.719035490757706341e+00
2.719302851835374124e+00
2.748750625284149152e+00
2.710623175581585276e+00
2.704766348504063167e+00
2.727426992606768685e+00
2.722692417442704294e+00
2.699960925643183796e+00
2.713889828272326721e+00
3.276963533516966010e+00
3.297143915572991801e+00
3.282869476540302589e+00
3.234603221416808783e+00
3.217466549942671783e+00
3.209584864121838521e+00
3.180892484822459121e+00
3.211977895316218135e+00
3.245050692978462603e+00
3.257026097531305009e+00
3.207164167921561670e+00
3.130562409536024493e+00
3.155113944059707354e+00
3.168023200672621442e+00
3.147044645377627958e+00
3.179800465438044288e+00
3.189251479579495285e+00
3.148225849585763125e+00
3.095522088436779562e+00
3.124753590285160421e+00
3.094236416306937354e+00
3.107292712314049243e+00
3.038413072641703572e+00
2.943221704187436671e+00
2.888529383613744450e+00
2.841941237956900235e+00
2.811518628784095419e+00
2.803898179321067996e+00
2.804736886055446021e+00
2.897484771314596586e+00
2.947598683674559794e+00
2.950505380439087055e+00
2.978855317063921593e+00
2.988113284331770814e+00
2.983582745626472299e+00
2.944004415757557780e+00
2.895021416155672878e+00
2.850719207498346286e+00
2.837793861435322640e+00
2.845886505115760912e+00
2.869139592281978679e+00
2.891853730740889361e+00
2.931840718729447293e+00
2.952715021806201712e+00
2.956847138422951993e+00
2.916080245809432814e+00
2.953577830361001411e+00
2.936532819499894753e+00
2.937340463752882602e+00
2.941082963807719608e+00
2.926908949728364906e+00
2.892344723576357968e+00
2.893258889211264506e+00
2.914516426441957631e+00
2.930802961647200000e+00
2.916601789754644791e+00
2.951424571287567300e+00
2.972169914389148460e+00
2.975635394331771710e+00
2.918419606567910662e+00
2.885138991452578239e+00
2.920586413718998298e+00
2.943954143664605283e+00
2.976716479613065403e+00
2.963413234768313753e+00
2.959550979456173625e+00
2.926535323552408308e+00
2.938916466999359933e+00
2.929162849689309844e+00
2.892773409722925848e+00
2.918749903640255550e+00
2.877819487042229341e+00
2.868382645324713653e+00
2.850833386923901092e+00
2.765262736160888135e+00
2.728745316074770777e+00
2.751557013765115300e+00
2.765945407993440686e+00
2.766521281320640568e+00
2.801017493697603111e+00
2.800007678560899826e+00
2.757087231119102810e+00
2.712721327375888336e+00
2.735738291576882641e+00
2.749722531456582963e+00
2.733264165791517541e+00
2.753802643618456170e+00
2.734550420087368039e+00
2.749781627693370201e+00
2.813206533477412119e+00
2.880057985527375575e+00
2.926495002558520575e+00
2.906113039783551955e+00
2.906537974979855665e+00
2.895423630490018496e+00
2.910485011127870170e+00
2.868714346183670383e+00
2.858699354601669018e+00
2.866308601668704270e+00
2.787760391425346373e+00
2.753315092756366766e+00
2.791925679526588322e+00
2.869322916647758515e+00
2.874408634832563258e+00
2.830520446843654003e+00
2.833791806043627126e+00
2.904033229837426955e+00
2.888126036030976618e+00
2.878307315072523576e+00
2.800063035004747736e+00
2.834404522999495413e+00
2.868443828977656818e+00
2.835057847734328007e+00
2.829088369068736064e+00
2.779046059352021647e+00
2.833343960764382441e+00
2.848808347362103532e+00
2.872248770562884523e+00
2.881520779033182045e+00
2.862247194076709800e+00
2.862498733624173841e+00
2.895232978535579704e+00
2.932658520864643847e+00
2.897622818794744148e+00
2.821867998330183980e+00
2.778557539443803570e+00
2.819047534185970427e+00
2.864695795368156883e+00
2.890194803123138367e+00
2.893293279292647124e+00
2.962640713957735539e+00
2.958392468892522942e+00
2.927320447098335165e+00
2.959468533368787124e+00
2.961826969962964906e+00
2.903781327855112337e+00
2.919271141911967238e+00
2.877859795056040948e+00
2.838443411449310005e+00
2.848656700973284828e+00
2.801292023334946979e+00
2.803883200135126597e+00
2.759675343224271771e+00
2.761348945714757086e+00
2.777370158981334658e+00
2.768631430869772370e+00
2.736200467802021308e+00
2.765826458764179652e+00
2.748024745157874094e+00
2.797386995036618362e+00
2.805808617849763209e+00
2.808082085694789232e+00
2.836035613316588933e+00
2.832887043282877215e+00
2.825106015709852869e+00
2.789449587284200671e+00
2.748537065422258063e+00
2.750794976002391756e+00
2.741220713477848125e+00
2.724134357919961502e+00
2.733953547520512561e+00
2.700723421603922869e+00
2.726896037622263513e+00
2.788227035232246021e+00
2.815962002584551982e+00
2.793835535603339526e+00
2.846057272789850767e+00
2.849577863473816475e+00
2.830398911814375751e+00
2.789409614954390548e+00
2.821229873654396147e+00
2.848723398296155729e+00
2.829994346284105067e+00
2.850427862619925534e+00
2.790054300546854993e+00
2.741100508919730228e+00
2.773030652553267306e+00
2.719678289798261428e+00
2.714435116189001906e+00
2.758236030509354286e+00
2.831837742526926327e+00
2.820225877478610865e+00
2.848226290167268360e+00
2.845360434110237868e+00
2.883215219160720988e+00
2.864365025620861704e+00
2.870173862329597370e+00
2.924974187920296398e+00
2.910937306092317822e+00
2.905084852461283784e+00
2.874565184510519789e+00
2.790471107178857935e+00
2.769141744295513519e+00
2.755217958710344917e+00
2.782227345131953911e+00
2.790805080975739205e+00
2.788477362289319306e+00
2.762713702141428751e+00
2.806291146691661353e+00
2.831507372407849221e+00
2.822684183538782143e+00
2.854905602642581197e+00
2.843948311766583803e+00
2.854248237277199340e+00
2.880694534309391042e+00
2.764056620259433217e+00
2.734392437087258987e+00
2.710444059559245389e+00
2.741508526340926899e+00
2.772896319735016046e+00
2.781996046007254808e+00
2.832895338695025078e+00
2.920727820253027573e+00
2.895758795203771996e+00
2.941977736149611999e+00
2.973003363603882843e+00
2.949493176801736283e+00
2.986930364102919455e+00
2.966645580449406960e+00
2.773900142398785018e+00
2.744911109671859695e+00
2.707988552413026717e+00
2.719413539717709050e+00
2.758874045693278543e+00
2.712326307802952918e+00
2.695734593761039299e+00
2.746220675765150609e+00
2.743687482203466921e+00
2.952455588150311616e+00
2.952020325133280831e+00
2.960300322602421819e+00
2.725766314268337709e+00
2.731757858961880725e+00
2.738135679618525220e+00
2.738369770502150580e+00
2.876475795135428726e+00
2.842700652548558526e+00
2.835935648071020942e+00
2.826600254722977823e+00
2.742988698482004217e+00
2.749198792375698641e+00
2.735899669213035956e+00
2.763165937832905428e+00
2.739028477398509853e+00
2.711495712701755600e+00
2.740638246832295621e+00
2.758731592598308691e+00
2.805924802983857713e+00
2.800730797488398593e+00
2.787358247516813048e+00
2.822383744284253204e+00
2.886613586886890293e+00
2.863037023861200403e+00
2.816886756687247306e+00
2.752645454830680016e+00
2.746120354245239703e+00
2.803320352724604891e+00
2.711327534622108182e+00
2.768149923685492730e+00
2.813446640688249900e+00
2.775040540244412046e+00
2.774211599716215115e+00
2.730709797836452069e+00
2.719893196432536797e+00
2.761216036459298806e+00
2.784077764718507986e+00
2.836746904466452612e+00
2.853512922697214460e+00
2.806973815339216305e+00
2.781990654189909762e+00
2.815237467781359637e+00
2.829712529569037738e+00
2.841343872184428854e+00
2.843525628511197390e+00
2.873679522841752210e+00
2.857764510942075731e+00
2.906008430820530286e+00
2.870851093317101643e+00
2.825471465083305933e+00
2.845845217154299167e+00
2.831220761438429712e+00
2.832032662241027676e+00
2.820015070881714436e+00
2.813141660137291833e+00
2.801330041248263569e+00
2.768995485731242656e+00
2.748921424850117923e+00
2.753564962008342221e+00
2.754590532184411966e+00
2.749496317509808829e+00
2.788733942132163968e+00
2.835293459238390490e+00
2.851165375771808730e+00
2.870506227131374377e+00
2.866036287279000838e+00
2.869472425377181057e+00
2.874076199407385346e+00
2.903924585797640567e+00
2.885423192531729963e+00
2.896819117583975700e+00
2.879932117255544544e+00
2.880918082834011962e+00
2.870668563244457516e+00
2.845083478564381263e+00
2.822533259325742616e+00
2.891139913598095301e+00
2.885979556407148205e+00
2.947455343173158493e+00
2.924481834445205930e+00
2.885995322241531102e+00
2.864306896964778915e+00
2.820608799532469124e+00
2.792013789364228948e+00
2.779582162843904580e+00
2.794126876145748728e+00
2.817056087478558624e+00
2.772279387074830570e+00
2.779190709541178528e+00
2.858692883119835937e+00
2.864824078368512605e+00
2.876182365567246269e+00
2.865248505801896162e+00
2.860527748510752755e+00
2.859693340202756673e+00
2.897279586094513970e+00
2.927760577642919415e+00
2.882175046731200840e+00
2.872044045623255659e+00
2.877875779112086807e+00
2.860092655841764753e+00
2.901049982333982147e+00
2.900338083741273554e+00
2.858731536888345470e+00
2.834547053763616820e+00
2.783456125035923989e+00
2.789131943813343284e+00
2.871013932393919887e+00
2.870290751822888620e+00
2.900995174073889959e+00
2.887526796412458907e+00
2.899351134305743649e+00
2.848783249038087551e+00
2.824980707898728127e+00
2.763372939000452888e+00
2.681058373105666526e+00
2.737109606866337863e+00
2.759082456179952292e+00
2.755362226640991175e+00
2.779205821813131028e+00
2.770803674026725449e+00
2.762949329973316992e+00
2.705362452611479451e+00
2.733852044277451210e+00
2.743970480890783659e+00
2.757835564351144964e+00
2.819759032257898035e+00
2.793487426139591445e+00
2.712122600473658718e+00
2.723758249184387470e+00
2.712500875575895698e+00
2.685787407819166805e+00
2.770983399445042128e+00
2.780220494852881252e+00
2.805769234987082861e+00
2.772873239078915919e+00
2.805370741987589511e+00
2.770899673391297835e+00
2.781130345740738807e+00
2.752068858150173547e+00
2.751317684310556455e+00
2.760604643914083223e+00
2.779011514909572877e+00
2.788816415614337352e+00
2.755685577129582509e+00
2.751919511904372673e+00
2.747441901114562324e+00
2.750441782696009252e+00
2.724726408283957735e+00
2.756062771418676949e+00
2.864695097213662667e+00
2.743020415527380074e+00
2.713213039921487546e+00
2.732133415483219530e+00
2.795895205475340539e+00
2.691917717910411678e+00
2.740566547267188735e+00
2.749805447663524749e+00
2.771464594758518807e+00
2.756502131325133220e+00
2.773807671775387895e+00
2.752337370309097864e+00
2.732991584326596168e+00
2.737293188534980271e+00
2.733171235030838808e+00
2.759571343524207077e+00
2.768338671477895474e+00
2.773311558408106503e+00
2.817859116421542964e+00
2.780383067133016084e+00
2.764606301085201778e+00
2.769984476490797931e+00
2.754862972998838533e+00
2.783340798393183046e+00
2.797519794389308423e+00
2.826959320542126619e+00
2.826786868513436080e+00
2.827177744677543458e+00
2.782412083067495878e+00
2.781916605507792628e+00
2.758889088020756830e+00
2.730537492875716232e+00
2.779088519640926513e+00
2.777335053608044557e+00
2.792001790830370922e+00
2.826003184711581628e+00
2.851174845568050564e+00
2.866331976586103281e+00
2.865366468708671732e+00
2.853558304993959904e+00
2.774118058050161650e+00
2.725938553966321010e+00
2.732366922651494168e+00
2.747692486432933734e+00
2.749963090661400322e+00
2.791691960084421442e+00
2.817607140820026057e+00
2.806856426680923278e+00
2.826775017577451532e+00
2.863720132973891275e+00
2.863089415299494345e+00
2.861401404906344315e+00
2.813777532073209020e+00
2.797111724618807305e+00
2.824317439665732898e+00
2.828393360195855077e+00
2.784814895105238275e+00
2.740907331523632529e+00
2.754653880254287479e+00
2.793228060864346940e+00
2.813863713828372415e+00
2.783453610175675053e+00
2.771217422000662900e+00
2.798481731224987445e+00
2.849802975645859604e+00
2.881295889005500488e+00
2.899535307596719402e+00
2.887125560137626223e+00
2.899800165528651608e+00
2.871370926926718248e+00
2.825295913705323514e+00
2.794577606723419816e+00
2.794886401984881807e+00
2.853989138031187256e+00
2.885224947902676362e+00
2.854002452696914105e+00
2.838918279908739795e+00
2.887180804868306083e+00
2.874141437020801604e+00
2.827709673923403777e+00
2.890280436220678872e+00
2.837996652570260459e+00
2.846944678071563928e+00
2.797977483826486811e+00
2.768472683629008113e+00
2.737991964926120847e+00
2.818349871822162900e+00
2.854760235116077016e+00
2.892259670223266355e+00
2.894153071280094025e+00
2.830919285320583345e+00
2.815969282502918336e+00
2.857612464978412259e+00
2.813720313037527010e+00
2.806859098708020639e+00
2.827240527440139317e+00
2.825194329599293397e+00
2.853441080520150219e+00
2.816470486264678996e+00
2.778453346738072760e+00
2.767405102257347593e+00
2.721101615155156583e+00
2.708731068231026828e+00
2.755132664682411026e+00
2.796092630797485157e+00
2.798621267695935000e+00
2.874621540307523482e+00
2.886413172087460843e+00
2.798522645968762212e+00
2.747493949037922878e+00
2.732051427041591651e+00
2.730100547598933947e+00
2.760390914345285829e+00
2.762707548764436360e+00
2.784879351067115483e+00
2.771254228684188803e+00
2.748446470280984322e+00
2.800479601782523087e+00
2.867880401969370663e+00
2.873543631128645082e+00
2.878827886484358611e+00
2.902616922709574165e+00
2.891672353500652104e+00
2.880743133290435853e+00
2.842188241478737609e+00
2.850203676932579810e+00
2.802626803554122858e+00
2.748880135618867016e+00
2.812295148095234953e+00
2.853068173037580646e+00
2.851570444509480939e+00
2.919847598762647767e+00
2.855864667661967893e+00
2.860832221574693968e+00
2.876084491109397678e+00
2.890872186728427717e+00
2.849843855371728907e+00
2.820010283669192486e+00
2.862097307919491573e+00
2.932360823636818381e+00
2.905502710375607034e+00
2.719271042025785512e+00
2.728006964800493428e+00
2.842551494696269998e+00
2.853331211058400818e+00
2.819373866659049988e+00
2.817294801755755085e+00
2.829780733555164129e+00
2.803273978761263052e+00
2.787804871220365577e+00
2.791645034742060272e+00
2.810278989709028785e+00
2.828557229401590156e+00
2.852920608779711209e+00
2.862889100192321123e+00
2.867144223787843949e+00
2.863814239785814397e+00
2.866733506972701129e+00
2.839233347225972537e+00
2.808975969993335209e+00
2.794177696568348690e+00
2.788743444635952695e+00
2.786601873249926253e+00
2.782376322498450349e+00
2.770447797739564066e+00
2.786710785137202162e+00
2.778614942736758131e+00
2.684439606323822947e+00
2.688737436046889417e+00
2.744976138329803472e+00
2.750917119798414134e+00
2.766218538004544758e+00
2.738173478799324823e+00
2.764426522807216902e+00
2.739176701127548519e+00
2.799878747374607624e+00
2.791069687413770151e+00
2.815427143436675550e+00
2.839144941703399372e+00
2.844811065782753001e+00
2.877852845438765517e+00
2.807672523639464846e+00
2.724592813614540976e+00
2.749202975409418048e+00
2.813155345870540280e+00
2.832776200125947330e+00
2.819541452080461585e+00
2.866769261730005791e+00
2.859719216986170931e+00
2.862527030440062514e+00
2.785573190565991730e+00
2.855921217400788414e+00
2.932951585007839590e+00
2.919467245920049248e+00
2.901060840451298972e+00
2.885323032175080460e+00
2.849029483876921898e+00
2.907463155398534393e+00
2.871484981677599357e+00
2.886222617886569086e+00
2.890639548612036869e+00
2.893004839263149108e+00
2.913632097571689172e+00
2.928148903317589369e+00
2.888536134445959025e+00
2.832067972348121909e+00
2.810532333918256409e+00
2.794587983943250364e+00
2.762194236472156561e+00
2.746522710628841679e+00
2.831626564361903409e+00
2.880459685536320702e+00
2.887645061291293835e+00
2.915856134997060423e+00
2.906732357820375423e+00
2.877241039607214113e+00
2.834962609982713655e+00
2.833286783931340924e+00
2.789772929827802450e+00
2.776504817211740583e+00
2.771647524487916847e+00
2.745213106481898979e+00
2.762903183247650052e+00
2.760768733523327967e+00
2.728651864932571502e+00
2.726960579106342930e+00
2.781869335536807597e+00
2.778897623159226615e+00
2.786901684667042023e+00
2.727184078862297412e+00
2.730257497013789614e+00
2.785521674659883651e+00
2.778846703220600567e+00
2.825842706167489116e+00
2.827435764080237668e+00
2.777186525964721486e+00
2.738646015826068592e+00
2.776167322046709796e+00
2.836302170079908702e+00
2.847314875457226613e+00
2.797918869445645829e+00
2.812441999401944059e+00
2.808846916440979946e+00
2.781585519087989677e+00
2.729671225624068054e+00
2.739767508384607364e+00
2.777360977618862137e+00
2.754274859196155223e+00
2.742845967239137206e+00
2.775490226968922780e+00
2.798147422849625254e+00
2.825364578244725866e+00
2.792278460325904099e+00
2.788892432490001738e+00
2.823412651384844985e+00
2.810175261438332406e+00
2.750139269200743808e+00
2.753181795668422804e+00
2.806333194757884897e+00
2.798403294737911828e+00
2.703808240241900140e+00
2.733016282424968857e+00
2.782626277458041919e+00
2.767708438401704552e+00
2.754495598108662513e+00
2.734487520542011829e+00
2.750625201658706498e+00
2.746808693738972185e+00
2.741516733488964075e+00
2.743995809034700084e+00
2.739111899868276634e+00
2.732540759073869285e+00
2.737442967442426767e+00
2.725093943334798041e+00
2.707675756068292472e+00
2.738384560283672275e+00
2.763442961235132778e+00
2.710767603465852105e+00
2.728191158991612575e+00
2.744879960945469044e+00
2.769978519772310577e+00
2.898853221534336111e+00
2.908214056770924927e+00
2.885854292926099518e+00
2.878847512460499303e+00
2.867039762542543002e+00
2.868177644428601347e+00
2.832910517471387113e+00
2.862357594711045117e+00
2.875075129453141365e+00
2.863455430070459329e+00
2.934683969356836730e+00
2.900745421439116623e+00
2.856053570926148311e+00
2.859538773998352212e+00
2.785774219135499052e+00
2.762512081421545584e+00
2.721503077345311716e+00
2.722925081598830843e+00
2.718978668544495658e+00
2.751943676749217360e+00
2.767227854731157066e+00
2.811032906246385465e+00
2.794705887924523680e+00
2.721271210298598309e+00
2.717677133141462864e+00
2.747980713178315160e+00
2.715420409439392557e+00
2.731977671943897956e+00
2.717696267061497473e+00
2.957723617919699954e+00
2.916112652144975392e+00
2.853129685100206370e+00
2.845791805455908374e+00
2.846480107079619071e+00
2.852671730150526663e+00
2.806977556019997877e+00
2.798782771134623371e+00
2.828150278892548553e+00
2.858313838611848290e+00
2.844744452494810449e+00
2.796423787625903046e+00
2.820783756334398706e+00
2.816076881052788305e+00
2.833255724427288236e+00
2.875258597065662780e+00
2.832801616774460740e+00
2.762570723076605450e+00
2.680997948525884578e+00
2.718643963449425716e+00
2.721510426215560052e+00
2.720710201399627604e+00
2.753828789158832002e+00
2.750494137423310281e+00
2.716989142414816261e+00
2.759460273314330525e+00
2.784935187755722463e+00
2.791018989544857831e+00
2.823738833532591475e+00
2.847077273275174569e+00
2.895290831678226873e+00
2.861519176940808151e+00
2.892668145501657850e+00
2.911125040255055918e+00
2.915881684842510868e+00
2.931173314561935417e+00
2.894942831905320979e+00
2.916962289780243633e+00
2.910931637809448969e+00
2.879720819801808496e+00
2.849653663166806794e+00
2.824533943856932794e+00
2.806380765327470606e+00
2.796345114609425142e+00
2.789201677899968423e+00
2.810390720166859868e+00
2.859100907628130184e+00
2.858697255744301557e+00
2.831254668870322622e+00
2.800725798788592957e+00
2.855990721273442556e+00
2.738583575500298739e+00
2.878792976231531853e+00
2.834186479397570846e+00
2.807052012343198566e+00
2.807648838441160422e+00
2.871778020669425224e+00
2.843791131570672093e+00
2.789890499643310928e+00
2.751921873891045145e+00
2.755880984367793829e+00
2.734732710887848306e+00
2.746821071711806894e+00
2.764984810084858413e+00
2.750597934995225646e+00
2.778852460998964435e+00
2.790826400907086224e+00
2.786110191647128698e+00
2.766845315517294956e+00
2.760821616838002424e+00
2.781673596955617001e+00
2.765680024876341569e+00
2.750599207445533878e+00
2.773272795813638947e+00
2.875363803069100221e+00
2.880120309987066918e+00
2.855458807267231336e+00
2.819964538784132113e+00
2.820140776628003998e+00
2.831254492270166789e+00
2.781990294735048330e+00
2.740711221562753153e+00
2.755068057235610546e+00
2.742746433777646597e+00
2.731461513549110709e+00
2.754990381108435304e+00
2.772027416891831741e+00
2.783853983239781726e+00
2.743794999630985831e+00
2.782646581943168940e+00
2.832928520100710390e+00
2.842423965561788446e+00
2.808177700929910703e+00
2.760741567043174083e+00
2.772350086118273271e+00
2.777018725179936975e+00
2.710097599718504835e+00
2.746081754063415037e+00
2.773176698301066168e+00
2.755832179215562672e+00
2.726870183928820968e+00
2.751574094950016036e+00
2.788929723029965668e+00
2.802260516083399544e+00
2.771636880978458173e+00
2.780647406630333496e+00
2.821564459657088353e+00
2.865949231929972640e+00
2.851976682934136420e+00
2.878463131603390845e+00
2.888446122052477971e+00
2.840117955296927565e+00
2.774996576574464857e+00
2.775925791515327923e+00
2.780551563988699737e+00
2.799995178567277865e+00
2.820497828398384144e+00
2.849504869271151097e+00
2.918267465466453103e+00
2.925606603766131464e+00
2.924016073827228723e+00
2.911552163365787926e+00
2.910758492214700954e+00
2.887676574687685793e+00
2.878731144098038097e+00
2.852866803760736314e+00
2.805082173484406471e+00
2.731007323314970758e+00
2.739077764503958345e+00
2.764505561578778359e+00
2.803344252852296492e+00
2.816603095929563150e+00
2.790000896057204027e+00
2.778887907059224283e+00
2.775776107685921090e+00
2.773793611644529200e+00
2.717592684711967355e+00
2.715124490700195903e+00
2.728372591857644025e+00
2.715777605033224962e+00
2.784905923007094497e+00
2.827299948714320887e+00
2.812801450511571488e+00
2.837896932589343280e+00
2.897020020641900562e+00
2.885718801269451905e+00
2.896136046528201113e+00
2.888213807875033012e+00
2.854755506168610957e+00
2.831804548340157268e+00
2.783081924773326055e+00
2.795026117945948574e+00
2.788270252324906551e+00
2.728894648021429337e+00
2.727905240289699051e+00
2.776425399682116435e+00
2.801084432858102602e+00
2.871913995926758556e+00
2.913041194353420682e+00
2.866739785889190095e+00
2.850177713757512610e+00
2.863122421413377250e+00
2.866228357964522022e+00
2.856012605014200290e+00
2.855529022790697979e+00
2.871203580382275966e+00
2.898751455368328234e+00
2.895804033424914437e+00
2.907940336389315483e+00
2.874881910618243275e+00
2.866456523305385584e+00
2.843662075563831770e+00
2.868981352326989143e+00
2.918772858582866725e+00
2.947546437293227850e+00
2.912916922948542098e+00
2.871732055746148760e+00
2.831362392912641912e+00
2.833794981998521756e+00
2.827442307103718910e+00
2.805867780206330764e+00
2.705162656847088787e+00
2.688767189624270859e+00
2.744124814945558821e+00
2.745356078908526953e+00
2.776686694605640771e+00
2.768856442649203498e+00
2.779719050551691772e+00
2.755614813430933729e+00
2.731496842392463709e+00
2.736030336089130266e+00
2.776283306869095302e+00
2.785313088325978459e+00
2.771080294758706764e+00
2.749421211818952937e+00
2.746370149852346287e+00
2.786823639916957251e+00
2.815110299792887183e+00
2.824892387330887544e+00
2.805362365185645857e+00
2.837679509740308692e+00
2.841641427062886915e+00
2.861197826086131268e+00
2.869319257245523502e+00
2.877862053678042376e+00
2.875059999373926090e+00
2.834838619745399413e+00
2.827684034682800274e+00
2.778437870458866144e+00
2.784222153492784457e+00
2.738293081465167145e+00
2.712494239625220072e+00
2.717061832200363902e+00
2.752313572251534168e+00
2.723345552808163372e+00
2.780077876607057075e+00
2.761854630497412977e+00
2.743893583942351277e+00
2.794841498189119200e+00
2.828564300135317566e+00
2.860492789712989037e+00
2.888439717217584857e+00
2.887660644881942851e+00
2.906028389400213463e+00
2.894528631746453584e+00
2.886930723103690699e+00
2.862586417909510406e+00
2.851261650568043038e+00
2.807889242829923582e+00
2.805537738117240387e+00
2.800433002233761570e+00
2.844066982333573357e+00
2.852268044907420919e+00
2.855717948257495920e+00
2.897492709222924123e+00
2.959429843736795629e+00
2.925607458289646079e+00
2.837357925958584381e+00
2.795544669648474478e+00
2.758175846460845460e+00
2.778299659863924465e+00
2.808114313912451809e+00
2.798036633069695522e+00
2.772513300238612199e+00
2.733709933405517933e+00
2.689119930386147939e+00
2.707942023013047983e+00
2.796494949038885292e+00
2.756125722821802349e+00
2.762003077478372592e+00
2.795529466845234623e+00
2.775045044679455675e+00
2.744293898255068420e+00
2.795146865551074722e+00
2.818814821871064691e+00
2.867520706115301632e+00
2.841835498405915761e+00
2.811737185442480413e+00
2.733588301116318231e+00
2.691154399138035114e+00
2.737591277017078273e+00
2.792891870445399327e+00
2.786560065744142722e+00
2.792147918717774679e+00
2.806728700818801325e+00
2.783061623464345935e+00
2.702076608832547411e+00
2.722035267956680826e+00
2.785701527443311676e+00
2.804665755486738465e+00
2.824183598847638699e+00
2.824901237211665972e+00
2.896057665171741569e+00
2.894808111084394842e+00
2.882476365904844684e+00
2.888306424187018884e+00
2.899073127742727074e+00
2.931001364721619762e+00
2.912168264369350723e+00
2.933257915697151663e+00
2.944923258762442320e+00
2.918447018535714310e+00
2.904689139994157454e+00
2.930143511843745774e+00
2.936875891146917716e+00
2.913267752885066120e+00
2.876335515895182215e+00
2.850815146585270465e+00
2.802034082590716846e+00
2.783482890193507142e+00
2.774531311771413655e+00
2.746288222310251381e+00
2.775240169787112077e+00
2.822550796708537924e+00
2.812065610898863977e+00
2.857386393192212104e+00
2.898305194419662278e+00
2.939963605216908249e+00
2.914290308119627859e+00
2.947996099047622387e+00
2.944932596851751683e+00
2.949959491247294618e+00
2.923938097839966499e+00
2.940177885774940769e+00
2.966183237765327441e+00
2.984720589938026247e+00
2.995374267099188970e+00
2.954525004125028609e+00
2.888980616065120355e+00
2.902434323115684389e+00
2.895075992094162665e+00
2.871637337826627778e+00
2.895541572832274202e+00
2.938007998627641726e+00
2.886500649575537203e+00
2.846532100644572516e+00
2.800879326211680898e+00
2.804956505901650576e+00
2.747028212450683515e+00
2.754148870340889843e+00
2.735139667366184746e+00
2.779415945841859248e+00
2.777990100774298643e+00
2.757436853311423075e+00
2.725613692363611396e+00
2.725523252515010153e+00
2.704192300854360020e+00
2.745243705028753478e+00
2.819316938550896712e+00
2.824834154423936372e+00
2.813169564743654316e+00
2.800513881415338080e+00
2.799172020437471708e+00
2.783492410623747748e+00
2.839912146528480452e+00
2.822060240320889868e+00
2.794985152017806396e+00
2.799791777972069351e+00
2.822269476857232728e+00
2.857135803562722121e+00
2.863786654064858883e+00
2.850294195341947834e+00
2.839332491977647699e+00
2.905145263149503609e+00
2.890741254419011863e+00
2.868473635925559595e+00
2.844145917494388609e+00
2.854577727090295891e+00
2.868738572961990752e+00
2.811113658321199971e+00
2.820830019692785129e+00
2.841442239427012684e+00
2.852397062121611704e+00
2.841639139651620738e+00
2.883765593802658511e+00
2.899871893722203886e+00
2.922070841030381505e+00
2.857068602606524177e+00
2.792988005702853105e+00
2.786416336443641395e+00
2.764119570496182288e+00
2.759149687856749633e+00
2.772635208605704449e+00
2.803919399697501813e+00
2.872336505355875147e+00
2.869350797654409480e+00
2.838479874862600116e+00
2.837347000280367570e+00
2.830634204555579458e+00
2.879937846551554159e+00
2.896589373729041128e+00
2.850981760727346881e+00
2.836294413490955346e+00
2.775497613041668199e+00
2.776140486358714465e+00
2.719797970438246004e+00
2.717090171488609318e+00
2.744585396740280014e+00
2.779874277732717225e+00
2.803843433574706445e+00
2.818853845093782340e+00
2.824255831188103194e+00
2.778050035546516305e+00
2.777990820719175247e+00
2.790950554918521842e+00
2.863463113085272571e+00
2.866304240655552338e+00
2.850101401704858262e+00
2.892501512532016150e+00
2.853930272448855998e+00
2.825276269677003071e+00
2.794641658603120860e+00
2.747324152698403132e+00
2.736349575620775632e+00
2.749802356534011061e+00
2.775089187755953812e+00
2.814345039258690395e+00
2.790127237242058023e+00
2.820774539022925964e+00
2.810489637056148737e+00
2.805299449256710265e+00
2.801371806811798759e+00
2.746360682794595665e+00
2.799475307981837080e+00
2.799447445479196439e+00
2.759873185492406122e+00
2.750140541863269839e+00
2.789683315360365512e+00
2.854514144298465617e+00
2.903643573168029679e+00
2.918123712250733082e+00
2.908303457344161291e+00
2.855054115073828225e+00
2.851665302941423175e+00
2.900001896551103631e+00
2.918565572331723423e+00
2.936273999476206598e+00
2.891136281810319897e+00
2.890472798695742807e+00
2.872723272436800812e+00
2.847823554927516820e+00
2.889687007272587316e+00
2.925618396168577551e+00
2.916577446254427830e+00
2.909482600051081835e+00
2.903235953208075149e+00
2.915783599652073121e+00
2.896192500508209644e+00
2.919516740832290846e+00
2.899065194161732251e+00
2.894773393549138873e+00
2.881989764034563972e+00
2.815723530462463042e+00
2.819191728137694586e+00
2.812809271884604723e+00
2.828670535781783180e+00
2.854838349188969282e+00
2.875865608821108310e+00
2.893667223438106006e+00
2.920063869164509107e+00
2.909896218080637809e+00
2.928485103257313593e+00
2.945856921169118792e+00
2.977478631325503944e+00
2.969861444579527721e+00
2.934683969356836286e+00
2.916067728980244578e+00
2.940530734408331348e+00
2.963023624610508833e+00
2.933548533772707412e+00
2.965104719904509523e+00
2.912578582630862112e+00
2.924667502469297631e+00
2.953543295772046662e+00
2.976431756314934063e+00
2.929333712638421350e+00
2.960217221759241291e+00
2.961838786970012904e+00
2.961270504361261491e+00
2.945645430122233677e+00
2.957550844871479345e+00
2.959381523224067667e+00
2.948772965150080694e+00
2.967000842601835053e+00
2.977499790092351883e+00
2.948539638532946316e+00
2.907492046420763643e+00
2.856886767094558355e+00
2.848750427819187081e+00
2.855065323245687292e+00
2.862322134212010649e+00
2.875289376741060998e+00
2.897932538897342258e+00
2.877882207457421515e+00
2.892369443898894055e+00
2.963955465252472443e+00
2.956741956951942196e+00
2.898259477686565333e+00
2.866260804602400292e+00
2.852496099909691551e+00
2.845443023502667312e+00
2.871159696011352125e+00
2.900172925878730990e+00
2.852265240120560374e+00
2.806175511260833755e+00
2.769274453715269146e+00
2.754727754243602611e+00
2.703340526089897278e+00
2.709826931743058331e+00
2.746990353095547288e+00
2.753897056899549334e+00
2.791829865876501060e+00
2.826664642294872465e+00
2.752865597881597015e+00
2.730065383832409154e+00
2.753430587467204926e+00
2.771309257372767121e+00
2.797560544474417821e+00
2.853981079124387144e+00
2.918007025351378125e+00
2.914891764714429456e+00
2.912245353674721482e+00
2.910904498605201507e+00
2.901762567819771821e+00
2.939243780294515940e+00
2.903268675131531751e+00
2.886808098921713306e+00
2.841315540379138582e+00
2.847835844988261034e+00
2.825702213609920133e+00
2.826848598704925219e+00
2.854027505123242658e+00
2.848899261118230442e+00
2.813807918106706385e+00
2.866264119023227863e+00
2.890533168811594500e+00
2.905623685200820372e+00
2.870680929675048176e+00
2.865723119912319206e+00
2.883463542339316010e+00
2.874659110225071590e+00
2.881937889684647924e+00
2.852390401049618163e+00
2.843249373516153700e+00
2.857918998152327195e+00
2.845074515720106945e+00
2.802008922184224371e+00
2.778654890410106493e+00
2.809979003480275406e+00
2.879158557634504678e+00
2.893864371389924361e+00
2.901800475566850057e+00
2.874721725663199390e+00
2.893514990457108471e+00
2.889295588893597166e+00
2.896679823522096076e+00
2.879295226266317176e+00
2.921523403979505940e+00
2.942742088596960404e+00
2.932387593753594590e+00
2.941918081796296658e+00
2.969194335169053733e+00
2.914172781425288239e+00
2.941336770925763844e+00
2.997165494262871377e+00
2.939721415372551938e+00
2.884800339711571571e+00
2.852746396019106623e+00
2.869504138348645039e+00
2.923260166321157261e+00
2.939886052213588563e+00
2.936531627617860796e+00
2.913744326463802992e+00
2.953962931385564428e+00
2.929051211570053770e+00
2.871427867803751699e+00
2.818509712596357630e+00
2.758291137643015922e+00
2.732999451152524184e+00
2.735930737427393122e+00
2.753769961343903283e+00
2.785948491986167230e+00
2.813576371808662824e+00
2.814242349194539639e+00
2.825811387902596561e+00
2.818820498009761089e+00
2.819100211060259653e+00
2.784001616378841248e+00
2.779653755416310545e+00
2.808509391118355847e+00
2.825877916683592783e+00
2.799721057534125812e+00
2.818061922669549801e+00
2.754231290215112260e+00
2.727875363721737667e+00
2.741324679785304141e+00
2.730658162421652602e+00
2.747593310517406628e+00
2.709200066440276444e+00
2.797205212350355463e+00
2.843831394439551019e+00
2.853725635025202934e+00
2.841115977921351732e+00
2.880306407311555628e+00
2.886486791932365570e+00
2.858719118766305467e+00
2.843535475424914694e+00
2.804910158989054381e+00
2.835399266417342190e+00
2.856414710786932876e+00
2.827942891926921387e+00
2.878524795793845570e+00
2.880672838070995390e+00
2.800399614340781884e+00
2.733931601192685079e+00
2.782060567277427232e+00
2.811437176961278261e+00
2.842080048133761139e+00
2.897530327710134745e+00
2.880736364195793708e+00
2.861193107778641220e+00
2.830404564722152738e+00
2.787469282341959786e+00
2.751971838518701308e+00
2.750973282313007306e+00
2.738659708689635597e+00
2.768808227378703801e+00
2.758835623954424943e+00
2.750493410281143802e+00
2.794779955560008133e+00
2.793056211392817456e+00
2.826455377323335849e+00
2.736689423372700158e+00
2.737057909507944586e+00
2.714872004349376589e+00
2.723709969875647285e+00
2.719294577643253330e+00
2.789921504272118824e+00
2.854449859430008729e+00
2.889926123623232090e+00
2.882155790376363935e+00
2.926542840964403425e+00
2.927004270581100798e+00
2.883828184895903313e+00
2.883204293836980625e+00
2.880048263484485727e+00
2.882624672065372984e+00
2.879474083925743777e+00
2.871189997196283983e+00
2.883121051915787714e+00
2.881442173634584325e+00
2.894398383084126003e+00
2.895746535869463401e+00
2.921826312428581929e+00
2.909332053925780759e+00
2.886866120899962862e+00
2.866588739250888196e+00
2.891939487610347470e+00
2.854513969137303153e+00
2.889654996708084678e+00
2.897331530909087682e+00
2.869886757347753115e+00
2.881906313536232833e+00
2.926537544607962005e+00
2.906137987088706520e+00
2.896689489745147394e+00
2.888463432345993454e+00
2.860023776124946959e+00
2.888319407544809536e+00
2.867401959963059799e+00
2.892058782251840210e+00
2.915225205708813938e+00
2.944797616135954144e+00
2.918050890577476242e+00
2.905479478502644763e+00
2.931770795952507225e+00
2.938102278682618973e+00
2.933797879881979931e+00
2.935386005281077182e+00
2.934481385185464308e+00
2.907856426992226684e+00
2.859539473411758959e+00
2.792140576690220755e+00
2.743101529291251062e+00
2.705662765386699142e+00
2.751451616874263539e+00
2.741521110624537627e+00
2.764707217771892545e+00
2.746333919974043525e+00
2.760384936924558552e+00
2.776126978363921971e+00
2.807754618908140820e+00
2.773621639661761673e+00
2.828039957284903760e+00
2.817742536144848042e+00
2.826228051661790808e+00
2.859582137306078131e+00
2.864135122510808262e+00
2.795238272491273879e+00
2.756807211249999945e+00
2.711956858063933495e+00
2.747634619086024355e+00
2.790606206543660761e+00
2.741755277190142781e+00
2.741664275581531030e+00
2.801124952586013794e+00
2.874562401479570983e+00
2.935323832220220197e+00
2.908664642065152073e+00
2.892565988875621219e+00
2.925088203798305031e+00
2.968246115132638252e+00
2.971712132761179959e+00
2.933686418143562236e+00
2.934745815228296806e+00
2.900329291649484276e+00
2.959849658344153589e+00
2.974784361932810040e+00
2.968993263717518261e+00
2.975814846390816726e+00
2.965807478579821854e+00
2.952322814327728473e+00
2.924563044285418467e+00
2.911449982397086966e+00
2.892370135373410811e+00
2.882582349213981487e+00
2.900285158393911988e+00
2.838186921258006201e+00
2.850147013752097891e+00
2.811606658122717928e+00
2.764826757683020109e+00
2.753185427827192111e+00
2.750797157189166953e+00
2.757084329504631448e+00
2.725821344108963817e+00
2.751652957769202601e+00
2.777197328242989371e+00
2.771747643635689595e+00
2.752429290644902604e+00
2.751458885754973771e+00
2.795820273193539762e+00
2.773803886362552706e+00
2.734509279560045858e+00
2.727055921685508366e+00
2.682707773873255430e+00
2.692304960438174799e+00
2.761365242049664381e+00
2.763374929321028795e+00
2.749008912317309594e+00
2.724667502650552464e+00
2.797785910322660996e+00
2.824640508100102032e+00
2.828613264481377954e+00
2.824748661385645843e+00
2.884571718643861971e+00
2.882449652639226922e+00
2.870531309705574241e+00
2.874248075584290962e+00
2.822231741016318907e+00
2.873772781553893374e+00
2.836357699585861702e+00
2.808360553775102630e+00
2.721957200251318820e+00
2.741742876347087243e+00
2.762883276579016112e+00
2.825632141663170671e+00
2.835729888406157695e+00
2.828959172557991675e+00
2.761281043284077086e+00
2.840310018290256977e+00
2.915461541505907750e+00
2.895644487847221615e+00
2.864491752475471831e+00
2.885414008422361398e+00
2.899252489867000460e+00
2.915238583718320342e+00
2.858877052270698993e+00
2.794486536020526213e+00
2.805499064337751758e+00
2.809936832030214937e+00
2.862170155668597005e+00
2.903816970816170961e+00
2.925070426502582865e+00
2.907118504636507339e+00
2.885994802490122080e+00
2.907668137872683634e+00
2.926330979229792906e+00
2.872143972714459981e+00
2.873614796732505638e+00
2.886089915439225884e+00
2.815551278169161176e+00
2.790673216268791279e+00
2.756250714285621850e+00
2.733463370890490296e+00
2.791517150224945620e+00
2.763980282129378629e+00
2.721320451545535590e+00
2.742894456591430163e+00
2.794834342139083105e+00
2.756239648506638940e+00
2.788166781238167413e+00
2.808475387109526267e+00
2.786709349752858778e+00
2.775338177592057143e+00
2.779188910455711259e+00
2.744943533116847245e+00
2.735181346821449200e+00
2.741982859173266895e+00
2.718850860198109398e+00
2.784214251813246666e+00
2.846135801398098852e+00
2.858009272203294149e+00
2.879511764171141852e+00
2.849778587890644754e+00
2.803659394434352858e+00
2.773679505638674048e+00
2.746466275052362960e+00
2.750988731347331129e+00
2.718074502290178440e+00
2.764263012088394422e+00
2.711106047354105542e+00
2.727808277720412011e+00
2.778402598616694252e+00
2.787721112306610127e+00
2.786946357574898947e+00
2.753262791671001519e+00
2.747323060726567956e+00
2.759068139789230045e+00
2.753480343129400598e+00
2.754153953576306879e+00
2.816872201573937584e+00
2.846694574414333267e+00
2.817397025624894358e+00
2.798346833400034317e+00
2.830135862463143415e+00
2.874926607758883090e+00
2.879113231535015416e+00
2.840779822513529673e+00
2.803360305062479796e+00
2.809978291731094036e+00
2.813015641620217000e+00
2.793184025444797047e+00
2.823423808074161823e+00
2.842534784307836127e+00
2.852651222985382429e+00
2.834904407559450501e+00
2.807480543120468575e+00
2.798820823132485369e+00
2.820888335258948665e+00
2.850358749350684562e+00
2.853944638566066949e+00
2.819627280333342423e+00
2.832350613889460078e+00
2.839293398012963099e+00
2.823148773975611814e+00
2.857525852901422247e+00
2.885782043051761558e+00
2.891956776993736877e+00
2.916110594610567208e+00
2.918786734244212866e+00
2.913542517280295119e+00
2.897829014969654615e+00
2.886046777167688315e+00
2.887422033579435166e+00
2.805716129618247567e+00
2.768661951195920068e+00
2.777465391323535648e+00
2.829011488135033670e+00
2.821440412271717602e+00
2.798063258755956184e+00
2.810045551232222216e+00
2.840498899841363389e+00
2.873269566191101632e+00
2.821561801556010884e+00
2.724535923785921021e+00
2.734197871405799063e+00
2.736397083758130400e+00
2.698691720074748002e+00
2.767546747572658283e+00
2.739425122174358851e+00
2.693840010097110049e+00
2.729497023262711153e+00
2.773100971836402362e+00
2.720254951286735778e+00
2.702842022760487239e+00
2.770581346937858847e+00
2.810152664892069385e+00
2.837671756916222421e+00
2.870232046368377254e+00
2.871200968236113926e+00
2.871262788391198750e+00
2.889338332559896028e+00
2.924341464330046048e+00
2.924221947800816235e+00
2.931895461983595297e+00
2.941698318998737349e+00
2.925482011566641116e+00
2.914095743107971703e+00
2.907389894733762858e+00
2.860252261602112434e+00
2.824817516230030190e+00
2.807852204087672554e+00
2.827006544032043767e+00
2.831943678818489296e+00
2.834788351888020141e+00
2.786335945287287341e+00
2.774184925342937369e+00
2.774731878938936358e+00
2.738112123343381388e+00
2.746377614240255394e+00
2.730965213985707685e+00
2.758026468328395264e+00
2.755453864611055348e+00
2.783015810231770359e+00
2.790747928423489732e+00
2.844736015872122881e+00
2.728355731938194140e+00
2.756189217016857818e+00
2.752464713670277341e+00
2.733560864513537858e+00
2.740512543302803472e+00
2.775162157424319265e+00
2.783444987780430147e+00
2.806210790371956421e+00
2.784447701071075976e+00
2.874517872617945446e+00
2.864248767129000672e+00
2.758607801047477270e+00
2.714477113552442589e+00
2.707688312934116492e+00
2.745445136949562048e+00
2.852853659057891011e+00
2.832119171221437082e+00
2.861027787351951179e+00
2.805458964233838781e+00
2.784516654645829092e+00
2.801781397611169844e+00
2.814198642597924405e+00
2.799852853276399767e+00
2.795306602145818164e+00
2.813638391833605645e+00
2.816355801385897806e+00
2.855680654414985753e+00
2.729222233531011010e+00
2.884530117714148911e+00
2.903225792114695558e+00
2.902251539753230247e+00
2.741891865117952243e+00
2.864684624875834196e+00
2.723531714520688318e+00
2.780416155901846320e+00
2.783506421763743965e+00
2.729606198703395048e+00
2.737312002677079192e+00
2.756212800202480828e+00
2.756208627807408718e+00
2.736066885147363958e+00
2.738610596634723837e+00
2.732660425299858087e+00
2.746224681266993706e+00
2.779075565723249319e+00
2.780855623724467929e+00
2.746761001616267350e+00
2.706529327385904793e+00
2.754927766748159090e+00
2.785125849939280585e+00
2.845146393421611020e+00
2.732561801679881608e+00
2.703466478430978981e+00
2.747991630263818763e+00
2.767615038259476190e+00
2.759296649510523114e+00
2.792566382380193613e+00
2.795250972631974751e+00
2.752522842775332990e+00
2.745935359763590267e+00
2.669836886403362364e+00
2.706241859110157133e+00
2.718857480634099044e+00
2.675904519970770501e+00
2.676771749701494674e+00
2.727357328990830609e+00
2.812620308537930214e+00
2.848978237895123389e+00
2.894902070882535927e+00
2.974794950916785474e+00
2.969068877611295676e+00
2.919844687650355208e+00
2.982090038882125871e+00
2.935176655671681623e+00
2.839233347225972537e+00
2.801205811788916478e+00
2.762505746600357526e+00
2.787252051752765691e+00
2.791260109699560399e+00
2.834834386697043129e+00
2.811493197573132985e+00
2.790799347857168655e+00
2.819567874692857412e+00
2.861222466009938792e+00
2.836218609345901420e+00
2.812953785613976798e+00
2.770247100891904068e+00
2.770429750056838891e+00
2.762019007899836787e+00
2.764675930375927848e+00
2.786476628288850677e+00
2.831465521598312218e+00
2.872782623172174254e+00
2.883498916247412502e+00
2.896293838684190547e+00
2.874902780964949667e+00
2.820236869484547437e+00
2.743175167574976481e+00
2.738144262087006897e+00
2.704315994849714411e+00
2.721601917988742070e+00
2.744000364431462113e+00
2.707113037905879871e+00
2.709783755209998368e+00
2.712282618017524793e+00
2.733867041390272590e+00
2.757532592735759458e+00
2.743667071639706023e+00
2.773498873264598430e+00
2.739403402202750026e+00
2.742653642004400538e+00
2.798784378975986531e+00
2.813308550443765377e+00
2.826587518545994104e+00
2.814475794886145188e+00
2.817749634016478932e+00
2.850072630653471162e+00
2.916564760124486178e+00
2.918988523444379979e+00
2.923785388840979493e+00
2.964511595524632170e+00
2.899270597926313364e+00
2.880715362544518765e+00
2.890537666248270465e+00
2.878442113366186828e+00
2.864133551355453555e+00
2.877860490016846295e+00
2.873098327589921119e+00
2.848564726313937978e+00
2.845196654011810100e+00
2.848339165197852907e+00
2.853788008945303822e+00
2.782103161279250614e+00
2.784122482937846588e+00
2.779070528072290713e+00
2.798937834250700529e+00
2.816111681024031643e+00
2.822017186340295858e+00
2.776549117159643920e+00
2.744304283420480495e+00
2.766443565301847762e+00
2.740952754061988461e+00
2.752537919811460565e+00
2.782517565083820976e+00
2.813857494614821153e+00
2.807279822176620865e+00
2.805559124310160968e+00
2.865421609466920927e+00
2.827532316349364194e+00
2.801166007219136667e+00
2.816418470327163526e+00
2.851915321323549080e+00
2.922178297092770105e+00
2.863801843703575045e+00
2.870827232697920728e+00
2.853029793044580487e+00
2.839117644621301118e+00
2.857651833236512839e+00
2.839164137558798817e+00
2.813412340912721632e+00
2.802701197059722205e+00
2.818155957359350872e+00
2.786724421251588701e+00
2.747161626115216304e+00
2.761815707102847295e+00
2.809690552356255200e+00
2.857464960415087685e+00
2.868015690333649559e+00
2.885192194637993257e+00
2.873741463667182305e+00
2.890302752308138601e+00
2.862348860638758374e+00
2.825317858224097201e+00
2.781979511067613764e+00
2.738436415182941897e+00
2.702631865423036128e+00
2.712049409579404990e+00
2.753675725280665620e+00
2.729345892333912449e+00
2.754378332764038095e+00
2.760978449752913289e+00
2.763435181074453961e+00
2.772325558082960661e+00
2.765863698738605159e+00
2.791346270171438881e+00
2.796581305808933493e+00
2.808214023182706409e+00
2.821818385367846016e+00
2.824565276285893045e+00
2.823663400619839781e+00
2.793209802360002492e+00
2.823893942767680798e+00
2.893596551007068030e+00
2.917422321159554244e+00
2.835589709390271107e+00
2.811585673601286306e+00
2.793922869372023499e+00
2.782885732472678786e+00
2.795794341506542491e+00
2.766025849481526855e+00
2.759764663879874735e+00
2.724168313449079726e+00
2.733915141331201060e+00
2.757838646476621136e+00
2.782539307898452829e+00
2.822059708794269817e+00
2.834439979960768241e+00
2.841929626151921351e+00
2.795051520097616926e+00
2.796587205863604098e+00
2.819610788743723173e+00
2.784910950102354565e+00
2.752887938147864588e+00
2.794237105186315517e+00
2.803844860187524546e+00
2.800336051262419801e+00
2.791645572059605396e+00
2.754773311907896538e+00
2.765303961592649351e+00
2.774228000723805376e+00
2.796311856714125632e+00
2.766312708281549515e+00
2.743321162386934464e+00
2.738727624281027229e+00
2.779954316171400208e+00
2.757559065550546418e+00
2.753702416747314530e+00
2.749107855286874624e+00
2.795350425259774507e+00
2.775186119884574421e+00
2.721303547934335487e+00
2.734697606683414772e+00
2.790374526833270696e+00
2.838372949420142177e+00
2.855650188661068789e+00
2.809426275950305474e+00
2.775712701271513261e+00
2.797932272232478645e+00
2.800735796179282477e+00
2.764610099091731943e+00
2.752692863361257736e+00
2.719001471128693836e+00
2.741092118116426501e+00
2.744609626158153848e+00
2.708785336640760377e+00
2.739762033462030733e+00
2.747306135107626002e+00
2.772522497654437590e+00
2.781982206988391049e+00
2.800781498082276499e+00
2.835299807780475412e+00
2.847276944731579995e+00
2.871709073008615665e+00
2.899614802003879888e+00
2.959945100842243715e+00
3.042322303767305058e+00
3.030220619030897566e+00
3.030789501103631878e+00
3.032239766245406809e+00
3.032046503601157017e+00
2.984511182756734105e+00
2.987969210015390953e+00
2.998804595167881448e+00
3.026829033824011805e+00
3.001018160558179382e+00
2.952051151318350719e+00
2.967182501970513808e+00
2.948969481022141181e+00
2.917144836993871504e+00
2.876599555030209476e+00
