4.869378810484968234e+00
3.709262729977481854e+00
2.653948190903506976e+00
2.773614609133720155e+00
2.744134107510053600e+00
2.727216529724033389e+00
2.886622420754054730e+00
2.920682968074419517e+00
2.679459273808803221e+00
2.885872311797596179e+00
2.945265692598887153e+00
2.638355737954985791e+00
2.784647374444383594e+00
2.826473951763928572e+00
5.547588304840221696e+00
2.755880621507397432e+00
2.756361732429181810e+00
2.920849705137188668e+00
2.836503833947699338e+00
2.822532373596448263e+00
2.789437577720641492e+00
2.876927006373293683e+00
2.914590537279635907e+00
2.832337197439598775e+00
5.671470091607641706e+00
5.872147562859775682e+00
6.006552588631851819e+00
5.783100033718939770e+00
2.970690828746741285e+00
2.963234887753585234e+00
2.832742310906517957e+00
2.877578322131302269e+00
2.940310357768376459e+00
2.778586151264703652e+00
2.863454731613545245e+00
2.923892952896873787e+00
3.055867307328640869e+00
2.921269758170237818e+00
6.154424262268567425e+00
5.863084000762738057e+00
2.804075070321763175e+00
5.660868307954178391e+00
6.154075153912243579e+00
2.902592634180690023e+00
6.043507177128194741e+00
5.914866862406964465e+00
5.892710327175433527e+00
2.729785705875097168e+00
2.714090271159012246e+00
2.995119530169038313e+00
2.743879370526335570e+00
5.639563458282919051e+00
2.833502073406687582e+00
5.778221439162746442e+00
2.791524852119357636e+00
3.009788364652903780e+00
2.920903627304399564e+00
2.871253907267693695e+00
2.755606285375325815e+00
2.807319361953676484e+00
2.571112405166293247e+00
2.643684739147238005e+00
2.848020716216790316e+00
2.790148741554829837e+00
2.908231077476478799e+00
2.957164351198628083e+00
2.866192770907078913e+00
2.922444353619072732e+00
2.765951011858308384e+00
2.787538161173762408e+00
2.750468687333124329e+00
2.884262990782914038e+00
2.761530553877685978e+00
2.824574481227216438e+00
2.906472948437676340e+00
3.079631309101789505e+00
2.757622345427306332e+00
3.103830858793694247e+00
2.793924480010152589e+00
2.725150638038198014e+00
3.131618112094768591e+00
2.818985810535413083e+00
2.819527088006071658e+00
2.955527702458564221e+00
2.726560837392043357e+00
2.659535673759612973e+00
2.834297267401568732e+00
3.102345080741340855e+00
2.830504725309605174e+00
2.923699368950234856e+00
2.764195723895107815e+00
2.889250075711689014e+00
2.943158337568673844e+00
2.953007450041397863e+00
2.849200765126950863e+00
2.600747777082583756e+00
2.855232564958588348e+00
2.882949010995511596e+00
2.918411896905575453e+00
3.011298225018571362e+00
2.748009643360081355e+00
2.819503857064217911e+00
2.888870194383957202e+00
2.728217366706692015e+00
2.884972616854448280e+00
3.041346576764969001e+00
2.752590597964034380e+00
2.757779541587760619e+00
2.948208608629992789e+00
3.004435387889045295e+00
3.007553324548045026e+00
2.902637076866482424e+00
2.954040284085509782e+00
2.947706396505594739e+00
2.761173120251607660e+00
3.007596216249780685e+00
2.895416377656243156e+00
2.902042384252856433e+00
2.718501241493187504e+00
2.749731805103909021e+00
2.801795317292111065e+00
2.751202827855481647e+00
2.767104985359247316e+00
2.904120693084224492e+00
2.959003379518177823e+00
2.832196673961750566e+00
2.925705897727930882e+00
2.783460076954580753e+00
2.946054310429459644e+00
3.012192058949761275e+00
2.752266338856034888e+00
2.927911371609462687e+00
2.980373969823250313e+00
3.251357562619036301e+00
2.714491480922347488e+00
2.873038461281018030e+00
2.706583455206951427e+00
2.743408281681747773e+00
2.888630644440372208e+00
2.903196514189144040e+00
2.987567907178011239e+00
3.032591795807671797e+00
2.853625588615296582e+00
2.826079439789334735e+00
2.798351300319529500e+00
2.757692694989780868e+00
2.730934821631596510e+00
2.850518023096854758e+00
3.380795172736733800e+00
2.718478066860205544e+00
3.170569349501757728e+00
2.728263367052381927e+00
2.715763244467381377e+00
2.694175384046109123e+00
3.101064010948500371e+00
2.635559333424311479e+00
2.786782015156549441e+00
2.919003425828754050e+00
2.909951374164180038e+00
2.570242401019794620e+00
3.044310266710671620e+00
3.000635932598288313e+00
2.880416115772163721e+00
3.190723272237816932e+00
2.780597238004813399e+00
2.955836429845196900e+00
2.732474519551829406e+00
2.860326904393971859e+00
2.691122070809869093e+00
2.748257265977841257e+00
2.973844985872666769e+00
2.723878301246221323e+00
2.940586846192440262e+00
2.888250162295502577e+00
2.951842983629041850e+00
2.791184157306715097e+00
2.754689274673280064e+00
2.913341723862822086e+00
2.527969343168543936e+00
2.762782112291882530e+00
2.789814868409729698e+00
2.782889685201337837e+00
3.142110914655941833e+00
2.877972202784453426e+00
2.959555709899714060e+00
2.921721068137750787e+00
2.816566349298379013e+00
2.924792813174977191e+00
2.723054902127388210e+00
2.622788782956035458e+00
2.838446934504853747e+00
2.985091120887267024e+00
2.815368892347857255e+00
2.885718801269451905e+00
2.875380670450436327e+00
2.926820459133084196e+00
2.889924047444845989e+00
2.923465409407130622e+00
2.822271779967336691e+00
2.829097029088963211e+00
2.809156635006314406e+00
2.854585784312673624e+00
2.621946986496866749e+00
2.895901932041208049e+00
2.644241100958836466e+00
3.072999349170122851e+00
2.902241375213301833e+00
2.716004786446445163e+00
3.048391215050981540e+00
2.762894496718975912e+00
2.708483708645854193e+00
2.854118077445290780e+00
3.083138984865910537e+00
2.922198145232455246e+00
2.774974954841935126e+00
2.878918199602065631e+00
2.663495823161733611e+00
2.771963563974100708e+00
3.023912035757653882e+00
2.746026948156190972e+00
2.874900172179896796e+00
3.021940601666419202e+00
2.725487112425960756e+00
3.188555785931932007e+00
2.747520336594435619e+00
2.782972511542289862e+00
5.595936472119747762e+00
2.859500305997535463e+00
2.811997332857909981e+00
2.753565869922127263e+00
2.837928998407113657e+00
2.708735129170070977e+00
2.684516157522617519e+00
2.767692360071833946e+00
2.868401994142383060e+00
2.681258100220864637e+00
2.990617661955469408e+00
2.936802342684982747e+00
6.048983220343730594e+00
6.093276048235463982e+00
6.109807443774312397e+00
2.846834557890570938e+00
5.888187072435793645e+00
2.923804713040869530e+00
2.735200723895780506e+00
2.846608684030876635e+00
2.796505140349289320e+00
2.792745960519860571e+00
6.046937323968224476e+00
6.013085314545270954e+00
5.968214892243743463e+00
2.906311924071468322e+00
6.044162390273775110e+00
2.876009388023620605e+00
2.812667417239371748e+00
2.680718187352038484e+00
2.611758985817795864e+00
2.836748138273822661e+00
2.973805978876227663e+00
2.878119351243099366e+00
2.850031052462410841e+00
2.871576744577793328e+00
2.949229390874842593e+00
6.151756984797108530e+00
5.981439960410870782e+00
3.048105313141263206e+00
5.984293609107092848e+00
2.692489739999021747e+00
6.140166610117350210e+00
2.736820600624016109e+00
2.802557938740963817e+00
2.870276990117852201e+00
2.714934621680603399e+00
3.175556801570396104e+00
2.819534358719538947e+00
2.755238828123616646e+00
2.810157646823394639e+00
2.907486887330706704e+00
2.958927001465226692e+00
2.759194447660403782e+00
3.086838350157001809e+00
2.787608473225750672e+00
2.766290657179754753e+00
3.051705424840347014e+00
2.719266261328595835e+00
5.604935414436101659e+00
5.750565885197734595e+00
2.762738134532478185e+00
2.713625618982839605e+00
3.166057959039916714e+00
2.965852322689045195e+00
5.778495998095006136e+00
2.939416438683025046e+00
5.879070759907555122e+00
2.919687140773819412e+00
2.854791410944064189e+00
2.599990192289193480e+00
6.042111385931245415e+00
6.106423011878558071e+00
2.852870484266679885e+00
3.302488304294203036e+00
3.082322014326212667e+00
3.135893652533516374e+00
3.572177207250502473e+00
2.990221563697244900e+00
2.681326164419390423e+00
2.739787218015296233e+00
2.966635973623996225e+00
2.886616011872725984e+00
2.983631847262661285e+00
2.988412956738074833e+00
2.877514552526190261e+00
2.811459585339970424e+00
2.772581829270328591e+00
2.727245680168913555e+00
2.768114159495594695e+00
2.884326611186742717e+00
2.934057088742479724e+00
2.997453919579081916e+00
3.273106169985936287e+00
2.704863952216451928e+00
2.919664706777132857e+00
5.671993035961874874e+00
5.650849670624762844e+00
6.199221241414118566e+00
5.984012533409334367e+00
6.080185852422604675e+00
2.862497685588584417e+00
2.797314605116843378e+00
2.965130351266197284e+00
2.773717000705010705e+00
2.992867187163506859e+00
2.724790817659220377e+00
2.883271405886029370e+00
6.155103898391968364e+00
5.904505144379162296e+00
2.751705107746831303e+00
2.745756544196881865e+00
3.013877734746384984e+00
2.877353819049718986e+00
2.652573278912384147e+00
2.964724270484525359e+00
3.264510376764025779e+00
2.905402381770896714e+00
2.832861980400739554e+00
3.046843120346040656e+00
2.866369306282775309e+00
2.952670655525265087e+00
2.859169459825702919e+00
2.747094647077162222e+00
2.830456853583886989e+00
2.805330818281508876e+00
2.876253292045052312e+00
2.766582910378794224e+00
2.743154024111661204e+00
2.729288918381489459e+00
2.728208386469039848e+00
2.788028335580539974e+00
2.922961682951044082e+00
2.872816388145960076e+00
2.912188352425028270e+00
2.867995118545358046e+00
2.916733446854546052e+00
2.783622280410903649e+00
2.972354285747242919e+00
2.947638207107513786e+00
2.839726043124582322e+00
2.667237147311801948e+00
2.739561643767119303e+00
2.801791391235257223e+00
2.765697561195005427e+00
2.723033969674267585e+00
2.905117037229309584e+00
5.765958549972415526e+00
2.968203665518927892e+00
2.708789397498446938e+00
3.100201445067722883e+00
2.648280007854154405e+00
2.568045949744669265e+00
2.971442915487356284e+00
3.191056721526585260e+00
2.863798351839738743e+00
2.762369453928999796e+00
2.849249725805022670e+00
2.923880298507447240e+00
2.815018827645740629e+00
3.028326600616254360e+00
2.984568478021571991e+00
2.790203218405426178e+00
2.651449792094883406e+00
2.690475980193839156e+00
2.811607013791223242e+00
2.815071047060802023e+00
2.786772505964561830e+00
2.938262581867046475e+00
2.915437874488153280e+00
2.794391704825935907e+00
2.869790410465545172e+00
3.070786544193523149e+00
2.743413020308826500e+00
2.914606834549045011e+00
2.861167768586805771e+00
3.031676928698043394e+00
2.761928492919395239e+00
2.786063172291683543e+00
3.060354227863173016e+00
2.963867237242586494e+00
3.141488500695171826e+00
2.962061106729569016e+00
2.951085224116714922e+00
2.913867018242253248e+00
2.783785911308554795e+00
2.997219044380974307e+00
3.146321185130342091e+00
2.854933449311909843e+00
2.895710102893588989e+00
2.986825907213207731e+00
2.690934781818392629e+00
3.040540412492489963e+00
2.772897581952856960e+00
2.702961523958489654e+00
2.872098535914114237e+00
2.712690730621535096e+00
2.802247133997998851e+00
2.938911022810999363e+00
2.718491125606261605e+00
2.805130478248739401e+00
2.850224727981988782e+00
2.880350846685174382e+00
2.820864052023776658e+00
2.974791085101607724e+00
2.865137693026288179e+00
2.866033147051862073e+00
2.911886501909028979e+00
2.840562092262727045e+00
5.860332413779955729e+00
3.068169812771125216e+00
2.767284950994385540e+00
2.909009797164663791e+00
2.923417349609870097e+00
2.744277864940064759e+00
2.829693622991718893e+00
2.869686568250964243e+00
2.719297887323123053e+00
2.702037009369042675e+00
2.873224843272799145e+00
2.951823504208880955e+00
3.087812494307256461e+00
2.726164154998741207e+00
2.682400976737072007e+00
3.023947916218135301e+00
2.560131441938089392e+00
2.671873125730336973e+00
2.888441275151703458e+00
2.897225224244742492e+00
3.018642410090999650e+00
2.883338342962892931e+00
2.754194437580614441e+00
2.805082173484406027e+00
2.880288527213897165e+00
2.868329478982496461e+00
2.688179681494524242e+00
2.738491007836250102e+00
2.835663943417837007e+00
2.952859122951855042e+00
2.659857702960817694e+00
2.720000735294018313e+00
2.802793249599406344e+00
2.816119493203369295e+00
2.794917530089215507e+00
2.955681647268527890e+00
2.852258929340041327e+00
2.856106090466528968e+00
2.878096245784703022e+00
2.696368298285677589e+00
2.946610595243287278e+00
2.855178803507758989e+00
2.681284953152126338e+00
2.971346327845342028e+00
2.827913365009613766e+00
2.725102933835711561e+00
2.849626466749633380e+00
2.812380308564259135e+00
