-5.755998444130000280e+02
-5.816211034839999456e+02
-5.782792073690000052e+02
-5.927084236919999967e+02
-6.054578068089999761e+02
-6.031324539119999599e+02
-5.969228903819999914e+02
-5.954313108029999739e+02
-5.966595992850000130e+02
-5.849095567849999497e+02
-5.952643384179999657e+02
-5.843628902279999693e+02
-5.957405823939999436e+02
-5.980097973670000329e+02
-5.950003596870000138e+02
-5.962912937700000384e+02
-5.917321620190000431e+02
-5.893681881850000082e+02
-5.966825373049999826e+02
-5.893354465359999494e+02
-5.925266945690000284e+02
-5.906167347020000307e+02
-5.978879507450000119e+02
-5.962946791980000398e+02
-5.893394683149999764e+02
-6.030898078740000301e+02
-5.915217438549999542e+02
-5.884298503119999850e+02
-5.881670907870000065e+02
-5.905288383340000564e+02
-5.893161008160000165e+02
-5.808206185640000285e+02
-5.957475634510000191e+02
-5.909250829420000173e+02
-5.686257494889999862e+02
-5.901850207090000140e+02
-5.889439147870000397e+02
-5.852270456390000390e+02
-5.948999922279999737e+02
-5.790974154770000268e+02
-5.680333715089999487e+02
-5.882906852209999897e+02
-5.696952670900000157e+02
-5.931494646690000536e+02
-5.945149670329999481e+02
-5.858045189599999958e+02
-5.890256622040000138e+02
-5.725331975000000284e+02
-6.001764930489999870e+02
-5.984689279929999657e+02
-5.956537586790000205e+02
-5.976987556840000479e+02
-5.913994177009999476e+02
-5.896132798759999787e+02
-5.866961655789999668e+02
-5.818842644730000302e+02
-5.996957481910000070e+02
-5.769723536349999904e+02
-5.762036918630000173e+02
-5.917101328740000099e+02
-6.042679650459999721e+02
-6.033628986700000496e+02
-5.977600711269999465e+02
-5.921034997299999532e+02
-5.912874311140000145e+02
-5.918192049089999500e+02
-5.889140964429999485e+02
-5.918712095380000164e+02
-5.805520752899999479e+02
-5.959061822579999443e+02
-5.904954653900000494e+02
-5.791612301259999640e+02
-5.730376470639999980e+02
-5.952179994499999793e+02
-5.987912917050000488e+02
-5.978902813900000410e+02
-5.927287616410000055e+02
-5.840973043770000004e+02
-5.945137347849999969e+02
-5.824748982649999789e+02
-5.894201863800000183e+02
-5.888960278409999773e+02
-5.936867622500000152e+02
-5.825048135120000552e+02
-5.753444563299999572e+02
-5.894318778289999727e+02
-5.950579801259999613e+02
-5.957663728830000309e+02
-5.911801340250000294e+02
-5.925976259850000361e+02
-5.951843959520000453e+02
-6.006634900599999582e+02
-5.909653195920000144e+02
-5.967717169290000356e+02
-5.888144374779999453e+02
-6.004551913149999791e+02
-5.948041786349999711e+02
-5.850412076530000149e+02
-5.944120102389999829e+02
-5.914180136640000001e+02
-5.931874041999999463e+02
-5.994115323539999736e+02
-5.876932352860000037e+02
-5.914136068059999616e+02
-5.906470630589999473e+02
-5.872517550840000240e+02
-5.949324475720000009e+02
-6.014979968390000522e+02
-5.870981273429999874e+02
-5.863075992750000296e+02
-5.625028313730000491e+02
-5.921738214340000468e+02
-5.914165960039999845e+02
-5.989629359470000054e+02
-5.808928415479999785e+02
-5.807991680589999532e+02
-5.870347024279999459e+02
-5.939351997239999719e+02
-5.956415274859999727e+02
-5.933947738560000289e+02
-5.961183138879999888e+02
-5.938119192789999943e+02
-5.940713646010000275e+02
-5.939113788969999632e+02
-6.020175807570000188e+02
-5.929380766140000105e+02
-5.838948106630000439e+02
-6.013514479630000551e+02
-5.919128787900000361e+02
-6.031872664700000541e+02
-5.852721985059999952e+02
-5.927527308259999472e+02
-5.789165349249999508e+02
-5.815804277229999570e+02
-5.959072875409999597e+02
-5.935517217819999587e+02
-5.836260151389999464e+02
-5.970757091120000268e+02
-5.926444542159999855e+02
-5.870387974279999526e+02
-5.947112652770000523e+02
-5.890883486330000096e+02
-5.978591061959999706e+02
-5.991596066060000112e+02
-5.884869193120000546e+02
-5.842352338680000230e+02
-5.918393427790000487e+02
-5.940634560380000266e+02
-5.841629148460000351e+02
-5.834004578210000318e+02
-5.994586325779999925e+02
-5.821200866540000334e+02
-5.803111737399999583e+02
-5.907939775419999933e+02
-5.933825217730000077e+02
-5.939387015529999871e+02
-5.780696750979999479e+02
-5.935939526219999607e+02
-5.784492205440000134e+02
-5.708377067809999517e+02
-5.980700273459999607e+02
-5.983489807920000203e+02
-5.690273907629999712e+02
-5.839712858010000218e+02
-5.960808419510000249e+02
-5.867090292999999974e+02
-5.904263539869999704e+02
-5.998402832560000206e+02
-5.851305019879999918e+02
-6.052094167129999960e+02
-5.924228344269999980e+02
-5.927441698779999797e+02
-6.003634079390000124e+02
-5.942305000479999535e+02
-5.861888495499999863e+02
-5.822184423969999898e+02
-5.984644195979999495e+02
-5.929523909230000527e+02
-5.970717635449999534e+02
-5.944120157309999968e+02
-5.947159664060000068e+02
-5.938984089470000072e+02
-5.819489374429999771e+02
-5.760554509710000275e+02
-5.854130469279999716e+02
-5.808939473200000521e+02
-6.014193463679999923e+02
-5.931699473769999713e+02
-5.999528187639999715e+02
-5.896633095680000451e+02
-5.920558342340000308e+02
-5.998934440240000185e+02
-5.689316475079999691e+02
-5.996074688490000426e+02
-5.996363019679999979e+02
-5.820710723720000033e+02
-5.864338471690000461e+02
-5.752461969170000202e+02
-5.871340376030000243e+02
-5.856676470490000384e+02
-6.006557017830000405e+02
-6.022935631770000100e+02
-5.902048177819999637e+02
-5.893644669650000196e+02
-5.874005233540000290e+02
-5.664880932370000437e+02
-5.842111099070000364e+02
-5.959297825119999743e+02
-5.933678780980000056e+02
-5.923149296670000012e+02
-5.938847380539999676e+02
-5.761630333040000096e+02
-5.885323820930000238e+02
-6.009377640200000315e+02
-5.944382156369999848e+02
-5.897039698779999526e+02
-5.771653122180000537e+02
-5.973978044540000383e+02
-5.911012332220000189e+02
-5.867499129660000108e+02
-6.041541142060000311e+02
-5.847459227589999955e+02
-5.995917054709999547e+02
-5.868322377880000431e+02
-5.997980791490000456e+02
-5.881999216420000494e+02
-5.985226749529999779e+02
-5.946002382330000273e+02
-5.841980831179999996e+02
-5.848803215059999729e+02
-5.947199833509999962e+02
-6.027230576690000134e+02
-6.027972861749999538e+02
-5.845105268070000193e+02
-5.919028546470000265e+02
-6.027719351370000140e+02
-5.775268927570000415e+02
-5.974858406969999578e+02
-5.966807047930000181e+02
-5.770437232369999947e+02
-5.981460273110000117e+02
-5.951781832399999530e+02
-5.933161625489999551e+02
-5.933447637250000071e+02
-5.984074574579999535e+02
-5.894154964980000386e+02
-5.988372758110000404e+02
-5.854510061470000437e+02
-5.694777882949999821e+02
-5.801791082619999997e+02
-5.820573718010000448e+02
-6.038102272769999672e+02
-6.005997257239999954e+02
-5.878271213169999783e+02
-5.929960414329999594e+02
-5.969155741859999580e+02
-5.981218129220000037e+02
-5.993085997880000377e+02
-5.895584904180000194e+02
-6.011734250329999441e+02
-5.869505612189999511e+02
-5.895196633849999444e+02
-5.933619744879999871e+02
-6.017326548790000516e+02
-5.951541013309999926e+02
-6.012404251220000333e+02
-5.814321116459999530e+02
-5.892657663920000459e+02
-5.914161862470000415e+02
-5.895756744450000042e+02
-5.752599428949999947e+02
-5.919988580939999565e+02
-5.884160150080000449e+02
-6.009620868849999624e+02
-5.888618865140000480e+02
-5.966424005190000344e+02
-6.014310379620000049e+02
-5.987667389429999503e+02
-5.921205024949999824e+02
-5.862721050750000131e+02
-5.804313556649999555e+02
-5.904038058249999494e+02
-5.826061479259999487e+02
-5.889763672919999635e+02
-5.771089568239999608e+02
-5.684847786980000137e+02
-5.926735652730000083e+02
-6.043628897859999825e+02
-5.836150861620000114e+02
-5.966282077060000120e+02
-6.018594195050000053e+02
-5.996455886090000149e+02
-5.928765979690000449e+02
-5.980756788910000523e+02
-5.943060235719999582e+02
-6.026353094779999537e+02
-5.822389924440000186e+02
-5.982488584610000544e+02
-5.975754359329999943e+02
-5.858527656200000138e+02
-5.809503725820000000e+02
-5.950326218659999995e+02
-5.947636297320000267e+02
-5.929457149150000532e+02
-5.949648951719999559e+02
-5.930001443129999643e+02
-5.932992848779999804e+02
-5.863190635400000019e+02
-5.998166615119999960e+02
-5.892663401989999556e+02
-5.887001097070000242e+02
-5.845617951819999689e+02
-5.876810115460000361e+02
-5.922371797480000168e+02
-5.903568932970000560e+02
-5.873831120329999749e+02
-5.925912386429999970e+02
-5.895633203810000396e+02
-5.821030820969999695e+02
-5.762170124980000310e+02
-5.946360785010000427e+02
-5.848178924039999629e+02
-5.943449077379999608e+02
-5.940260333009999840e+02
-5.853100186970000323e+02
-5.828870037960000445e+02
-5.923438746609999725e+02
-5.897562216070000432e+02
-5.868050937230000272e+02
-5.932462306649999846e+02
-6.032624876050000466e+02
-6.053035951750000550e+02
-5.891882633239999905e+02
-5.989011557510000330e+02
-5.959498229570000376e+02
-5.930234782769999811e+02
-5.941002657510000518e+02
-5.748069062069999973e+02
-5.587758129149999604e+02
-5.821816523799999459e+02
-5.771751544759999888e+02
-5.868126156020000508e+02
-5.910623137920000545e+02
-5.766745616729999711e+02
-5.904833772900000213e+02
-5.951853031829999736e+02
-5.853649349739999934e+02
-5.971593226620000223e+02
-5.841864275489999727e+02
-5.979310783280000123e+02
-5.983161292739999908e+02
-6.029135598780000009e+02
-5.944823197150000169e+02
-5.953160210349999488e+02
-6.008208270809999476e+02
-5.982491352340000503e+02
-5.863323144109999703e+02
-5.823861212089999526e+02
-5.965825211280000531e+02
-5.998905208940000193e+02
-5.918586910469999793e+02
-5.927576463330000252e+02
-5.878125473540000030e+02
-6.044525484240000424e+02
-6.027051618890000100e+02
-5.931698876799999880e+02
-6.037454389409999749e+02
-5.952009833150000304e+02
-5.920617467069999975e+02
-6.000868025029999444e+02
-5.956669272020000108e+02
-5.843798919419999720e+02
-5.757307962580000549e+02
-5.942030218429999877e+02
-5.881195059479999827e+02
-5.986521710580000217e+02
-6.055336581090000436e+02
-5.869351693359999445e+02
-5.774173606919999884e+02
-5.995304946859999973e+02
-5.965363913239999647e+02
-5.879472393419999889e+02
-5.828187598089999710e+02
-5.953862572140000111e+02
-5.999938040270000101e+02
-5.958796890480000457e+02
-6.018117947709999953e+02
-6.036518086590000394e+02
-5.810721238749999884e+02
-6.009610825920000252e+02
-6.018145589849999624e+02
-6.005015818680000166e+02
-5.909638477620000003e+02
-6.015520392900000388e+02
-5.974467778209999551e+02
-5.964176388759999554e+02
-5.963975938679999445e+02
-6.036287354600000299e+02
-5.957789460349999899e+02
-5.896345855539999548e+02
-5.826057590340000161e+02
-5.822054196719999482e+02
-5.896993782299999793e+02
-5.948456709199999750e+02
-5.808398644950000289e+02
-5.725333630650000032e+02
-5.862066957380000076e+02
-5.984787564910000128e+02
-5.975231320599999663e+02
-5.986854736340000045e+02
-5.856447300119999682e+02
-5.988465457089999973e+02
-5.981203770769999437e+02
-5.892003342110000403e+02
-5.898379279240000415e+02
-5.857909325099999478e+02
-5.832758642000000009e+02
-5.841564427849999674e+02
-5.970207895920000283e+02
-6.021563560849999703e+02
-5.980480401290000145e+02
-5.918770183919999681e+02
-5.992479407109999556e+02
-5.906306989729999941e+02
-5.922227703459999475e+02
-5.932316915850000214e+02
-5.944646762669999589e+02
-5.973950235920000296e+02
-5.900062568260000262e+02
-6.007171175429999721e+02
-5.846462575680000100e+02
-5.777117062309999937e+02
-5.907106517869999607e+02
-6.015498351280000406e+02
-5.824218887739999673e+02
-5.843314578020000454e+02
-5.941362879759999487e+02
-6.042874407049999945e+02
-5.938885635939999474e+02
-5.984776613840000437e+02
-5.668954726120000487e+02
-5.907369145889999800e+02
-5.860886330729999827e+02
-5.788573684670000148e+02
-5.771427970779999441e+02
-5.897959022510000295e+02
-5.736984541189999618e+02
-5.975080536960000472e+02
-5.905399373400000513e+02
-5.936670168010000452e+02
-5.988039444209999829e+02
-5.892926543180000181e+02
-5.902465936260000490e+02
-6.024042158360000485e+02
-5.854489205459999539e+02
-5.817071585480000522e+02
-5.783312480969999569e+02
-5.889446325320000142e+02
-5.860063026850000369e+02
-5.940235655929999439e+02
-5.935414927540000463e+02
-6.021093031320000364e+02
-5.927135048689999621e+02
-5.929161251440000342e+02
-5.785709668709999960e+02
-5.932329656419999537e+02
-5.948140580750000481e+02
-5.916218883499999492e+02
-6.006442824340000470e+02
-5.733108206529999507e+02
-5.957417136110000229e+02
-5.837546734860000015e+02
-5.840632564920000505e+02
-5.903503093939999644e+02
-5.825869252630000119e+02
-5.936385549960000390e+02
-5.918903296189999992e+02
-6.029576216839999461e+02
-5.866400779770000327e+02
-5.740363923820000309e+02
-5.955509907179999800e+02
-6.009900349849999657e+02
-5.857458134590000327e+02
-6.006590338959999826e+02
-5.971681300669999928e+02
-5.815455781519999618e+02
-6.012796711710000181e+02
-5.989346025849999933e+02
-5.962518706360000351e+02
-5.946257368090000455e+02
-5.945691586020000159e+02
-5.896016479359999494e+02
-5.883648680569999669e+02
-5.945834581530000378e+02
-6.016160150069999872e+02
-5.975742314560000068e+02
-5.945257143009999936e+02
-5.863775971200000185e+02
-6.061297356600000512e+02
-6.011842502010000544e+02
-5.867275658170000270e+02
-6.016558057620000000e+02
-6.001870788749999974e+02
-5.820698302460000377e+02
-5.725304462359999889e+02
-5.865914844249999760e+02
-5.844348480459999564e+02
-5.783291465769999604e+02
-5.968314538380000158e+02
-5.881596024220000345e+02
-5.902334942700000511e+02
-5.856254774599999564e+02
-5.899207004060000372e+02
-5.920532155780000494e+02
-5.881504688600000463e+02
-5.862658249510000132e+02
-5.970562201230000028e+02
-5.780850802310000063e+02
-5.772538054509999483e+02
-5.985372894229999474e+02
-5.562803989669999964e+02
-5.961453754240000080e+02
-5.926623759860000291e+02
-5.844829075869999997e+02
-5.959819907050000438e+02
-5.893201157940000030e+02
-5.901513005350000185e+02
-5.911977659399999538e+02
-5.781143116539999482e+02
-5.887166411949999656e+02
-5.849411350379999703e+02
-5.807772800579999739e+02
-5.927506135370000493e+02
-5.875923303079999869e+02
-5.953804361390000395e+02
-5.980536385679999967e+02
-5.937227280419999715e+02
-5.944581096690000095e+02
-5.923204355860000305e+02
-5.895598019799999747e+02
-5.902698320240000385e+02
-5.985488495690000263e+02
-5.932298385950000466e+02
-5.889821487939999543e+02
-5.998567032769999514e+02
-6.037934054959999912e+02
-5.939497890630000256e+02
-5.952422633170000381e+02
-5.951288063990000410e+02
-5.914042560679999951e+02
-5.747448211509999965e+02
-6.019023608610000338e+02
-6.018543476859999828e+02
-6.014748530639999444e+02
-5.750616247479999856e+02
-5.969526566140000341e+02
-5.919454460550000476e+02
-5.877079758119999724e+02
-6.002266541090000374e+02
-5.849346610669999791e+02
-5.768484798040000214e+02
-6.012345070210000131e+02
-5.829910612879999690e+02
-5.880031240859999571e+02
-5.950336528770000086e+02
-5.948366035179999471e+02
-5.597891538579999633e+02
-5.880751212730000361e+02
-5.930333103870000286e+02
-5.904081268899999486e+02
-5.857533589800000300e+02
-5.996029665060000298e+02
-5.904889145099999723e+02
-5.943616735499999777e+02
-5.999474046010000166e+02
-5.952767040280000401e+02
-5.993111654089999547e+02
-5.949630518220000113e+02
-5.942362368770000103e+02
-6.038022208349999573e+02
-5.991682701309999857e+02
-5.868755671720000464e+02
-5.812600698239999701e+02
-5.778553192230000377e+02
-5.949798412100000178e+02
-5.852904117570000153e+02
-6.025189646060000541e+02
-5.942413789140000517e+02
-5.948210168790000125e+02
-5.828299476549999554e+02
-5.841686090570000260e+02
-5.755942654049999874e+02
-5.844533051629999818e+02
-5.759894575429999577e+02
-5.769133951009999919e+02
-5.724441487560000041e+02
-5.763355838339999764e+02
-5.754569889020000346e+02
-5.756080584649999992e+02
-5.968966770380000071e+02
-5.854707514069999661e+02
-5.850674526269999660e+02
-6.022684708739999451e+02
-5.681489119079999455e+02
-5.960419493590000002e+02
-5.927072423199999776e+02
-6.026251938289999543e+02
-6.013100799060000554e+02
-5.984004338559999496e+02
-5.983808164499999975e+02
-5.992227669300000343e+02
-5.936535886880000135e+02
-6.017289271820000067e+02
-5.826127678560000049e+02
-5.875544511030000194e+02
-5.958287272649999977e+02
-5.965767804340000566e+02
-5.984804128570000330e+02
-5.991488353580000421e+02
-5.928308295430000499e+02
-5.936653019110000287e+02
-5.898387138819999791e+02
-5.828788590599999679e+02
-5.953541035790000251e+02
-5.856682316689999652e+02
-5.917598452160000306e+02
-5.994837649229999670e+02
-5.761997406210000463e+02
-5.875036778109999887e+02
-5.817060460110000122e+02
-5.906510960399999703e+02
-5.819000181500000508e+02
-5.905372497399999929e+02
-5.976089277429999811e+02
-5.853368951869999819e+02
-5.903250690979999717e+02
-5.932032927980000068e+02
-5.823699857809999685e+02
-5.712121351240000422e+02
-5.960637390650000498e+02
-5.970088586360000136e+02
-5.983964719309999509e+02
-5.842470923219999577e+02
-5.694254859830000441e+02
-5.956015006220000032e+02
-5.969208127040000136e+02
-5.902347040500000048e+02
-5.919879717479999499e+02
-5.906574911479999628e+02
-5.972397712739999633e+02
-5.993425667430000203e+02
-6.021332137749999447e+02
-6.053996178390000296e+02
-5.809225863589999790e+02
-5.948753863409999667e+02
-5.880568669089999503e+02
-5.854958744939999633e+02
-5.990809019490000082e+02
-5.821475265310000395e+02
-5.875647676910000428e+02
-6.014770762829999740e+02
-5.782168673050000507e+02
-5.954225158870000314e+02
-5.856871848490000048e+02
-5.753410720639999454e+02
-5.863461433979999811e+02
-5.958910455249999814e+02
-6.051275581380000403e+02
-5.969651374469999610e+02
-6.014571113729999752e+02
-6.009094823729999462e+02
-5.912632959259999552e+02
-5.816963720649999914e+02
-5.959668669430000136e+02
-5.783290395059999582e+02
-5.737020012330000327e+02
-5.897098576670000512e+02
-5.998765190149999853e+02
-5.928221636260000196e+02
-5.685322696590000078e+02
-5.926534703080000099e+02
-5.969967593530000158e+02
-5.941820283299999801e+02
-5.990532283159999452e+02
-5.945381830060000539e+02
-5.881167306160000408e+02
-5.608638551320000261e+02
-5.909410251159999916e+02
-5.992505908179999778e+02
-5.955619984270000487e+02
-5.960581077580000056e+02
-5.954078631580000547e+02
-5.994671204539999962e+02
-5.869681615440000542e+02
-5.946826810539999997e+02
-5.774160540530000389e+02
-5.912913903160000473e+02
-5.751519647620000342e+02
-5.710043440120000469e+02
-5.809541856189999862e+02
-5.858876740279999922e+02
-5.882835014480000382e+02
-5.683192017589999523e+02
-6.044527440350000234e+02
-5.880979525149999745e+02
-5.793329925519999506e+02
-5.811569758330000468e+02
-5.916764092810000193e+02
-5.902104706329999999e+02
-5.906026847959999486e+02
-5.919471172840000008e+02
-5.889637418459999481e+02
-5.932213067879999926e+02
-5.958230165820000366e+02
-5.788047961710000209e+02
-5.933144953089999944e+02
-5.920969705559999738e+02
-5.883649743820000140e+02
-6.027080432080000492e+02
-5.832886102559999699e+02
-5.869415746019999460e+02
-5.748503958459999694e+02
-6.016462442800000190e+02
-6.001910875580000493e+02
-5.907763318180000169e+02
-5.921791553120000344e+02
-5.980723785830000452e+02
-6.024714824740000267e+02
-5.919029402610000261e+02
-5.866591123919999973e+02
-5.957501607750000403e+02
-6.016937693869999748e+02
-5.940889471589999857e+02
-6.000245594199999459e+02
-6.053516629340000463e+02
-5.907139105429999972e+02
-5.896792696689999502e+02
-6.007728121249999731e+02
-5.916502885879999667e+02
-5.870676990550000482e+02
-5.866609003099999882e+02
-5.965098640510000223e+02
-5.963237815659999796e+02
-6.012242051709999942e+02
-6.007622714200000473e+02
-6.036152677190000304e+02
-5.919910247630000413e+02
-5.948552171300000282e+02
-5.861793331400000397e+02
-5.801772944250000137e+02
-5.943783512930000370e+02
-5.810471393640000315e+02
-5.712213118969999641e+02
-5.947918658170000299e+02
-6.000220578629999864e+02
-5.880627461230000108e+02
-5.953317380710000180e+02
-5.874892403520000244e+02
-5.960685805000000528e+02
-5.929173564980000037e+02
-5.717473948040000096e+02
-5.803819482630000266e+02
-5.928517994999999701e+02
-6.018586718520000431e+02
-5.700802315299999918e+02
-5.953531064539999988e+02
-5.984105559399999947e+02
-5.985741138769999452e+02
-5.866540595049999638e+02
-5.856497008909999522e+02
-5.781050124880000567e+02
-5.985500474579999945e+02
-5.976207369380000500e+02
-5.814277617980000059e+02
-5.907439854980000291e+02
-5.945413200719999622e+02
-5.850933727450000106e+02
-5.888789672609999570e+02
-5.823922640009999441e+02
-5.881136169979999977e+02
-5.828758064449999665e+02
-5.789771811099999468e+02
-5.987555101560000139e+02
-5.765420315600000549e+02
-6.044603204190000270e+02
-5.959928566539999792e+02
-5.933414571490000071e+02
-6.005602485719999777e+02
-5.921767731569999569e+02
-5.880619624170000179e+02
-5.848576245640000479e+02
-6.009263836540000057e+02
-5.990869375920000266e+02
-5.966666053860000147e+02
-5.965189187219999667e+02
-5.934069885049999584e+02
-5.945873110439999891e+02
-5.948772639349999736e+02
-5.866615626359999851e+02
-5.850428110300000526e+02
-5.946202301499999976e+02
-5.940876382930000545e+02
-5.939654081410000117e+02
-5.830062361809999629e+02
-5.919024129870000479e+02
-5.956335427679999839e+02
-5.874829007710000042e+02
-5.839247285080000438e+02
-5.809099940439999727e+02
-6.029143008859999782e+02
-5.902008522319999884e+02
-5.909289416149999852e+02
-5.950562995179999461e+02
-5.886269633809999959e+02
-5.837964236919999621e+02
-5.887719222709999940e+02
-5.966899217330000056e+02
-5.954336503030000358e+02
-5.936786318509999774e+02
-6.051079428799999960e+02
-5.980911505990000023e+02
-6.047506616220000524e+02
-5.913161131739999519e+02
-5.811030178080000042e+02
-5.932558826319999525e+02
-5.899009489850000136e+02
-6.003395131140000558e+02
-5.772558443870000247e+02
-5.934679343359999848e+02
-6.020736151659999678e+02
-5.831343387379999967e+02
-5.758735646489999453e+02
-5.849278523059999770e+02
-5.934178344650000554e+02
-5.954075203639999927e+02
-5.781698129650000055e+02
-5.796839652610000257e+02
-5.972470949720000135e+02
-6.002216752450000286e+02
-5.967105972010000414e+02
-5.900152557650000062e+02
-5.969861118759999954e+02
-5.895413397150000492e+02
-5.944615721220000069e+02
-5.928144806669999980e+02
-5.990243087210000112e+02
-5.806597050200000467e+02
-5.966698516740000287e+02
-5.996008693589999439e+02
-5.989640818520000494e+02
-5.885659493240000302e+02
-5.799741632909999680e+02
-5.789357847259999517e+02
-5.976341545840000435e+02
-5.872747090389999585e+02
-5.965531153079999740e+02
-5.909027146119999543e+02
-6.021844934660000490e+02
-5.884150587939999468e+02
-5.916226359659999616e+02
-5.850423371929999803e+02
-5.944799937310000360e+02
-6.049559044190000350e+02
-5.972912187650000533e+02
-5.765123310400000491e+02
-5.864536824739999474e+02
-5.966673734040000454e+02
-5.792443330290000176e+02
-6.026207764709999992e+02
-5.874582733590000316e+02
-5.930474655650000386e+02
-5.939498653470000136e+02
-5.830219553829999768e+02
-5.864661190179999721e+02
-5.927098979920000374e+02
-5.970919397689999641e+02
-6.017055894650000027e+02
-5.924455093840000472e+02
-5.911674338980000130e+02
-5.974651772350000556e+02
-5.954188806849999764e+02
-5.934765816100000393e+02
-5.981543337479999991e+02
-5.991931618549999712e+02
-5.800032690230000298e+02
-5.710379221240000334e+02
-5.916054737810000006e+02
-5.937204801689999840e+02
-5.727872884290000002e+02
-6.037065187870000500e+02
-6.009637647319999587e+02
-6.063756728560000511e+02
-6.027693246730000283e+02
-5.951900084310000238e+02
-5.923485061830000404e+02
-5.834739816180000389e+02
-5.856047884500000009e+02
-5.988542804449999721e+02
-6.011610071559999824e+02
-5.872444698279999784e+02
-6.014675693310000497e+02
-6.042678746809999666e+02
-5.898835274809999873e+02
-5.739248192799999515e+02
-5.724246622599999910e+02
-5.995011370119999583e+02
-5.887229839020000099e+02
-6.005026755479999565e+02
-6.021032322539999768e+02
-5.942756407130000298e+02
-5.902872861880000528e+02
-5.949171486520000371e+02
-5.967888193459999684e+02
-5.861041159320000133e+02
-5.817131853350000483e+02
-5.865241964750000534e+02
-5.822178715960000090e+02
-5.937445586439999943e+02
-5.818935203690000435e+02
-5.969300941919999559e+02
-5.947851855799999612e+02
-5.769502882799999952e+02
-5.960673457799999824e+02
-6.012710713960000248e+02
-5.849789337910000313e+02
-5.689542011500000172e+02
-5.958015189169999530e+02
-5.957343166220000512e+02
-5.888864992970000003e+02
-5.940400584129999970e+02
-5.982002294369999618e+02
-6.020372441450000451e+02
-5.940421319270000140e+02
-5.802390534149999439e+02
-5.853258222069999874e+02
-5.857707923670000127e+02
-5.791924880840000469e+02
-5.963358987560000060e+02
-5.934383501649999744e+02
-5.975135974769999621e+02
-5.825477456950000033e+02
-6.020473751929999935e+02
-6.003431906250000338e+02
-5.911187558770000123e+02
-5.995340337159999535e+02
-5.985441002300000264e+02
-5.994137204769999698e+02
-5.926659925010000052e+02
-5.847411029310000004e+02
-5.966936659310000550e+02
-6.008686967129999630e+02
-6.041392510399999765e+02
-5.997293085539999993e+02
-5.989141157029999931e+02
-5.881965639280000460e+02
-5.901500720230000070e+02
-5.932057059479999452e+02
-6.006397594689999551e+02
-6.042251650360000212e+02
-5.961083083459999443e+02
-5.883207443320000039e+02
-5.922299243510000224e+02
-5.810903321690000212e+02
-5.967114378060000490e+02
-5.802125346420000369e+02
-5.878702433769999516e+02
-5.939369324680000091e+02
-5.891601992900000369e+02
-5.874762015979999887e+02
-5.841195199000000002e+02
-5.932586489909999727e+02
-5.935954054170000518e+02
-5.937911891530000048e+02
-5.987754134289999683e+02
-5.979570975420000423e+02
-5.992920666850000089e+02
-5.856229586590000054e+02
-5.978810898340000222e+02
-5.635212871779999659e+02
-5.887601151479999544e+02
-5.938933408670000063e+02
-6.039228439109999726e+02
-5.862083860190000451e+02
-5.917746682470000223e+02
-5.842571018569999524e+02
-5.904847308299999895e+02
-5.951147627550000152e+02
-5.885753538159999607e+02
-6.040751737010000397e+02
-5.918362523819999979e+02
-5.923220774010000014e+02
-6.010211535419999791e+02
-5.945286316550000265e+02
-5.898392206199999919e+02
-5.910938904800000273e+02
-5.752625328829999489e+02
-5.967563358559999642e+02
-5.862105129669999997e+02
-5.736366834359999984e+02
-6.001821638449999909e+02
-5.784618473680000079e+02
-6.020482861089999460e+02
-5.951935234269999455e+02
-5.889799031530000093e+02
-5.991594946840000375e+02
-6.022624368570000115e+02
-5.876053105559999494e+02
-5.979091676450000250e+02
-6.019428413020000335e+02
-5.976763221329999851e+02
-5.878868135740000298e+02
-5.845951168860000280e+02
-6.002033300670000244e+02
-5.849460985289999826e+02
-5.893948997830000280e+02
-5.955237823759999856e+02
-5.951907301989999723e+02
-5.957346891749999713e+02
-5.995431300369999690e+02
-5.773122958180000523e+02
-5.926177218159999711e+02
-5.810183843339999612e+02
-5.857751418950000470e+02
-5.788897693249999747e+02
-5.884013302299999850e+02
-5.892322788950000358e+02
-5.840501981170000363e+02
-5.808055450639999435e+02
-5.853746398409999756e+02
-5.935719566850000319e+02
-5.924983394629999793e+02
-5.970497689940000328e+02
-5.988590431579999631e+02
-6.011367656190000162e+02
-5.953865207679999685e+02
-5.882341338310000083e+02
-5.936386521389999871e+02
-5.930957251590000396e+02
-5.891833197219999647e+02
-5.918199107619999495e+02
-5.816442279100000405e+02
-5.948109395730000415e+02
-5.934163109280000299e+02
-5.898390440739999576e+02
-5.891493473530000529e+02
-5.936729698460000009e+02
-5.996191579100000126e+02
-5.975960085709999703e+02
-5.940682538439999689e+02
-5.931324084230000153e+02
-5.860750096560000202e+02
-5.965944103350000205e+02
-5.766427457400000094e+02
-5.981780750540000327e+02
-5.979450440110000500e+02
-5.931234096370000088e+02
-5.673218859339999653e+02
-5.963769606939999903e+02
-5.990546479769999451e+02
-5.955184469429999581e+02
-5.988018729049999820e+02
-5.950715220549999458e+02
-5.882690565340000148e+02
-5.951554529620000267e+02
-5.963866402239999616e+02
-5.921579480980000199e+02
-5.839956795560000273e+02
-5.786261156670000219e+02
-5.972902792029999546e+02
-5.970351795200000424e+02
-5.705964971680000417e+02
-5.839439607489999844e+02
-6.019918649480000568e+02
-5.886637211910000360e+02
-6.036070449789999657e+02
-5.917543673579999677e+02
-6.000298759700000346e+02
-5.991933051060000253e+02
-5.915606407510000508e+02
-5.963699043049999773e+02
-5.977345757089999552e+02
-5.932840465570000106e+02
-5.909361622210000178e+02
-5.846671111629999587e+02
-6.067352296440000146e+02
-5.952057500429999664e+02
-5.940629530429999932e+02
-5.935964031900000464e+02
-5.923672053410000444e+02
-5.966212035820000210e+02
-5.978475372340000149e+02
-5.810242077460000019e+02
-5.842598890240000173e+02
-5.984083130929999470e+02
-5.847420406239999693e+02
-5.796054887129999997e+02
-5.826341669009999578e+02
-5.959387001940000346e+02
-5.985719862490000196e+02
-5.745266144480000321e+02
-6.008840121729999737e+02
-5.965139108969999597e+02
-5.811210739670000294e+02
-5.901537082290000171e+02
-5.872713492609999548e+02
-5.989376817270000402e+02
-5.937714655180000136e+02
-5.890990205169999854e+02
-5.904436177190000308e+02
-6.001792553999999882e+02
-5.882060844809999480e+02
-5.990999037310000404e+02
-5.985814816130000509e+02
-5.947961298269999588e+02
