-5.827623552049999489e+02
-5.794824444170000106e+02
-5.875620110180000211e+02
-5.974016697929999964e+02
-6.034038907860000336e+02
-5.938180474920000051e+02
-5.930204923830000325e+02
-5.980312073410000266e+02
-5.947559791239999640e+02
-6.036528851320000513e+02
-5.938641317010000193e+02
-5.990218647079999528e+02
-5.972353536220000478e+02
-5.871617644369999880e+02
-5.923102273700000069e+02
-5.877630314240000189e+02
-5.820434988219999468e+02
-5.850508691029999682e+02
-5.902855925769999885e+02
-5.975380512330000329e+02
-5.970074025090000305e+02
-5.918281476639999710e+02
-5.931798470239999688e+02
-5.985978587600000083e+02
-5.992769485349999741e+02
-5.839982025839999551e+02
-5.868815585239999564e+02
-5.996090652320000345e+02
-6.032098292209999499e+02
-5.929419375070000342e+02
-5.977583147169999620e+02
-5.895311275630000409e+02
-5.877910993220000364e+02
-5.939371001099999603e+02
-5.911771234159999722e+02
-5.940843129119999730e+02
-6.045482714879999548e+02
-5.944656248139999661e+02
-5.936156209150000223e+02
-5.916355221889999711e+02
-5.933770512830000143e+02
-5.920313050360000489e+02
-5.969772680490000312e+02
-5.914639939090000098e+02
-5.769583709209999824e+02
-5.830925650090000545e+02
-5.869236839249999775e+02
-5.909303003310000122e+02
-5.916379502749999801e+02
-5.857056495870000390e+02
-5.938100506529999620e+02
-5.838814612480000505e+02
-5.861865203150000525e+02
-5.939185880449999786e+02
-6.029985437860000275e+02
-5.930967648460000419e+02
-5.792070891600000095e+02
-5.910835193379999737e+02
-6.035857121430000234e+02
-5.855450522239999600e+02
-5.976845808960000568e+02
-5.941279565710000270e+02
-5.990825966930000277e+02
-5.956324972329999810e+02
-5.921265622429999667e+02
-5.941839933869999868e+02
-5.979649074070000552e+02
-5.918392140229999541e+02
-5.940434607700000242e+02
-5.810220948429999908e+02
-5.864558930969999437e+02
-5.951010768989999633e+02
-5.919158862430000454e+02
-5.902534543640000493e+02
-5.964820409279999467e+02
-6.034889623719999463e+02
-5.860989074130000063e+02
-5.938428400389999524e+02
-5.904111275889999888e+02
-6.001145593060000465e+02
-5.899200971660000050e+02
-5.977947992639999484e+02
-5.979116660390000106e+02
-5.885603334940000195e+02
-5.964924254940000310e+02
-5.965507918839999775e+02
-5.799628865339999493e+02
-5.769219418520000318e+02
-5.940820804429999953e+02
-5.915731531120000000e+02
-5.953267272309999498e+02
-5.902238561039999922e+02
-5.910821963439999536e+02
-5.849465882289999854e+02
-6.013769698400000152e+02
-5.938546847200000229e+02
-5.936869234419999657e+02
-5.979153152119999959e+02
-5.914715394769999648e+02
-5.951811390929999561e+02
-5.942413750020000407e+02
-5.994112539389999483e+02
-5.868358249350000051e+02
-5.975366987469999458e+02
-5.830802984299999707e+02
-5.963896702580000238e+02
-5.865019740620000448e+02
-5.921906606569999667e+02
-5.819911675580000292e+02
-5.902451496319999933e+02
-5.992003751890000558e+02
-5.981027713629999880e+02
-6.016100358579999465e+02
-5.974916530159999866e+02
-5.855972820289999845e+02
-5.923106215779999957e+02
-6.013673031839999794e+02
-6.014846182549999867e+02
-6.034921876399999974e+02
-5.821198572619999823e+02
-5.861869553650000171e+02
-5.884627574490000370e+02
-5.868252594030000182e+02
-5.984490968640000119e+02
-5.758225835260000167e+02
-5.917784929160000047e+02
-5.675668948180000370e+02
-5.942366797500000075e+02
-5.910362092259999827e+02
-6.003523656739999979e+02
-5.973758431109999947e+02
-5.919869638750000149e+02
-5.919633284450000019e+02
-5.852022773449999704e+02
-5.942827209600000060e+02
-5.911412036289999605e+02
-5.959565735539999878e+02
-5.939790053990000160e+02
-5.998753711599999860e+02
-5.910437004990000105e+02
-6.004597804119999864e+02
-5.997518371270000443e+02
-5.926314140570000291e+02
-5.958629072259999475e+02
-5.879433342910000420e+02
-5.979976939179999817e+02
-5.993722467369999549e+02
-5.941845293999999740e+02
-5.866915643429999818e+02
-6.022924732000000176e+02
-5.949506448769999452e+02
-5.780551220549999698e+02
-5.597480936240000347e+02
-5.807150014249999685e+02
-5.807394125219999523e+02
-5.917537531799999897e+02
-5.838283059410000533e+02
-5.944428642709999622e+02
-5.717811363350000420e+02
-5.698887817739999946e+02
-5.940934506730000066e+02
-5.936608841070000153e+02
-5.987800558630000296e+02
-5.853732903290000422e+02
-5.943452564660000235e+02
-5.940914844139999786e+02
-5.937954145960000005e+02
-5.863580086680000250e+02
-5.783289594899999884e+02
-5.916031674549999479e+02
-5.774352822780000452e+02
-5.961711205829999471e+02
-5.858019824890000109e+02
-6.006070438629999444e+02
-5.986258713260000377e+02
-5.807051025309999659e+02
-5.965566007219999847e+02
-5.835240803550000237e+02
-5.859509711330000528e+02
-5.978743409999999585e+02
-6.013069466109999439e+02
-5.971647498319999841e+02
-5.948756503649999559e+02
-6.021875292140000511e+02
-5.917173132890000034e+02
-5.890712497519999715e+02
-5.893475268670000560e+02
-5.985873376480000161e+02
-5.956860379129999501e+02
-5.876453682520000257e+02
-5.879176218679999693e+02
-5.868868592620000300e+02
-5.923693529360000412e+02
-6.034964737389999527e+02
-6.007535896939999702e+02
-5.909295266320000337e+02
-5.918498522959999946e+02
-5.861223740440000256e+02
-5.943800498209999432e+02
-5.875613933490000136e+02
-5.997119569550000051e+02
-5.875570262789999560e+02
-6.000480069620000450e+02
-5.995206093179999698e+02
-5.916806270450000511e+02
-5.927008839620000344e+02
-5.919215462350000507e+02
-6.002970821239999850e+02
-5.801784407650000048e+02
-5.832232203889999482e+02
-5.933075006669999993e+02
-5.983230214980000028e+02
-5.882327675190000491e+02
-5.943716372479999563e+02
-5.921401025689999642e+02
-5.882322443650000423e+02
-5.862334060020000379e+02
-5.941440094160000172e+02
-5.840515680439999642e+02
-5.877904533350000520e+02
-5.876703477380000322e+02
-5.697226993540000421e+02
-5.957929290040000296e+02
-5.930102894350000042e+02
-5.949807749719999492e+02
-5.977176453309999715e+02
-5.856788155299999517e+02
-5.969882471939999959e+02
-5.890778776099999732e+02
-6.034902904120000358e+02
-5.933661673829999472e+02
-5.961419401560000324e+02
-5.900009859939999615e+02
-5.880210364979999440e+02
-5.945128094320000400e+02
-5.718699291489999723e+02
-5.879222821060000115e+02
-6.001719401799999787e+02
-5.952554918419999694e+02
-5.946455159600000115e+02
-5.953874714979999681e+02
-5.909727619530000311e+02
-6.000822784810000030e+02
-5.806494446990000142e+02
-5.960093933919999927e+02
-5.922929968659999531e+02
-5.905653340960000151e+02
-5.939678532760000280e+02
-5.927438882750000175e+02
-5.920347204089999877e+02
-5.792823737100000017e+02
-5.922462720439999657e+02
-5.892066006300000254e+02
-5.851092891209999607e+02
-5.933267437949999703e+02
-6.010035052440000527e+02
-5.868028909350000504e+02
-5.976001367860000073e+02
-6.008509336759999542e+02
-5.702175341500000059e+02
-5.989143416900000148e+02
-6.010255289259999927e+02
-5.941628776559999778e+02
-5.854780947250000054e+02
-6.002724240539999983e+02
-5.995476378900000327e+02
-5.843635676510000394e+02
-5.857302404219999516e+02
-5.889699658060000047e+02
-5.982190777670000443e+02
-5.931087073889999601e+02
-6.016752454410000155e+02
-5.980973087480000459e+02
-5.983096159250000028e+02
-5.891140197470000430e+02
-5.750446759860000157e+02
-5.758005868359999795e+02
-5.831632743630000277e+02
-5.939903900040000053e+02
-5.896844985530000258e+02
-5.990406051579999485e+02
-5.972518296490000012e+02
-6.013757845410000300e+02
-5.991852962780000098e+02
-6.009813511869999729e+02
-5.772135968920000550e+02
-5.792863211740000224e+02
-5.837502659709999762e+02
-5.975469630259999576e+02
-5.916355958730000566e+02
-5.992585475990000532e+02
-5.876444255720000456e+02
-6.008665945239999928e+02
-5.901603221609999537e+02
-5.937058862750000117e+02
-6.032274961570000187e+02
-5.947146707050000032e+02
-6.028153352279999808e+02
-5.876587641720000192e+02
-5.930628755369999681e+02
-5.942622720550000395e+02
-5.914069753879999780e+02
-5.858802352010000050e+02
-5.978945972489999576e+02
-5.962144839699999466e+02
-5.933302868929999931e+02
-5.897905195450000519e+02
-5.921465046880000500e+02
-5.798763818529999980e+02
-5.859370348850000028e+02
-5.931210166250000384e+02
-5.822253908159999582e+02
-5.950664007469999888e+02
-5.976705122130000518e+02
-5.936690560020000476e+02
-6.022484219949999442e+02
-5.791938268420000213e+02
-5.998522075890000451e+02
-6.018263914330000262e+02
-5.899100525290000405e+02
-6.016383236670000088e+02
-5.830397848449999856e+02
-5.996822638539999843e+02
-5.774469949849999466e+02
-5.840929476369999520e+02
-5.889521910769999522e+02
-5.936337889689999656e+02
-5.991979932619999545e+02
-6.004054481099999521e+02
-6.056889085640000303e+02
-5.853330689199999597e+02
-5.923735211199999640e+02
-5.973674942610000471e+02
-5.961240123269999458e+02
-6.008722513239999898e+02
-6.038407214950000252e+02
-5.931154607710000164e+02
-5.968232033430000456e+02
-5.987986853630000041e+02
-5.830233601139999564e+02
-5.934826393580000286e+02
-5.995787694189999684e+02
-5.901672682670000540e+02
-6.017289251089999880e+02
-5.963150056130000394e+02
-6.008175756580000098e+02
-5.911055547329999627e+02
-5.908081807160000380e+02
-5.775416066169999567e+02
-5.912093644569999924e+02
-5.888030395130000443e+02
-5.697768269340000415e+02
-5.878182106550000299e+02
-5.883504781630000480e+02
-5.825978793000000451e+02
-5.982843053489999647e+02
-5.990927057500000501e+02
-5.747223956039999848e+02
-5.961149901920000502e+02
-5.949702018230000249e+02
-5.951629310660000556e+02
-5.885290895849999515e+02
-5.840853875440000138e+02
-5.809229163530000051e+02
-5.934424416079999673e+02
-5.858839940139999953e+02
-5.971145614959999648e+02
-5.743150961999999708e+02
-6.019418892149999465e+02
-5.999854754149999962e+02
-5.890897549940000317e+02
-5.890669590869999865e+02
-5.866577879029999849e+02
-5.926740018250000048e+02
-5.929422556350000377e+02
-5.979938185070000145e+02
-5.932987455319999981e+02
-5.970022436230000267e+02
-5.883000978210000085e+02
-5.938107925829999658e+02
-5.897138174819999676e+02
-6.004175551920000089e+02
-6.001213291179999487e+02
-5.889719886020000104e+02
-5.975690712150000081e+02
-5.903547275790000413e+02
-5.942075293220000276e+02
-5.885868384719999540e+02
-5.870785464199999524e+02
-6.001133176030000413e+02
-5.901092195710000397e+02
-6.042056183869999586e+02
-5.961229268460000412e+02
-5.921966087370000196e+02
-5.926525578189999806e+02
-5.958642683150000039e+02
-5.988679504200000565e+02
-6.006343431169999576e+02
-6.008792248859999745e+02
-5.999180621960000508e+02
-5.998924502009999742e+02
-6.038906439710000313e+02
-5.973301573930000359e+02
-5.976927528850000044e+02
-5.942935804420000068e+02
-5.924777113999999756e+02
-5.997160954199999878e+02
-5.936002352839999503e+02
-5.901799766410000530e+02
-6.015329594029999498e+02
-6.022879297050000105e+02
-5.922606788489999872e+02
-5.897843657629999825e+02
-5.828716802269999562e+02
-5.940141585520000262e+02
-5.939344688160000487e+02
-6.037255412319999550e+02
-5.934684649189999845e+02
-5.940159727579999753e+02
-5.914044619049999483e+02
-5.797330724519999876e+02
-5.999502789089999624e+02
-6.008052598689999968e+02
-6.016729456199999504e+02
-5.880878169259999595e+02
-5.849603438799999822e+02
-5.909148258660000010e+02
-5.976638034119999929e+02
-5.951690187689999902e+02
-5.887596689040000228e+02
-5.954077419660000032e+02
-5.963403040900000178e+02
-5.944243466840000565e+02
-5.994698088530000177e+02
-5.904677729359999603e+02
-5.632301787730000342e+02
-5.964807925019999857e+02
-5.747223012199999630e+02
-5.918768784999999752e+02
-6.027265089859999989e+02
-5.914551684919999843e+02
-5.948987289520000559e+02
-5.870704548920000434e+02
-5.911276817899999969e+02
-6.018959624719999510e+02
-5.836432345480000095e+02
-5.922335683420000123e+02
-5.843611744759999738e+02
-5.932761385170000494e+02
-6.003272684869999694e+02
-5.794068916310000077e+02
-6.063025585249999949e+02
-6.045068047129999513e+02
-5.927709909579999703e+02
-5.963566402520000338e+02
-5.919879091540000218e+02
-5.852896234119999690e+02
-6.036535408669999470e+02
-5.834995496709999543e+02
-5.907837524829999438e+02
-5.931241687799999909e+02
-5.755363772179999842e+02
-5.874602720789999921e+02
-5.869264686599999550e+02
-5.962092456110000285e+02
-5.985162204079999810e+02
-6.006747717130000410e+02
-5.940965114959999482e+02
-5.895740890050000189e+02
-6.043423767010000347e+02
-5.922827903329999799e+02
-5.985031219019999753e+02
-6.006854547699999785e+02
-6.011790878739999471e+02
-5.945689215380000405e+02
-5.834276992129999826e+02
-5.949033416700000316e+02
-5.855083714419999978e+02
-5.911215737039999567e+02
-5.890915829309999481e+02
-5.941990281990000540e+02
-5.972606964750000316e+02
-5.916374805599999718e+02
-6.011621558829999685e+02
-5.998125546029999668e+02
-5.963385580679999975e+02
-5.905843351940000048e+02
-5.854050694159999466e+02
-5.728580616020000207e+02
-5.900493266619999986e+02
-5.970344364060000544e+02
-5.914793745880000415e+02
-5.789317634369999723e+02
-5.987671428439999772e+02
-5.887751269230000162e+02
-5.958166198279999435e+02
-5.863375717139999779e+02
-6.015634183790000407e+02
-5.709589284429999907e+02
-5.670134095419999767e+02
-5.971950048469999501e+02
-5.789718954579999490e+02
-5.916584463379999761e+02
-5.895995185890000130e+02
-5.953864391030000434e+02
-5.883205835799999477e+02
-5.861247790869999790e+02
-5.899694618969999738e+02
-5.929052705990000049e+02
-6.000882937740000216e+02
-5.997317562050000106e+02
-5.925232552459999624e+02
-5.980568212160000030e+02
-5.872133985399999574e+02
-5.973484013739999909e+02
-5.958525685370000247e+02
-5.861515005989999736e+02
-5.975164916979999816e+02
-5.935445220059999656e+02
-5.967663254850000385e+02
-5.869935818850000260e+02
-5.945161607539999977e+02
-5.986903618759999972e+02
-5.813277150080000411e+02
-5.924056650029999673e+02
-5.916240274330000375e+02
-5.944193984119999641e+02
-5.992560902660000011e+02
-6.021717690729999504e+02
-5.855549227789999804e+02
-5.926841568859999825e+02
-5.977951863069999945e+02
-5.722728102229999649e+02
-5.941392404560000386e+02
-5.991507940049999661e+02
-5.993122815939999555e+02
-5.971786256770000136e+02
-5.907803480540000010e+02
-5.969901333069999509e+02
-5.966133839459999990e+02
-6.013820956790000309e+02
-6.036727474619999612e+02
-5.987645601550000265e+02
-5.901911610019999443e+02
-5.944490379469999652e+02
-5.918022298590000219e+02
-5.952524667889999819e+02
-5.624704838070000505e+02
-5.680428480089999539e+02
-5.457879464169999437e+02
-5.625430303120000417e+02
-5.782713223440000547e+02
-5.873317927130000271e+02
-5.834881521129999555e+02
-5.970403483840000263e+02
-6.040745654859999831e+02
-5.925385247839999465e+02
-5.909980510630000481e+02
-5.941407142799999974e+02
-5.903336136039999928e+02
-5.901705802249999806e+02
-5.978595710240000471e+02
-5.961251008409999486e+02
-5.993427832989999615e+02
-5.907243130770000334e+02
-5.879653700469999649e+02
-5.962193697569999813e+02
-5.948742275429999609e+02
-5.911145017630000211e+02
-5.871638930699999719e+02
-5.983925086540000393e+02
-5.846450571799999807e+02
-5.954382292430000234e+02
-6.035855384269999604e+02
-5.866368291019999788e+02
-5.798701977770000440e+02
-6.017991863060000242e+02
-5.933019058700000414e+02
-5.986837089430000560e+02
-5.927651454680000143e+02
-5.895213645640000095e+02
-6.010187613130000273e+02
-5.903316007619999937e+02
-5.804034294189999628e+02
-5.988596308200000067e+02
-5.995101989040000490e+02
-5.927551503979999552e+02
-5.844325513310000133e+02
-5.892833684669999457e+02
-5.984685260439999865e+02
-5.961333913270000266e+02
-5.819833795649999502e+02
-5.997255793489999860e+02
-5.966708917780000547e+02
-6.017356871350000347e+02
-6.039811719699999912e+02
-5.947442949520000184e+02
-5.909371684369999684e+02
-6.003754397169999493e+02
-5.816899311529999750e+02
-5.952331750209999655e+02
-5.946969141260000242e+02
-5.896562982909999846e+02
-5.994960952980000002e+02
-5.892779746319999958e+02
-5.997336177409999891e+02
-5.971927840199999764e+02
-6.011577795980000474e+02
-5.873154057839999496e+02
-5.638560982410000406e+02
-5.833083854330000122e+02
-5.818739927929999567e+02
-6.063495442099999764e+02
-5.963289536060000273e+02
-5.941616763150000224e+02
-5.947574404910000112e+02
-5.905369927360000020e+02
-5.981296789619999572e+02
-5.916316200500000377e+02
-5.840919728999999734e+02
-5.900858948060000557e+02
-5.886479571720000195e+02
-5.864083881830000564e+02
-6.029389078520000567e+02
-5.930363040229999569e+02
-5.917665051809999568e+02
-5.921177923010000086e+02
-5.982564944340000466e+02
-5.852304766830000062e+02
-5.938873601950000420e+02
-5.923578254330000163e+02
-5.973426588900000525e+02
-5.902231324719999748e+02
-6.013792137440000261e+02
-5.914389168220000101e+02
-5.935601769109999850e+02
-5.934334758249999595e+02
-5.894013287090000404e+02
-5.841204016020000154e+02
-5.965486815660000275e+02
-6.006145117290000144e+02
-5.900119022200000245e+02
-5.913520963280000160e+02
-5.975049500110000054e+02
-5.947777721800000563e+02
-6.016663525019999952e+02
-5.977356813390000525e+02
-5.925501533520000521e+02
-5.996833404879999989e+02
-5.867820526619999555e+02
-5.989378033489999780e+02
-5.934193131450000465e+02
-6.002098266890000104e+02
-5.980784384160000400e+02
-5.929138338129999966e+02
-5.848106166850000136e+02
-5.879986240670000370e+02
-5.984117945619999546e+02
-5.976752353130000301e+02
-6.007071956869999667e+02
-5.870006226699999843e+02
-6.026446246450000217e+02
-5.984907627689999572e+02
-5.951884178069999507e+02
-6.034485636040000145e+02
-5.832309674260000065e+02
-6.036995776559999740e+02
-5.906472602129999814e+02
-5.949310098570000491e+02
-5.909313324610000109e+02
-5.987715703579999627e+02
-5.977785366599999861e+02
-5.837583801839999751e+02
-5.978045699839999543e+02
-5.978466594010000108e+02
-6.018260567959999889e+02
-5.992536454549999689e+02
-5.965323052979999829e+02
-5.990186215710000397e+02
-5.785939781969999558e+02
-5.807600996370000530e+02
-5.848400517029999719e+02
-5.883245019859999729e+02
-5.974107178680000061e+02
-5.910215937750000421e+02
-6.041513173470000311e+02
-5.891395675720000327e+02
-5.983351433589999715e+02
-5.897398037609999619e+02
-5.938040882400000555e+02
-5.957355299170000080e+02
-5.949360259390000465e+02
-6.015008236659999739e+02
-6.026058861919999572e+02
-5.812137803000000531e+02
-5.780397963899999922e+02
-5.986168113920000451e+02
-5.934526911530000461e+02
-5.888991318920000140e+02
-5.922717645599999514e+02
-5.914430272609999975e+02
-6.007709407629999987e+02
-5.881166997970000239e+02
-5.818956102700000201e+02
-6.001782199059999812e+02
-5.972547080470000083e+02
-5.878855894820000003e+02
-5.909841776250000294e+02
-5.691592551869999852e+02
-5.724119684160000361e+02
-5.886436341039999434e+02
-5.977854215050000448e+02
-5.966632362090000470e+02
-5.996413225390000434e+02
-5.983268240510000169e+02
-5.940705495109999674e+02
-5.910552982819999670e+02
-5.949091977289999704e+02
-5.990777180720000388e+02
-5.997632654499999489e+02
-5.966961486510000441e+02
-5.957365282829999842e+02
-6.000828010950000362e+02
-5.944940904459999729e+02
-6.007777982149999616e+02
-5.986401974299999438e+02
-5.954085447520000116e+02
-5.780466402439999456e+02
-5.965019222930000069e+02
-5.985572973399999910e+02
-5.668659542440000223e+02
-5.893438053900000568e+02
-5.913316659910000226e+02
-5.912442927079999890e+02
-5.943197737740000548e+02
-5.990143227639999850e+02
-5.942521118050000268e+02
-5.909627037300000438e+02
-6.013999264560000029e+02
-5.888429544279999845e+02
-5.988382979399999613e+02
-5.968935958250000340e+02
-5.973227636919999668e+02
-5.878699935820000064e+02
-5.893936953200000062e+02
-5.916979690570000230e+02
-6.045864550049999480e+02
-5.875872181610000098e+02
-5.941606365830000414e+02
-6.014620802220000542e+02
-5.896208197250000467e+02
-5.929036912770000072e+02
-5.982816221120000364e+02
-5.966298258379999879e+02
-5.992071674210000083e+02
-5.952815012050000405e+02
-5.861257906189999858e+02
-5.883168876539999701e+02
-5.942659922929999539e+02
-5.688529614489999631e+02
-5.966571898099999771e+02
-5.891751488160000463e+02
-5.927580395649999900e+02
-5.935776417240000455e+02
-5.894121426619999511e+02
-5.782340225399999554e+02
-5.877200073660000044e+02
-5.922627095310000414e+02
-5.986983246270000336e+02
-5.954614272039999605e+02
-6.035354141179999488e+02
-6.023985057219999817e+02
-5.833836666700000251e+02
-5.952322497620000377e+02
-5.958951561530000163e+02
-5.962929753570000457e+02
-6.008583953029999520e+02
-5.792285854939999581e+02
-5.926445971140000211e+02
-5.897263437410000506e+02
-6.045183800690000453e+02
-6.026222947190000241e+02
-5.833430616939999709e+02
-6.004571347820000256e+02
-5.916596285340000350e+02
-5.930973514510000086e+02
-5.926282120619999887e+02
-5.938946688620000032e+02
-5.924549517440000272e+02
-5.959825324219999629e+02
-5.987745400200000176e+02
-5.956758365169999934e+02
-5.844504105280000203e+02
-6.006234639870000365e+02
-5.930453149469999516e+02
-5.912803407390000530e+02
-5.979149445489999835e+02
-5.740696948490000295e+02
-5.927053623240000206e+02
-5.943543728460000466e+02
-5.895176828490000389e+02
-5.996106889530000217e+02
-5.969539573119999432e+02
-5.975960496799999646e+02
-5.698294687669999803e+02
-5.928822746419999703e+02
-5.933854504070000075e+02
-5.890570613610000237e+02
-5.873109778240000196e+02
-5.914372034589999885e+02
-5.924696001759999717e+02
-6.012376072030000387e+02
-5.906527158559999862e+02
-5.984475010730000122e+02
-5.979962573589999693e+02
-5.961007911589999821e+02
-5.950792669339999748e+02
-5.967978902959999914e+02
-6.015213403069999458e+02
-5.989761900639999794e+02
-5.926495892409999442e+02
-5.841139130520000435e+02
-6.038106362800000397e+02
-5.786796917579999899e+02
-5.938098289849999674e+02
-5.918488624000000300e+02
-5.988563590479999448e+02
-5.918789587710000433e+02
-5.904658960250000064e+02
-5.760214870830000109e+02
-5.629184748510000418e+02
-5.746592504730000428e+02
-5.823083039489999919e+02
-5.914987051639999436e+02
-5.943837625449999678e+02
-5.989190494609999860e+02
-5.710545920780000415e+02
-5.978952681619999794e+02
-5.988165274420000515e+02
-6.004971178099999634e+02
