4.818068181335751987e+00
3.892179338108663789e+00
3.441893810099318163e+00
2.756587201595480430e+00
2.775508061598813025e+00
3.055185264431601766e+00
3.125161435830155376e+00
2.799406187033242510e+00
2.963671371795463028e+00
2.762723475123777472e+00
2.866162242441973262e+00
2.804370161016551233e+00
2.871558810123867378e+00
2.796681247478875587e+00
2.834210295655564149e+00
2.604284354674044177e+00
2.836862175009565057e+00
2.806714271171898201e+00
2.851260949124089450e+00
2.997415053008174901e+00
2.921025333679938996e+00
2.939211118650717047e+00
2.938963422705359374e+00
2.896337687494329405e+00
2.784348038590003682e+00
2.897424028339655511e+00
2.807026184416526071e+00
6.029645926586402638e+00
6.029111543171183030e+00
2.871802743922360346e+00
6.270059250118774408e+00
5.781292762004014207e+00
5.128585964961492216e+00
5.792716633842880825e+00
2.960229214098124562e+00
5.834828703569626462e+00
2.920472050884924453e+00
2.804968449020416976e+00
2.986512514623034242e+00
2.844781010904002816e+00
5.652977003314271442e+00
2.662085460686789862e+00
2.873616014710385969e+00
6.010234937171757608e+00
2.739550875599867208e+00
2.882464397004757650e+00
2.734949176858684883e+00
2.923904410202221360e+00
2.892975112233080015e+00
2.868722363701304179e+00
2.736317781252755044e+00
2.888928694170211475e+00
2.721982549539949225e+00
2.855594333934706075e+00
2.938724553271367945e+00
2.720449595195618020e+00
2.877221055115508186e+00
2.821150297307820409e+00
2.829434042348399014e+00
2.880246170034777009e+00
2.866450243768414285e+00
2.741470590759638171e+00
2.760775434547330764e+00
2.944745999233210121e+00
6.068245545460401402e+00
2.856983374120332542e+00
2.816941071446116940e+00
2.749632157216670425e+00
3.032487592719878222e+00
2.958795362981360366e+00
3.140433728006373215e+00
2.688676440183905836e+00
3.018502443265534296e+00
5.513122799285356201e+00
6.157384915692699856e+00
5.822075317273043282e+00
2.756998911860503831e+00
5.896435279047841149e+00
2.699619602832962428e+00
5.641332023556138608e+00
2.966334775442583283e+00
2.892144014394857354e+00
2.732881629342917229e+00
2.796207789131558652e+00
2.747322514740488053e+00
2.823085368882776169e+00
2.694023199603151397e+00
2.747073715792861748e+00
6.025402559165653038e+00
6.146028717798185603e+00
5.868524346034528882e+00
2.774077504324635957e+00
6.006532943387558277e+00
5.850417933789003655e+00
2.888044494117083083e+00
5.931931472968986263e+00
2.834973192113110940e+00
2.859602944466242302e+00
2.868397636311953658e+00
2.661041901210877469e+00
2.941982494849348484e+00
2.749776172709335498e+00
2.727551466058890206e+00
2.844028480870048448e+00
3.065387903675487191e+00
2.824013101952609350e+00
2.770288432636572651e+00
2.792436570452407008e+00
2.784877735197723414e+00
2.999764324076142685e+00
2.762769081917632708e+00
3.032468466447754807e+00
2.815611656461167289e+00
2.857463385592193372e+00
2.982972510768411301e+00
2.710735140141877331e+00
2.757969180393428754e+00
2.911212118688708550e+00
3.138996495697311317e+00
3.350045074323628302e+00
2.715520207989622570e+00
3.021993216405357785e+00
2.757946699992587014e+00
2.836423804723124054e+00
2.920750930839532966e+00
2.811875886307928951e+00
2.883189032998009882e+00
2.850200870114245610e+00
2.741583484047129815e+00
2.731045404236260410e+00
2.724576297335054686e+00
2.778268165602450157e+00
2.737790715157022436e+00
2.768342644977316080e+00
2.983786520513824758e+00
2.726671964135033210e+00
2.830759262106193663e+00
2.973208872581944551e+00
2.975478616962320189e+00
2.871595549515982615e+00
2.769461138922154841e+00
2.775997298269578639e+00
2.712739943304555368e+00
2.750796430127100400e+00
2.736959078977981630e+00
2.874134478412587956e+00
2.646310261477289316e+00
2.799382431894577472e+00
2.831300054745169881e+00
2.833036180496112610e+00
2.974405654916625785e+00
2.763341817437719783e+00
3.158182072015481623e+00
3.051761786247413344e+00
2.725485277890893343e+00
2.773432890841240006e+00
2.943020217395728721e+00
2.802522256825090707e+00
2.876036334958235408e+00
2.791108202847034203e+00
2.869950696440620064e+00
2.918216750003330695e+00
2.767602933948437816e+00
2.701582314126297124e+00
2.895013298760473308e+00
2.896204757954795816e+00
2.886992033241519096e+00
2.875896034282185543e+00
2.770319295676944460e+00
2.733174893781955106e+00
2.731205411535353900e+00
2.893640267897860774e+00
2.544889977975472117e+00
3.033427928927932005e+00
2.820139712851120084e+00
3.029005117196073460e+00
2.733152941201790309e+00
2.883590990414555133e+00
2.868259751138309888e+00
2.837288318095290141e+00
2.736587108059964191e+00
2.845118450961225065e+00
2.884224332467917318e+00
2.669451816384779796e+00
2.989652822653493303e+00
3.053104976904659207e+00
2.772357480556935538e+00
2.880793467085067228e+00
2.792477573768498811e+00
2.969615968437669729e+00
2.947930460509541550e+00
2.878562314767565411e+00
2.742666950251160696e+00
2.695477137725341699e+00
2.795734787135575772e+00
2.926202658737087514e+00
2.893208253824808729e+00
2.818078955600782809e+00
2.834865076154419405e+00
2.967556907626204055e+00
2.814395316937547964e+00
2.896528094115435881e+00
2.793650300234444384e+00
2.959347563230787070e+00
2.908726353578142909e+00
2.733949158269041391e+00
2.766922658839599869e+00
2.746087762617939187e+00
2.923483196462739908e+00
2.695417221878646519e+00
2.855716022296334700e+00
2.696683333281829853e+00
2.823662869394999220e+00
2.872280104725164041e+00
2.898203754051809078e+00
2.861454175764484020e+00
2.803822034295329946e+00
2.811939721971294492e+00
2.725922596113103058e+00
2.987510669437014599e+00
2.786435357226146436e+00
2.834881479004016214e+00
2.956945721517390435e+00
2.925910798366895271e+00
3.007921873985426320e+00
3.024605924744577568e+00
2.848535237626524275e+00
2.951248210503480962e+00
2.828065416499412787e+00
2.879414002883225354e+00
2.828635360027870416e+00
2.801476396473830732e+00
2.797848101666707610e+00
2.858280602040323970e+00
2.776432243005400480e+00
2.807462377308020063e+00
2.835893862611927663e+00
2.714602180799241982e+00
2.828558820318220146e+00
2.920020205409544545e+00
2.832820679111192952e+00
2.899535652479547920e+00
2.882067834038609888e+00
5.886699414782447626e+00
5.277721572800141203e+00
6.051076350534671633e+00
2.719435603208871566e+00
2.899609628898345282e+00
2.774101656392570447e+00
5.860519942803709803e+00
2.936102178058523027e+00
3.109942925521302914e+00
3.018019549307127569e+00
2.709824717578610986e+00
2.984510345098505546e+00
3.098018237518946894e+00
2.933601540768616012e+00
2.777309129355246764e+00
2.862879843793658008e+00
2.926269468111233341e+00
2.879572190447740265e+00
2.686305641582878323e+00
2.733941294175864289e+00
2.736418644871430939e+00
2.929585294883902069e+00
2.918713072571539335e+00
2.709434442831196943e+00
2.835138091874891852e+00
2.958697517489747852e+00
2.851571671903057492e+00
2.912993820796742295e+00
2.757115521700169936e+00
2.861794891322577250e+00
2.935387027292994055e+00
2.922254609030499939e+00
2.875612456503831460e+00
2.918495845465605587e+00
2.805300875129082883e+00
2.810308523988068963e+00
2.741483904749396849e+00
2.843633239361222476e+00
2.778151543742709784e+00
3.031920513469968714e+00
3.138522582362599511e+00
2.772751701829790694e+00
2.975741588243172586e+00
2.798666468159433762e+00
2.785142366199616859e+00
2.691300986511913074e+00
2.870302074695274985e+00
3.016184012954116866e+00
3.115628026578269427e+00
2.862357944073382399e+00
2.778879090568713295e+00
2.893532443225753870e+00
3.114650060600708592e+00
2.964668278239573684e+00
2.837994009859781119e+00
2.818947498624264636e+00
2.876096138866015561e+00
2.939715292336997798e+00
2.776220092139670470e+00
2.749831631209445515e+00
2.811946301051995611e+00
2.833950952292576098e+00
3.120314246995004037e+00
2.856203074012770404e+00
3.021956154546256546e+00
2.717625066119313093e+00
2.678949980869370417e+00
3.004040279357119481e+00
2.792210056568094068e+00
2.761020825709215920e+00
2.721124032454235397e+00
5.846503998117165146e+00
5.958183699752803264e+00
2.818471394213537096e+00
2.833051005541552314e+00
2.873099023702455401e+00
5.800856833261788914e+00
2.889044651783700068e+00
2.907327294956658204e+00
2.777323351718341105e+00
2.872459747324581425e+00
2.938214083418701161e+00
2.619853621865160687e+00
2.910984197827256814e+00
2.985568790029799580e+00
2.804251236961481819e+00
2.627357037024089070e+00
2.789905195521884096e+00
2.798472619126368688e+00
2.846076070662905355e+00
2.710741964850214458e+00
2.973917786355231740e+00
2.723051597013908864e+00
2.983762222429930944e+00
2.847257101141377866e+00
2.789027429051210039e+00
2.738468550120669587e+00
2.786155415622036280e+00
2.760255966391522708e+00
2.836803482795380305e+00
2.876986096594837949e+00
2.696259260531153057e+00
2.962212348904109227e+00
2.992969261452580021e+00
3.055021440186631576e+00
2.768613190750922382e+00
2.763415640109174287e+00
2.913136797337193773e+00
2.922118067429856580e+00
2.783438700600392668e+00
2.767816829199504891e+00
2.880258495343777536e+00
2.852137093479203855e+00
2.937962729511727211e+00
2.731011717294526964e+00
2.768238790278034767e+00
2.941542112566128520e+00
2.604578468773786071e+00
2.923084843106679820e+00
2.752602586644137705e+00
2.872257996768396104e+00
3.060579193551443034e+00
2.757784799435952561e+00
2.794620904523545502e+00
2.755022504445289844e+00
2.812512044418654433e+00
2.702014803808447940e+00
2.816609841635862921e+00
2.790588826753235718e+00
2.912702181823606740e+00
2.799497990711906414e+00
2.729389308984704332e+00
2.940954436913295833e+00
2.860387735954690758e+00
2.882179383730304689e+00
2.977925620293428111e+00
2.806977556019997877e+00
5.743104125819067818e+00
5.891668439415103542e+00
3.154066898466169278e+00
5.892199674145470745e+00
2.732640115346329779e+00
2.913380339056333757e+00
2.870944966383019548e+00
2.892740223386814691e+00
2.884094485276098130e+00
2.730878796285181043e+00
2.812264034545831404e+00
2.760941143885541127e+00
2.726044020187495143e+00
2.830646039334483888e+00
2.966694119723163325e+00
2.937181982785540324e+00
2.818973217325769109e+00
2.931453223232463490e+00
3.125798138076098187e+00
2.697660838578489262e+00
2.882773317484397690e+00
2.775125582743959374e+00
2.812050675219064821e+00
2.795362946023288941e+00
2.741817098203306546e+00
2.732057283440447737e+00
2.814937477103177432e+00
5.992102886299600861e+00
2.815143513215623283e+00
2.867721395114943839e+00
2.990266543303456093e+00
2.813290955447018682e+00
5.879609680922706083e+00
5.789846802809207382e+00
5.637343789410044437e+00
2.802292632827627639e+00
3.123413837454140474e+00
2.813584724155290040e+00
2.747894102763059898e+00
2.855368452581907857e+00
2.931993690306989642e+00
2.815304424036590536e+00
2.827289514711926355e+00
2.858478441408995874e+00
2.744736963718017009e+00
2.923270770900294302e+00
2.767450270555913860e+00
2.710615797194430687e+00
2.798036633069696411e+00
2.997372349241915312e+00
2.687143278651140221e+00
2.828241503125219491e+00
2.759342312943430464e+00
2.846090125066316201e+00
2.753343422096124815e+00
2.760605911751983665e+00
2.792930718797013157e+00
2.811818984216444939e+00
2.993766356949052465e+00
2.840264248269868119e+00
2.883893375282796434e+00
2.834470320888896389e+00
2.992909119903242043e+00
2.996745734959841645e+00
2.674880371156810988e+00
2.909187859179946489e+00
2.925893709621045335e+00
2.707307703235818153e+00
2.953181674059352613e+00
2.848896277508186081e+00
2.788740575958975398e+00
2.941069703356246734e+00
2.823430714574026723e+00
2.708119827481790143e+00
2.860828900860727497e+00
2.723462869216322080e+00
2.913280110116430510e+00
2.733416177606330155e+00
2.840249460874872067e+00
2.847276066699539143e+00
2.691754260700630841e+00
2.694617412546723489e+00
2.850864079537991369e+00
2.769282578575180231e+00
2.988998661759486808e+00
2.920429591686812376e+00
2.747546905878041734e+00
2.679853167619449916e+00
3.052661953115674009e+00
2.940875039847834493e+00
2.742468595991574887e+00
2.754980580693809245e+00
2.842914525623308819e+00
3.020659034052005865e+00
2.875336675939010878e+00
2.925374676857650513e+00
2.701078488307957493e+00
2.677938386147074912e+00
2.743476079720761795e+00
2.901774629429377583e+00
2.762879295228077847e+00
2.879781588940383497e+00
2.890027335510859885e+00
2.862915646679098369e+00
2.776369031667079490e+00
2.869939023742490658e+00
2.929745893418062685e+00
3.177419235794987085e+00
2.961477671703772963e+00
2.745475186556964431e+00
2.991498119671814671e+00
2.888101971883956232e+00
2.993307368113070854e+00
2.863448445493649963e+00
2.748618925933531632e+00
2.827311266910666809e+00
2.831701255429322384e+00
2.870661247866073573e+00
2.773583061673113193e+00
2.948765843535223752e+00
2.871153426760750360e+00
2.794666885337141693e+00
2.887282112991385485e+00
2.733724382596022018e+00
2.739132161835204471e+00
2.861158681373684676e+00
2.968261949356895801e+00
2.898192022623760078e+00
2.949834402131753297e+00
2.808527372129387079e+00
2.818924085533344392e+00
2.813918264626746435e+00
3.024717507470738642e+00
2.731151222470113993e+00
2.893631109868706641e+00
2.783902656344147353e+00
2.837392641140806582e+00
2.810652771154772189e+00
2.854561437419064873e+00
2.898477013881600506e+00
2.837446210943919134e+00
2.836307634936662048e+00
2.796190265343185821e+00
2.742250353268278928e+00
2.759140989511047248e+00
2.895676950213887491e+00
2.633038738795918654e+00
2.742173955094753257e+00
2.752590416316964106e+00
2.939166208297856464e+00
2.689558513957262420e+00
2.699210254870858083e+00
2.882194302957383769e+00
2.883952496141362953e+00
2.965288687463667028e+00
3.003335479096532534e+00
2.833177368256354356e+00
2.691868310300487011e+00
2.871965529041043297e+00
2.857070877664745989e+00
3.152019828617834030e+00
2.871756605285343156e+00
2.796201173020281594e+00
2.741635460815313952e+00
2.998017178069532385e+00
2.706938122676615599e+00
2.691139907176882673e+00
2.758630638559646187e+00
2.747623154655673972e+00
2.687979538612598862e+00
2.888824328338432945e+00
2.812677194418158333e+00
2.864618822810462540e+00
2.908135657083417147e+00
2.644893003506947338e+00
2.931852827138497819e+00
2.988381669064378521e+00
2.775073872890593929e+00
2.927280990953891493e+00
2.786561142340142627e+00
2.811376531167605552e+00
2.938330478349908237e+00
2.977374178701762464e+00
2.716593823154282550e+00
2.685556925481193513e+00
2.866139738393785663e+00
2.867950487717666697e+00
2.898396970740895195e+00
2.865053926194060185e+00
2.731581593143430631e+00
2.835128392154401933e+00
2.919377673409180751e+00
2.706021803312012697e+00
2.950109489493567771e+00
2.900309983432805438e+00
2.715507503211876728e+00
2.894688584286745137e+00
2.831001766159816579e+00
2.774240256358486700e+00
2.803535803231340662e+00
2.743607479214182021e+00
2.620083013952038797e+00
2.950546220617463966e+00
2.713659337499827018e+00
2.913762859259483307e+00
2.833762516514042762e+00
3.017777327769561868e+00
2.856995099750784917e+00
2.938198938125191173e+00
2.837395108193428772e+00
3.134092532137492615e+00
2.683137342738906028e+00
2.761927768787590942e+00
2.683970379866364997e+00
2.751966932940873800e+00
2.782465992604401972e+00
2.795348636574694012e+00
2.881609272611399319e+00
