-5.883678871990000516e+02
-5.925788756309999599e+02
-5.927396343399999523e+02
-5.998326624359999641e+02
-5.990175722139999834e+02
-5.864520200900000191e+02
-5.904606984729999795e+02
-5.779630089070000167e+02
-5.986725989510000545e+02
-6.017555415519999542e+02
-5.984605083860000150e+02
-5.984114981200000329e+02
-5.972049108769999748e+02
-5.979687299669999447e+02
-5.968379907549999643e+02
-6.023140930859999571e+02
-5.876924802580000460e+02
-5.991529518229999667e+02
-5.901504097790000287e+02
-5.884795783209999627e+02
-5.926845884560000286e+02
-5.917895979940000188e+02
-6.003945207220000384e+02
-6.002960490750000417e+02
-6.020122236830000020e+02
-5.993322251629999755e+02
-6.028853644260000237e+02
-6.041956082359999982e+02
-6.016747508519999883e+02
-5.944701421160000336e+02
-5.878373133390000476e+02
-5.939643145449999793e+02
-5.894524708599999485e+02
-5.962045756009999877e+02
-5.927286338850000220e+02
-5.975232422510000561e+02
-5.970961732819999952e+02
-5.986594243170000027e+02
-5.999551598619999595e+02
-5.937056515719999652e+02
-6.033975356519999877e+02
-5.994765281280000409e+02
-5.921680633209999769e+02
-5.980596987440000021e+02
-5.975457434940000212e+02
-6.019955104429999437e+02
-5.918693296730000384e+02
-6.018150372439999956e+02
-5.907165622329999906e+02
-6.007667098020000367e+02
-5.868834174900000562e+02
-5.928465755500000114e+02
-5.851412318349999850e+02
-5.942157076400000051e+02
-5.946477849399999513e+02
-6.033477862879999520e+02
-6.025868202269999756e+02
-5.929006184060000351e+02
-5.949414609130000144e+02
-5.951974991260000252e+02
-5.991642845110000053e+02
-5.991569693210000196e+02
-5.956624171360000446e+02
-5.943305850680000049e+02
-5.962557628329999488e+02
-5.956580516999999872e+02
-5.952974287219999496e+02
-6.007908874390000165e+02
-5.939143664819999913e+02
-5.931525016299999606e+02
-6.025695462170000383e+02
-5.964741163459999598e+02
-5.995009124590000056e+02
-6.031583655619999718e+02
-5.972916206469999452e+02
-6.026713619539999627e+02
-5.947443057619999536e+02
-6.001046053280000478e+02
-5.888518052939999734e+02
-6.013880774809999821e+02
-5.876719086540000490e+02
-5.975437429830000156e+02
-5.962469148679999762e+02
-5.879686600400000316e+02
-5.956191403660000105e+02
-5.977059003780000239e+02
-5.865462047219999704e+02
-5.934303024920000098e+02
-5.960834031409999625e+02
-6.020156623789999912e+02
-5.945861249619999853e+02
-6.035333984879999889e+02
-5.899530880910000405e+02
-5.942494293779999452e+02
-5.858990401649999740e+02
-5.907176355609999518e+02
-5.939429904559999613e+02
-5.973812912990000541e+02
-5.982743390350000254e+02
-5.996414659739999706e+02
-5.968765900619999911e+02
-5.872780064949999996e+02
-5.856208555309999610e+02
-5.977209248200000502e+02
-6.009592752190000056e+02
-6.008861192320000555e+02
-5.886279134830000430e+02
-5.953961255059999758e+02
-5.907548761560000230e+02
-5.935858849769999779e+02
-5.978549089980000417e+02
-5.998645410990000073e+02
-6.023752099439999483e+02
-6.015923113400000375e+02
-6.012944492789999913e+02
-5.967620731770000475e+02
-6.001972066649999533e+02
-5.978607915479999519e+02
-6.007081148409999969e+02
-5.745718190600000526e+02
-6.011989211000000068e+02
-5.922220194110000193e+02
-5.948638715770000545e+02
-5.932672592239999858e+02
-5.999494217720000506e+02
-6.009583681289999504e+02
-6.002729729049999605e+02
-6.040878584429999592e+02
-5.880715482370000018e+02
-6.048284745050000311e+02
-6.032880653040000425e+02
-5.965922867650000398e+02
-5.942503819040000508e+02
-6.011594168379999701e+02
-5.953762318379999670e+02
-5.975362599740000178e+02
-5.975427734239999609e+02
-6.034324234609999849e+02
-5.876140196339999875e+02
-5.969677119259999927e+02
-5.921776521420000563e+02
-5.881292128730000286e+02
-5.884357837630000176e+02
-5.998280330840000261e+02
-5.955371303199999602e+02
-6.054494311780000544e+02
-5.986344160520000059e+02
-5.989078370790000463e+02
-5.957441620119999470e+02
-5.941836645690000296e+02
-6.003339100680000229e+02
-5.863934046639999451e+02
-5.826734711410000500e+02
-5.950462950859999864e+02
-5.953603517560000000e+02
-5.960336336310000434e+02
-6.003493428929999709e+02
-5.895109657479999896e+02
-5.881439585000000534e+02
-5.990308620680000331e+02
-5.957172733749999907e+02
-5.928519821459999548e+02
-6.004451465719999987e+02
-5.917824771919999876e+02
-5.941672424089999822e+02
-5.944337985519999847e+02
-5.953172871089999489e+02
-6.051797325810000530e+02
-6.030367574699999977e+02
-5.981199633950000134e+02
-5.995134164549999696e+02
-5.932757454620000317e+02
-6.026277204589999883e+02
-5.968604645299999447e+02
-5.867197796860000381e+02
-6.004876271370000040e+02
-5.896770282590000534e+02
-5.963110422050000352e+02
-5.990377383459999692e+02
-5.968047042220000549e+02
-5.964000743259999808e+02
-5.860808778760000450e+02
-5.970335730509999621e+02
-5.964628915710000001e+02
-6.019315725909999628e+02
-5.983361061230000360e+02
-5.945638142579999794e+02
-6.025881621690000429e+02
-5.919893773339999825e+02
-5.970966635070000166e+02
-6.009975430969999479e+02
-5.934123522630000025e+02
-5.928172042810000448e+02
-6.010120114920000560e+02
-5.900888965679999956e+02
-5.963762536379999801e+02
-5.984490609729999733e+02
-5.987260376240000141e+02
-5.908326037440000391e+02
-5.968435186560000147e+02
-5.989334730089999539e+02
-5.947376707019999458e+02
-5.977383806899999854e+02
-5.937961308049999616e+02
-5.949141958970000132e+02
-5.907991202429999475e+02
-5.998631106420000378e+02
-6.018403856889999588e+02
-5.967732765209999570e+02
-5.893992076709999992e+02
-6.006160378829999900e+02
-5.974110740060000353e+02
-6.026920309749999660e+02
-5.996856381479999527e+02
-6.022188020620000088e+02
-6.005493260819999932e+02
-5.958802308430000494e+02
-5.922252461780000203e+02
-5.946172519350000130e+02
-5.934165106550000246e+02
-5.879837366919999795e+02
-5.998636886460000142e+02
-6.028585339339999791e+02
-5.978514712190000182e+02
-5.893638534259999915e+02
-5.880728492990000404e+02
-5.917412446829999908e+02
-5.925361547349999682e+02
-5.925755159829999457e+02
-5.923298397879999584e+02
-5.925510105140000405e+02
-5.768191187669999636e+02
-5.888223477740000362e+02
-5.955455370270000230e+02
-5.954880461359999799e+02
-6.048388777579999669e+02
-5.939496251919999850e+02
-5.925002143799999885e+02
-5.976378464240000312e+02
-5.901397767099999783e+02
-5.934808391090000441e+02
-6.018170898490000127e+02
-5.789394427449999512e+02
-5.945949576599999773e+02
-5.780596456849999640e+02
-5.738171377099999972e+02
-6.001587770639999917e+02
-5.816988474009999663e+02
-5.984954999970000245e+02
-5.824187006019999444e+02
-5.844531473199999709e+02
-6.026935651750000034e+02
-6.033024398300000257e+02
-6.042799817049999547e+02
-5.955944219189999558e+02
-6.043766183709999495e+02
-6.030843456479999531e+02
-5.958033286139999518e+02
-6.043138007159999461e+02
-5.899922470449999992e+02
-5.926979273370000101e+02
-5.921908545950000189e+02
-6.031669275850000531e+02
-5.975824246219999623e+02
-5.961063109570000051e+02
-5.950935134439999956e+02
-5.908361244440000064e+02
-5.988624804900000527e+02
-5.975504825340000252e+02
-6.024646179720000418e+02
-5.984164989470000364e+02
-5.990662718500000210e+02
-5.853665851240000393e+02
-5.983440404970000372e+02
-5.974488466120000112e+02
-6.017669455369999696e+02
-6.032640236040000445e+02
-5.991421128729999737e+02
-5.880156497980000267e+02
-6.002446036139999705e+02
-5.939884692890000224e+02
-5.986134399889999713e+02
-5.958140665559999434e+02
-6.001996147539999811e+02
-5.978113774749999720e+02
-5.994504630579999684e+02
-6.016145467159999498e+02
-5.881811946020000050e+02
-5.959110503980000431e+02
-5.820378976240000384e+02
-6.004118711600000324e+02
-6.008676548089999869e+02
-5.921722716929999706e+02
-6.029709483240000054e+02
-5.940451428469999655e+02
-5.894891393010000229e+02
-5.991714089470000317e+02
-6.033954373440000154e+02
-5.834779561889999968e+02
-5.990801027490000479e+02
-5.903152531900000213e+02
-6.017191595330000382e+02
-5.925917674539999780e+02
-5.950799638060000234e+02
-6.030640119700000241e+02
-5.993780051820000381e+02
-6.017620775890000004e+02
-6.015235136459999694e+02
-5.992084916039999598e+02
-5.966066225350000423e+02
-5.918376211199999943e+02
-5.987192009059999691e+02
-6.000390414600000213e+02
-6.010937491299999920e+02
-5.901399848290000136e+02
-5.933823125549999986e+02
-5.959767389400000184e+02
-5.866876235890000544e+02
-6.021910564749999821e+02
-5.865848070639999605e+02
-5.895153871229999822e+02
-6.011255149989999609e+02
-5.925266704580000123e+02
-6.046159134160000121e+02
-5.991271813570000404e+02
-6.006499832199999673e+02
-6.044436938119999922e+02
-5.992378092090000337e+02
-6.023016488490000029e+02
-6.021775155389999554e+02
-6.023407294690000526e+02
-5.939800874259999546e+02
-6.048384801360000438e+02
-5.975725994680000213e+02
-5.911840567179999653e+02
-5.977771732209999982e+02
-6.018656932330000018e+02
-6.001491749949999530e+02
-5.954970721219999632e+02
-5.968654059000000416e+02
-5.959028097660000185e+02
-5.937931158310000228e+02
-5.998335615080000025e+02
-6.037219183419999808e+02
-5.957997945470000332e+02
-6.011604072899999665e+02
-5.878213300380000419e+02
-6.024197914400000400e+02
-6.017179015440000285e+02
-5.836093535390000397e+02
-5.863331347170000072e+02
-5.998282635210000535e+02
-5.960924239570000509e+02
-6.000921388860000434e+02
-6.016440145440000151e+02
-6.008468791510000528e+02
-5.930539518640000551e+02
-5.918997554390000460e+02
-5.921812261009999929e+02
-5.951662615999999844e+02
-5.975281763320000437e+02
-6.028465709829999923e+02
-5.933303256369999872e+02
-6.024975575959999787e+02
-5.936420542990000513e+02
-6.010467255439999690e+02
-6.019062448939999967e+02
-6.032063615670000445e+02
-5.940167859519999638e+02
-5.969453967529999545e+02
-5.984018407109999771e+02
-5.995711401119999664e+02
-5.971349940650000008e+02
-5.996947201440000299e+02
-6.008672622970000248e+02
-6.009464667199999894e+02
-5.929223149360000207e+02
-5.921348250029999463e+02
-5.985220860910000056e+02
-5.840524701780000214e+02
-5.983331461430000218e+02
-5.915363117749999446e+02
-5.968668656209999881e+02
-5.988960476460000564e+02
-5.992330964049999693e+02
-5.948231049869999651e+02
-5.879136281090000011e+02
-6.032000298579999935e+02
-5.965806362849999687e+02
-5.905506793340000513e+02
-5.844655506819999573e+02
-5.864444816750000200e+02
-5.873465430549999837e+02
-5.911375460599999769e+02
-5.854714576449999868e+02
-6.016214655899999570e+02
-5.876048291360000349e+02
-5.866310330950000207e+02
-5.919443092449999995e+02
-6.009578610840000010e+02
-6.001243400160000192e+02
-5.864951796960000365e+02
-5.983026238149999472e+02
-6.014586719200000289e+02
-6.041852016870000170e+02
-6.049795924669999749e+02
-6.030361235550000174e+02
-6.020496771000000535e+02
-5.998217551889999868e+02
-5.822113112150000234e+02
-5.928786833179999576e+02
-6.003661493979999477e+02
-5.989891270929999791e+02
-6.041202152600000090e+02
-5.962348192399999789e+02
-5.880434819529999686e+02
-5.926551455019999821e+02
-5.819818794139999909e+02
-6.005946404200000188e+02
-6.023822079660000099e+02
-5.997245641849999629e+02
-5.971826584049999838e+02
-5.875672914289999653e+02
-5.984296287429999666e+02
-6.011769969380000020e+02
-5.993021782230000554e+02
-5.824122400329999891e+02
-5.977700120050000123e+02
-5.957384759149999809e+02
-5.945092228380000279e+02
-6.043570216800000026e+02
-5.967533948650000184e+02
-5.871925072540000201e+02
-6.048568577429999777e+02
-5.991541173839999601e+02
-6.006684028509999962e+02
-6.004734804590000294e+02
-6.001383712849999483e+02
-6.032316251519999923e+02
-5.997582787999999709e+02
-5.938025201809999771e+02
-5.985628231289999803e+02
-5.931630793470000071e+02
-5.962700281480000513e+02
-6.035322736480000003e+02
-5.991313781329999983e+02
-5.966118032010000434e+02
-5.969912460750000491e+02
-6.007808326350000243e+02
-5.916381343629999492e+02
-6.056990700600000537e+02
-5.892156504490000088e+02
-5.973663926729999503e+02
-5.953267388210000490e+02
-5.897199276039999631e+02
-5.959576766039999711e+02
-6.051756209960000206e+02
-5.998639307240000562e+02
-5.941862836560000005e+02
-5.817056163890000562e+02
-5.940609261070000002e+02
-5.988649854349999941e+02
-5.941612840640000286e+02
-5.949881578949999721e+02
-5.914800954999999476e+02
-5.962296911460000501e+02
-5.953630492190000041e+02
-5.871253925649999701e+02
-6.024706518340000230e+02
-5.842349397899999985e+02
-6.012845863899999586e+02
-5.879384712329999729e+02
-5.907450523400000293e+02
-6.023793143870000222e+02
-5.931517652429999998e+02
-5.925993037179999874e+02
-5.982914856710000322e+02
-6.021968374049999966e+02
-5.897056377659999953e+02
-5.948632723969999461e+02
-5.966191953210000065e+02
-5.965635679370000162e+02
-6.002697961520000263e+02
-5.953135178049999467e+02
-6.016126297509999858e+02
-6.018812283830000069e+02
-5.988345642159999898e+02
-5.925719376480000165e+02
-6.003533529349999753e+02
-5.944745026540000481e+02
-5.971790390170000364e+02
-6.002404426120000380e+02
-5.958276380009999684e+02
-6.044480644179999445e+02
-5.940192081579999694e+02
-5.978726546619999453e+02
-5.931224665140000525e+02
-5.968284918130000278e+02
-5.995095966080000380e+02
-6.057836884849999706e+02
-5.940677764470000284e+02
-5.953559938370000282e+02
-6.053388593639999726e+02
-5.900590723379999645e+02
-5.967359356120000484e+02
-6.025242493020000438e+02
-5.995144159029999855e+02
-6.052212741280000046e+02
-5.995968587099999922e+02
-5.848593782760000295e+02
-5.965507144360000211e+02
-5.956733380729999681e+02
-5.950018095100000437e+02
-5.926904927680000128e+02
-5.928431895080000231e+02
-6.001154082689999996e+02
-5.993054573040000150e+02
-6.036453388969999878e+02
-6.025610761579999917e+02
-5.991619391890000088e+02
-5.838240889749999951e+02
-5.962199047499999551e+02
-5.932696567269999832e+02
-5.872805279230000224e+02
-5.933817433899999969e+02
-5.761984568789999912e+02
-5.986934748019999688e+02
-5.833337272950000170e+02
-5.940252193080000325e+02
-5.863463047449999976e+02
-6.017787862970000106e+02
-5.952105026399999588e+02
-5.970861188029999767e+02
-5.959605909529999508e+02
-5.903765377969999690e+02
-6.001365123699999913e+02
-5.939201272300000483e+02
-5.926022778819999530e+02
-5.890615091890000485e+02
-5.926206947309999578e+02
-5.951866695710000386e+02
-5.953128140310000163e+02
-6.012893492980000474e+02
-5.970146090619999768e+02
-6.013449666579999757e+02
-5.844202184230000512e+02
-5.924034236600000440e+02
-5.964623312859999942e+02
-5.936143352550000145e+02
-5.917856090179999455e+02
-5.964566365379999979e+02
-6.023820315960000471e+02
-5.967684140339999885e+02
-5.968591687790000151e+02
-5.974402340010000216e+02
-5.809526986549999492e+02
-5.930016000800000029e+02
-5.910006526270000222e+02
-5.971686596770000506e+02
-5.966457523289999472e+02
-5.995112169510000513e+02
-5.994559301689999984e+02
-6.028664799949999633e+02
-5.972969738330000382e+02
-5.907807530699999461e+02
-5.976250885189999735e+02
-6.010143802530000130e+02
-5.946986338990000149e+02
-5.920318701840000131e+02
-5.913363816529999895e+02
-5.808895233949999692e+02
-5.911442806410000230e+02
-6.021503874449999785e+02
-5.928355277140000226e+02
-5.856148031879999962e+02
-5.947825965939999833e+02
-5.999457736069999783e+02
-5.984055078569999750e+02
-5.920341061520000494e+02
-5.991282994399999779e+02
-5.860466608499999666e+02
-6.001349384500000497e+02
-6.001745053030000463e+02
-5.911664263320000146e+02
-6.000219810349999534e+02
-6.017740321200000153e+02
-5.970864425290000099e+02
-5.937204047110000147e+02
-5.860397810489999983e+02
-6.018977256939999734e+02
-5.967529220359999726e+02
-5.986795219570000199e+02
-6.009227770229999805e+02
-5.984890022219999537e+02
-5.990414398780000056e+02
-5.790986408029999666e+02
-5.996845132619999958e+02
-6.023997943770000347e+02
-5.955471058130000301e+02
-5.863457932970000002e+02
-6.026536835660000406e+02
-5.842901312830000506e+02
-5.870406798620000473e+02
-5.937431773009999461e+02
-5.918747546749999628e+02
-5.974951707349999879e+02
-5.922009435879999728e+02
-5.821462742649999882e+02
-5.827363300460000346e+02
-5.929339480749999893e+02
-5.749098525540000537e+02
-6.003681221809999897e+02
-5.983392054910000297e+02
-5.884593821429999707e+02
-5.870466432230000464e+02
-6.057080597560000115e+02
-5.958650685950000252e+02
-5.995156112720000010e+02
-5.993837018299999500e+02
-6.013046633980000024e+02
-6.007090251229999467e+02
-5.944902968750000127e+02
-5.940843764270000520e+02
-5.979672055680000540e+02
-6.010241230269999733e+02
-5.878597055069999442e+02
-5.876932342940000353e+02
-6.000610457750000251e+02
-6.006320682460000171e+02
-5.956241741249999677e+02
-5.905615652899999759e+02
-5.968886210550000442e+02
-5.857741288820000136e+02
-5.884074178549999488e+02
-5.896826090179999937e+02
-5.984315572149999980e+02
-5.833914853909999465e+02
-5.998552427119999493e+02
-5.975619984539999905e+02
-5.922444329820000348e+02
-5.914159748289999925e+02
-5.850958689240000012e+02
-5.916933996179999440e+02
-5.979584961960000555e+02
-5.966287135510000326e+02
-5.993376283490000560e+02
-5.884128773920000413e+02
-5.836320788199999470e+02
-5.930355533760000526e+02
-5.998834459150000384e+02
-5.902925982819999717e+02
-6.014356085289999783e+02
-6.032740606070000240e+02
-5.966834860510000453e+02
-6.003520811160000221e+02
-5.984945482780000248e+02
-6.034107411700000512e+02
-5.972494184839999889e+02
-5.910003845669999691e+02
-6.022660922380000557e+02
-6.005972866179999983e+02
-5.991061679560000357e+02
-5.988255942299999788e+02
-6.018454563579999785e+02
-5.981215842489999659e+02
-6.002502957680000009e+02
-5.870083682010000530e+02
-5.934638115579999749e+02
-5.962608418949999987e+02
-5.939814884679999523e+02
-5.870312737350000134e+02
-5.950493728359999750e+02
-5.996096397049999496e+02
-5.900708549070000117e+02
-5.993944045450000431e+02
-6.006252311370000143e+02
-5.958796513710000227e+02
-5.975179323139999497e+02
-5.927679941469999676e+02
-5.995746511459999510e+02
-5.914696516520000387e+02
-5.945231339450000405e+02
-6.050386232680000376e+02
-6.045105120169999964e+02
-6.012997083310000335e+02
-5.855005658789999643e+02
-6.017679323370000475e+02
-5.871052799699999696e+02
-5.918204206520000525e+02
-5.951371768879999991e+02
-5.951815089320000425e+02
-5.773013897660000566e+02
-5.940273326069999484e+02
-5.982964851140000064e+02
-5.839563338789999989e+02
-6.003571076250000260e+02
-5.938089264929999445e+02
-6.007843185990000165e+02
-6.000332445469999811e+02
-6.002913333970000167e+02
-5.924748688290000018e+02
-5.971686357139999473e+02
-5.950727613840000458e+02
-5.974342756969999755e+02
-5.980713931469999807e+02
-6.006771758630000022e+02
-6.013552173140000150e+02
-5.966899040800000193e+02
-6.016133463600000368e+02
-5.989145471000000498e+02
-5.948110757870000498e+02
-6.032168138880000470e+02
-6.016287869860000228e+02
-5.972033689510000158e+02
-6.000212862920000134e+02
-5.974466761679999536e+02
-5.986738101600000164e+02
-5.956056886830000394e+02
-5.982736574089999522e+02
-5.917494645809999838e+02
-5.877250186810000514e+02
-6.000840406669999538e+02
-5.910417406719999462e+02
-5.959656702930000165e+02
-5.900258207399999719e+02
-5.956764792850000276e+02
-5.954850659300000189e+02
-6.022644682689999627e+02
-6.030119869269999526e+02
-6.040552326389999962e+02
-6.021961071609999863e+02
-5.978213625910000246e+02
-5.957956829219999690e+02
-5.952060712109999940e+02
-5.962190347690000181e+02
-5.950079139270000042e+02
-6.010218151860000262e+02
-5.820691068800000494e+02
-6.028631865449999623e+02
-5.987383876449999889e+02
-5.984316575169999624e+02
-5.872435186059999523e+02
-5.982234505500000523e+02
-5.970274659939999538e+02
-6.062446175869999934e+02
-6.018477590070000360e+02
-6.027554730760000439e+02
-5.887089358709999942e+02
-6.029286170440000205e+02
-5.979172389609999527e+02
-6.004818011050000450e+02
-6.034634398010000496e+02
-5.948372669320000341e+02
-5.942976087550000557e+02
-5.959511089149999634e+02
-5.971403747460000204e+02
-5.934252714839999499e+02
-6.023069676329999993e+02
-5.912348688749999610e+02
-6.039589799599999651e+02
-6.027614179109999668e+02
-5.942489377860000559e+02
-5.883602642199999764e+02
-5.986991758770000160e+02
-5.997860814289999780e+02
-5.973917244250000067e+02
-5.938541534050000337e+02
-6.004851606859999720e+02
-5.948821451730000263e+02
-5.964213172349999468e+02
-5.896484339930000260e+02
-5.977216596099999606e+02
-5.977251260739999452e+02
-5.968955327879999686e+02
-5.968807098710000218e+02
-5.885675475650000408e+02
-5.932473284279999461e+02
-5.985469739650000065e+02
-5.969303795060000084e+02
-5.840142148380000435e+02
-6.011125038049999603e+02
-5.894099459599999591e+02
-5.855577357670000538e+02
-5.900282260220000126e+02
-6.030937825180000118e+02
-5.989615093219999835e+02
-6.067912112059999572e+02
-6.036383725289999802e+02
-5.863334994140000163e+02
-5.975498764579999715e+02
-5.941230476599999974e+02
-6.013415312910000239e+02
-5.862745080490000191e+02
-5.955275092829999721e+02
-5.992910192040000084e+02
-5.974663690639999913e+02
-5.981449759990000530e+02
-5.961656869910000296e+02
-5.696815095680000240e+02
-6.008201617490000217e+02
-6.039168640059999689e+02
-5.978097321929999453e+02
-5.933479388250000284e+02
-5.969954352349999454e+02
-6.023680450299999620e+02
-5.930264865699999746e+02
-5.912233818480000309e+02
-5.888196117720000302e+02
-6.034993234820000225e+02
-5.993499361760000284e+02
-5.882652610799999593e+02
-5.980686568160000434e+02
-5.937310694400000557e+02
-6.032567067700000507e+02
-5.982240329659999816e+02
-5.921452781059999779e+02
-5.868736465260000159e+02
-5.914642780079999511e+02
-5.859992870129999574e+02
-5.768141049470000326e+02
-5.859995156740000084e+02
-6.002209454960000130e+02
-5.992191425590000335e+02
-5.927970186060000515e+02
-6.010296911479999835e+02
-6.030550218219999579e+02
-5.912941158910000468e+02
-5.900352081150000458e+02
-6.018896619079999937e+02
-6.002012982610000336e+02
-5.889279704799999990e+02
-5.938967344909999611e+02
-5.948120183920000272e+02
-5.805787295119999953e+02
-5.970211233840000205e+02
-5.832213440680000076e+02
-5.991720483110000259e+02
-5.882714598710000473e+02
-5.962559682810000368e+02
-5.883822124439999470e+02
-5.946165635080000129e+02
-5.969483172290000539e+02
-5.937422993149999684e+02
-5.946015561689999913e+02
-6.028423945660000527e+02
-5.848911695880000252e+02
-6.029797352919999867e+02
-5.899089513420000230e+02
-5.999254040340000529e+02
-5.905940425539999978e+02
-5.855852280020000080e+02
-6.027743357130000277e+02
-6.016862686770000437e+02
-5.845085251900000003e+02
-5.980664409879999539e+02
-6.009549223709999524e+02
-6.020584814869999946e+02
-5.975483232269999689e+02
-5.847292528279999715e+02
-6.000339921529999856e+02
-5.842420949950000022e+02
-5.909670266399999718e+02
-5.991434714490000033e+02
-5.960054932470000040e+02
-5.890024691979999716e+02
-5.911130795479999733e+02
-5.888854537739999842e+02
-5.955989449459999605e+02
-5.965912594809999518e+02
-6.004021387430000232e+02
-5.887200028050000356e+02
-5.875708920590000162e+02
-5.941826256279999825e+02
-5.968607643039999857e+02
-5.941956920569999738e+02
-5.895958266049999565e+02
-5.921779412829999956e+02
-6.056024845539999433e+02
-6.026612324960000251e+02
-5.979466322929999933e+02
-5.874036250960000416e+02
-5.983491743969999561e+02
-6.037583929800000533e+02
-6.053736323169999878e+02
-5.992165703739999572e+02
-5.917600171770000088e+02
-5.952292730399999527e+02
-5.968127092859999721e+02
-5.972127742359999729e+02
-5.892204223349999666e+02
-5.628804322099999808e+02
-5.999475786149999976e+02
-5.931310442630000352e+02
-5.940206414780000159e+02
-6.009543806069999619e+02
-5.855615792659999670e+02
-5.900485045100000434e+02
-5.947447690779999903e+02
-5.923588860190000105e+02
-5.982128564260000303e+02
-6.012516205059999947e+02
-6.035543608230000245e+02
-6.011206083380000109e+02
-6.026285104459999502e+02
-5.985932949589999907e+02
-5.980259493759999714e+02
-5.985545449930000359e+02
-5.945776229929999772e+02
-5.937051530280000406e+02
-5.934139942530000553e+02
-6.004123348419999502e+02
-5.972898272859999906e+02
-6.009439982410000312e+02
-6.000838281190000316e+02
-5.993105881489999547e+02
-5.995540523649999614e+02
-6.025063899000000447e+02
-5.971993664039999885e+02
-6.051458091560000412e+02
-5.878192923999999948e+02
-5.964468877939999629e+02
-5.978370275019999553e+02
-5.872849999750000052e+02
-5.926086415729999999e+02
-6.019076491199999737e+02
-5.840767785430000458e+02
-5.967529754749999711e+02
-6.001723552780000546e+02
-6.013887488269999722e+02
-6.050308878250000362e+02
-5.939895739309999954e+02
-5.937682894450000504e+02
-6.015091395560000365e+02
-5.917686624550000261e+02
-6.008495783710000069e+02
-6.040383140559999902e+02
-5.955337469239999564e+02
-6.057385119719999693e+02
-5.985446887379999907e+02
-5.986285308000000214e+02
-5.912024276099999724e+02
-5.970087163360000204e+02
-5.965961832230000255e+02
-6.002195765599999504e+02
-6.009139441989999568e+02
-5.963660293330000286e+02
-6.010024290559999827e+02
-5.956442195880000554e+02
-5.956239839429999847e+02
-6.008796764620000204e+02
-5.979758098600000267e+02
-5.934496955700000171e+02
-6.000837893520000534e+02
-6.040182171349999862e+02
-5.992662836370000150e+02
-5.923323751890000040e+02
-6.003054171539999970e+02
-5.955743436909999673e+02
-6.007076164369999560e+02
-5.930999596599999677e+02
-5.991972267459999557e+02
-6.021690452709999590e+02
-5.988711410360000400e+02
-5.915149904789999482e+02
-5.947002052020000065e+02
-5.978757608260000325e+02
-5.913254626110000345e+02
-6.017539683300000206e+02
-6.013959318619999976e+02
-5.942834889629999680e+02
-5.989331149030000461e+02
-6.029951451059999954e+02
-5.952412839180000219e+02
-6.017649252270000488e+02
-5.962889722600000368e+02
-5.863525054699999828e+02
-5.892742425709999452e+02
-5.936542562490000137e+02
-5.963463649110000233e+02
-5.848096686820000514e+02
-6.000716435069999761e+02
-5.968920060169999715e+02
-5.986169182080000155e+02
-6.015776187740000296e+02
-5.975790635009999505e+02
-5.868112265089999937e+02
-5.935220862219999844e+02
-5.996226795239999774e+02
-6.047576856360000193e+02
-6.004798743530000138e+02
-5.872988631079999777e+02
-5.983468778500000553e+02
-6.017858314869999958e+02
-6.040746735620000436e+02
-5.948590120049999541e+02
-5.961092053769999666e+02
-5.954134854630000291e+02
-5.893241195159999961e+02
-5.958184057260000372e+02
-6.034719772790000434e+02
-6.023042592210000521e+02
-5.977287631860000374e+02
-5.964122869510000555e+02
-5.936885308910000276e+02
-5.992086389050000435e+02
-6.057360498169999801e+02
-6.014699104610000404e+02
-5.987601145480000469e+02
-5.894466708329999847e+02
-6.019359021989999974e+02
-5.933097622159999673e+02
-5.976852620629999819e+02
-5.965635920780000561e+02
-5.958644486440000492e+02
-6.038522086509999554e+02
-5.966651157920000514e+02
-5.918577539139999999e+02
-5.956763532940000232e+02
-5.964627234099999669e+02
-5.867415837309999915e+02
-5.977342331459999514e+02
-6.006665729869999950e+02
-5.890011818289999610e+02
-5.726786189220000551e+02
-5.801689569279999432e+02
-5.956576274279999552e+02
-5.962243572070000255e+02
-6.004837689050000336e+02
-5.873242396220000501e+02
-5.901262663070000372e+02
-5.934193967850000035e+02
-5.943499505500000168e+02
-5.903169510740000305e+02
-5.954450400419999596e+02
-5.952529167789999747e+02
-6.020847067739999829e+02
-5.982300553960000116e+02
-6.007519832030000089e+02
-5.991098872779999738e+02
-5.910364985999999590e+02
-5.991535361590000548e+02
-5.871949737639999967e+02
-5.961985610140000063e+02
-5.945642587879999610e+02
-5.924246705660000316e+02
-5.991583920189999617e+02
-5.930351619519999531e+02
-5.955901481570000442e+02
-5.904629838209999662e+02
-5.954928219500000068e+02
-6.008461785959999588e+02
-5.982951298000000406e+02
-6.029621906779999563e+02
-5.893461729819999846e+02
-5.943315980129999616e+02
-5.912254870540000411e+02
-5.852035941899999898e+02
-6.008651474470000267e+02
-5.932574144440000055e+02
-6.034731658409999682e+02
-5.980583852040000465e+02
-5.987556022700000540e+02
-5.967433094399999618e+02
-5.985849970909999911e+02
-5.970220116509999571e+02
-6.028715439879999849e+02
-6.034466740899999877e+02
-6.028989347709999720e+02
-5.912199360749999641e+02
-5.958719948130000148e+02
-6.019811755470000207e+02
-5.974232227749999993e+02
-5.946416365449999830e+02
-6.023071221220000098e+02
-6.025501964920000546e+02
-6.011410606270000017e+02
-6.052175429860000122e+02
-5.999625941580000017e+02
-5.910307085450000386e+02
-5.943589231370000334e+02
-6.031230035019999605e+02
-5.978631752210000059e+02
-5.983486695459999964e+02
-6.027501527379999970e+02
-6.024949798530000180e+02
-5.963369583549999788e+02
-5.967338757810000516e+02
-5.941700091599999496e+02
-5.904035826809999890e+02
-5.934729479349999792e+02
-5.895173989050000500e+02
-5.912585168829999702e+02
-5.926643502729999682e+02
-5.904425784390000445e+02
-5.864128705800000034e+02
-5.915807137689999990e+02
-5.945004473919999555e+02
-5.911998191789999737e+02
-5.969902959089999968e+02
-5.946590185139999676e+02
-5.969047002459999476e+02
-5.908161505419999457e+02
-5.932963871040000186e+02
-6.047948937109999861e+02
-6.014475264610000522e+02
-5.822489313510000102e+02
-6.013136833099999876e+02
-6.030224837859999525e+02
-5.955541657789999590e+02
-5.925096725209999704e+02
-6.017949622229999704e+02
-5.918002155230000199e+02
-5.973593198040000516e+02
-6.008104252360000146e+02
-5.882218979120000313e+02
-5.943320331559999659e+02
-5.929764138900000034e+02
-5.927102369000000408e+02
-6.014484093390000226e+02
-5.935106961720000527e+02
-5.978586309429999801e+02
-5.965845819779999601e+02
-5.876218637319999516e+02
-5.907017628600000307e+02
-5.930537360729999818e+02
-5.946221831750000320e+02
-5.904554278010000417e+02
-5.935530304769999930e+02
-5.953774870900000451e+02
-5.975976292149999836e+02
-5.993146209940000517e+02
-5.993136646680000013e+02
-5.996702810489999820e+02
-5.927895060519999788e+02
-5.872843242589999591e+02
-5.999740198890000329e+02
-6.003638481829999591e+02
-5.955647767870000280e+02
-5.950473046020000538e+02
-6.045582734790000359e+02
-6.036445354779999661e+02
-6.017622036569999864e+02
-5.759593585600000551e+02
-5.978602268529999719e+02
-6.014673923090000471e+02
-5.986432500979999531e+02
-5.903800772260000258e+02
-5.973212567269999909e+02
-5.991440271909999638e+02
-5.969572080689999893e+02
-5.789032423229999722e+02
-5.905327843500000427e+02
-5.990343984569999520e+02
-5.861025141840000288e+02
-5.975914937909999480e+02
-5.953648823779999475e+02
-5.825363648520000197e+02
-5.986699091479999879e+02
-5.915124774900000375e+02
-6.019296866559999444e+02
-5.827601088589999563e+02
-5.970124879200000123e+02
-5.895065013360000421e+02
-5.961977536880000343e+02
-5.995362868529999787e+02
-6.023666061640000180e+02
-6.048831005929999947e+02
-5.994240890009999703e+02
-5.871238414260000127e+02
-5.943243920889999572e+02
-6.032187540380000428e+02
-5.920106202289999828e+02
-5.938444037579999986e+02
-6.061492658460000484e+02
-5.914002291230000310e+02
-5.892229416889999811e+02
-6.037458109220000324e+02
-5.801491124819999641e+02
-5.924831808579999688e+02
-5.934382102399999894e+02
-6.032551317070000323e+02
-5.916773489800000334e+02
-6.022074301889999788e+02
-6.018328963139999814e+02
-6.013833566189999829e+02
-6.001185652509999500e+02
-5.998270419530000481e+02
-6.002848912709999922e+02
-5.991607402869999532e+02
-5.966680308149999519e+02
-5.931056332389999852e+02
-5.965309737300000279e+02
-5.893912759500000220e+02
-5.985832724650000500e+02
-6.004010353339999710e+02
-5.860076949860000468e+02
-6.013541370369999868e+02
-5.947959749030000012e+02
-5.985728297680000196e+02
-5.917701115419999951e+02
-5.973347293519999539e+02
-5.809713448139999628e+02
-5.975959107280000353e+02
-6.010101303999999800e+02
-5.989755347660000098e+02
-5.886738661440000442e+02
-5.945445939610000323e+02
-6.010605158270000175e+02
-5.946996212970000215e+02
-5.981726717569999892e+02
-5.945093248560000347e+02
-5.946869647879999548e+02
-5.891881105969999908e+02
-5.854633896630000436e+02
-5.960104096520000212e+02
-5.966318844490000401e+02
-5.958590627859999813e+02
-5.942463828559999683e+02
-5.943352306829999634e+02
-5.854132754519999935e+02
-5.990593217680000180e+02
-5.962177154260000407e+02
-5.991331640690000313e+02
-6.007330951550000009e+02
-5.944619336279999970e+02
-5.898886842760000491e+02
-5.933787152669999614e+02
-5.891369163189999654e+02
-5.921089321929999869e+02
-5.979936614309999641e+02
-5.996917861560000347e+02
-5.956085453470000175e+02
-5.890097082510000064e+02
-6.021628954550000117e+02
-5.997649557610000102e+02
-5.977337408219999588e+02
-6.014486862219999921e+02
-5.942920802659999708e+02
-5.947389637820000416e+02
-5.950675925790000065e+02
-5.984413154269999495e+02
-5.955785294109999768e+02
-6.036595355440000503e+02
-5.973426968969999962e+02
-6.019104764820000355e+02
-5.976894239350000362e+02
-5.898044064289999824e+02
-5.971988472020000245e+02
-5.998929066910000074e+02
-5.985890282730000536e+02
-6.009867402309999989e+02
-5.896928569609999613e+02
-5.804299891050000042e+02
-5.816120133699999997e+02
-5.891655896879999545e+02
-5.880691823079999949e+02
-5.917035840360000520e+02
-5.916151670880000211e+02
-5.957709608239999852e+02
-6.026474397639999552e+02
-6.016519269990000112e+02
-5.939315319559999580e+02
-5.986162295599999652e+02
-5.919993563570000106e+02
-6.013580567190000465e+02
-5.901091529340000079e+02
-6.044738747119999971e+02
-5.897933325899999772e+02
-6.028480596419999529e+02
-6.003555272610000202e+02
-5.969979402249999794e+02
-6.004568676070000492e+02
-5.955607063749999952e+02
-5.967951156640000363e+02
-5.886202313589999449e+02
-5.987627657900000031e+02
-5.934477745059999734e+02
-5.983946890700000267e+02
-5.971380380299999615e+02
-5.865508900820000235e+02
-5.907711264849999679e+02
-6.013069474769999943e+02
-5.961287598019999905e+02
-5.944014631950000194e+02
-5.997461309469999833e+02
-5.996860611719999952e+02
-5.999921813600000178e+02
-6.043029335799999444e+02
-5.941299120610000273e+02
-5.957156028790000164e+02
-5.990352833829999781e+02
-6.002772194699999773e+02
-5.963633903099999998e+02
-5.994225435670000479e+02
-5.996081971690000501e+02
-5.879798525420000033e+02
-5.931777204249999613e+02
-5.882490656039999521e+02
-5.990314455410000392e+02
-5.968721836229999553e+02
-6.024270022309999604e+02
-5.983214540970000144e+02
-5.983398025650000136e+02
-5.994447508150000203e+02
-5.960569423220000544e+02
-5.989485745819999920e+02
-6.003025418339999533e+02
-5.984585589329999493e+02
-6.000849494330000198e+02
-5.954484534040000199e+02
-5.989182061110000177e+02
-5.989529897009999786e+02
-5.944430765480000218e+02
