-5.822993105519999517e+02
-5.916550270100000262e+02
-5.903590337260000069e+02
-5.950925336740000375e+02
-5.974406938759999548e+02
-5.957724083560000281e+02
-5.849627111400000103e+02
-5.984093903220000357e+02
-5.987423487779999505e+02
-5.810597955219999449e+02
-5.980544826990000047e+02
-5.910974631340000087e+02
-5.793730557530000169e+02
-5.892634969539999474e+02
-5.973801603629999590e+02
-5.926527011660000426e+02
-5.881471628250000094e+02
-6.022422938229999545e+02
-5.977065910430000031e+02
-5.793041936780000469e+02
-5.961822885779999979e+02
-5.913283063100000163e+02
-5.896989453329999833e+02
-5.892102850569999646e+02
-5.896919228220000377e+02
-5.830909088050000264e+02
-5.847849154079999607e+02
-5.843669727379999586e+02
-5.690580527680000387e+02
-5.968346324819999609e+02
-5.960482810769999560e+02
-5.996579641419999689e+02
-5.960964402700000164e+02
-6.011539965319999510e+02
-5.927799553170000308e+02
-5.981876397370000404e+02
-6.047902807079999548e+02
-5.971062365669999963e+02
-5.887771345740000015e+02
-5.847588910120000492e+02
-5.885456915749999780e+02
-5.898194487279999976e+02
-5.975436813110000003e+02
-5.929325591169999825e+02
-5.931364149190000035e+02
-5.946342029249999541e+02
-5.901025922349999746e+02
-5.949698722860000544e+02
-5.691539432590000160e+02
-5.836846594520000053e+02
-5.874110878249999814e+02
-5.984075730639999620e+02
-5.912315537649999442e+02
-5.773609488619999865e+02
-5.757800494399999707e+02
-5.817702162120000366e+02
-5.864270069990000138e+02
-5.995804440169999907e+02
-5.856313395370000308e+02
-6.039399661439999818e+02
-5.959886894320000010e+02
-5.943970518739999989e+02
-5.887733983299999636e+02
-5.980918945500000063e+02
-5.788684851140000092e+02
-5.841817267540000103e+02
-5.937025233980000394e+02
-5.796851193649999914e+02
-5.881934995630000458e+02
-5.883316302140000289e+02
-5.884679077170000028e+02
-5.819423465959999930e+02
-6.000903835020000088e+02
-5.974651537080000026e+02
-5.961589670109999588e+02
-5.952503620590000537e+02
-5.891780091910000010e+02
-5.866746580139999878e+02
-5.901322594900000240e+02
-5.878600101130000439e+02
-5.945541494520000469e+02
-5.686401819389999446e+02
-5.933073498270000528e+02
-5.815050330430000258e+02
-5.936479921479999575e+02
-5.604956773640000165e+02
-5.934039403409999522e+02
-5.956760919219999550e+02
-5.910303636070000266e+02
-5.962358219970000164e+02
-5.980948395570000002e+02
-5.950241293069999529e+02
-5.851605738700000074e+02
-5.753725619279999819e+02
-5.781947778830000289e+02
-5.838341102089999595e+02
-5.812271066900000278e+02
-5.804400553089999448e+02
-5.765387251480000259e+02
-5.994555631360000234e+02
-5.928096469790000356e+02
-5.941834720040000093e+02
-5.960700780460000487e+02
-5.860396911809999665e+02
-5.929652700750000349e+02
-5.770005581980000215e+02
-5.812822121320000406e+02
-5.862954266469999993e+02
-5.909136010539999688e+02
-5.912054797690000214e+02
-5.862064595909999980e+02
-5.941884108560000186e+02
-5.697037954869999794e+02
-6.001963432369999509e+02
-5.929404702890000181e+02
-5.637955744610000011e+02
-5.995018912010000349e+02
-5.702941049419999899e+02
-5.903853033970000297e+02
-5.932530510459999959e+02
-5.933113629230000470e+02
-5.904085259360000464e+02
-5.934365188970000418e+02
-5.572317607810000482e+02
-5.907413246249999474e+02
-5.916177854459999708e+02
-5.827466271849999657e+02
-5.773787271139999575e+02
-5.818980333849999624e+02
-5.926008768069999633e+02
-5.861272761220000120e+02
-5.910120972910000319e+02
-6.032520082050000383e+02
-5.844628554229999509e+02
-5.726017990139999938e+02
-5.761514187149999771e+02
-5.885998086900000317e+02
-5.961649334579999504e+02
-5.618912379959999726e+02
-5.868092371870000079e+02
-5.885185235599999487e+02
-5.815294141350000245e+02
-5.920860653639999782e+02
-5.905770056950000253e+02
-5.791335546929999509e+02
-5.855181564209999578e+02
-5.980695609430000559e+02
-5.892308107759999984e+02
-5.999647677709999698e+02
-5.982666677109999682e+02
-5.978564931449999449e+02
-5.930794475039999725e+02
-5.837525226540000176e+02
-5.946980797789999542e+02
-5.741946826189999911e+02
-5.961183719690000089e+02
-5.982402121159999524e+02
-5.915007449099999803e+02
-5.899761762340000359e+02
-5.919335457529999758e+02
-5.971668336630000340e+02
-5.988354990870000165e+02
-5.953055780879999475e+02
-5.845009204399999589e+02
-5.564694132670000499e+02
-5.992503695430000334e+02
-5.865865718969999989e+02
-5.678814112439999917e+02
-5.931558254230000102e+02
-5.926245479279999699e+02
-5.822915460189999521e+02
-5.897341035849999571e+02
-6.005118486039999652e+02
-5.759618023320000475e+02
-5.987881749110000555e+02
-5.995236106580000524e+02
-5.959253358370000342e+02
-5.881456487919999745e+02
-5.952382630380000137e+02
-5.776517142479999620e+02
-5.916439597559999584e+02
-5.945939802540000301e+02
-5.873552260039999737e+02
-6.014060220049999543e+02
-6.043859103470000491e+02
-5.780947247990000051e+02
-5.985613458090000449e+02
-5.975740475730000298e+02
-5.955284159159999717e+02
-5.750368327170000384e+02
-5.918493072479999455e+02
-5.888001927640000304e+02
-5.726113561490000166e+02
-5.794613051410000253e+02
-5.681256718350000483e+02
-5.782458123799999612e+02
-5.466600889219999999e+02
-5.758624279409999644e+02
-5.863719258260000515e+02
-5.769533208269999704e+02
-5.734425248520000196e+02
-5.942625344959999438e+02
-5.830317522259999805e+02
-6.027194836840000107e+02
-5.856233764180000207e+02
-5.902230613220000350e+02
-5.997101770640000495e+02
-5.741177651990000186e+02
-5.806698330670000132e+02
-5.722342562820000467e+02
-5.847350633329999710e+02
-5.721489207900000338e+02
-5.827973047440000300e+02
-5.571550077519999604e+02
-5.772315227709999590e+02
-5.929967916650000461e+02
-5.808951690420000205e+02
-5.935106213000000253e+02
-5.781015450549999741e+02
-5.840584383980000212e+02
-5.697393880920000129e+02
-5.870284905969999727e+02
-5.994619974610000099e+02
-6.023899135310000474e+02
-5.934232890939999834e+02
-5.887348061290000487e+02
-5.990060175940000136e+02
-5.716760063680000030e+02
-5.930930179260000159e+02
-5.926254744279999613e+02
-5.959268010160000131e+02
-6.014545733969999901e+02
-5.816552813280000009e+02
-5.779915649959999655e+02
-5.711629039499999863e+02
-5.833277623510000467e+02
-5.966116728859999512e+02
-5.870864405270000361e+02
-5.945153112430000419e+02
-5.957245632929999601e+02
-5.901518117580000080e+02
-5.997322635560000208e+02
-5.952198866649999900e+02
-5.646098609260000103e+02
-5.745694578180000462e+02
-5.847809615500000291e+02
-5.971370997379999608e+02
-5.856697314049999932e+02
-5.919464366769999515e+02
-5.906544892169999912e+02
-5.912913889180000524e+02
-5.822983222699999715e+02
-5.886569580929999574e+02
-5.940966251569999486e+02
-5.936526875929999960e+02
-5.883883291600000121e+02
-5.953640238420000514e+02
-5.933801664919999439e+02
-5.768191472250000515e+02
-5.908296825270000454e+02
-5.712741881880000392e+02
-5.754558354460000373e+02
-5.867795357610000337e+02
-5.691835555830000430e+02
-5.845135490919999484e+02
-5.892149269999999888e+02
-5.902041709420000188e+02
-5.823551043510000227e+02
-5.951505403249999517e+02
-5.958197027720000278e+02
-5.884331017790000260e+02
-5.916114567680000391e+02
-5.835971799830000464e+02
-6.015493611350000265e+02
-5.836575601289999895e+02
-5.976179472100000112e+02
-5.899002052030000414e+02
-5.840691707460000544e+02
-5.857030332189999626e+02
-5.850431764579999481e+02
-5.827379483629999868e+02
-5.724797246460000224e+02
-5.930162451469999496e+02
-5.954142414660000213e+02
-6.010136772380000139e+02
-5.785768135340000526e+02
-5.900612713680000070e+02
-5.573299815840000520e+02
-5.863440265540000382e+02
-5.957421414709999681e+02
-5.979783766519999517e+02
-6.000234783629999811e+02
-5.895976643049999666e+02
-5.856028133769999613e+02
-5.861515613349999967e+02
-5.850277188589999469e+02
-5.907914580090000527e+02
-5.921261918650000098e+02
-5.994162416809999741e+02
-5.860375210649999644e+02
-5.932659696670000358e+02
-5.797246651200000542e+02
-5.784712773449999759e+02
-5.898198452499999576e+02
-5.823274578819999761e+02
-6.033788455500000509e+02
-5.986816788319999887e+02
-5.855177567199999658e+02
-5.944223233579999714e+02
-5.819134493190000512e+02
-5.881677234300000237e+02
-5.982387656449999440e+02
-5.959639214259999562e+02
-6.034280156160000388e+02
-6.024289065269999810e+02
-5.867756482720000122e+02
-5.708946390090000023e+02
-5.778533287679999830e+02
-5.877800616700000091e+02
-6.014887472330000264e+02
-5.961053848609999477e+02
-5.891575262699999485e+02
-6.005619260839999924e+02
-5.716964519670000300e+02
-6.033550296820000085e+02
-5.860367206270000224e+02
-5.917521390639999481e+02
-5.939778451519999862e+02
-5.796411945219999780e+02
-5.934537684880000370e+02
-5.908200339029999668e+02
-5.893666422500000408e+02
-5.823283910510000396e+02
-5.904084297489999926e+02
-5.856807405409999774e+02
-5.939146848670000054e+02
-5.952758628059999637e+02
-5.874715469120000080e+02
-6.003243988750000426e+02
-5.853877116139999544e+02
-5.975475331979999964e+02
-5.844471973659999549e+02
-5.877977530650000517e+02
-5.977271167310000237e+02
-5.981287524780000240e+02
-5.877373358119999693e+02
-5.852513773749999473e+02
-5.749980138869999564e+02
-5.838676852910000434e+02
-5.842504903789999844e+02
-5.997109090090000336e+02
-6.009192051659999834e+02
-5.901016389149999668e+02
-5.982939331269999457e+02
-5.671235631790000298e+02
-5.919124960780000038e+02
-5.988189142840000159e+02
-5.936253139289999581e+02
-5.959400717019999547e+02
-6.009053764469999805e+02
-5.993209343779999472e+02
-5.957850211590000526e+02
-5.973475758350000433e+02
-5.757861653679999563e+02
-5.741240454579999550e+02
-5.783628779729999678e+02
-6.036852832690000241e+02
-5.920195351950000031e+02
-5.774211817010000232e+02
-5.939440425430000232e+02
-5.937440310900000213e+02
-5.974974476759999789e+02
-5.994400618639999720e+02
-6.013926284149999901e+02
-5.972206618039999739e+02
-5.943222041989999980e+02
-5.976240009590000000e+02
-5.903631689390000474e+02
-5.820257433020000235e+02
-5.996691795030000094e+02
-5.723884216709999464e+02
-5.755529059540000389e+02
-5.992819958589999487e+02
-5.950205060130000447e+02
-5.941910576579999770e+02
-5.932859241119999751e+02
-5.922153897570000254e+02
-5.820244581169999947e+02
-5.739865594479999800e+02
-5.908096567119999918e+02
-5.849322578850000127e+02
-5.822763863290000472e+02
-5.799590356710000378e+02
-5.914890117439999813e+02
-5.932940245779999486e+02
-5.775805018910000399e+02
-5.977512926540000535e+02
-5.875898717999999690e+02
-5.958808208310000509e+02
-5.921215727830000333e+02
-5.849094229620000078e+02
-5.805381421179999961e+02
-5.901089662499999804e+02
-5.582545566799999506e+02
-5.914098049839999476e+02
-5.881302070230000254e+02
-5.775674364190000460e+02
-5.790756460860000061e+02
-5.837151026999999885e+02
-5.897571350969999457e+02
-6.011928061869999738e+02
-5.939761077160000013e+02
-5.806204638960000466e+02
-5.869082877829999916e+02
-5.922891683399999465e+02
-5.826622360479999543e+02
-5.834898040849999461e+02
-5.877384935620000306e+02
-5.968710350860000062e+02
-5.914726517249999915e+02
-5.997186208040000110e+02
-5.913822912189999670e+02
-5.889679017319999730e+02
-5.785559028919999491e+02
-5.894171124849999615e+02
-5.817854615659999808e+02
-6.010365969429999495e+02
-5.984947415870000214e+02
-5.838379103700000314e+02
-5.953011989939999467e+02
-5.912548593300000448e+02
-5.766825151010000354e+02
-5.775420499179999752e+02
-5.989366433120000011e+02
-5.983159850700000106e+02
-5.832243979539999827e+02
-5.738008541729999479e+02
-5.976847361119999960e+02
-5.978526660539999966e+02
-5.792311182649999637e+02
-5.880798407820000193e+02
-5.917202313139999887e+02
-5.934061788720000550e+02
-5.774671308260000160e+02
-5.714370752840000023e+02
-5.767235323390000303e+02
-5.945480631579999908e+02
-5.974992450339999550e+02
-5.806130997430000207e+02
-5.791894923359999439e+02
-5.677833280969999805e+02
-5.835525141489999896e+02
-5.903916112900000144e+02
-5.899213863490000449e+02
-5.738226856479999469e+02
-5.921376451039999438e+02
-5.957219791390000410e+02
-5.907044789130000026e+02
-5.933940705249999610e+02
-5.953639189120000310e+02
-5.960710956770000166e+02
-5.951442192609999893e+02
-5.932802791110000271e+02
-5.878422341340000230e+02
-5.875496946759999446e+02
-6.001515837929999861e+02
-5.863785231909999993e+02
-5.770693049660000042e+02
-5.924058984700000110e+02
-5.692823059359999434e+02
-5.806958424790000208e+02
-5.779447698430000173e+02
-5.917772224069999538e+02
-6.006095203539999829e+02
-5.976354933840000285e+02
-5.877394602910000003e+02
-5.764126618789999839e+02
-5.827168355149999570e+02
-5.996009999249999964e+02
-5.896551222470000084e+02
-5.935139621629999738e+02
-5.941134379269999499e+02
-5.951645125789999611e+02
-5.902481268909999699e+02
-5.997312393849999808e+02
-5.970633491739999954e+02
-5.997748921229999723e+02
-5.809192169259999901e+02
-5.936736177379999617e+02
-5.694819383349999953e+02
-6.009830294549999508e+02
-6.050105139869999675e+02
-5.889641603879999820e+02
-5.796526740259999997e+02
-5.828820898100000250e+02
-5.766684229160000541e+02
-5.871293899019999571e+02
-5.978078138529999705e+02
-5.534019823050000468e+02
-5.720106607029999850e+02
-5.747200798310000209e+02
-5.675327517440000520e+02
-5.753534847920000175e+02
-5.945534862050000129e+02
-5.903834227979999696e+02
-5.911037976520000257e+02
-5.943347745360000545e+02
-5.973225193660000514e+02
-5.830110271510000075e+02
-5.948672861219999959e+02
-5.947839991069999996e+02
-5.940599411340000415e+02
-5.643549490049999804e+02
-5.828061702420000074e+02
-5.810899752899999839e+02
-5.921351657310000292e+02
-5.787952814069999476e+02
-5.848426460360000192e+02
-5.953159663120000005e+02
-6.004714875690000326e+02
-5.919402943759999971e+02
-5.989296230649999870e+02
-5.968827825209999673e+02
-5.900323971440000150e+02
-5.947201593690000436e+02
-5.842809845259999975e+02
-5.911158546640000395e+02
-5.929928074639999522e+02
-5.987552023509999799e+02
-5.903802608460000556e+02
-5.965818791269999792e+02
-5.614241487919999827e+02
-5.998683000140000559e+02
-5.882593733200000088e+02
-5.901908671810000442e+02
-5.934082592199999908e+02
-5.945237299670000084e+02
-5.995327307510000310e+02
-5.924333572739999454e+02
-5.876758754889999636e+02
-5.774171798200000012e+02
-5.601647119330000351e+02
-5.889222287869999946e+02
-5.792210934229999566e+02
-5.824610174719999804e+02
-5.903390889270000343e+02
-5.914672331729999541e+02
-5.907137775490000422e+02
-5.943048459469999898e+02
-5.992784658570000147e+02
-5.917685616200000140e+02
-5.937861751570000024e+02
-5.891330774570000131e+02
-5.891859570909999775e+02
-5.923242525939999723e+02
-5.982246801009999899e+02
-5.949656942919999665e+02
-5.787527550360000532e+02
-5.761277766650000558e+02
-5.821062866620000023e+02
-5.726533498820000432e+02
-5.762290515559999449e+02
-5.845214953390000119e+02
-6.021617083249999496e+02
-5.880218406740000319e+02
-5.987590915880000466e+02
-5.947150867670000025e+02
-5.894805360850000397e+02
-5.712461432759999980e+02
-5.943070032040000115e+02
-5.838043287660000260e+02
-5.846866999919999444e+02
-5.965015012369999567e+02
-5.980009688459999779e+02
-5.766056094430000485e+02
-5.893954225480000559e+02
-5.925176235090000318e+02
-5.727848937039999555e+02
-5.841768893839999919e+02
-6.031034411599999885e+02
-5.903491720949999717e+02
-5.949541344900000013e+02
-5.856849770219999982e+02
-5.790152534149999610e+02
-5.908643691040000476e+02
-5.955432849369999531e+02
-5.919010961359999783e+02
-5.873722550329999876e+02
-5.749232765250000057e+02
-5.834019550770000251e+02
-6.003091817529999616e+02
-5.919905011260000265e+02
-5.974156219469999769e+02
-6.005725729759999467e+02
-5.989292109279999750e+02
-5.962751860849999730e+02
-5.932879697030000443e+02
-5.915072345319999840e+02
-5.925806098220000422e+02
-5.974670533810000279e+02
-5.859570319749999499e+02
-5.786755783470000551e+02
-6.010475163769999654e+02
-5.900219107589999794e+02
-5.855200747869999987e+02
-6.001722683430000416e+02
-5.655820336440000347e+02
-5.831948801710000225e+02
-5.834143201900000122e+02
-5.941036293720000003e+02
-5.762980533449999712e+02
-6.001071330979999630e+02
-5.819409190290000424e+02
-5.997001548949999687e+02
-5.934179492050000135e+02
-5.974500409610000133e+02
-6.018372441279999521e+02
-5.919844702909999796e+02
-5.916955599049999819e+02
-5.844494006959999979e+02
-5.951228573590000224e+02
-5.942147663660000489e+02
-5.917164616100000103e+02
-5.919957060899999988e+02
-5.767868991420000384e+02
-5.748745207580000169e+02
-5.833676178709999931e+02
-5.957513417280000567e+02
-5.941404035750000503e+02
-6.006939362079999682e+02
-6.032998655320000125e+02
-6.023822334989999945e+02
-5.971210781959999849e+02
-5.872712368479999441e+02
-5.886236742720000166e+02
-5.796711998529999619e+02
-5.907249041300000272e+02
-5.961092308480000383e+02
-5.971996857660000160e+02
-5.904344765429999597e+02
-5.896291170460000330e+02
-5.942173699380000471e+02
-5.944688087050000149e+02
-5.939316657670000268e+02
-5.959768097410000109e+02
-5.933503484909999770e+02
-5.989674053369999456e+02
-5.877098361619999878e+02
-5.914288061009999637e+02
-5.798637721879999845e+02
-5.981059498199999780e+02
-5.983115368640000042e+02
-5.945505768709999757e+02
-5.908649825930000361e+02
-5.943159795589999703e+02
-6.033218876780000528e+02
-5.842850910670000530e+02
-5.938244447829999899e+02
-5.823693108899999515e+02
-5.789586545539999634e+02
-6.003600406179999709e+02
-5.868664487539999755e+02
-5.812775948790000484e+02
-5.780086699250000493e+02
-6.005087267039999688e+02
-5.845569083850000425e+02
-6.030682221609999942e+02
-5.788477238499999658e+02
-5.888464225369999667e+02
-5.826360330899999553e+02
-5.820907630000000381e+02
-5.954953373959999681e+02
-5.790540817209999886e+02
-5.878937753379999549e+02
-5.958115221169999813e+02
-5.985596954730000334e+02
-5.997248889610000333e+02
-5.871225625270000137e+02
-5.705033826549999958e+02
-5.976654020119999586e+02
-6.021460118689999490e+02
-6.013834133149999843e+02
-6.037643173479999632e+02
-5.811591890280000143e+02
-5.855803850209999837e+02
-5.807923135810000304e+02
-5.845315074449999884e+02
-5.841007586739999624e+02
-6.026584653730000127e+02
-5.942968486949999942e+02
-6.050191377219999822e+02
-5.973983008080000445e+02
-5.988036980949999588e+02
-5.838646295869999676e+02
-5.829444310239999822e+02
-5.844367916869999817e+02
-5.834195688580000478e+02
-5.832791245720000006e+02
-5.800259598630000255e+02
-5.926654887350000536e+02
-5.940386013720000165e+02
-5.635518633259999888e+02
-5.913048398050000287e+02
-6.023636843409999528e+02
-5.942544811230000050e+02
-5.968525534640000387e+02
-5.955895043250000072e+02
-5.959460280240000429e+02
-5.961051324249999652e+02
-5.884958345390000432e+02
-5.809088378730000386e+02
-5.781211638959999846e+02
-5.865245453920000500e+02
-5.926132581870000422e+02
-5.941354373369999848e+02
-5.867961093820000542e+02
-5.862142606779999596e+02
-6.017770593970000164e+02
-5.922560772980000365e+02
-5.879089276040000414e+02
-5.872736627040000030e+02
-5.970437265010000374e+02
-5.952214572520000502e+02
-5.891758266939999658e+02
-5.775784513920000336e+02
-5.822315272270000150e+02
-5.800550650870000027e+02
-5.906363794589999543e+02
-5.975189600960000007e+02
-5.864510137280000208e+02
-5.818732415990000391e+02
-5.867510776850000411e+02
-6.018429726089999576e+02
-5.980848771729999953e+02
-5.877877996879999500e+02
-5.676982111170000280e+02
-5.925626411890000327e+02
-5.929518783959999837e+02
-5.939701834300000201e+02
-5.834911502769999743e+02
-5.786538278289999653e+02
-5.927672934590000295e+02
-5.675016776840000148e+02
-5.831598229029999629e+02
-5.952386634539999477e+02
-5.936480966399999488e+02
-6.014574532340000133e+02
-5.790643093720000252e+02
-5.771415954569999940e+02
-5.915703144980000161e+02
-5.946926690840000447e+02
-5.879700196659999847e+02
-5.837083550490000334e+02
-5.683477248670000108e+02
-5.930659407519999604e+02
-5.969085303150000072e+02
-5.982084893620000230e+02
-5.968885615389999657e+02
-5.828629815360000066e+02
-5.905198553879999963e+02
-5.984103883940000514e+02
-5.982003531709999606e+02
-5.883630571259999442e+02
-5.964152044439999827e+02
-5.811800703200000271e+02
-6.057068408110000064e+02
-5.788827354879999803e+02
-5.841571204959999477e+02
-5.768414805060000390e+02
-5.783976724890000014e+02
-5.683196721839999555e+02
-5.945462810830000535e+02
-5.935872466209999629e+02
-5.700818600520000246e+02
-5.804518463660000407e+02
-5.803390358719999540e+02
-5.993459434190000366e+02
-5.982945798470000227e+02
-5.904690242000000353e+02
-5.915730250269999715e+02
-6.017416813859999820e+02
-5.891462631570000212e+02
-5.941023745999999619e+02
-6.024617898239999931e+02
-6.048972382910000078e+02
-5.831052411550000443e+02
-5.999926878039999565e+02
-5.957778431860000410e+02
-5.927199103609999611e+02
-5.862616188829999828e+02
-5.733763983009999947e+02
-5.983473308579999639e+02
-5.900784791080000105e+02
-5.808820559289999892e+02
-6.008418468739999980e+02
-5.963405909709999833e+02
-5.982476457899999787e+02
-5.970039790700000140e+02
-5.734408725780000395e+02
-5.857834065639999608e+02
-5.745007372060000534e+02
-6.007489375100000188e+02
-5.896582932159999473e+02
-5.910427409159999570e+02
-5.828974513509999724e+02
-5.935163156590000426e+02
-5.827002378219999628e+02
-5.896491332079999665e+02
-5.953976807450000024e+02
-5.846288283210000145e+02
-5.722251590880000549e+02
-5.883540721279999843e+02
-5.747119808380000450e+02
-5.712102834580000490e+02
-5.846782800659999566e+02
-5.786959176870000192e+02
-5.955465197500000158e+02
-5.866233985190000340e+02
-5.830606832619999977e+02
-5.808225408839999773e+02
-5.903759135259999766e+02
-5.972318366990000413e+02
-5.925988550660000556e+02
-5.983788971169999513e+02
-5.942127059429999463e+02
-5.926192926669999679e+02
-5.964174724240000387e+02
-5.976205948550000357e+02
-5.781930713929999683e+02
-6.024090217479999865e+02
-5.991111441580000019e+02
-5.907704127560000416e+02
-5.963215584069999977e+02
-5.934452566510000224e+02
-5.874312322639999593e+02
-5.822444234990000496e+02
-5.750215141190000168e+02
-5.993304470230000334e+02
-6.029254702470000211e+02
-5.930823162829999546e+02
-5.842424359619999450e+02
-5.923599285010000131e+02
-5.895487237979999691e+02
-5.994849649530000306e+02
-6.012757598980000466e+02
-5.962560484599999882e+02
-5.992514925990000165e+02
-5.950223562500000298e+02
-5.909527053440000373e+02
-5.714086259480000081e+02
-6.011440031490000138e+02
-5.980027450869999939e+02
-6.010458808969999609e+02
-5.928322155260000272e+02
-5.980187014550000413e+02
-5.844510232769999902e+02
-5.865740818399999625e+02
-5.908461026979999815e+02
-5.953521510709999802e+02
-5.936336073219999889e+02
-5.920791160710000440e+02
-5.714931719549999798e+02
-5.864813274560000309e+02
-6.022962055770000234e+02
-5.860104150869999557e+02
-5.906884079469999733e+02
-5.731733505890000515e+02
-5.826286061109999537e+02
-5.969420069599999579e+02
-5.987923041069999499e+02
-5.770550631529999919e+02
-5.982021196919999966e+02
-5.949588146390000247e+02
-5.918492693120000467e+02
-6.014209211590000450e+02
-5.917216341629999761e+02
-6.015330389939999804e+02
-6.012132805950000147e+02
-5.971724467730000470e+02
-5.965559489109999731e+02
-5.967736901360000275e+02
-5.943110938170000281e+02
-5.881231328899999653e+02
-5.987014970430000176e+02
-6.008727963730000283e+02
-5.899779131440000128e+02
-5.808189124650000394e+02
-5.778415303689999973e+02
-5.865914708650000193e+02
-5.723484424949999720e+02
-5.900510386570000492e+02
-5.959334007429999929e+02
-5.933818967009999596e+02
-5.865014435690000028e+02
-5.852182002869999451e+02
-5.808571443820000013e+02
-6.006437259470000072e+02
-5.879941718899999614e+02
-5.933868801920000351e+02
-5.876356099539999605e+02
-5.949252099090000456e+02
-5.828581359060000295e+02
-5.885801228489999630e+02
-5.874956793999999718e+02
-5.962932254889999513e+02
-5.803001148429999603e+02
-5.907177294230000371e+02
-5.912665368020000187e+02
-5.805643688989999873e+02
-5.863095752389999689e+02
-5.977689797020000242e+02
-5.990446850109999559e+02
-5.958018591699999433e+02
-5.873996646780000219e+02
-5.860339706590000333e+02
-5.881567668540000113e+02
-5.830126918280000154e+02
-5.898463006780000342e+02
-5.953545113100000208e+02
-5.791912687420000339e+02
-5.908088700380000091e+02
-5.958305266309999979e+02
-5.848669377910000549e+02
-5.980169298140000365e+02
-5.915779806560000225e+02
-5.855108378270000458e+02
-5.872522151939999731e+02
-5.900202073359999986e+02
-5.804677011139999649e+02
-5.994154034079999747e+02
-5.977513484449999623e+02
-5.822424689670000362e+02
-5.946653977199999872e+02
-6.042799430989999792e+02
-5.903050004010000293e+02
-5.866825103390000322e+02
-5.983208980699999984e+02
-5.819813086179999573e+02
-5.852398172240000349e+02
-5.814675369819999560e+02
-5.722127356639999789e+02
-5.744833797950000189e+02
-5.640620655359999773e+02
-5.912944438819999959e+02
-5.885312546149999662e+02
-5.936429441440000119e+02
-5.934709212379999599e+02
-5.984345480209999550e+02
-5.892309050520000255e+02
-5.918427943980000236e+02
-5.991424550719999615e+02
-5.952856541319999906e+02
-5.939299136160000216e+02
-5.955267828319999808e+02
-5.945644391419999693e+02
-5.922482038670000293e+02
-5.994523855859999912e+02
-5.964925006380000241e+02
-5.766981935899999598e+02
-5.973100888420000274e+02
-5.943097448170000234e+02
-5.916228021370000079e+02
-5.907649074739999833e+02
-6.028415609300000142e+02
-5.997925607539999646e+02
-5.805228903590000300e+02
-5.775860124929999984e+02
-5.661403660260000379e+02
-5.804264465349999682e+02
-5.708347691440000062e+02
-6.013161374740000156e+02
-5.732432761210000081e+02
-5.990513210100000379e+02
-5.845731576509999741e+02
-5.812292286309999554e+02
-5.711019909880000114e+02
-5.984520954680000386e+02
-5.999243046530000356e+02
-5.941231861850000087e+02
-5.883056937420000168e+02
-5.886619078459999628e+02
-5.893477149320000308e+02
-5.731351467839999714e+02
-6.001995580149999796e+02
-5.803633229360000314e+02
-5.914752722020000419e+02
-6.022282715269999471e+02
-5.923298852399999532e+02
-5.984110729740000352e+02
-5.729696938439999485e+02
-5.965554289240000116e+02
-5.930498991880000403e+02
-5.885689665649999824e+02
-5.882232017540000015e+02
-5.934518998250000550e+02
-5.818845332260000305e+02
-5.938010904269999628e+02
-5.800060546419999810e+02
-5.891852511209999648e+02
-5.937608360409999477e+02
-5.995407614770000464e+02
-5.856106677100000297e+02
-5.720889593770000374e+02
-5.832885560900000428e+02
-5.848630939619999936e+02
-5.916554335590000164e+02
-5.881624889199999870e+02
-5.789791199280000455e+02
-6.057067624539999997e+02
-5.798238216460000558e+02
-5.879278802379999433e+02
-5.983356685190000235e+02
-5.764503295600000001e+02
-5.811451670059999515e+02
-5.898981204929999649e+02
-5.989455303419999836e+02
