4.854161616592508999e+00
4.170733868277859635e+00
4.591850716214541883e+00
3.158139958899858435e+00
2.790731445338300531e+00
4.422649545238690472e+00
4.697260691083688045e+00
3.723165051404516923e+00
2.717465179169734846e+00
2.680997948525883690e+00
2.757800029008630194e+00
2.741591143843297829e+00
2.797744448658597172e+00
3.115801502021590341e+00
3.001451149027750009e+00
2.764220504952526358e+00
2.578480754242699291e+00
2.932755189237588045e+00
2.841354958466118852e+00
2.824806719051765835e+00
2.752030886454583491e+00
2.786621431052306086e+00
2.930070647612442958e+00
3.297314210080683594e+00
2.836012870210570913e+00
2.801206347272545916e+00
2.769427738721485621e+00
2.842021463676866588e+00
2.661383662683755258e+00
2.867774921432991508e+00
3.131819119936526619e+00
2.784173306387373259e+00
2.947779672906372106e+00
2.736974424432935926e+00
2.843030777181280833e+00
2.939143072393720857e+00
2.879073462070740330e+00
2.834103209129829715e+00
2.740865009445010880e+00
2.787353404216982522e+00
3.026340694634363615e+00
2.837114379083085058e+00
2.992762102139092217e+00
3.035993412377569811e+00
2.915878941245675371e+00
2.802202348154037015e+00
2.687789612302272424e+00
2.943371366307690362e+00
2.992555095566328927e+00
2.732884922568090680e+00
2.930888943648326528e+00
2.811151009817864477e+00
2.840199464826370868e+00
2.754810156798467968e+00
2.957720913135652552e+00
2.792099031194989589e+00
2.855098947497267226e+00
2.712117069744593323e+00
2.944961969194169082e+00
2.799573003156016870e+00
2.655410137812989735e+00
2.979895467965277600e+00
2.829309102943684540e+00
2.996502294342521910e+00
2.782282875625697649e+00
2.766080620661661271e+00
2.692239402430623318e+00
3.095494144720677632e+00
2.966322639228578861e+00
2.926992654585931941e+00
2.808515800204798740e+00
2.798820823132484925e+00
5.910200927210512489e+00
2.819821270931900603e+00
5.864058236409321445e+00
2.848580172647419140e+00
2.750614658580877947e+00
2.686726446812179425e+00
6.193111657317345475e+00
3.095647428245018595e+00
2.760359578026021943e+00
2.994509308718208196e+00
3.106076142015839370e+00
3.015836036657165042e+00
2.833030532839348137e+00
2.939452500041461747e+00
3.089768437925405564e+00
2.808539478091771180e+00
2.937620465614985132e+00
2.908200474520283407e+00
2.590810297956992247e+00
2.742877321354347142e+00
2.926309279621687853e+00
2.997597371229165475e+00
2.901358474921703845e+00
2.774189070701562621e+00
2.739576244604263522e+00
2.793003222339709435e+00
2.511433455220344779e+00
2.866760715511499136e+00
2.709851102920600940e+00
2.771075423008186434e+00
2.864577455751545987e+00
2.784371383274867551e+00
2.766666947791150299e+00
2.834505071436634882e+00
2.822286130072569676e+00
2.799455304161864611e+00
2.830620073411477478e+00
3.019370132991316513e+00
2.989494271611838894e+00
2.741667740627955485e+00
2.726996516316073205e+00
2.872656088013321618e+00
2.879371285541341585e+00
2.951876860575318950e+00
2.794583511008394083e+00
2.869074589480029136e+00
2.603745187225508850e+00
2.797994460323322219e+00
3.237903642791118752e+00
3.063376078773221600e+00
3.092350238895975600e+00
2.861330110280881467e+00
3.224294806620511711e+00
2.949568103977258104e+00
2.782471024107888269e+00
3.100289986436753242e+00
2.769547255419195775e+00
2.940751264558088884e+00
2.914238665586605048e+00
2.888849424944124333e+00
2.860479155666057594e+00
2.935754417522010939e+00
2.790209490342974608e+00
2.908456291574621488e+00
2.966291624233868607e+00
2.885109010072236746e+00
2.825161411317944182e+00
2.897884745810295648e+00
2.989853675349347650e+00
2.759828617867421396e+00
2.689667265666889406e+00
2.932593732517343010e+00
2.692446471148497444e+00
2.777468451666012861e+00
2.933709256214732886e+00
2.871264878063325199e+00
2.726964796252419720e+00
2.984445677173567901e+00
2.946689837767116682e+00
2.785869523147126881e+00
2.834652006860806761e+00
5.792453279915169340e+00
2.727253013565114959e+00
5.997485473096204167e+00
2.901520463481173540e+00
5.996291020289124418e+00
5.688747225883745706e+00
2.983587437967924139e+00
2.861669442825288900e+00
2.838694242076804652e+00
2.716981045204401202e+00
2.856367448351139871e+00
2.891016776153330969e+00
2.800223741060703375e+00
2.680198686664851948e+00
2.717075449817321520e+00
2.795741225507110350e+00
2.682023303403607617e+00
5.777092780975565667e+00
2.745582998199107116e+00
2.829022976223416475e+00
2.700952794848514138e+00
2.700658808513211273e+00
2.743778781170230996e+00
5.766356995538864716e+00
2.553074617005934410e+00
2.707675940728505815e+00
2.941726533857285997e+00
2.716854247102703734e+00
3.004705143603944251e+00
2.746663794496879696e+00
2.922786512901686340e+00
2.958793842091739901e+00
2.913468379783793250e+00
2.802407714805252859e+00
2.799652835620873859e+00
2.958287342365511385e+00
2.864433800945660025e+00
2.776801397291495110e+00
2.792222949551128153e+00
2.730720417765245767e+00
2.911282363495509617e+00
2.699084844905769387e+00
2.896661008816876048e+00
5.962968472162166300e+00
5.697758243379584364e+00
2.810363321707710860e+00
3.074368065147698115e+00
2.827924503942777168e+00
2.880234191867043325e+00
2.846791351679992754e+00
2.933814581734844662e+00
6.175546453553725890e+00
2.763399355865887586e+00
5.522834507750526534e+00
6.006732889017123433e+00
2.895994993089594516e+00
5.910144922081014940e+00
2.822233335498679274e+00
2.757337483878242956e+00
6.152749060379433033e+00
6.002443252543083752e+00
2.839735551068092612e+00
2.934370460592867769e+00
2.775907239084188127e+00
2.826685161103018817e+00
2.877055091582363389e+00
2.875786848846764165e+00
2.745865801527816785e+00
2.882978147679930103e+00
2.788503003405232494e+00
2.810597979078473418e+00
2.750271622949267858e+00
2.901541314543013783e+00
2.717150529506969114e+00
2.953075346143406943e+00
2.881378836598894821e+00
2.922639389319181991e+00
2.797356609372497971e+00
2.708010524351779580e+00
2.661767457912129764e+00
2.711282537840717044e+00
2.822805342208350332e+00
2.786243707933676372e+00
2.735665549733738988e+00
2.704913676995996052e+00
2.730478346370833087e+00
2.837866275919286085e+00
6.019519166843810609e+00
5.215519724821295000e+00
5.574358886903496568e+00
2.877129472234435159e+00
2.838749372523048375e+00
2.720771949282041469e+00
2.970698402732932841e+00
2.871688179451243439e+00
2.971893167662660318e+00
3.031370317199797437e+00
2.986787739361470351e+00
2.864718834371009937e+00
2.959389126154247318e+00
2.778192577918240147e+00
2.683687947582579891e+00
2.787810969201462541e+00
2.882502211621007504e+00
2.788835957886372174e+00
2.929443803864481222e+00
3.197800025017199399e+00
2.773615149944202329e+00
5.665356475986308205e+00
4.908369383002872510e+00
7.381100256736796261e+00
5.585210918130129265e+00
2.821526005550896610e+00
2.855937324242252995e+00
6.035325177651986728e+00
5.092456479931861679e+00
6.026239623513157895e+00
5.929183754953121444e+00
5.955166664334424098e+00
7.771047484091188728e+00
7.603420874843112465e+00
2.663535432465654385e+00
2.846675253695089669e+00
2.962497932488730612e+00
5.865794660572427155e+00
2.529490264855747572e+00
5.819468446516399496e+00
6.206335633850299516e+00
5.749498847725774020e+00
2.882624151706218996e+00
3.015902020954924989e+00
2.909543606822210915e+00
3.073393564124191180e+00
2.787406321295838652e+00
2.948890977977992378e+00
5.726212884621038945e+00
2.697575578181267808e+00
5.647996901557223559e+00
2.746813790558070956e+00
2.991194075950271980e+00
5.302178514535322407e+00
3.251234996120705212e+00
5.588766142897732436e+00
2.893125126917257983e+00
2.917292066283387886e+00
2.868394150042842483e+00
2.686370227649197417e+00
2.764992766717482731e+00
2.885626448451011239e+00
3.035291419287446502e+00
2.818312615733037596e+00
3.038592108197478936e+00
2.933050630316496932e+00
6.043385144105909212e+00
2.665353447481214832e+00
2.863345770248504341e+00
5.626797846022194349e+00
2.762674609866315745e+00
2.944752960776166884e+00
2.890243761346090956e+00
2.864028805721060333e+00
2.731328797490335081e+00
2.902912675228106476e+00
6.193794152213973447e+00
5.600695313976649992e+00
2.795785757170960117e+00
2.685852192507994562e+00
5.516991752758018563e+00
2.734694498476931912e+00
