-5.463660505589999730e+02
-5.752389968820000377e+02
-6.017409925859999476e+02
-5.940077004329999681e+02
-5.935469661519999818e+02
-5.820001638109999931e+02
-5.757105319009999675e+02
-5.787564095279999492e+02
-5.699467053810000152e+02
-5.806264426779999894e+02
-5.918991285930000004e+02
-5.957332189229999813e+02
-5.755863641299999927e+02
-5.911191270020000275e+02
-5.988030588870000201e+02
-5.844281893239999590e+02
-5.645442219929999510e+02
-5.969690475009999773e+02
-5.868974712660000250e+02
-5.925691167019999739e+02
-5.815877314660000366e+02
-5.981622092940000357e+02
-6.044758385239999825e+02
-5.947922228500000301e+02
-5.922483693179999591e+02
-5.969591159809999681e+02
-5.990893228239999644e+02
-5.907795061890000170e+02
-5.689184310650000498e+02
-5.543023713909999515e+02
-5.867693296259999443e+02
-5.791952996380000513e+02
-5.768897819119999895e+02
-5.905633023650000268e+02
-5.991743289590000359e+02
-5.583857040789999928e+02
-5.769598680599999625e+02
-5.901006541000000425e+02
-5.979492840110000316e+02
-5.789907309579999719e+02
-5.792825282789999619e+02
-5.909367222150000316e+02
-5.929386110489999737e+02
-5.994737851129999626e+02
-5.347505114289999710e+02
-5.877847354650000398e+02
-5.975201554740000347e+02
-5.880489706839999826e+02
-5.911768503639999608e+02
-5.919766787879999583e+02
-5.654015475910000532e+02
-5.725890147989999832e+02
-5.888172135209999851e+02
-5.880092430009999589e+02
-5.948438784369999439e+02
-5.715059552610000537e+02
-5.899588266880000447e+02
-5.996045452119999482e+02
-5.993561437719999958e+02
-5.938799120280000352e+02
-5.853138718500000550e+02
-5.784515783890000193e+02
-5.874618602110000438e+02
-5.991456000299999687e+02
-5.714664158970000472e+02
-5.833564705469999581e+02
-6.003485669980000239e+02
-5.974711955960000296e+02
-5.828407507020000367e+02
-5.895849075600000333e+02
-5.991090037840000377e+02
-5.950716958100000511e+02
-5.999260065539999687e+02
-5.912340618460000314e+02
-5.931065821439999581e+02
-5.814261984260000418e+02
-5.853494509719999996e+02
-5.999748283469999706e+02
-5.739178613679999899e+02
-5.931720413699999881e+02
-5.951489276810000320e+02
-5.898706165710000278e+02
-5.934544385909999846e+02
-5.811001665239999738e+02
-5.946507315100000142e+02
-5.959721717759999819e+02
-5.897104803160000301e+02
-5.925431526080000140e+02
-5.892811031500000354e+02
-5.811987821520000352e+02
-5.875160888970000315e+02
-5.476197736990000067e+02
-5.363728474949999736e+02
-5.509437851100000216e+02
-5.929010921730000518e+02
-5.975080944869999939e+02
-5.918542678430000024e+02
-5.866686385189999555e+02
-5.829919827280000391e+02
-5.988619183939999857e+02
-5.638191644459999452e+02
-5.645203725149999627e+02
-5.771373039809999455e+02
-5.935870496579999553e+02
-5.906752240140000367e+02
-5.940434225340000012e+02
-5.852854919799999607e+02
-5.894218484059999810e+02
-5.874706674210000301e+02
-5.957377964620000057e+02
-5.984320428769999580e+02
-5.806030299779999950e+02
-5.971278974099999459e+02
-5.946460135999999466e+02
-5.896231909790000145e+02
-5.853447757070000534e+02
-5.814453575149999551e+02
-6.017047025819999817e+02
-5.918550166869999885e+02
-5.825304081809999843e+02
-5.812557754890000297e+02
-6.006328223420000541e+02
-6.023939017769999964e+02
-5.879643287049999572e+02
-5.896711239290000321e+02
-5.899170636320000085e+02
-5.756909642389999817e+02
-5.713103936459999659e+02
-5.926938050329999896e+02
-5.923753167080000139e+02
-5.986705932580000535e+02
-5.862540872319999607e+02
-5.924832113840000147e+02
-5.981798369719999755e+02
-5.958112519310000152e+02
-5.961500663470000063e+02
-5.860456350480000083e+02
-5.928841962489999560e+02
-5.917544012370000246e+02
-5.855683762569999544e+02
-6.017437398529999655e+02
-5.965339710929999910e+02
-5.928029339749999735e+02
-5.982983788420000337e+02
-5.887107144349999999e+02
-5.886967924519999542e+02
-5.791505168590000494e+02
-5.958694620439999881e+02
-5.894174420279999822e+02
-5.839165753219999715e+02
-5.800271040970000058e+02
-5.871706693620000124e+02
-5.813905126719999998e+02
-5.835714620139999624e+02
-6.004903797870000517e+02
-5.851699319650000461e+02
-5.958945977990000529e+02
-5.896612446809999710e+02
-5.916343968090000089e+02
-5.956994158850000076e+02
-5.826284534930000518e+02
-5.955724514610000142e+02
-5.878259655719999728e+02
-5.867408547750000025e+02
-5.772854698740000003e+02
-5.840555610249999745e+02
-5.840341218250000566e+02
-5.687128870129999996e+02
-5.948701002379999636e+02
-5.485390636509999922e+02
-5.848363701429999537e+02
-5.765006744779999508e+02
-5.727032434610000564e+02
-5.789434709439999551e+02
-5.873584907859999475e+02
-6.019672617720000289e+02
-5.982026650259999769e+02
-5.966373277699999562e+02
-5.764760565709999582e+02
-5.883807426280000072e+02
-5.948045364260000269e+02
-5.821751032439999562e+02
-5.701954931069999475e+02
-5.887798180669999510e+02
-5.840247142919999987e+02
-5.968432534679999435e+02
-5.931091390640000327e+02
-5.985815648359999841e+02
-5.935025877629999513e+02
-5.953005868510000482e+02
-5.934172319780000180e+02
-5.789379236349999474e+02
-5.951446306310000409e+02
-5.869661793159999661e+02
-5.673935938189999888e+02
-5.813259714900000290e+02
-5.859332018970000036e+02
-6.032994461099999626e+02
-6.011777803449999737e+02
-5.870065252609999789e+02
-5.902137786580000238e+02
-5.952958987800000159e+02
-5.926096450500000401e+02
-5.925164428860000498e+02
-5.972340475360000482e+02
-5.886040561559999560e+02
-5.975387037729999520e+02
-5.893545450430000301e+02
-5.752490046059999713e+02
-6.025375475060000099e+02
-5.995330304589999741e+02
-5.798444458569999824e+02
-5.803630072040000414e+02
-5.984570101309999473e+02
-5.951832557330000100e+02
-5.873034554790000357e+02
-5.819357850339999914e+02
-5.871291867630000070e+02
-5.975839589529999785e+02
-5.947695169639999904e+02
-5.810831278680000196e+02
-5.933600848459999497e+02
-6.024530763090000391e+02
-5.922171977660000266e+02
-5.966931606209999472e+02
-5.966421957430000020e+02
-5.639631796889999578e+02
-5.790612802709999869e+02
-5.849156259669999827e+02
-6.016418182290000232e+02
-5.982031035659999816e+02
-5.920495175840000002e+02
-5.787175228580000521e+02
-5.881532363019999821e+02
-5.983758722430000034e+02
-5.455258096190000288e+02
-5.913709779360000311e+02
-6.021669217490000392e+02
-5.865501382290000265e+02
-5.801252572610000016e+02
-5.862762361459999738e+02
-5.989382983269999841e+02
-5.930647969819999616e+02
-5.987274366560000090e+02
-6.017005923189999521e+02
-5.807232085050000023e+02
-5.950647619200000236e+02
-5.980064388939999844e+02
-6.046360115789999554e+02
-5.838051654839999856e+02
-5.943252959239999882e+02
-5.948356448719999889e+02
-5.698845742969999719e+02
-5.906996182750000344e+02
-6.024454657569999654e+02
-5.823561799459999975e+02
-5.803231190100000276e+02
-5.634754135279999900e+02
-5.926060419770000181e+02
-5.767447387959999787e+02
-5.755053240549999600e+02
-6.030244762830000127e+02
-5.724168763960000206e+02
-5.959167304000000058e+02
-5.809079512739999700e+02
-5.845452672479999592e+02
-5.689865223849999438e+02
-5.875907038179999518e+02
-5.670539445399999749e+02
-5.790528575270000147e+02
-5.516426509179999584e+02
-5.884074459329999627e+02
-5.896554109539999899e+02
-5.906079889359999697e+02
-5.844597497060000251e+02
-5.868349487159999853e+02
-5.620233162910000146e+02
-5.777505069320000075e+02
-5.850598410000000058e+02
-5.892528386379999574e+02
-5.952486136759999908e+02
-5.856388106470000139e+02
-5.967552621090000002e+02
-5.740004398889999493e+02
-5.926436660900000106e+02
-5.730530582869999989e+02
-6.012620626709999669e+02
-5.782882704930000273e+02
-5.797738136689999919e+02
-5.846428498559999980e+02
-5.813382721919999767e+02
-5.884950441510000019e+02
-6.019028528530000131e+02
-5.876487672199999679e+02
-5.909720914680000305e+02
-5.631088941660000273e+02
-5.693570356239999910e+02
-5.837114008979999653e+02
-5.482715231710000126e+02
-5.785389900750000152e+02
-5.758748088360000565e+02
-6.067408399820000113e+02
-5.912810932449999655e+02
-5.941656655460000138e+02
-5.820636541520000264e+02
