4.861867233892756879e+00
4.813571335297733178e+00
4.782657315760768135e+00
4.645077394403671178e+00
4.611628020558466545e+00
4.619387838231381771e+00
4.691046578323433636e+00
4.622647834304490999e+00
4.699276752863147166e+00
4.783184504072574228e+00
4.694653661347127915e+00
4.740143879672852556e+00
4.797782091758649337e+00
4.677292913641394101e+00
4.739787442491487646e+00
4.732784486959024761e+00
4.768560998875866375e+00
4.781907882843416502e+00
4.676130986189329874e+00
4.658269313811729262e+00
4.684800742827810005e+00
4.793008449815210348e+00
4.713530417850297027e+00
4.721202177412020973e+00
4.793220420552344763e+00
4.797792930087750207e+00
4.688913413574620215e+00
4.904883892611526797e+00
4.611866867115745450e+00
4.864753745052261102e+00
4.984042234973536267e+00
4.958384918499167959e+00
4.843964698467567942e+00
4.771000838398585131e+00
4.672983843327514819e+00
4.551384624485168118e+00
4.529455706815113558e+00
4.399780221783810674e+00
4.293208240931250863e+00
4.358052431992987863e+00
4.330904524461374194e+00
4.349471807012892377e+00
4.312738804982282126e+00
4.318749471779996796e+00
4.375726796773308003e+00
4.365997824094739244e+00
4.361581593871654228e+00
4.372904069379980996e+00
4.404529600309208703e+00
4.352938547693960381e+00
4.309779692745325796e+00
4.261783077539258890e+00
4.245246047050748039e+00
4.251266399556725695e+00
4.193619677557801850e+00
4.135814067387459936e+00
4.126783493230532507e+00
4.180329891288485200e+00
4.219997511847608074e+00
4.261869425498627351e+00
4.395343331299615741e+00
4.208745775168655001e+00
4.053636762217355027e+00
3.948454254515303408e+00
3.898122881593139244e+00
3.780521921639921068e+00
3.696791176141817292e+00
3.740938117638409111e+00
3.763955499205589916e+00
3.693055239229437792e+00
3.697707938710141029e+00
3.697687655819512198e+00
3.568638676021993472e+00
3.545154862625890857e+00
3.634701638374187027e+00
3.633253775887393733e+00
3.707403134270671696e+00
3.741459340952403956e+00
3.646473501891931424e+00
3.553728886676641441e+00
3.511529581250882881e+00
3.570215399664283584e+00
3.482713022917621970e+00
3.496798964767634743e+00
3.462248546826180995e+00
3.418472904675419866e+00
3.404536532334467402e+00
3.258293111431198152e+00
3.081221511024483384e+00
2.981204622296161677e+00
2.839998591548946738e+00
2.829000706963503031e+00
2.754406288113647072e+00
2.805138677498850264e+00
2.802264263055859850e+00
2.765660318983515609e+00
2.722239702891720015e+00
2.787316451356034896e+00
2.784387544865118080e+00
2.666409758457990886e+00
2.768776083398583943e+00
2.714562764056119626e+00
2.694962893993162023e+00
2.715772634076718539e+00
2.757198940954388000e+00
2.722745122114811789e+00
2.778086391745224759e+00
2.680191411074962726e+00
2.751059795787797579e+00
2.706322597178688394e+00
2.751178656503426634e+00
2.684992551200096056e+00
2.738010043809190108e+00
2.733872711009055045e+00
2.718729666590630867e+00
2.755640941777429465e+00
2.789310129763272084e+00
2.798820108545742258e+00
2.788349153172895001e+00
2.717641992610505763e+00
2.781329358418380249e+00
2.785851754849852036e+00
2.761139257625373933e+00
2.756056058936392272e+00
2.850733414404089672e+00
2.831739747928823991e+00
2.851570269167498672e+00
2.706272159262626431e+00
2.756864160599865166e+00
2.819195097895851543e+00
2.788695214612023410e+00
2.760569687582619114e+00
2.800332301709924199e+00
2.800098033998096092e+00
2.845603450939712342e+00
2.775758094647298169e+00
2.733818757708710745e+00
2.780757630574804740e+00
2.858878451421116296e+00
2.755252982940042283e+00
2.816445454824218597e+00
2.820070566492973274e+00
2.894957339927481943e+00
2.978266945725315473e+00
2.923468658973446654e+00
2.962738935512205796e+00
2.922674289071568676e+00
2.811313216274557991e+00
2.719725905307371239e+00
2.827230446921509710e+00
2.785062117799170345e+00
2.745711383230218683e+00
2.758859546986761391e+00
2.715631786527768377e+00
2.751138128120796278e+00
2.878547897812367307e+00
2.814342907323128529e+00
2.744503233738302406e+00
2.724665484054877407e+00
2.767896132444279456e+00
2.940514410779175414e+00
2.935094376676838479e+00
2.950412005127419413e+00
3.006766535665847506e+00
2.932382819483158709e+00
2.899136078213646162e+00
2.843192220023120331e+00
2.837958597301940777e+00
2.771988997092160290e+00
2.758185091686197854e+00
2.860943550648980871e+00
2.948830615684800982e+00
2.806173551297210800e+00
2.825218575614991234e+00
2.735055575303726894e+00
2.743138530953185494e+00
2.774845040718490363e+00
2.754286477474701567e+00
2.895202410885981070e+00
2.925159995624171394e+00
2.817807835889452495e+00
2.813392613909405870e+00
2.888158929145001164e+00
2.954473557167164977e+00
2.918598465017070431e+00
2.863698482731727779e+00
2.859782159535932511e+00
2.926444087967511098e+00
2.906811655405282746e+00
2.882803843482938166e+00
2.949350606489502979e+00
2.936519879040494718e+00
2.932271133439061650e+00
2.843209102405237942e+00
2.797389676108783085e+00
2.848938223268450809e+00
2.785948491986167230e+00
2.886497185170981972e+00
2.812813004804976202e+00
2.775282688304022471e+00
2.769545269534332554e+00
2.799587648208214485e+00
2.806195467176155312e+00
2.809968149285682060e+00
2.862185528577768423e+00
2.805479816359405021e+00
2.736162458627045879e+00
2.764172751475565626e+00
2.793260818470054474e+00
2.801925944774415367e+00
2.753598917780147648e+00
2.719550330477448430e+00
2.776217750825753061e+00
2.754966061496947116e+00
2.748839937137118827e+00
2.776582611772969056e+00
2.855649488295088467e+00
2.887683154364411919e+00
2.900327050523785477e+00
2.842198796706521868e+00
2.854237726609330394e+00
2.781732913131668816e+00
2.887241763344385870e+00
2.893415455823791227e+00
2.758641875996230119e+00
2.747834783970826589e+00
2.842706808659661633e+00
2.745887288291345651e+00
2.782206678160341173e+00
2.804259082181958185e+00
2.805231719484150066e+00
2.768747189614826354e+00
2.773915824245573702e+00
2.831600430851782590e+00
2.831557521930288868e+00
2.898830108854259624e+00
2.921523917410227433e+00
2.870654280821708149e+00
2.834362185748320773e+00
2.813855717694139003e+00
2.817331006466936572e+00
2.745340962430714349e+00
2.731013548117255052e+00
2.779188550638477473e+00
2.866702286600406602e+00
2.769850176453593438e+00
2.756899163915865980e+00
2.740476965785335839e+00
2.765399971071092811e+00
2.720995406096820446e+00
2.857480008678976002e+00
2.870705314029986077e+00
2.903313451902842512e+00
2.936125678509010850e+00
2.763065145811802736e+00
2.774547710889109897e+00
2.758901774257285666e+00
2.822759642619257825e+00
2.797836842991385353e+00
2.725255400875301603e+00
2.764333554403303417e+00
2.856986874313566460e+00
2.770072020724370532e+00
2.728147539998523996e+00
2.892504278302800103e+00
2.735214434006957518e+00
2.758968285428450073e+00
2.927516011911805105e+00
2.753893607240483377e+00
2.703096372680781734e+00
2.733388739275846024e+00
2.747241161601944093e+00
2.761375563012029133e+00
2.774708813551432840e+00
2.796525522858678059e+00
2.733490442639227691e+00
2.786868672901541721e+00
2.769036294453361080e+00
2.801057121873811173e+00
2.727296646864803442e+00
2.782043313825289577e+00
2.801884187470995435e+00
2.742081143948880140e+00
2.783519175432423332e+00
2.830656814239409069e+00
2.827125218309227694e+00
2.827285093512855951e+00
2.878438118146714242e+00
2.927494662676603632e+00
3.002862134697495744e+00
2.911052902301845435e+00
2.985308694255922379e+00
2.910560255346039238e+00
2.895194639398187775e+00
2.943584379629705872e+00
2.988978755361101136e+00
2.904670205031889996e+00
2.901754296972781422e+00
2.885279535850902466e+00
2.867465256982201005e+00
2.837815709308833867e+00
2.912908683772974516e+00
2.837283560027090257e+00
2.742119800446362721e+00
2.786852346286038618e+00
2.833075184318270434e+00
2.848638973264249863e+00
2.892814719265649703e+00
2.902076153377095569e+00
2.850586957101993058e+00
2.905738804503942063e+00
2.837673342722871972e+00
2.841211889317655448e+00
2.867772829217823283e+00
2.769614774657298994e+00
2.758769653305618075e+00
2.756649052745016704e+00
2.793381642382580132e+00
2.940401333151649865e+00
2.881796835309526017e+00
2.823082712213724754e+00
2.771651854039392404e+00
2.886790951904900204e+00
2.866124561145241056e+00
2.877107227754989616e+00
2.838515280917120798e+00
2.827057480844703097e+00
2.829306275396850978e+00
2.827527188198196484e+00
2.764287973421003741e+00
2.810690484560689040e+00
2.775780070538730548e+00
2.709053893889894038e+00
2.763807880443212461e+00
2.880478432483048135e+00
2.909006875206725962e+00
2.896098064638005010e+00
2.944987096745926625e+00
2.961568165685199983e+00
2.963340344948585336e+00
2.819039020659344974e+00
2.939294813386367444e+00
2.875790152288584700e+00
2.887936633653862106e+00
2.909118423165340861e+00
2.914187022138421401e+00
2.817402527151560587e+00
2.853387635776114095e+00
2.784516115952644366e+00
2.892244111412451524e+00
2.813239058452018604e+00
2.854536915158043531e+00
2.760999456718526535e+00
2.772047618638612043e+00
2.729050567505116653e+00
2.714339882918128222e+00
2.719156854615047525e+00
2.751354030291267350e+00
2.845208076749396575e+00
2.918471689086601373e+00
2.932343942991681107e+00
2.938596433673736463e+00
2.867181717296621191e+00
2.998242485190282025e+00
2.937674079948284334e+00
2.777479432867145714e+00
2.757624702529334559e+00
2.743297650638734098e+00
2.780679952817295852e+00
2.832266406961040150e+00
2.822786743627651251e+00
2.873330819797817348e+00
2.900980179180823182e+00
2.907628930933244149e+00
2.905863554952297090e+00
2.924504402458645735e+00
2.858246490420306429e+00
2.893729081997829855e+00
2.894423776850930441e+00
2.838596308036772875e+00
2.898163728984268328e+00
2.893840009399275548e+00
2.841227551605115753e+00
2.891212548395568849e+00
2.901471867862930321e+00
2.831194270974706662e+00
2.888591871483404905e+00
2.910138484677318171e+00
2.945670382103198204e+00
2.857238001987234099e+00
2.783808542267229846e+00
2.733842350977831792e+00
2.753663922848973655e+00
2.870095991426071080e+00
2.949988644045939079e+00
2.882649822645824145e+00
2.893127373621839027e+00
2.831243366438144449e+00
2.765750711832141828e+00
2.740863550051333419e+00
2.771274255644864848e+00
2.810264400372320726e+00
2.903225275447979925e+00
2.884257616788070688e+00
2.923791032204593243e+00
2.978067326304091100e+00
2.896331645374886854e+00
2.840036795536282632e+00
2.876884773500669734e+00
2.902082183536503379e+00
2.918757783715531406e+00
2.931375956782070968e+00
2.927388084965846016e+00
2.894388709209597454e+00
2.889115435561548928e+00
2.838475999546235418e+00
2.859914858872550703e+00
2.871860372650453019e+00
2.843670515372693774e+00
2.861072001890200944e+00
2.862605281906675625e+00
2.861801006359456778e+00
2.873457499250684943e+00
2.756661930669047411e+00
2.801736961243864066e+00
2.889857089892162723e+00
2.884986308459712490e+00
2.865288816157979923e+00
2.923450871829386788e+00
2.902720620383574257e+00
2.804804806042659582e+00
2.788466424398902799e+00
2.774273778847358152e+00
2.760967040730475386e+00
2.770743762963295165e+00
2.787395199823663461e+00
2.833243547596993928e+00
2.825927989174529920e+00
2.797424887284733153e+00
2.780381808313383551e+00
2.738671940923191439e+00
2.739946532325037598e+00
2.710199439155723589e+00
2.852697845899561546e+00
2.870037804629061107e+00
2.814278237843585995e+00
2.861862854855208305e+00
2.890446332316170430e+00
2.911376478575040228e+00
2.926106799144556181e+00
2.863222310614388810e+00
2.869937455764498324e+00
2.843071930148795889e+00
2.762116036664644003e+00
2.772488052273625048e+00
2.787957137403658248e+00
2.784296679594328250e+00
2.782015456463173386e+00
2.696871706255230539e+00
2.820771525664565793e+00
2.726440903449037112e+00
2.759823545083996965e+00
2.755398700732799355e+00
2.796947085663223920e+00
2.843275048249816805e+00
2.753327804675643975e+00
2.740537538513201810e+00
2.770922770486395237e+00
2.784405502077598182e+00
2.670512684860343544e+00
2.873366318449494194e+00
2.723301121800525859e+00
2.772598961263601947e+00
2.772338543540452616e+00
2.879801034793897152e+00
2.820563596163008224e+00
2.756923285113316524e+00
2.867176485673666786e+00
2.849368351056072335e+00
2.862863252060775743e+00
2.848911020021509977e+00
2.723261463759952594e+00
2.723984948563409336e+00
2.802007137749653154e+00
2.767330482613162168e+00
2.792304066537166563e+00
2.761424451256995649e+00
2.743677459177736644e+00
2.764510806634692397e+00
2.830806775461723657e+00
2.814246968551267880e+00
2.869879788423201905e+00
2.857771859333771314e+00
2.809277665165905269e+00
2.840763805739575876e+00
2.856477551110808033e+00
2.763733163675538229e+00
2.794367907058767919e+00
2.817782106551179222e+00
2.794470432836962281e+00
2.739317068175935344e+00
2.792230112293755617e+00
2.715199808485555977e+00
2.749934362853047709e+00
2.759114350656746595e+00
2.750343433100673973e+00
2.784625827647226437e+00
2.823777257504564542e+00
2.903530437243597717e+00
2.764647717160361839e+00
2.793342979299176410e+00
2.832381859848703609e+00
2.792612038934158658e+00
2.770421809039194105e+00
2.763689924720210023e+00
2.803241159800561988e+00
2.801918985267061402e+00
2.821358006350842551e+00
2.784452908562111251e+00
2.741996717722324117e+00
2.810303542324209758e+00
2.741608469493775235e+00
2.727085073847165475e+00
2.783960488225362795e+00
2.806537190204327015e+00
2.805956699594632120e+00
2.757846986328284178e+00
2.758029731529375805e+00
2.720098527627262452e+00
2.790528623755721416e+00
6.019808967068638772e+00
2.853474023011248750e+00
2.738066653681023865e+00
2.782530323284905016e+00
2.769398671191997785e+00
2.859624800563878466e+00
2.763254602818929762e+00
2.764249265171287107e+00
2.762645290296964262e+00
2.794572060262536350e+00
2.830903389379439528e+00
2.770517099748709633e+00
2.814719879490675147e+00
2.786868672901541277e+00
2.929934640909247268e+00
2.922822779437713514e+00
2.769702872150729522e+00
2.749195154949899411e+00
2.827695881809074940e+00
2.819117769799622586e+00
2.769639326699417037e+00
2.704300464075692023e+00
2.749581058997897287e+00
2.748093702914804481e+00
2.804177597799397681e+00
2.758089374911552927e+00
2.745624519121287133e+00
2.923505772185168716e+00
3.001888405654014047e+00
2.987699114703486369e+00
2.967025783507787562e+00
2.965083641316041518e+00
3.002261480950651595e+00
2.943987262200705057e+00
2.876204617199548785e+00
2.827914072244769983e+00
2.844374623709049921e+00
2.918690973707219971e+00
2.870104701922910451e+00
2.842222545825713098e+00
2.860680513444310069e+00
2.889299049942736453e+00
3.035947792699999592e+00
3.030890793149763507e+00
3.086825391887270342e+00
3.061604971252823493e+00
3.057518438210962142e+00
3.080444448452203332e+00
3.181106725653825240e+00
3.133052505145740074e+00
3.103366881308106340e+00
3.092032826475164864e+00
3.072137529473574880e+00
3.108466020402989471e+00
3.039293832455164157e+00
2.991981951817222818e+00
2.918641636104028159e+00
2.889904842724064338e+00
2.949350776018342835e+00
2.967742071002802184e+00
2.942521537729163139e+00
2.926557363182892058e+00
2.947578836943975933e+00
2.838096192872961332e+00
2.873858382036247772e+00
2.774497071542876725e+00
2.742884977537337843e+00
2.729115058036212460e+00
2.717335643603858930e+00
2.767947434471976997e+00
2.818082504115165143e+00
2.923095790424939722e+00
2.929588025644561444e+00
2.939726007640848238e+00
2.918399904057015881e+00
2.931818718816018077e+00
2.898724892086174343e+00
2.963320603647199292e+00
2.980180028119106872e+00
2.830246279036508827e+00
2.749596515854644263e+00
2.734471429728238867e+00
2.743663426880199374e+00
2.732500686184726746e+00
2.729484200357275903e+00
2.734555539754130127e+00
2.720290058063661753e+00
2.797571446808821527e+00
2.777218392564761995e+00
2.799654442962559830e+00
2.788521292728459944e+00
2.729149684425535849e+00
2.891262354059209283e+00
2.915378706103205264e+00
2.854972153979790317e+00
2.938967505774774391e+00
2.876961939268575019e+00
2.840336599771231096e+00
2.864660538353541508e+00
2.791398753313470760e+00
2.893724416733562510e+00
2.858843472455251611e+00
6.088578323385517521e+00
6.070126687310570368e+00
6.054337370844145916e+00
6.046830409396314998e+00
6.074850039301382232e+00
6.146708224732974735e+00
2.783059647222818622e+00
6.092507365609005632e+00
6.094743718976213920e+00
6.060566062671044030e+00
2.843802032491010046e+00
2.838536594796691848e+00
2.767905706486403883e+00
2.800577261922976291e+00
2.756060050144045537e+00
2.767354874243634022e+00
2.765452765823346759e+00
2.790625198768189819e+00
2.763509905898656527e+00
2.771823407073401579e+00
2.827455569942700642e+00
2.835543863176868573e+00
2.836315567774502444e+00
2.884283273189372832e+00
2.888509131022437781e+00
2.909901888380431068e+00
2.913745012865744499e+00
2.908178983487777369e+00
2.797910827742728479e+00
2.783403312493538007e+00
2.775391864223861305e+00
2.779419183930341042e+00
2.719288509886363947e+00
2.825829966576191676e+00
2.784919029343582597e+00
2.768261909574309509e+00
2.762389907308525405e+00
2.796305777271148152e+00
2.806754353341239572e+00
2.831737629089249086e+00
2.807739660296161066e+00
2.877851629254016608e+00
2.883381001532749011e+00
2.872099232268969349e+00
2.834911991579279533e+00
2.906421339035343276e+00
2.847104845277039775e+00
2.856552817645772180e+00
2.771896462712847953e+00
2.869948605811609710e+00
2.847378794610931685e+00
2.849478899728860704e+00
2.909096251415549172e+00
2.920253584879231479e+00
2.850635543172785002e+00
2.890533687746953184e+00
2.915485722825615689e+00
2.774809903398789412e+00
2.715715743593206000e+00
2.761394756278065632e+00
2.729626714406202304e+00
2.841624359411356160e+00
2.877482754075165516e+00
2.835126275847339450e+00
2.802419668786244156e+00
2.873048207044218927e+00
2.858560127056977151e+00
2.790413589416450346e+00
2.738446822562015548e+00
2.781283516651979593e+00
2.793295186692592136e+00
2.814055258874637033e+00
2.785916366296734115e+00
2.801931119781498225e+00
2.734506171139498232e+00
2.750179812303188420e+00
2.750915120464461072e+00
2.772298865562658143e+00
2.829072993049136286e+00
2.831392766819891271e+00
2.768087606995125682e+00
2.744769753549466618e+00
2.772404191311216515e+00
2.824190149405665817e+00
2.806464501824314617e+00
2.837271400483218020e+00
2.811306102152521191e+00
2.766874590580498783e+00
2.831988170879250255e+00
2.832329959591572077e+00
2.839374050737239585e+00
2.814997335700338166e+00
2.886291045615462902e+00
2.910526069287130646e+00
2.791766824073959263e+00
2.770344021958283776e+00
2.760783403311458883e+00
2.899931895752036581e+00
2.792979770782451965e+00
2.729586598736152947e+00
2.819910104950156704e+00
2.753430405875551212e+00
2.748801193247703889e+00
2.725510227462006441e+00
2.828266960525473550e+00
2.803507089343631353e+00
2.859849121894370239e+00
2.888788327309566029e+00
2.898631573691282437e+00
2.862059049006501432e+00
2.852142527995401800e+00
2.779271307375370093e+00
2.752210202727982225e+00
2.763333313228789390e+00
2.844688735169455640e+00
2.927025452571262232e+00
2.921883125657150249e+00
2.968353415616138857e+00
2.892722765838440679e+00
2.882725273070605887e+00
2.781979690795746585e+00
2.780272468662019492e+00
2.779141774001463894e+00
2.777219832854432191e+00
2.849736303590210795e+00
2.829645560843265351e+00
2.813128863027785531e+00
2.827141842921928827e+00
2.772437736000575637e+00
2.641219604652365938e+00
2.784852060702687204e+00
2.903430729326946125e+00
2.868133539429431611e+00
2.856432390237864993e+00
2.810513832024315928e+00
2.902392978216423280e+00
2.901426201025971707e+00
2.846005973289584823e+00
2.897382784514328069e+00
2.838370835532241898e+00
2.812057254040180254e+00
2.765684363769662202e+00
2.836046191443291509e+00
2.810141099660300679e+00
2.791209594423177620e+00
2.711056251721826627e+00
2.819256107557452928e+00
2.789103440175713100e+00
2.801035522802237221e+00
2.728646001224783291e+00
2.763669300042969734e+00
2.715323001044259055e+00
2.804558610548190778e+00
2.894345521875368643e+00
2.831811787531084867e+00
2.798263926079883390e+00
2.862880717040093614e+00
2.888405442454365701e+00
2.916387834290906422e+00
2.881722228112904016e+00
2.927044072097308991e+00
2.810603671811449100e+00
2.683300393172557197e+00
2.720729497763421545e+00
2.814132015382362795e+00
2.866049197065535736e+00
2.818489489070342913e+00
2.838489210830296372e+00
2.848120257292517721e+00
2.761595553298853201e+00
2.724293302858558974e+00
2.747896832124524735e+00
2.751780877904343559e+00
2.841666588465296961e+00
2.831612614747999412e+00
2.887795699144938055e+00
2.815583243308569017e+00
2.827138128921188542e+00
2.770569075117962576e+00
2.788282804881886179e+00
2.789655534290926830e+00
2.745451146897354366e+00
2.715293722601663351e+00
2.744266933080672377e+00
2.793680189284378557e+00
2.903367183116872141e+00
2.845595368284113302e+00
2.864607128386019941e+00
2.834176423584107596e+00
2.849748234493706622e+00
2.820947713092180287e+00
2.893646315637071975e+00
2.873904312951285789e+00
2.834266395383467696e+00
2.756097240664777015e+00
2.737788888866341974e+00
2.797083659814270984e+00
2.779570830182242602e+00
2.812867042716381771e+00
2.815088275702913201e+00
2.816977280703556019e+00
2.798294659252309913e+00
2.847936972617196361e+00
2.927132897563758274e+00
2.980373298766448187e+00
2.887292676539737979e+00
2.824863005527878723e+00
2.843259221386611468e+00
2.888659550725907188e+00
2.892501512532016594e+00
2.930618364782422880e+00
2.793750525727020317e+00
2.803701303634180242e+00
2.743895223947153461e+00
2.805890589456403017e+00
2.852055399181439466e+00
2.887569912573546560e+00
2.842636100523597165e+00
2.777360977618862137e+00
2.722231804971795288e+00
2.757390433000013186e+00
2.778673784379879219e+00
2.805237601345027088e+00
2.775212424301966241e+00
2.780039568063735977e+00
2.746843461138620768e+00
2.799054125950407368e+00
2.845651770684529236e+00
2.828881404371699659e+00
2.888848386468213736e+00
2.792882740109222883e+00
