4.862444241325549754e+00
4.814769049497597209e+00
4.811093950444119471e+00
4.856767752322525666e+00
4.764107681402678374e+00
4.828401909534872694e+00
4.860881504418720134e+00
4.828589545612673284e+00
4.846654722589592623e+00
4.863684405879970640e+00
4.873120252979604494e+00
4.854904839438153097e+00
4.816549387268857174e+00
4.839910536363249527e+00
4.836526232741842790e+00
4.794300574640685042e+00
4.784713157546646833e+00
4.807133969425025022e+00
4.819043473553646706e+00
4.854921420579327851e+00
4.892084320614271675e+00
4.882857667391094836e+00
4.839280215073312519e+00
4.882579031618433874e+00
4.833344804584088550e+00
4.896877372367007375e+00
4.898125457764429314e+00
5.097683493509577168e+00
4.804805198964886337e+00
4.843571099922039380e+00
4.683964666818058120e+00
4.651343999318906519e+00
4.618108487248865579e+00
4.623304121513098330e+00
4.581673384256019332e+00
4.500752603731958068e+00
4.411308195989031233e+00
4.362588795657917018e+00
4.695360050092006077e+00
4.685018676590307685e+00
4.639305659255488656e+00
4.286085043486655088e+00
4.239672393003968587e+00
4.146224909480912046e+00
4.092116811626961059e+00
4.073452712380493779e+00
4.059255227255364140e+00
4.098189966314397026e+00
4.125439734137440695e+00
4.109541701941957115e+00
4.089309232621079815e+00
4.098860695364018092e+00
4.119083029024785070e+00
4.139061004624116968e+00
4.090135816815867464e+00
4.137269993606896179e+00
4.121448046500161944e+00
4.159628589189183323e+00
4.136889048548438197e+00
4.091296371567330503e+00
4.076986754945372660e+00
4.081457827786537429e+00
4.042344121917381017e+00
4.113135178911580425e+00
4.061143435043879535e+00
4.038717865857925915e+00
3.995971721621663253e+00
3.990246859531374479e+00
4.018619787937147692e+00
4.016997510579264130e+00
4.000950637036153168e+00
3.981808759847714985e+00
4.041219370437590719e+00
4.047710216900414437e+00
4.031435228302694185e+00
4.012660339475545790e+00
3.989478286693637354e+00
3.955682747642939923e+00
3.970146722729526623e+00
4.032282356184893501e+00
4.054177228489153961e+00
4.003959040749543341e+00
3.986523422733146305e+00
3.942473462180817290e+00
3.945204810906525861e+00
3.896253841833203779e+00
3.874976903156972075e+00
3.896718876182884372e+00
3.860593995747287011e+00
3.760977665448174800e+00
3.742534702577919870e+00
3.729790610744790680e+00
3.768286215244271986e+00
3.709105013342167023e+00
3.679264872226515326e+00
3.630517593952685917e+00
3.537719745824985385e+00
3.528427695163952382e+00
3.559504178955265719e+00
3.543551184899125683e+00
3.530007365431409472e+00
3.432706512360181428e+00
3.391559228437563522e+00
3.375615647552309806e+00
3.399292132194583704e+00
3.399394651993204342e+00
3.348233414802498586e+00
3.339751637472463397e+00
3.350611436738076598e+00
3.374450029264027595e+00
3.314430569494554835e+00
3.293821792386466996e+00
3.378351817084774833e+00
3.340497268371881212e+00
3.284839569902919809e+00
3.174894486435730467e+00
3.171278291162729968e+00
3.142809252881886284e+00
3.037593455352444405e+00
2.948465872280022992e+00
2.912962237997602344e+00
2.861429887311587095e+00
2.869376238836587323e+00
2.835725833009954400e+00
2.749625792721620332e+00
2.779917085094445461e+00
2.738186443615554744e+00
2.758662175765636881e+00
2.704519365802359854e+00
2.740726546009288001e+00
2.703467773064810231e+00
2.737127143557638753e+00
2.739919889339832437e+00
2.732739468006417649e+00
2.737358032848461686e+00
2.712864537716544788e+00
2.721991917695568475e+00
2.679815478722368471e+00
2.708429434192443530e+00
2.696029117053448942e+00
2.723341697253577998e+00
2.729416787520733578e+00
2.689499953522958897e+00
2.717680444791108929e+00
2.705520652295967832e+00
2.666042947891125170e+00
2.716612596598933838e+00
2.696359768280190305e+00
2.745282134863372914e+00
2.747392582067586631e+00
2.737716932043924967e+00
2.733767181015969161e+00
2.753852937249917421e+00
2.735819621246985633e+00
2.719504918179042718e+00
2.686292798635323997e+00
2.709947785474841719e+00
2.739854375692255761e+00
2.753593470358324247e+00
2.714527214820289913e+00
2.686474827724987247e+00
2.696251657394019841e+00
2.726977997711018897e+00
2.746206292324012921e+00
2.722421165066125415e+00
2.743742334841229535e+00
2.767237250399755766e+00
2.733646282897624680e+00
2.708364820329787204e+00
2.705415494891681316e+00
2.771433022824112413e+00
2.797574663882985924e+00
2.761484202381031317e+00
2.755562011641182529e+00
2.690881082470943930e+00
2.701697799532730926e+00
2.620192550176417168e+00
2.534492848678015164e+00
2.564550058002378119e+00
2.581929898351231323e+00
2.632901631280591292e+00
2.619071782139619220e+00
2.627596239912060927e+00
2.576755712131050924e+00
2.582437801767934360e+00
2.691850850251551464e+00
2.737090608657302582e+00
2.725812906272181646e+00
2.717091459631051364e+00
2.691992942041268044e+00
2.717643464474322368e+00
2.741561051663814474e+00
2.791851715259963562e+00
2.740599022111771532e+00
2.805857088306530134e+00
2.803238127594586349e+00
2.714771445260171223e+00
2.702784490113853355e+00
2.770136097739603898e+00
2.756416514244536486e+00
2.715148614717065367e+00
2.744654076564112088e+00
2.717694243287865241e+00
2.757799666400733596e+00
2.749836540596549472e+00
2.672055388647474050e+00
2.707250634869257766e+00
2.700090924394954683e+00
2.836066289775329263e+00
2.879880205841903074e+00
2.878895795265956181e+00
2.793972977678918390e+00
2.763025515625941786e+00
2.715254315897499549e+00
2.727121009416340502e+00
2.798794026004772117e+00
2.778059394613440869e+00
2.725630385800686728e+00
2.711853056491077663e+00
2.693872491414543990e+00
2.730767474538980277e+00
2.747493767053894587e+00
2.746864030125991007e+00
2.704075442734540147e+00
2.660433047456748135e+00
2.709908854555813207e+00
2.715511185762267576e+00
3.282670406848668065e+00
3.270926015672014575e+00
2.697854147280760451e+00
3.279584882267876811e+00
2.751845380830834298e+00
2.746805235177769422e+00
2.739787947998896023e+00
2.728456523384604093e+00
2.741694731365984516e+00
2.719417033115738125e+00
2.759363151163687800e+00
2.789597462000566352e+00
2.742303046710920622e+00
2.774194297449260826e+00
2.797914044426669022e+00
2.789129254803369928e+00
2.791778465423071509e+00
2.756195203536933480e+00
2.806263530034197817e+00
2.803575039124153623e+00
2.746592252228204689e+00
2.715150640388116710e+00
2.700663251869807269e+00
2.660722458280833091e+00
2.764249265171287107e+00
2.916530473010697122e+00
2.889743241189431266e+00
2.857538976112136364e+00
2.875289202845515479e+00
2.934282365417479888e+00
2.920127565706676087e+00
2.894880135687831757e+00
2.881514532324972233e+00
2.838290154300648904e+00
2.812476844349122818e+00
2.901218709439190580e+00
2.914654353435412570e+00
2.908821582703208453e+00
2.889286936252611238e+00
2.824253175620061285e+00
2.867327152593509343e+00
2.921016603855582261e+00
2.898178910971508593e+00
2.877530017219628977e+00
2.823217667839303946e+00
2.831765880153230608e+00
2.801565812184321658e+00
2.842114353786631131e+00
2.826597955139711793e+00
2.796214047600790842e+00
2.730824234548975493e+00
2.674421993627781990e+00
2.688076449805697266e+00
2.758803182541298860e+00
2.851644613201301137e+00
2.755475095151469045e+00
2.842876360308340900e+00
2.844398003093097316e+00
2.829391100572701045e+00
2.827514986697682975e+00
2.824107292579373762e+00
2.723015424120840411e+00
2.713085697135275254e+00
2.726658027696176045e+00
2.903915460201966781e+00
2.894723648295291163e+00
2.854754280143914524e+00
2.850709736188516974e+00
2.770152703372144920e+00
2.817756909316344149e+00
2.789701955406706180e+00
2.786114319262581240e+00
2.779188550638477473e+00
2.792099210271727028e+00
2.800074820428911426e+00
2.792688489609967295e+00
2.744362403182204257e+00
2.771424182618027476e+00
2.815720334124111712e+00
2.833340607833798597e+00
2.755845060956802151e+00
2.776542814364654888e+00
2.784253759986686116e+00
2.733399714641091549e+00
2.708031019024708996e+00
2.688875229533716826e+00
2.758881838716547907e+00
2.842121214867514567e+00
2.893411481279494879e+00
2.883906725260025006e+00
2.847683620067368970e+00
2.791644855636189693e+00
2.734208112049995254e+00
2.807547506276607763e+00
2.783705803421043790e+00
2.752593504315520967e+00
2.769957400394454261e+00
2.781769400938905790e+00
2.806649425916959650e+00
2.817520363724102861e+00
2.818073632820832231e+00
2.836255630227994651e+00
2.863972939816296748e+00
2.730397773219133128e+00
2.762486742049633737e+00
2.834597678683872690e+00
2.761659102785859687e+00
2.777363858049571643e+00
2.791699482394192522e+00
2.768874139429237324e+00
2.722314823821815111e+00
2.785437488079745449e+00
2.775495631414324205e+00
2.787858138428137345e+00
2.787801104813612429e+00
2.751059614039652601e+00
2.773643993017128828e+00
2.792163677150750090e+00
2.790148741554829837e+00
2.787961800312192207e+00
2.796646026940127427e+00
2.808564579994556887e+00
2.839022895293379367e+00
2.885219055808414534e+00
2.732237361577504409e+00
2.724537758960223766e+00
2.979561377115766074e+00
2.967611497484130112e+00
2.962951400208920116e+00
2.945181997771954663e+00
2.983309236401751274e+00
2.969785850865345189e+00
2.975813838263408950e+00
2.924790932699292689e+00
2.937125465484918596e+00
2.947810882672088795e+00
2.905101375167483013e+00
2.866664437983629465e+00
2.839791893783768284e+00
2.832166308676098865e+00
2.890471241856594098e+00
2.955373072896212427e+00
2.965651699036823796e+00
2.894344312620736215e+00
2.895397209365237146e+00
2.899918102291856314e+00
2.874239203685037491e+00
2.881484339711045450e+00
2.975366195949668224e+00
2.951527401194168121e+00
2.982872441121142248e+00
2.968956213890666440e+00
2.861678703139121094e+00
2.848025280786671498e+00
2.839376516068272682e+00
2.824089410765884711e+00
2.843911391024692037e+00
2.844367416491758060e+00
2.800055178027747171e+00
2.765826277986381587e+00
2.746039693813620008e+00
2.803863406088106913e+00
2.845201047377847736e+00
2.810041636702203416e+00
2.804699983955503573e+00
2.822010630738303938e+00
2.826240789458676073e+00
2.801342178313817044e+00
2.904103820458215246e+00
2.873329079656557372e+00
2.776371372853422947e+00
2.761714322662646826e+00
2.779363596221264388e+00
2.797837379119808787e+00
2.838464902020104041e+00
2.851662146889073490e+00
2.814549875202071672e+00
2.789013804196744939e+00
2.748432280410052719e+00
2.733744135796179808e+00
2.776856496112105610e+00
2.729741929194039685e+00
2.812326083511653696e+00
2.801925230979585013e+00
2.818965058314842231e+00
2.743981596148195923e+00
2.726922441141294673e+00
2.746135648506825344e+00
2.744077805019384364e+00
2.778501394637044264e+00
2.768785654397970752e+00
2.793144464577512753e+00
2.830363050917672929e+00
2.841765120484098350e+00
2.818794777914845007e+00
2.787707660426394174e+00
2.760100903952606988e+00
2.835515826088791158e+00
2.947532866653059358e+00
2.709774529365866158e+00
2.906484302383207208e+00
2.831686599890602452e+00
2.790582914016352944e+00
2.716132912800844679e+00
2.732802407785824617e+00
2.765331264062227845e+00
2.774703587772935354e+00
2.820046098913987276e+00
2.754013434970860708e+00
2.777641265534482429e+00
2.815075132212282227e+00
2.833796569974633694e+00
2.767694708597752573e+00
2.733182943017169908e+00
2.710485749824189661e+00
2.726116285120647742e+00
2.735463763240157054e+00
2.734111555880630817e+00
2.771906203319296935e+00
2.806782677729075193e+00
2.821112900966566972e+00
2.815891155566919046e+00
2.767144015045114980e+00
2.812802517063720309e+00
2.774222233347574118e+00
2.766981568424335958e+00
2.824199886693574246e+00
2.867371095620516286e+00
2.684806510719161210e+00
2.749329736499424914e+00
2.818874598133092046e+00
2.787368830994563673e+00
2.733576411955590313e+00
2.733719810075641465e+00
2.728200139285972714e+00
2.826757506401990305e+00
2.814751321164979725e+00
2.793960271729002631e+00
2.752996549216870648e+00
2.785982232534874203e+00
2.766838629193975496e+00
2.853174022032305412e+00
2.792359575699376428e+00
2.716424672248431982e+00
2.704517886796092174e+00
2.773649761595721408e+00
2.865476749164089565e+00
2.753150377295072282e+00
2.836084272372737303e+00
2.765232359133676709e+00
2.802531355756791687e+00
2.820605254196340006e+00
2.769751613412292812e+00
2.759854162813680567e+00
2.752233638338140942e+00
2.778606845165397132e+00
2.876853315690600876e+00
2.906963708063793561e+00
2.867615560008000664e+00
2.842455452597278942e+00
2.869098464674923132e+00
2.751292605303913508e+00
2.777676367037744232e+00
2.809666350298554161e+00
2.874719116713840172e+00
2.892864497345148944e+00
2.855120662949291344e+00
2.823213771573098274e+00
2.755286192031600745e+00
2.778732264900669158e+00
2.807637797152617409e+00
2.784757978711974058e+00
2.804551479292188176e+00
2.857865287238011032e+00
2.903896692377330169e+00
2.932638061541178676e+00
2.903675257324757730e+00
2.920443973097241575e+00
2.862908486137830000e+00
2.825494469999896729e+00
2.743377662663308847e+00
2.757159589142419875e+00
2.742001094091685243e+00
2.731340696434628068e+00
2.750661193240635960e+00
2.828278805209981428e+00
2.824307702783108276e+00
2.841606939743778426e+00
2.833459722671208603e+00
2.805890411259855721e+00
2.756732123366360199e+00
2.737892255002011499e+00
2.731262162444315855e+00
2.770577015713513447e+00
2.804230732304315410e+00
2.790129925290218527e+00
2.813824621400558890e+00
2.780136867134422651e+00
2.772946086746008731e+00
2.724649518745484666e+00
2.737459771393909946e+00
2.748090427915355072e+00
2.860151219778422682e+00
2.779531795105067093e+00
2.744270759236413060e+00
2.781993170372637714e+00
2.692787403416764036e+00
2.687023260040746209e+00
2.709513978557777758e+00
2.757676739576268687e+00
2.752106465963843895e+00
2.711088711200723367e+00
2.732363994785468098e+00
2.776241704174908342e+00
2.762540135455048951e+00
2.794264482829067919e+00
2.806546988739009318e+00
2.736226050603275617e+00
2.781347515144412696e+00
2.787490089668481996e+00
2.759611748054425107e+00
2.705667570120173338e+00
2.703064372152465200e+00
2.738023739853253424e+00
2.739000182548369633e+00
2.752155700537307847e+00
2.714463667098899080e+00
2.725333557566853138e+00
2.764312934528216914e+00
2.815058436338401027e+00
2.780093523606714800e+00
2.813669134777577518e+00
2.789492606192029545e+00
2.791109635969177827e+00
2.727136410229601626e+00
2.702080124644715475e+00
2.725799332306030109e+00
2.742849613084902938e+00
2.775147743814732504e+00
2.846518399729747184e+00
2.758618494826713174e+00
2.732666463365041043e+00
2.770976362223251055e+00
2.792969387587339369e+00
2.784343728780626304e+00
2.846267907277880038e+00
2.728919383199145177e+00
2.762369453928999796e+00
2.822408014444403257e+00
2.804903919923104727e+00
2.834459560480622198e+00
2.773142982249563460e+00
2.841432033324042372e+00
2.825042477556753528e+00
2.813512217851559694e+00
2.727019068506856492e+00
2.776265837415430315e+00
2.793378957463522827e+00
2.806083035122090230e+00
2.748119356942125613e+00
2.748026564645982273e+00
2.745813176456111560e+00
2.763850393925112670e+00
2.796836427108314371e+00
2.857467060177597329e+00
2.832818737582763369e+00
2.809122460840751234e+00
2.919784409849467632e+00
2.880766043954281486e+00
2.843517188272299379e+00
2.791496731146213772e+00
2.787034445427612805e+00
2.729330137597868688e+00
2.808764319055623293e+00
2.794771904825150699e+00
2.754634095483463607e+00
2.720908671749200813e+00
2.756505759108803577e+00
2.805005169335699655e+00
2.787447039855644793e+00
2.754873136824997015e+00
2.738071949383361403e+00
2.718155624683766813e+00
2.765824470207753016e+00
2.745346244101096733e+00
2.791924246823326516e+00
2.879159773267193412e+00
2.732600409866031033e+00
2.728126646620351092e+00
2.750814243092397859e+00
2.828698287198548211e+00
2.784467274004131632e+00
2.844990158155208615e+00
2.823783454870433474e+00
2.782589800886936082e+00
2.716189610465366666e+00
2.796036838097810229e+00
2.802388445594222066e+00
2.776941843107270103e+00
2.792052649933377761e+00
2.769420517003511772e+00
2.816490014184321655e+00
2.837889885108299648e+00
2.837289022993604082e+00
2.927417462542709625e+00
2.973603033358689363e+00
2.960522589003502514e+00
3.017510231962768241e+00
2.914383296685595592e+00
2.895649495363691539e+00
2.830435125559319420e+00
2.854218982488904821e+00
2.818766751613194455e+00
2.814291029726669890e+00
2.768759650096049629e+00
2.811135891414714205e+00
2.899667222286033574e+00
2.912228528120689663e+00
2.924542015427372910e+00
2.953776904236337320e+00
2.972369761654831244e+00
2.979159109547524498e+00
2.943301037950416532e+00
2.976791561396262775e+00
2.977689540566645476e+00
2.941897346951453329e+00
2.965156488281857960e+00
2.935231677397884376e+00
2.897968081259695072e+00
2.917349653366905216e+00
2.905028227057354417e+00
2.845597476805179493e+00
2.835163663706206982e+00
2.832131705976966174e+00
2.863437270135317902e+00
2.913095604335703470e+00
2.960958459688348476e+00
2.914970154221137033e+00
2.857016975798359226e+00
2.887384110228495615e+00
2.935750840926388605e+00
2.939887582884760597e+00
2.879192074176365246e+00
2.833695114157484873e+00
2.854091974691776112e+00
2.863859284252632253e+00
2.835636436498868207e+00
2.892150756789832133e+00
2.877263978157026614e+00
2.881563638027103913e+00
2.871889621834376793e+00
2.884354000465269241e+00
2.864179114510822188e+00
2.840252981690187362e+00
2.833963126083330231e+00
2.811734340224907758e+00
2.826636694023481944e+00
2.737437122565557601e+00
2.701097924918680171e+00
2.741296408635884863e+00
2.733009147441698872e+00
2.796017346155062810e+00
2.824056656655457243e+00
2.814923267160225784e+00
2.910839569608740796e+00
2.915278717378494200e+00
2.918841208425014599e+00
2.944582992547501554e+00
2.864007157812284543e+00
2.887479523736921738e+00
2.766145693921417514e+00
2.729719033160739272e+00
2.751095054700945841e+00
2.760971024838906551e+00
2.817410158283667254e+00
2.868724106636955984e+00
2.881229078015144829e+00
2.888713381420870530e+00
2.928152489198606823e+00
2.942637252533855552e+00
2.850503990525184328e+00
2.873691702322989538e+00
2.838331376002456885e+00
2.810126153751820954e+00
2.806450783462984599e+00
2.790390653654072572e+00
2.806359563562730752e+00
2.727669151491800559e+00
2.716564374352280709e+00
2.744956648109400987e+00
2.757835564351145408e+00
2.748112625057423042e+00
2.757404032781558101e+00
2.720426437160174515e+00
2.756999274573716185e+00
2.766016811228738437e+00
2.726679482447469383e+00
2.758578257001240264e+00
2.775549134856019506e+00
2.820888512508071599e+00
2.806584757316265222e+00
2.815436023069961102e+00
2.849674016444688096e+00
2.797125667538017613e+00
2.770315505497523478e+00
2.729460386230216251e+00
2.763574135064952308e+00
2.716829218040766047e+00
2.733356361691611003e+00
2.711153444569303517e+00
2.802512087395877760e+00
2.885946811706688653e+00
2.966209871199271486e+00
2.851452612266245801e+00
2.839192490832560534e+00
2.796521589403522245e+00
2.820315230608096524e+00
2.824240959974909426e+00
2.849767183473064680e+00
2.922478571350010768e+00
2.904279773024630806e+00
2.931996248292279450e+00
2.994126583830416521e+00
2.958870899515556818e+00
2.985594413178052964e+00
2.992144715751562600e+00
2.996056408013707539e+00
2.971643821187189172e+00
2.985204348114212092e+00
2.893311251835861686e+00
2.872807859916844730e+00
2.874947477781116145e+00
2.874524830298043732e+00
2.885752068352373190e+00
2.876596078701352699e+00
2.953507237167364519e+00
2.944868248326230287e+00
2.954249481678891787e+00
2.913506650069637161e+00
2.860426891217462853e+00
2.876997219324342492e+00
2.879281854907574267e+00
2.886564220660957414e+00
2.847156827433290793e+00
2.897754647999033040e+00
2.863339833131932188e+00
2.854166253041332535e+00
2.782719712798973344e+00
2.777386001260897963e+00
2.755302342756598133e+00
2.732806067030736141e+00
2.734689379070317727e+00
2.783236245811699039e+00
2.735959429523763919e+00
2.729140890463517710e+00
2.742426662647517333e+00
2.819230746143351674e+00
2.809374307563874851e+00
2.836116006090019237e+00
2.928011782763177084e+00
2.913607042825096194e+00
2.878779776224642095e+00
2.850140347421509457e+00
2.794984794234129488e+00
2.783114981455131698e+00
2.827568920468606528e+00
2.821549397051201780e+00
2.810899500160046749e+00
2.679899624985980999e+00
2.757677646136328597e+00
2.841324515080950963e+00
2.812226342242032384e+00
2.813823555235829055e+00
2.783230317454881586e+00
2.801865806922236857e+00
2.827662815825112030e+00
2.802281392009017935e+00
2.823672962649888873e+00
2.840540793581391110e+00
2.821853468910106244e+00
2.895549170710109088e+00
2.901909371431161677e+00
2.881859989659455668e+00
2.905007056790052111e+00
2.922492258330207537e+00
2.944075066977743127e+00
2.975918009623248484e+00
2.937868955552646710e+00
2.942988107349399307e+00
2.986842814746032193e+00
2.936474757255713719e+00
2.909187859179946489e+00
2.921696082757410995e+00
2.927983094213489679e+00
2.978745541331115465e+00
2.949494363446047096e+00
2.964173746594487291e+00
2.927008882801690248e+00
2.916393149079869573e+00
2.909644308158645387e+00
2.869832399287456592e+00
2.786760305444298425e+00
2.738417973940428407e+00
2.731452727030068584e+00
2.718113500205611821e+00
2.777261060829536277e+00
2.768971289125259361e+00
2.692811727544278000e+00
2.724911374705607070e+00
2.826090232105124667e+00
2.804584282919662552e+00
2.838014975295232833e+00
2.864658094781993736e+00
2.887367139800548710e+00
2.871527119844073273e+00
2.863312417463382165e+00
2.900188959361096774e+00
2.837279859301862661e+00
2.777246478078601921e+00
2.763152366410509764e+00
2.742342247058159987e+00
2.765508994742197579e+00
2.890164355188126422e+00
2.917786489789820692e+00
2.886458903223810157e+00
2.894959239782142646e+00
2.878467300491704517e+00
2.842040288243641744e+00
2.823043216105626474e+00
2.805085738440093124e+00
2.773677342446305705e+00
2.780397453602632130e+00
2.742582177437897339e+00
2.753914305130063411e+00
2.772295799513464498e+00
2.851951437174202741e+00
2.853010690481197820e+00
2.890352227670530905e+00
2.856297603542039987e+00
2.864601368428075112e+00
2.908942247621977284e+00
2.838260911191921920e+00
2.812348840382358883e+00
2.846078705868831271e+00
2.862941319692039688e+00
2.827749812129778828e+00
2.837317395005359622e+00
2.913841107541727649e+00
2.847339284314393204e+00
2.854914359486112829e+00
2.921485238709927046e+00
2.880503428222227047e+00
2.816703924802889336e+00
2.831466227946221270e+00
2.816671262323666713e+00
2.739219779426250945e+00
2.669577494660905881e+00
2.760046014109184487e+00
2.785816038434699049e+00
2.758058918877550170e+00
2.757275104156275525e+00
2.772918678937411840e+00
2.773259093557614019e+00
2.737347073354053251e+00
2.747285751428125256e+00
2.763326618407603519e+00
2.757852969249811270e+00
2.863269809151767653e+00
2.925595324032358224e+00
2.895340049113402259e+00
2.778725967057565249e+00
2.740018065633874844e+00
2.777101546576933977e+00
2.868265155106828779e+00
2.925295711547808430e+00
2.872137531525953413e+00
2.813090115869024466e+00
2.819479739242685579e+00
2.839510697285713370e+00
2.890361396088731105e+00
2.856221454999594567e+00
2.952482684115183886e+00
2.932657156914186380e+00
2.972673207737440038e+00
2.958321821573846488e+00
2.915347663658658384e+00
2.951862801689807192e+00
2.916956118970595480e+00
2.902761099367290321e+00
2.851561151369544245e+00
2.900764209652346270e+00
2.859809259373778279e+00
2.970209925240975046e+00
2.920041266831686411e+00
2.869956271443869777e+00
2.814382170210719458e+00
2.782675151720013673e+00
2.815221838505804097e+00
2.816822678125124657e+00
2.858997376703937832e+00
2.828225238555091003e+00
2.888048649174732585e+00
2.891114145100466271e+00
2.852334482489737866e+00
2.847556671955801644e+00
2.853262343353656583e+00
2.778328454304853867e+00
2.822705085551800774e+00
2.803180693426665204e+00
2.773645074626528206e+00
2.757390614330875067e+00
2.791935708428831653e+00
2.766106650149267043e+00
2.725049357351165380e+00
2.792331284070713515e+00
2.751645689401163164e+00
2.772981247682717587e+00
2.778954299732185440e+00
2.821418437594821249e+00
2.818317405829230182e+00
2.841381530171546821e+00
2.854007182892152716e+00
2.805328144798751033e+00
2.799843209895868767e+00
2.858759521190965991e+00
2.867364120581827880e+00
2.856327362190825614e+00
2.871010100992332337e+00
2.858728738443016670e+00
2.926776725341377894e+00
2.858694457265414268e+00
2.871055729170020943e+00
2.857678428375033608e+00
2.859832687413723207e+00
2.884322104065355497e+00
2.915391911904813060e+00
2.892864670184210674e+00
2.884700677713374350e+00
2.882924556765230406e+00
2.873607314857059780e+00
2.788496727629423244e+00
2.790289411512719919e+00
2.734891953990139513e+00
2.767149255099912164e+00
2.774965225007333114e+00
2.790912037309667415e+00
2.768067195716173323e+00
2.752633284693040583e+00
2.747676472949462934e+00
2.802641075842570384e+00
2.804361781225810368e+00
2.757975163049878109e+00
2.756311665976836078e+00
2.748147921782959635e+00
2.760745370366488594e+00
2.773733044112212554e+00
2.794301522742311139e+00
2.885523869248009188e+00
2.908007737266185888e+00
2.907863132955194718e+00
2.813891433584458923e+00
2.836911348632522589e+00
2.855274067405789040e+00
2.836131343926088011e+00
2.844487124245774989e+00
2.803495675045709845e+00
2.789942830955502107e+00
2.790098385362064892e+00
2.819569470681650092e+00
2.869254607036468396e+00
2.764880286739373361e+00
2.797605583351591818e+00
2.793799921254204843e+00
2.826625726904784752e+00
2.896599040253931889e+00
2.885122181121624774e+00
2.794554347297615315e+00
2.720036029173143355e+00
2.754243271753604283e+00
2.757719710195363660e+00
2.850194028482973430e+00
2.837418016436774160e+00
2.804229127585690318e+00
2.754043935742492621e+00
2.785851036936469072e+00
2.710631845160828668e+00
2.723221988747887679e+00
2.740726363575904045e+00
2.795285316385431429e+00
2.838735810180298635e+00
2.842527924225195957e+00
2.739665673033846449e+00
2.712452395895640578e+00
2.728578201188303520e+00
2.767731381474726415e+00
2.776400007203573050e+00
2.837998238195365452e+00
2.824030098989740001e+00
2.759818834633896767e+00
2.762329994768909280e+00
2.746465728895957081e+00
2.803665814607725348e+00
2.882581308480300031e+00
2.882623284440753775e+00
2.967855286229434952e+00
3.045210009178349608e+00
3.016919621070472068e+00
3.010656240755493318e+00
2.926097913604395639e+00
2.885936416485990197e+00
2.914035174804861850e+00
2.869506229301481248e+00
2.840397859455607854e+00
2.757399680858761304e+00
2.731106735373042493e+00
2.757750169975518251e+00
2.766454951738777090e+00
2.776112569763697469e+00
2.791927291316878001e+00
2.799893747984019576e+00
2.832258639319509719e+00
2.867420792280058528e+00
2.894013994437483639e+00
2.879346800925515648e+00
2.843143682616128487e+00
2.893934691730274622e+00
2.817876682894409512e+00
2.820915631492725062e+00
2.756617129744354244e+00
2.722910207847478503e+00
2.735033637818738317e+00
2.746822163883202439e+00
2.744448031936476351e+00
2.739599605781837699e+00
2.755698278113916100e+00
2.764527084331061868e+00
2.776983615363979752e+00
2.847698895599743540e+00
2.866234637987615574e+00
2.839043677015202327e+00
2.846555286657893369e+00
2.805893975188656242e+00
2.822076363247458364e+00
2.879278555471838974e+00
2.844721603250483177e+00
2.873640374159577959e+00
2.893514126455925428e+00
2.816617297397713493e+00
2.774198623026116195e+00
2.822838465091476401e+00
2.803350495389400621e+00
2.831443801314092568e+00
2.868277706220232925e+00
2.911040535616088221e+00
2.821349677016303126e+00
2.792696367312422545e+00
2.794313690336144074e+00
2.807894228777145340e+00
2.804768439639893085e+00
2.829575233140126045e+00
2.725825196156202779e+00
2.690681140529289639e+00
2.762821203045900731e+00
2.772104615630514246e+00
2.810421498636814785e+00
2.789811104716589885e+00
2.792023817949982778e+00
2.747185832811461115e+00
2.742194376772004283e+00
2.754384504748746298e+00
2.731868591275941949e+00
2.756606790966023901e+00
2.776213788597700738e+00
2.724239343376422262e+00
2.795022897938405304e+00
2.851397026020753955e+00
2.801014280577662774e+00
2.776416575371930762e+00
2.751309142935413288e+00
2.766551824925750580e+00
2.784951884683108947e+00
2.798107038695982318e+00
2.838091788508609437e+00
2.795544133080356097e+00
2.755010889270676167e+00
2.752067768060953767e+00
2.721082505180612898e+00
2.726823426626667324e+00
2.735097438849300122e+00
2.715814058436254452e+00
2.797349281015869327e+00
2.834406639845454379e+00
2.841791864299706205e+00
2.785346657060840503e+00
2.823376170473923974e+00
2.903256447508555382e+00
2.922825687583849419e+00
2.865196328351689026e+00
2.836534681614169884e+00
2.810635159532449912e+00
2.786402339935853512e+00
2.756146585361526125e+00
2.745939911942721690e+00
2.777714528168796715e+00
2.830779574604847415e+00
2.931537139454317042e+00
2.883051508384822714e+00
2.907359970832645413e+00
2.899836029847204788e+00
2.866633042438463175e+00
2.885751202026952011e+00
2.945587547502195758e+00
2.899437531660235656e+00
2.901689335542314563e+00
2.905817785064988890e+00
2.856096286892303215e+00
2.865375019085634634e+00
2.849822626059383524e+00
2.867666821651357889e+00
2.911762524657531159e+00
2.906090500999581661e+00
2.892656391623450229e+00
2.971620096849528547e+00
2.886777788469351513e+00
2.906861193796497655e+00
2.888401114803828662e+00
2.819349215687903865e+00
2.773835972079099044e+00
2.763518047706582159e+00
2.737966216007786890e+00
2.706782037771050309e+00
2.753856023832764066e+00
2.836041254989073668e+00
2.749181332687969270e+00
2.726881918968989460e+00
2.736888379163461504e+00
2.769874545895535611e+00
2.848840114853762540e+00
2.920194685290691261e+00
2.900345151874169858e+00
2.855356545162092363e+00
2.916551731068729225e+00
2.882236804983240308e+00
2.901341241563976769e+00
2.888495283015016124e+00
2.858660875305079063e+00
2.842047501362353845e+00
2.871720564400373377e+00
2.897187774377076863e+00
2.863971019406446050e+00
2.944464807057472377e+00
2.944412505067861563e+00
2.932189625518786258e+00
2.849924911291524143e+00
2.883930304289616497e+00
2.856054971459757841e+00
2.798607868208763616e+00
2.821852405778870310e+00
2.812461377512587735e+00
2.819261782807691130e+00
2.846143706842645837e+00
2.824860704530402167e+00
2.781982925900157166e+00
2.742722917102637048e+00
2.843716758047467597e+00
2.868054741458049506e+00
2.857565747275117474e+00
2.875591939062286162e+00
2.852913423151848704e+00
2.853582485227998511e+00
2.831712202890682040e+00
2.864113999127827714e+00
2.928468883222084429e+00
2.842380340489287782e+00
2.800008571415451897e+00
2.771485702651196981e+00
2.782218000085543430e+00
2.729481452583988332e+00
2.753753983201839617e+00
2.759102209052792798e+00
2.730842177790580472e+00
2.748433371941186643e+00
2.761053422156116266e+00
2.735601213627453898e+00
2.796974973073588888e+00
2.856184342790220043e+00
2.831829620581012286e+00
2.796223524684676942e+00
2.778538644683568481e+00
2.865757491484581365e+00
2.869626456527050617e+00
2.803220647755007011e+00
2.840800415375919652e+00
2.820198042691328233e+00
2.793430507458526169e+00
2.794955634710504899e+00
2.813925016769280862e+00
2.755802061106711331e+00
2.735207670360698451e+00
2.776016750669922928e+00
2.805623994764801399e+00
2.826549309670716159e+00
2.853120572285720691e+00
2.853385708242053287e+00
2.836405295439987650e+00
2.804735994706097468e+00
2.739636107223001105e+00
2.699523291249771528e+00
2.723503075085468073e+00
2.768143240513395220e+00
2.825230079126300531e+00
2.861283278530806218e+00
2.860929569213475077e+00
2.911257288526728715e+00
2.918753501068564127e+00
2.897319795949353072e+00
2.859461487763036658e+00
2.784610206115031961e+00
2.746598077622570244e+00
2.773246472998748935e+00
2.826784215323129512e+00
2.858422467026174196e+00
2.871792123396120555e+00
2.804040120968314564e+00
2.805218886290337554e+00
2.866454604559437680e+00
2.846760439517172170e+00
2.860249115024773303e+00
2.884031553225449684e+00
2.931974420079411559e+00
2.910077146743708099e+00
2.870731439894717685e+00
2.903413508269188981e+00
2.852991763044541162e+00
2.905826044346083048e+00
2.904124136465244366e+00
2.894701884477915765e+00
2.893598624550405951e+00
2.942705217992451328e+00
2.926061175026934080e+00
2.858373838391332633e+00
2.867112135930508288e+00
2.849720337155911221e+00
2.884973656725482449e+00
2.893764675988702351e+00
2.909435168550761563e+00
2.884977122959556439e+00
2.891259587100404094e+00
2.863084350835650937e+00
2.821392918400412952e+00
2.775583181963747315e+00
2.782916815141983413e+00
2.789634205411168466e+00
2.774410748249076519e+00
2.786172105236860208e+00
2.793768422758049041e+00
2.850820232845276969e+00
2.899279393228600288e+00
2.907562209136719478e+00
2.851411755604580822e+00
2.837352815565945985e+00
2.811502978835341615e+00
2.791745153125550161e+00
2.795598147087666963e+00
2.759495062506907015e+00
2.761415216877027401e+00
2.749696165033510997e+00
2.804402610182782141e+00
2.810063700345599269e+00
2.790104299125750753e+00
2.741459830090529959e+00
2.768749537246010917e+00
2.745507239109013842e+00
2.824753971587614654e+00
2.836587738815776305e+00
2.882928025463001642e+00
2.848346186824908699e+00
2.874447946997822356e+00
2.935257569618039408e+00
2.960564810977797112e+00
2.931672048507472095e+00
2.888446468259365130e+00
2.802796639073195539e+00
2.784280158317406162e+00
2.788083571200834943e+00
2.775788356485414443e+00
2.725782273036494896e+00
2.743947885802498377e+00
2.775338177592057143e+00
2.765195472294860846e+00
2.793985146703539701e+00
2.750690095230650112e+00
2.762517330262382220e+00
2.787016146347200518e+00
2.759409719487122548e+00
2.691487878479113416e+00
2.745328213529304229e+00
2.758530949617929995e+00
2.726435218375819147e+00
2.784978635465629626e+00
2.825155924900429216e+00
2.817887329188305312e+00
2.800516023878456551e+00
2.774454540986389883e+00
2.689093527566492003e+00
2.771924602149199668e+00
2.813051545919484031e+00
2.779323838634137900e+00
2.793537721241651894e+00
2.774799632405914540e+00
2.790034587599228733e+00
2.824860173530718388e+00
2.862885432566241839e+00
2.918738254794355669e+00
2.918410868949058656e+00
2.919951369458060331e+00
2.902469465816996497e+00
2.942145815557074329e+00
2.931395742645472424e+00
2.914030542049962591e+00
2.935346316876425998e+00
2.916838185432987007e+00
2.865997557570487242e+00
2.878296197405680434e+00
2.900651995672697048e+00
2.865896892771964133e+00
2.885599071250196879e+00
2.882039208616010040e+00
2.910475390722278455e+00
2.901388633051421806e+00
2.906529545695347494e+00
2.931629751520474780e+00
2.912577895954029383e+00
2.922500983746626702e+00
2.885398066125365979e+00
2.840000176056332037e+00
2.838456094428800203e+00
2.830352274894416542e+00
2.754411733927954575e+00
2.803524567397261080e+00
2.826342866674176335e+00
2.758040790126208730e+00
2.750772618738233533e+00
2.758426000457507410e+00
2.820959588508846316e+00
2.892802620297485028e+00
2.885577411888303523e+00
2.833591007890870817e+00
2.831065877015227716e+00
2.812027560320133013e+00
2.825550919732291444e+00
2.851204833048653686e+00
2.875485871987550013e+00
2.930609834147151815e+00
2.928195348674675458e+00
2.925418773440821685e+00
2.836904298703077476e+00
2.755337184447667731e+00
2.743580325049733037e+00
2.724678696653973997e+00
2.763486565916324356e+00
2.754843552726724099e+00
2.773702399321167356e+00
2.736617254933543020e+00
2.731044854995977378e+00
2.771210746226277166e+00
2.765005063286503528e+00
2.763318476035652171e+00
2.760316105086517258e+00
2.757314998327176525e+00
2.766300779018796341e+00
2.750181812171696993e+00
2.809717067606630092e+00
2.853473146886088774e+00
2.789041770931371289e+00
2.832947758078147693e+00
2.813395279728748477e+00
2.770510963703265883e+00
2.727445874806683879e+00
2.762806001151727475e+00
2.767305910086559351e+00
2.724472425993700320e+00
2.731313786440510594e+00
2.730676656068967478e+00
2.756400188651858318e+00
2.814942628189782692e+00
2.859712223284014421e+00
2.834768773639218864e+00
2.756033562930611414e+00
2.754666222975117318e+00
2.799594434913742713e+00
2.777978041669876053e+00
2.742728933015437409e+00
2.636129359496608870e+00
2.696627708824486547e+00
2.744612905311056839e+00
2.768323138652711624e+00
2.728153588051816403e+00
2.709327038214471184e+00
2.756386946711220087e+00
2.856703519793399870e+00
2.836589148960420026e+00
2.785637808474030752e+00
2.825662931065912264e+00
2.851144857772049068e+00
2.803575039124154067e+00
2.761054327607481262e+00
2.716491303133511170e+00
2.749264628950803591e+00
2.773175977106393297e+00
2.770359723934781915e+00
2.765100540667553730e+00
2.728069830484550096e+00
2.793413861209971039e+00
2.803428971812911730e+00
2.819342831228582646e+00
2.805620074065624525e+00
2.742114694902458183e+00
2.714952117441484347e+00
2.716607811223401558e+00
2.735182992050074979e+00
2.727605909951068774e+00
2.678073187946886424e+00
2.703920486996612471e+00
2.775241430938936826e+00
2.764864191963142481e+00
2.766400187969918267e+00
2.771047094511386977e+00
2.732000183016099371e+00
2.761046902897521971e+00
2.758684650336098443e+00
2.756416877034386204e+00
2.738367762007141160e+00
2.742513810357205983e+00
2.709717881994359701e+00
2.761998189717003171e+00
2.800903068654822192e+00
2.819551914755250799e+00
2.854859891483293222e+00
3.004297754883826332e+00
2.939718013687707021e+00
2.888330140409852920e+00
2.877730181931586806e+00
2.900646824416926783e+00
2.856680766204021893e+00
2.801142088506043848e+00
2.821971828349815858e+00
2.780580155291337174e+00
2.734004572051773163e+00
2.813110022732846716e+00
2.824649535783156029e+00
2.851978436103611347e+00
2.837859756929506538e+00
