-5.226922646189999568e+02
-5.754579726949999667e+02
-5.811467637480000121e+02
-5.983155992870000546e+02
-5.713335307449999618e+02
-5.902931039860000055e+02
-5.868884838870000067e+02
-5.595315270720000171e+02
-5.899473495649999677e+02
-5.433172479040000553e+02
-5.758879484819999561e+02
-5.846491973580000376e+02
-5.670266107449999708e+02
-5.746025153189999628e+02
-5.710283488459999717e+02
-5.733908868190000021e+02
-5.968278306600000178e+02
-5.911876232460000438e+02
-5.492283668540000008e+02
-5.794696446250000008e+02
-5.756373070429999643e+02
-5.694678696749999744e+02
-5.865921048919999521e+02
-5.925311182409999446e+02
-5.768854496650000101e+02
-5.756344708469999887e+02
-5.946806668799999898e+02
-5.906865747279999823e+02
-5.809283149950000507e+02
-5.971710378290000563e+02
-6.031560562769999478e+02
-5.861643478800000366e+02
-5.877305890569999747e+02
-5.914353969909999478e+02
-5.773627085890000217e+02
-5.789072593209999695e+02
-5.925352126230000067e+02
-5.647336611030000313e+02
-5.886862500429999727e+02
-5.844269638480000140e+02
-5.959620951189999687e+02
-5.989897781879999457e+02
-5.580052091359999622e+02
-5.629930233589999489e+02
-5.702002540129999488e+02
-5.775385365250000405e+02
-5.792476383760000544e+02
-5.736221929590000173e+02
-5.732800817629999983e+02
-5.977118460650000316e+02
-5.771837608439999485e+02
-5.467515222859999540e+02
-5.973154774690000295e+02
-5.844813209129999905e+02
-5.889156961689999434e+02
-5.949195851749999520e+02
-5.976707703920000085e+02
-5.956388918930000500e+02
-5.901484165800000028e+02
-6.013317652089999683e+02
-5.683728482520000398e+02
-5.726697542790000170e+02
-5.765539893640000173e+02
-5.873688230899999780e+02
-6.017966585330000271e+02
-5.695659000650000507e+02
-5.920024275969999508e+02
-5.733690106550000110e+02
-5.722076659209999434e+02
-5.944306082900000092e+02
-5.848887774219999756e+02
-5.852769769929999484e+02
-5.856441335160000108e+02
-5.898594486150000193e+02
-5.883953983860000108e+02
-5.885045996610000429e+02
-5.847386897809999482e+02
-5.591694769059999999e+02
-6.020625935220000429e+02
-5.817221060299999635e+02
-5.900185029110000414e+02
-5.842797737629999801e+02
-5.875937731359999816e+02
-5.772932365049999817e+02
-5.283134224850000464e+02
-5.860692441490000419e+02
-5.784316915919999929e+02
-5.534579754119999961e+02
-5.692146237480000082e+02
-5.979418980289999581e+02
-5.817899993380000296e+02
-5.831756913120000263e+02
-5.838993326779999506e+02
-5.823486356690000321e+02
-5.895320207949999940e+02
-5.895131097189999991e+02
-5.859555946220000351e+02
-5.825510551019999639e+02
-5.682493994169999496e+02
-5.951561940809999669e+02
-5.974524991570000338e+02
-6.038620873449999635e+02
-5.911990771800000175e+02
-5.824510135020000234e+02
-5.670676841929999910e+02
-5.923400484960000085e+02
-5.756818130890000020e+02
-5.693252444089999926e+02
-5.726706360270000005e+02
-5.980296438489999673e+02
-5.984441568910000342e+02
-5.887062742020000314e+02
-5.780487741120000464e+02
-5.604300680730000295e+02
-5.321774040059999606e+02
-5.443473698620000505e+02
-5.827897348510000484e+02
-5.890644342059999872e+02
-5.998011480039999697e+02
-5.497325503170000047e+02
-5.845961921629999551e+02
-5.854137359659999902e+02
-5.940255552439999747e+02
-5.776737677319999875e+02
-5.991322828639999898e+02
-5.859601786160000074e+02
-5.754070379080000066e+02
-5.686803990659999499e+02
-5.625729906589999700e+02
-5.881036376810000093e+02
-5.846268772199999830e+02
-5.894337652990000151e+02
-5.760905052059999889e+02
-5.771115449650000073e+02
-5.955313499039999670e+02
-5.899202130639999950e+02
-5.889447328579999521e+02
-5.978196424879999995e+02
-5.771871195359999547e+02
-5.860868971380000403e+02
-6.036230981410000140e+02
-5.650976929539999674e+02
-5.791899817019999546e+02
-5.805309079930000280e+02
-5.934405207920000294e+02
-5.903541785219999838e+02
-5.699983641750000061e+02
-5.879575800860000072e+02
-5.458726735389999476e+02
-5.622495090490000393e+02
-5.608919868899999983e+02
-5.977902864410000348e+02
-5.812614182659999642e+02
-5.760461748689999695e+02
-5.728864187970000330e+02
-5.910747264819999600e+02
-5.838725741099999595e+02
-5.791069208530000196e+02
-5.962330122030000439e+02
-5.716577977340000416e+02
-5.895533874980000064e+02
-5.890279500090000511e+02
-5.164491574620000165e+02
-5.977842572890000383e+02
-5.755887066359999835e+02
-5.804127853319999986e+02
-5.748143875189999790e+02
-5.649168797449999602e+02
-5.598052409719999787e+02
-5.784562632800000301e+02
-5.850836866079999936e+02
-5.555144993110000087e+02
-5.902488238119999551e+02
-5.877376392439999790e+02
-5.943552609500000017e+02
-5.992577261279999448e+02
-5.959324222870000085e+02
-5.807509709729999940e+02
-5.780088684569999486e+02
-5.897829751189999570e+02
-5.988729145329999710e+02
-5.885115298020000409e+02
-5.989030903499999567e+02
-5.801514190829999507e+02
-5.749298375390000047e+02
-5.904476813899999570e+02
-5.509835945879999599e+02
-5.884409143619999440e+02
-5.879415803939999705e+02
-5.720509344539999574e+02
-5.868287403320000521e+02
-5.961411106430000473e+02
-5.914671264290000181e+02
-5.502513966720000553e+02
-5.701983980459999657e+02
-5.707716070290000516e+02
-5.977925659740000128e+02
-5.789582455180000125e+02
-5.836134738010000547e+02
-5.614153524800000241e+02
-5.651888805490000323e+02
-5.896936058139999659e+02
-6.012585377330000256e+02
-5.811910326639999766e+02
-5.854056054379999523e+02
-6.027123151230000531e+02
-6.017758876289999534e+02
-5.924246371790000012e+02
-5.555764773769999465e+02
-5.342228422260000116e+02
-5.531684691469999962e+02
-5.906076063279999744e+02
-5.754234397139999828e+02
-5.742521370670000351e+02
-5.632884157600000208e+02
-5.641547734460000356e+02
-5.946495171689999779e+02
-5.741697588260000202e+02
-5.869003521490000139e+02
-5.974183487850000347e+02
-5.966125172869999460e+02
-5.912441989550000017e+02
-5.852759636849999652e+02
-5.731999659809999912e+02
-5.816573137960000395e+02
-5.947587039469999581e+02
-5.986674744749999491e+02
-5.814654683459999660e+02
-5.945494656070000019e+02
-5.754432471369999575e+02
-5.765275295200000301e+02
-5.990421918199999709e+02
-5.608179189270000506e+02
-5.802196603920000371e+02
-5.701205277880000040e+02
-5.873890739959999792e+02
-6.008290213589999667e+02
-5.917610514899999998e+02
-5.346085922140000548e+02
-5.954528179000000137e+02
-5.561203763590000335e+02
-5.909074206239999967e+02
-5.783294024450000279e+02
-5.940697703959999671e+02
-5.781058098830000063e+02
-5.860966614349999873e+02
-5.791140190700000403e+02
-5.988027043439999488e+02
-6.005652751129999842e+02
-5.908926729109999769e+02
-5.982134954379999954e+02
-5.938454634400000032e+02
-5.954591232389999504e+02
-5.719401862180000080e+02
-5.697990570969999453e+02
-5.830240710399999671e+02
-5.680603541489999770e+02
-5.857393628989999570e+02
-5.808127795919999699e+02
-5.897639583789999733e+02
-5.979826905820000320e+02
-5.676001876149999816e+02
-5.555959062959999528e+02
-5.750406479880000461e+02
-5.514511878719999913e+02
-5.523634031980000145e+02
-5.395243089059999875e+02
-5.898868183350000436e+02
-5.849495685519999597e+02
-5.526086938580000378e+02
-5.567464594839999563e+02
-5.514200375670000085e+02
-5.816902090649999764e+02
-5.868071043889999601e+02
-5.880221167920000198e+02
-5.948304197100000010e+02
-5.824673274589999892e+02
-5.926600134130000015e+02
-6.055238504569999805e+02
-5.800697601470000109e+02
-5.601156725929999993e+02
-5.752070729929999970e+02
-5.621776328969999668e+02
-5.910750630569999657e+02
-5.976627653000000464e+02
-5.843743510719999676e+02
-5.922100102690000085e+02
-5.872548732919999566e+02
-5.904342687009999509e+02
-5.992889067080000132e+02
-6.001008069099999602e+02
-5.839369740969999611e+02
-5.774830370629999834e+02
-5.804896107629999733e+02
-5.896669221800000287e+02
-5.817214320900000075e+02
-5.927868305729999747e+02
-5.984878870559999768e+02
-5.690464602869999453e+02
-5.996222321840000404e+02
-5.739118147850000469e+02
-5.814896790279999550e+02
-5.771103294470000264e+02
-5.890912644210000053e+02
-5.673955834419999746e+02
-6.002673222509999960e+02
-5.985275725530000273e+02
-5.968661943380000139e+02
-5.921087626690000434e+02
-5.789261673239999482e+02
-5.743554135980000410e+02
-5.818202786719999722e+02
-5.714017514920000167e+02
-5.957073047899999665e+02
-5.778918663450000395e+02
-5.963571301639999547e+02
-5.749491234270000177e+02
-5.953499129340000309e+02
-5.863287536340000088e+02
-5.850314961120000135e+02
-5.921037195280000560e+02
-5.689159647750000204e+02
-5.914047169839999469e+02
-5.900189052419999598e+02
-5.915531440040000462e+02
-5.908157473239999717e+02
-5.949999779229999604e+02
-5.856552060640000263e+02
-5.926649841610000067e+02
-5.936768785389999721e+02
-5.841818672120000429e+02
-5.835282504660000313e+02
-5.939819366000000400e+02
-5.876330982480000102e+02
-5.528985220770000524e+02
-5.903497412069999655e+02
-5.678589273970000022e+02
-5.667169637060000014e+02
-5.963871615150000025e+02
-6.000723882830000093e+02
-5.823002665249999836e+02
-5.932356033830000115e+02
-5.898468384999999898e+02
-5.976047077519999675e+02
-5.978734061679999741e+02
-5.749605939599999829e+02
-5.947672489320000295e+02
-5.876804175940000050e+02
-5.600449626570000419e+02
-5.800488953719999472e+02
-6.038151528030000463e+02
-5.999783521220000466e+02
-5.974734652710000091e+02
-5.866099925129999519e+02
-5.863649991500000169e+02
-5.895791313690000379e+02
-5.688337360409999519e+02
-5.902543048080000290e+02
-5.899907161769999675e+02
-5.927956070180000552e+02
-5.737829656479999585e+02
-5.667029305109999768e+02
-5.720666066129999763e+02
-5.870622537670000156e+02
-6.002111377149999498e+02
-5.897402703510000492e+02
-5.862576106090000394e+02
-5.847016643990000375e+02
-5.913026686089999657e+02
-5.512350392680000368e+02
-5.626065288910000390e+02
-5.760259543339999482e+02
-5.938436002869999584e+02
-6.023859497710000142e+02
-5.822215252339999552e+02
-5.569991978069999732e+02
-5.762513664389999803e+02
