4.823770413276320390e+00
4.427761172421114111e+00
3.224063429897123356e+00
2.747945596259139922e+00
2.984205086786093641e+00
2.740914263525950023e+00
2.890899686948684266e+00
2.909487583750788087e+00
2.698374325404093721e+00
2.921003423483101713e+00
2.764120294053788118e+00
2.971261180037863436e+00
3.130729787126317998e+00
2.709047987762490450e+00
2.903592430076921360e+00
2.762470995322846790e+00
2.783614377028541753e+00
2.738507075031941795e+00
3.079979707725360338e+00
2.802748115689313924e+00
2.829795222273159272e+00
2.980916302078943314e+00
2.796625645309003261e+00
2.818990776856143299e+00
2.666643958236644352e+00
2.740087772316792236e+00
2.894861827445309732e+00
2.970631077734156911e+00
2.767802557987111722e+00
3.475930522895990915e+00
2.730846938222645903e+00
2.731352961446030569e+00
2.907328842769596466e+00
2.925675819362083541e+00
2.911311388360922514e+00
2.806863908350385461e+00
2.832430405146788566e+00
2.755402692892638061e+00
2.915716550009620267e+00
2.906870826163419519e+00
2.651276485016226925e+00
2.851556417116799746e+00
2.899858789665455294e+00
2.969061467871624060e+00
2.755010889270675722e+00
2.780854724720440707e+00
2.818465894773253932e+00
2.874214327429323923e+00
2.727218363094528808e+00
2.853255158586417206e+00
2.770293486257367821e+00
3.059687238918383123e+00
5.801387678823059169e+00
6.219354066139022308e+00
2.884663238577425570e+00
5.795313020018848960e+00
5.631103000301095562e+00
5.278113583469002279e+00
5.963590277676694917e+00
2.945414232327942194e+00
2.862599692587142197e+00
2.831426672191953653e+00
2.771799054765694770e+00
2.865790117925595570e+00
2.795463110112526905e+00
6.217786583664640432e+00
2.782406512355805273e+00
2.847194584147700880e+00
5.955225772378407889e+00
6.212154618165906861e+00
2.846267907277878706e+00
5.948593195033595293e+00
2.895721844376631715e+00
5.520319284244346036e+00
6.149147420577913081e+00
2.839419835107164669e+00
6.153043637095383822e+00
5.584763020934728317e+00
2.856299179007689482e+00
2.997929452138592854e+00
2.821823169512929663e+00
2.985039530726519619e+00
2.745899124148591053e+00
2.843518419142032183e+00
2.891003459008653742e+00
2.854477360218504511e+00
2.837284969825907499e+00
2.838268838570441321e+00
2.905451772100166696e+00
2.744522909359657259e+00
2.805817706124188682e+00
2.769247912340099482e+00
2.728619797626631538e+00
2.749535597150907673e+00
2.851836075232936363e+00
2.897030721273075926e+00
2.714452246770976185e+00
2.776643657367650064e+00
2.761643351339922781e+00
2.850591692964813184e+00
2.888917790453719103e+00
2.891831426622236911e+00
2.824939822367903197e+00
2.687471860317796502e+00
2.753129492050819138e+00
2.785596883972984550e+00
2.728729741106656448e+00
2.860144926397961918e+00
2.730507278876949329e+00
2.800264987461007937e+00
2.810186648605391024e+00
5.493290816987572711e+00
5.880157650947804626e+00
2.845332318025436180e+00
2.726203404003450625e+00
2.860006118874574010e+00
5.876318149998347451e+00
2.921070522941888736e+00
2.795173161004520068e+00
3.059575297324777843e+00
5.598972762927142632e+00
5.803884561222767857e+00
2.989078955129823800e+00
2.813961442521911493e+00
2.907736576789583083e+00
2.768375335824244665e+00
2.826213898486807707e+00
6.199746285131352508e+00
2.700878005390098924e+00
2.882017522500514239e+00
2.781133042484662976e+00
2.735450602734401215e+00
5.615262861166875119e+00
5.754930234155754221e+00
5.859005547019050297e+00
2.987072982034419510e+00
3.041895954828172766e+00
2.670836947475454526e+00
2.714909022416772899e+00
2.762119838095371538e+00
2.849003685501301675e+00
2.928096992929024811e+00
2.807644386313907336e+00
2.767959717914984630e+00
2.788908388599382171e+00
2.806611123757618564e+00
2.781532491271673013e+00
2.688468337176393330e+00
2.669239592093598290e+00
5.786676593693482751e+00
5.698189361542840281e+00
2.839269800494486518e+00
2.985056783379505418e+00
5.409959426834919149e+00
2.745498679657304208e+00
2.706669909686069797e+00
2.673477323636765490e+00
2.920099142152539962e+00
2.712660133522074801e+00
2.753658293979119875e+00
2.721579872059610050e+00
6.078139600239533813e+00
2.746677447389845650e+00
6.225630329532905627e+00
2.853476651385113083e+00
2.717579437661390429e+00
3.099833060021135900e+00
2.700412005602107701e+00
2.763507553816345386e+00
2.970455015649959840e+00
2.896208901305290961e+00
2.974567699683434263e+00
2.853261291925434762e+00
2.690749709653426525e+00
2.990683032352308146e+00
2.895674360144801174e+00
6.111892178368331763e+00
6.097957854888798046e+00
6.015988198126721365e+00
2.845512607598146726e+00
2.880834948413393271e+00
5.792518364235023753e+00
2.887831366267773703e+00
3.056585186118652153e+00
6.051823939937446717e+00
6.014306028129928094e+00
3.049188252633804996e+00
2.995166940255584276e+00
5.874447803836543969e+00
3.063529010797841234e+00
5.800779344191606235e+00
2.888571619330218443e+00
2.712830625011447339e+00
5.724529063599904433e+00
2.865314991410193635e+00
2.849049139625359217e+00
2.907231500930051560e+00
2.734843688403415740e+00
2.757668217897141894e+00
2.766469591374537629e+00
2.857184978260945751e+00
2.856370774251830280e+00
2.749725986348457774e+00
2.988115794275717718e+00
2.782183495026883335e+00
2.762341760173784522e+00
2.719140121435451363e+00
2.751069791917319041e+00
3.033290127897428690e+00
2.854926443886076637e+00
2.779062791661966347e+00
2.819568938685486525e+00
2.814966784883970785e+00
2.961904454907349216e+00
2.810280590973079473e+00
2.860481078420201939e+00
2.860682610846578378e+00
2.870863458961432357e+00
2.787218147185469341e+00
2.974002185607804716e+00
2.972218363445054745e+00
2.922815423525748191e+00
2.895637580913743570e+00
2.754516836034952121e+00
2.855957632738973295e+00
2.943275216489276591e+00
2.904510630037356211e+00
2.927215912774457252e+00
2.811449803926792335e+00
2.725768332048782217e+00
3.145641111125043743e+00
2.927779534049652632e+00
2.846765357383709727e+00
2.701913581149478993e+00
2.662499953051642887e+00
2.880461594953142690e+00
2.953886592271274036e+00
5.891625751861705673e+00
5.812144612791392717e+00
5.723008474569996729e+00
5.873019836506599312e+00
2.799628011004319017e+00
2.962199351833025851e+00
2.962887443019056377e+00
2.699516438179252464e+00
6.143717197267465124e+00
5.828325145356940240e+00
2.804399935815147238e+00
6.128094075648643724e+00
6.065895234835497973e+00
2.869594222185429810e+00
5.629822466117382795e+00
2.892436516157268933e+00
2.866823677870684595e+00
2.736145829446961830e+00
2.780848251882867661e+00
2.920294163265064302e+00
2.883202906491320938e+00
2.866454430127923558e+00
3.195099372476543742e+00
2.926586236556168341e+00
2.961670136932875952e+00
2.973813376794179231e+00
2.835179359405680000e+00
2.740762485148977579e+00
2.858195759565814065e+00
2.850720259864162553e+00
2.828588694031000106e+00
2.762393346357466584e+00
2.824309650162319052e+00
2.716834371101779499e+00
2.716888109584198574e+00
6.058274506821228478e+00
2.710007380063751636e+00
3.002427184795661397e+00
2.784118352369381544e+00
6.215873309519749590e+00
3.156415213497742567e+00
5.737460588099930092e+00
6.024712524262050728e+00
5.396465880555532557e+00
2.921956194059041056e+00
3.018946836232794695e+00
5.781010811268216365e+00
5.610606829924905448e+00
2.918145301385796309e+00
3.171850406308595272e+00
2.707833451303827577e+00
2.785534957597911365e+00
2.869581676830265771e+00
3.055255963090490745e+00
5.809079961577392481e+00
2.758447933168215460e+00
6.072462844678425675e+00
2.945020543222067300e+00
2.806544138259721155e+00
2.933301382401747315e+00
5.883614195373453093e+00
5.710067862994274712e+00
2.870494905064281621e+00
2.768019689236331793e+00
2.741176937010815884e+00
3.163468665879274777e+00
2.866566064126204960e+00
2.766170095999159528e+00
2.903473953731977364e+00
2.870409378468514294e+00
2.788150282893660403e+00
2.745700092872490394e+00
3.001306548821696119e+00
2.915403231115722971e+00
2.910377295128588226e+00
2.796216550984562677e+00
2.718129136005131397e+00
2.730211347130474753e+00
2.929036018897685612e+00
2.707838252185680084e+00
2.841286504384941569e+00
2.997275095816198665e+00
2.703485712926923856e+00
2.783730231182611981e+00
2.781680427367601460e+00
2.783003054256319331e+00
2.825132032312826169e+00
6.114928372434136783e+00
5.962961428686251786e+00
2.904117594037817440e+00
2.991657400171349845e+00
2.929903411377242417e+00
2.793673030259625545e+00
2.686768132906149464e+00
2.924085840053264107e+00
6.084584044945061443e+00
2.866499433106519668e+00
2.772149707357089543e+00
5.994029946538471876e+00
2.700749895862258665e+00
5.828894492097107971e+00
6.203568408585498517e+00
6.046490304300504270e+00
5.999196029469281655e+00
2.851486980506837465e+00
2.877564595278445214e+00
2.812550088442870688e+00
2.853359248324683239e+00
2.714042741004643489e+00
2.877852150476115423e+00
2.886029279130757352e+00
2.929548258691090812e+00
3.001266732564768169e+00
6.070434663185166002e+00
2.732480558027814865e+00
2.917834299613327964e+00
2.847511194007848356e+00
2.771879326377683750e+00
2.931221417771096682e+00
2.738266239794808321e+00
2.800208027986491821e+00
2.869364215292300457e+00
2.941431454241284271e+00
3.034812350047363161e+00
2.652304092671124991e+00
2.806794969355617564e+00
2.800308732979276183e+00
2.827392791955161133e+00
2.958812768662458126e+00
5.984848034829289176e+00
2.906057982903988535e+00
5.626148327230628077e+00
2.873688570461315539e+00
3.130156705342401757e+00
2.745522172556615903e+00
2.846671565179235586e+00
2.778881429640350564e+00
2.831060048815637220e+00
2.862640214906511549e+00
2.737570090426909797e+00
2.735340746598127204e+00
2.807312237710654301e+00
3.047445651689296486e+00
2.757689250078768417e+00
2.780839261805687634e+00
3.011829012410897288e+00
2.881340139587827753e+00
2.744222294202858681e+00
2.799619617019426965e+00
3.277360828471591603e+00
3.192924834693106284e+00
2.823530768382026768e+00
2.815634564356674474e+00
2.868722015114047341e+00
2.811472567890357599e+00
3.026442465998651965e+00
2.928158465657212162e+00
5.631843481489875458e+00
2.718217430596750805e+00
2.822174161882997634e+00
5.382342705551180551e+00
2.921973648067347273e+00
2.751024899923662836e+00
2.957692681804517942e+00
2.748983994133105124e+00
6.095251102292669643e+00
2.830644096314476776e+00
6.040571910009845169e+00
5.760461353051507416e+00
2.840554171284187746e+00
3.010633654232941936e+00
2.667120732175429776e+00
2.730915780466325327e+00
2.917774151643680813e+00
2.856947671904404906e+00
2.814497646117330998e+00
2.714871267666295829e+00
2.810802554431741651e+00
2.897272683059017861e+00
2.903120734657792301e+00
2.844187054326771769e+00
3.107919722257960871e+00
2.775439604819387895e+00
2.908611352518586379e+00
2.928845506338631832e+00
2.714079217709018721e+00
3.061756848608328418e+00
2.854187625227185610e+00
2.926062371173929755e+00
2.815577383060178018e+00
2.930159722608991935e+00
2.789447257074419095e+00
2.909523844205439413e+00
2.907334518076651442e+00
2.876571744281724463e+00
