-5.745322614030000068e+02
-6.004239466069999480e+02
-5.909859748300000319e+02
-5.866581457209999826e+02
-5.877343905860000177e+02
-5.916597622619999584e+02
-5.945539016059999540e+02
-5.878714372030000277e+02
-5.858353993240000364e+02
-6.034628780609999694e+02
-5.835139954750000015e+02
-5.868722614329999487e+02
-5.881184391599999799e+02
-5.900473568730000125e+02
-5.944160757050000257e+02
-5.889006331709999813e+02
-5.993891221579999637e+02
-5.994596418659999699e+02
-5.637683085529999971e+02
-5.730197099260000186e+02
-5.723461786300000540e+02
-5.976443406370000275e+02
-5.869433721350000042e+02
-5.890921306159999631e+02
-5.818526948579999498e+02
-5.816243132199999764e+02
-5.922662921690000530e+02
-5.769439073859999780e+02
-5.985449658989999762e+02
-5.920160663709999653e+02
-6.011500244329999987e+02
-5.785783892829999786e+02
-5.848130540449999444e+02
-5.914170821269999578e+02
-5.606202250960000129e+02
-5.845945669999999836e+02
-5.928764308019999589e+02
-5.909198021150000386e+02
-5.924529475260000027e+02
-5.959092021200000318e+02
-5.763215399560000378e+02
-5.961460135180000179e+02
-5.945476024770000549e+02
-5.873560170419999622e+02
-5.995900297440000486e+02
-5.828478506019999941e+02
-5.909456810560000122e+02
-6.020832235619999437e+02
-5.980709387780000270e+02
-5.801902041849999705e+02
-6.021377459130000034e+02
-5.838528584719999799e+02
-5.944032535060000555e+02
-5.919089692479999485e+02
-5.846717442650000294e+02
-5.791499013860000105e+02
-5.917154501060000484e+02
-5.907570837619999793e+02
-5.930477198559999579e+02
-5.912973323329999857e+02
-5.947132972980000432e+02
-5.933874306159999605e+02
-5.759704801189999444e+02
-5.828744237160000239e+02
-5.833322148539999716e+02
-5.958657413030000498e+02
-6.009711546710000221e+02
-5.862747418819999439e+02
-5.981369556920000150e+02
-5.886079859479999641e+02
-6.018478386479999926e+02
-5.907800686709999809e+02
-5.996410582229999591e+02
-5.890475072719999616e+02
-5.933239846010000065e+02
-5.975138226430000259e+02
-5.850805151609999939e+02
-5.982241468879999502e+02
-5.867387519689999635e+02
-5.754123343459999660e+02
-5.902970187690000330e+02
-5.948482978780000394e+02
-5.913017239370000198e+02
-5.933388881099999708e+02
-5.904537436660000367e+02
-5.869001037709999764e+02
-5.902784493689999863e+02
-5.952941586790000201e+02
-5.807271550719999595e+02
-5.984204409930000566e+02
-5.967697176369999852e+02
-5.909261286959999779e+02
-6.058127447130000292e+02
-6.021482113959999651e+02
-5.944879730320000135e+02
-5.719351020819999576e+02
-5.775973678899999868e+02
-5.874385221589999446e+02
-5.934291148339999609e+02
-5.751329372139999805e+02
-6.007174156160000393e+02
-5.954530522410000231e+02
-5.994712376910000557e+02
-5.960551393060000009e+02
-5.856788954160000458e+02
-5.883341708540000354e+02
-5.768193032489999723e+02
-5.810466830990000062e+02
-5.862151954969999679e+02
-5.827443265409999640e+02
-5.636932095399999980e+02
-5.791975853799999641e+02
-5.985495649330000560e+02
-6.007066475450000098e+02
-5.958049970270000131e+02
-5.967098674379999466e+02
-5.986594131650000463e+02
-5.872623880940000163e+02
-5.765988107560000344e+02
-5.890950580879999734e+02
-5.814593726880000304e+02
-5.582757003430000395e+02
-5.714589152830000103e+02
-5.768884533919999740e+02
-5.830484730709999894e+02
-5.887386916909999854e+02
-5.870532920729999660e+02
-5.841112152059999971e+02
-5.878274980659999756e+02
-6.003264764079999622e+02
-5.733318927239999994e+02
-5.966368414390000225e+02
-6.048054950099999587e+02
-5.858018186929999729e+02
-5.933138192879999906e+02
-5.952800633230000358e+02
-5.945583445669999492e+02
-5.929920889410000200e+02
-5.928569936640000151e+02
-5.862076480079999783e+02
-5.943443215920000284e+02
-5.896877839259999519e+02
-5.903310020840000334e+02
-5.883695703969999613e+02
-6.027085134870000047e+02
-5.977965763830000014e+02
-5.878843060469999955e+02
-5.948232638670000370e+02
-5.815015350229999740e+02
-5.907069207710000001e+02
-5.679404577520000430e+02
-5.960988174010000193e+02
-5.947986621100000093e+02
-5.950935426759999700e+02
-5.930698308839999982e+02
-5.822055613720000338e+02
-5.832971703910000087e+02
-5.879222408059999907e+02
-5.894489749299999630e+02
-5.878225797090000242e+02
-5.776577593580000212e+02
-6.017295127490000368e+02
-5.967072644549999723e+02
-5.921491576900000382e+02
-6.027735606449999750e+02
-6.011062404509999624e+02
-5.755227754090000190e+02
-5.725530727200000456e+02
-5.861980170809999890e+02
-5.929069101500000443e+02
-5.740412854290000269e+02
-5.752812818620000144e+02
-5.952129115660000025e+02
-5.998457880460000524e+02
-6.031921725099999776e+02
-5.961192590550000432e+02
-5.951530524449999575e+02
-5.692294291949999661e+02
-5.821074676340000451e+02
-5.920657364769999731e+02
-5.940528526939999665e+02
-5.854553210919999628e+02
-5.894310658680000188e+02
-5.950298881620000202e+02
-5.920583166200000278e+02
-5.901660427619999609e+02
-5.802094210899999780e+02
-5.825276623409999956e+02
-5.911908718720000024e+02
-5.877243688439999687e+02
-5.870617265060000136e+02
-5.911920368840000037e+02
-5.903958656889999475e+02
-5.872070395399999825e+02
-5.664830735680000089e+02
-5.883730497689999765e+02
-5.929275294029999941e+02
-5.946128006860000141e+02
-5.862382712080000147e+02
-5.942454061529999763e+02
-5.879389535779999960e+02
-5.995089945380000245e+02
-5.730793606009999621e+02
-5.886343854140000076e+02
-5.744471935430000258e+02
-5.732405216570000448e+02
-5.858323117510000202e+02
-5.965203045480000128e+02
-5.978909030249999432e+02
-5.919924824539999690e+02
-5.981124410270000453e+02
-5.913302858020000485e+02
-5.861210288669999500e+02
-5.899388128809999898e+02
-5.846665253209999946e+02
-5.964023974740000540e+02
-5.999861137750000353e+02
-5.826493821379999645e+02
-5.949527174209999885e+02
-5.976396021199999495e+02
-5.968281399820000388e+02
-5.919472010609999870e+02
-5.901776190640000550e+02
-5.786456014330000244e+02
-5.837094993739999609e+02
-5.853030404930000259e+02
-5.773621963299999607e+02
-5.950628059650000523e+02
-5.846186524820000159e+02
-5.697143448719999697e+02
-5.916788596159999543e+02
-6.012963814810000258e+02
-5.966985281400000076e+02
-5.854829059370000550e+02
-5.917749087060000193e+02
-5.933726882490000207e+02
-5.721748557180000034e+02
-5.846453576489999477e+02
-5.758741907039999433e+02
-6.022705232370000203e+02
-5.952968679379999912e+02
-5.954156848449999870e+02
-5.934450291199999583e+02
-5.904359784480000144e+02
-5.900972487950000414e+02
-5.802145663280000463e+02
-5.814066016519999494e+02
-6.006011562710000362e+02
-5.958408984799999644e+02
-5.765892146720000255e+02
-5.948479444399999920e+02
-5.922931780500000514e+02
-5.887635026520000565e+02
-5.749526806720000423e+02
-5.944949288049999723e+02
-6.055888203470000235e+02
-5.935853148249999549e+02
-6.050166472930000054e+02
-6.033003050160000384e+02
-5.988994534319999730e+02
-5.846509814879999567e+02
-5.962127421489999506e+02
-5.892187110720000192e+02
-5.818957925549999572e+02
-6.022132353939999803e+02
-5.993343554409999570e+02
-5.987449458490000325e+02
-5.929825401409999586e+02
-6.012296931490000134e+02
-5.972688632360000156e+02
-5.903796567670000286e+02
-5.650693703059999962e+02
-5.945941088490000084e+02
-5.937385146709999617e+02
-5.576918783270000404e+02
-5.677443921829999454e+02
-5.907529729980000184e+02
-5.806162130950000346e+02
-6.033726007779999918e+02
-5.953784778299999516e+02
-5.837992467990000023e+02
-5.885584047920000330e+02
-5.920816614530000379e+02
-5.948924558390000357e+02
-5.813958690450000404e+02
-5.895108319769999525e+02
-5.956840235639999719e+02
-5.830992707220000284e+02
-5.901389053169999670e+02
-5.911079437800000278e+02
-6.004457889159999695e+02
-5.905425338290000354e+02
-5.994040607130000353e+02
-5.981276859350000450e+02
-5.950347085619999916e+02
-5.947439660390000427e+02
-5.940626335380000000e+02
-5.931530585259999953e+02
-5.991101276069999813e+02
-5.890567965169999525e+02
-5.815587471090000236e+02
-5.935709031750000122e+02
-5.922767112069999484e+02
-5.976805165199999692e+02
-5.995515522419999570e+02
-5.966939605380000557e+02
-5.997655573309999681e+02
-5.893380353860000014e+02
-5.823633271979999790e+02
-5.988306062279999651e+02
-5.836341445489999842e+02
-5.863838732499999651e+02
-5.903590360509999755e+02
-5.987389244400000052e+02
-6.005581484599999840e+02
-5.961956441569999470e+02
-5.926510603140000057e+02
-5.923129988270000013e+02
-5.744891102010000168e+02
-5.901410447360000262e+02
-5.991524825379999584e+02
-5.779102645660000235e+02
-5.941130092700000205e+02
-5.974448453530000052e+02
-5.907719391020000330e+02
-5.843817219750000049e+02
-5.784142830109999522e+02
-5.747446152029999666e+02
-5.760727261959999623e+02
-5.997741017240000474e+02
-5.947600094440000476e+02
-5.980722368760000336e+02
-5.945677861289999555e+02
-5.892056485800000019e+02
-5.866458837339999945e+02
-5.865692648079999572e+02
-5.981931437709999955e+02
-5.990333606750000399e+02
-5.940868402950000018e+02
-6.025261886040000263e+02
-5.886722253740000497e+02
-5.945518158559999620e+02
-5.888697220359999847e+02
-5.916147179790000337e+02
-5.965220616689999815e+02
-6.001164561819999790e+02
-5.756932075690000374e+02
-5.948557425220000141e+02
-5.877452618229999644e+02
-5.886596894739999470e+02
-5.828360665540000127e+02
-5.910070056690000229e+02
-5.852371044200000370e+02
-5.906739880239999820e+02
-5.987819013439999480e+02
-6.010446716930000548e+02
-5.899643903229999751e+02
-5.912475041809999539e+02
-5.971256382300000496e+02
-5.818771816959999796e+02
-5.938326088300000265e+02
-5.930903835780000009e+02
-5.966255746360000103e+02
-5.986105813970000327e+02
-5.891186301200000344e+02
-5.899322460229999479e+02
-5.845617281209999874e+02
-6.044266304139999875e+02
-6.038454998360000445e+02
-5.955500865019999992e+02
-5.929043147879999651e+02
-5.951755217649999850e+02
-6.029577137009999888e+02
-5.910214013429999795e+02
-5.898717167300000028e+02
-5.857030711469999460e+02
-6.016928637549999621e+02
-5.968822461859999748e+02
-5.936546719670000130e+02
-5.947590497930000311e+02
-5.712314405380000153e+02
-5.877149041919999490e+02
-5.858155536110000412e+02
-5.789349928030000001e+02
-5.805845839280000291e+02
-5.941894722680000314e+02
-5.945613920219999500e+02
-6.010912796710000521e+02
-6.031298834899999974e+02
-5.977775236559999712e+02
-6.004969549480000524e+02
-5.969590214449999621e+02
-5.958936781630000041e+02
-5.751334542839999813e+02
-5.985753023299999995e+02
-5.792087704540000459e+02
-5.818450039020000304e+02
-6.006293735870000319e+02
-5.915463801150000336e+02
-5.930990431479999643e+02
-5.914267249939999829e+02
-5.889532148109999525e+02
-5.848402032720000534e+02
-5.976780104650000567e+02
-5.937473095589999730e+02
-5.979513291929999923e+02
-5.960977894779999815e+02
-6.000228970760000493e+02
-6.003672046409999439e+02
-6.020633011610000267e+02
-5.993305789569999433e+02
-5.997534189939999578e+02
-5.865503835309999658e+02
-5.712419594000000416e+02
-5.976130684409999958e+02
-6.031010547409999845e+02
-5.985841623259999551e+02
-5.918937265360000310e+02
-6.038777042499999652e+02
-5.840399909039999784e+02
-5.817848724790000006e+02
-6.020604386100000056e+02
-5.919243897540000034e+02
-5.792622520830000212e+02
-5.794424712520000185e+02
-5.839096219750000500e+02
-5.949609757560000389e+02
-5.910113887420000083e+02
-5.950738632310000185e+02
-6.025761758490000375e+02
-5.838855166079999890e+02
-5.735203693199999861e+02
-5.950620804730000373e+02
-5.792903467009999758e+02
-5.706517978309999535e+02
-6.014962243160000526e+02
-5.893434786230000100e+02
-5.898358732929999633e+02
-5.999564419189999853e+02
-5.965021937660000049e+02
-5.892224248339999804e+02
-5.965625166610000178e+02
-5.955974977140000419e+02
-5.960885040419999541e+02
-5.782274198019999858e+02
-5.945104325680000557e+02
-5.968029478429999699e+02
-5.782128742439999769e+02
-5.869327391320000515e+02
-5.839243709610000224e+02
-5.850736845640000183e+02
-5.931122819199999867e+02
-5.919727714440000454e+02
-5.742651205959999743e+02
-5.928138187130000460e+02
-5.817011436919999596e+02
-5.997708373660000234e+02
-5.969581864990000213e+02
-5.876058433859999468e+02
-6.002891442139999754e+02
-6.039499621119999802e+02
-5.801567142569999760e+02
-5.996117232779999995e+02
-5.907249221299999817e+02
-5.886330025610000121e+02
-5.884818347630000517e+02
-5.898091901950000420e+02
-5.864218858689999934e+02
-5.944234714609999628e+02
-5.841774500950000402e+02
-5.927124608389999594e+02
-5.900223963939999976e+02
-5.867113247969999748e+02
-5.975116336600000295e+02
-5.943392822800000204e+02
-5.861438283100000035e+02
-5.943284234310000329e+02
-5.923799874999999702e+02
-5.905542849160000287e+02
-5.903143334589999540e+02
-5.960597836859999461e+02
-6.026910874610000519e+02
-5.964657847969999693e+02
-5.949136409760000106e+02
-5.905290894810000282e+02
-5.922603683349999528e+02
-5.794929148820000364e+02
-5.900276164120000431e+02
-5.941286652219999951e+02
-6.000843031770000380e+02
-6.001438020980000374e+02
-5.989775790510000206e+02
-5.910226913310000327e+02
-5.979611898209999481e+02
-5.738169942199999696e+02
-5.817705974149999975e+02
-5.985460556949999500e+02
-5.795998354749999635e+02
-5.880398974129999488e+02
-5.951341098479999800e+02
-5.960907455510000545e+02
-5.982676511250000431e+02
-5.925106464489999780e+02
-6.021789548670000158e+02
-5.850949818589999722e+02
-5.813614283739999564e+02
-5.820249540089999982e+02
-5.930512744510000402e+02
-5.892972703929999625e+02
-6.045270405940000273e+02
-5.937084318869999606e+02
-5.871355584409999437e+02
-5.987578304080000180e+02
-5.945838286770000423e+02
-6.044672520530000384e+02
-5.924809407569999848e+02
-5.998443197049999753e+02
-5.843835721899999953e+02
-5.891719906160000164e+02
-5.963458715210000491e+02
-5.931301345360000141e+02
-6.013904761930000404e+02
-5.930052663019999954e+02
-5.853833450480000238e+02
-5.871107881919999727e+02
-5.855210775450000256e+02
-5.888931753020000315e+02
-5.911718613709999772e+02
-5.859188902189999908e+02
-5.787703691210000443e+02
-5.727965720429999692e+02
-5.920002194119999785e+02
-5.911268451270000241e+02
-6.009703053829999817e+02
-5.896861820540000281e+02
-5.979113028140000097e+02
-5.969909976110000116e+02
-5.787982859249999592e+02
-5.927962475909999966e+02
-5.952387261339999895e+02
-5.690331877610000220e+02
-5.835880231849999973e+02
-5.881189104510000334e+02
-5.748426451450000059e+02
-5.893890637109999489e+02
-5.960777908310000157e+02
-5.974772739569999658e+02
-6.011700013629999830e+02
-5.943953446269999858e+02
-5.972835005299999693e+02
-5.825330218860000286e+02
-5.967871526379999523e+02
-5.889633878180000011e+02
-5.799595656400000507e+02
-5.844870621589999473e+02
-6.011948507490000111e+02
-5.852939459310000530e+02
-5.835440640059999851e+02
-5.906055904490000330e+02
-5.845525511439999491e+02
-6.003848658990000331e+02
-6.022089792049999915e+02
-5.937133276189999833e+02
-5.949108398040000338e+02
-5.819070012519999864e+02
-6.014188709659999859e+02
-5.729889186880000125e+02
-5.856392632729999832e+02
-5.785717964049999864e+02
-5.738568378239999674e+02
-5.900044204119999449e+02
-5.898777583219999769e+02
-5.896426892099999577e+02
-5.898919809149999764e+02
-5.914843298150000237e+02
-6.003351822560000528e+02
-5.927374556969999730e+02
-5.954157697230000394e+02
-5.979008196070000167e+02
-5.895196733169999561e+02
-5.962661248829999749e+02
-5.838043962049999891e+02
-5.932584844650000377e+02
-5.878193359460000238e+02
-5.884435852410000507e+02
-6.000164399000000230e+02
-5.762419691000000057e+02
-5.989374226410000119e+02
-5.854295022180000387e+02
-5.643139054839999744e+02
-5.809398420930000384e+02
-5.831579937489999566e+02
-5.749758754470000213e+02
-5.873759662639999988e+02
-5.870460723070000313e+02
-5.765963797739999563e+02
-5.877149150110000164e+02
-5.917021288009999580e+02
-5.977235617390000471e+02
-5.934081924829999934e+02
-5.972706561520000150e+02
-5.996990923800000246e+02
-5.992540534349999461e+02
-5.736102414690000160e+02
-6.008452615119999791e+02
-5.879744672419999461e+02
-5.913273671050000075e+02
-5.972801957630000516e+02
-5.932017733400000452e+02
-5.992797728440000355e+02
-5.906185340319999568e+02
-5.934244094900000164e+02
-5.864114243220000162e+02
-5.772503979529999469e+02
-6.003396306549999508e+02
-5.810231784359999665e+02
-5.997910620039999685e+02
-5.922418922399999701e+02
-5.867449021539999876e+02
-5.708208392340000046e+02
-5.803026310620000459e+02
-5.997637946129999591e+02
-5.799831834020000088e+02
-6.010271488170000111e+02
-5.944096991169999455e+02
-5.822875335369999448e+02
-5.972981856159999552e+02
-5.913396115040000041e+02
-5.925736252860000377e+02
-5.922942253380000466e+02
-5.787705407680000462e+02
-5.963417215729999725e+02
-5.922530319390000386e+02
-6.051700163660000271e+02
-5.963605435030000308e+02
-5.991194671709999966e+02
-5.934325559110000086e+02
-5.809103405600000087e+02
-5.841936594259999538e+02
-6.027846206899999970e+02
-6.023732905240000264e+02
-6.035326165980000042e+02
-6.020940141999999469e+02
-5.994103057769999623e+02
-5.869959046850000277e+02
-5.838217433610000171e+02
-5.969897511829999530e+02
-5.943178717949999736e+02
-5.922240141060000269e+02
-6.039965439159999505e+02
-6.047649655349999875e+02
-5.988632031270000198e+02
-5.855891674519999697e+02
-5.965600693379999484e+02
-5.789456585860000359e+02
-5.944080976970000165e+02
-5.937166356860000178e+02
-5.944917062429999532e+02
-5.884403694090000272e+02
-5.923965818540000328e+02
-5.877519059530000050e+02
-5.922364000930000429e+02
-5.868088029450000249e+02
-5.878486489279999887e+02
-5.937463615440000240e+02
-5.888748043000000507e+02
-5.866879314660000091e+02
-6.036940381529999513e+02
-5.912361557519999451e+02
-5.940351836900000535e+02
-5.893025235489999432e+02
-5.955348625980000179e+02
-6.054113630750000539e+02
-5.982995347730000049e+02
-5.944757601009999917e+02
-6.014394880520000015e+02
-5.911279439859999911e+02
-5.934443232620000117e+02
-5.936221866319999663e+02
-5.993125560610000093e+02
-5.973977596360000462e+02
-5.973201729610000257e+02
-5.955647902030000296e+02
-5.976715715459999956e+02
-6.033159587310000234e+02
-5.867394100860000208e+02
-5.839537584759999618e+02
-5.945094994280000265e+02
-6.018600131460000284e+02
-6.028566072700000404e+02
-5.932338998960000254e+02
-5.965490591450000011e+02
-6.014894695130000173e+02
-5.823559982739999441e+02
-5.874603407719999950e+02
-5.940921264339999652e+02
-5.866613961760000393e+02
-5.744165797699999985e+02
-5.722185683359999757e+02
-5.885207442099999753e+02
-5.917118724450000400e+02
-5.719085529410000390e+02
-6.014440938049999659e+02
-5.839206174119999559e+02
-5.959825118439999869e+02
-5.988952757790000305e+02
-5.933807836790000465e+02
-5.930775400229999832e+02
-6.008121983920000275e+02
-5.995177235959999962e+02
-5.920876290149999477e+02
-5.906604281139999557e+02
-5.990941946159999816e+02
-5.866784851749999916e+02
-5.970547229290000359e+02
-5.800170530079999480e+02
-5.734216979530000344e+02
-5.956288357050000286e+02
-5.867020195100000137e+02
-5.971566152340000144e+02
-5.692357743149999578e+02
-5.884571642580000344e+02
-5.820623166550000178e+02
-5.822034880270000485e+02
-5.679628152989999990e+02
-5.478129449150000028e+02
-5.701576910349999707e+02
-5.723603237629999967e+02
-5.875389701459999969e+02
-5.652194637420000163e+02
-5.703625901079999494e+02
-5.913246904610000456e+02
-5.887561033109999471e+02
-5.854385862870000210e+02
-5.787383564330000354e+02
-5.946273638930000516e+02
-5.832039020380000238e+02
-5.924991633380000167e+02
-5.917397487429999501e+02
-5.911630889609999713e+02
-5.923598700039999585e+02
-5.958972121739999466e+02
-5.919197578539999540e+02
-5.722838862820000259e+02
-5.921790756689999853e+02
-5.988304889490000278e+02
-6.022815256659999932e+02
-5.894328446450000456e+02
-5.949241618840000001e+02
-5.985971396649999861e+02
-5.914290643189999628e+02
-5.879774001409999755e+02
-5.904472766600000568e+02
-5.938554842300000018e+02
-5.968014098039999453e+02
-5.877466849349999620e+02
-5.801323897700000316e+02
-5.968105304389999901e+02
-5.961419752389999758e+02
-5.761530967630000077e+02
-5.865344222759999866e+02
-5.887920750949999729e+02
-5.892293505420000201e+02
-5.852306930270000294e+02
-5.848076119229999676e+02
-5.954472752059999721e+02
-5.894082278700000188e+02
-5.852340900210000427e+02
-5.753681778689999646e+02
-6.001729926609999666e+02
-5.973736220099999628e+02
-5.919653314119999550e+02
-5.923855951230000301e+02
-5.871627624579999747e+02
-5.787311789069999577e+02
-5.862921452739999495e+02
-5.661163420269999733e+02
-5.860014113810000254e+02
-5.992627879310000480e+02
-5.857071388690000049e+02
-5.828124860499999613e+02
-5.998636040300000332e+02
-5.916916931519999707e+02
-5.877796094440000161e+02
-5.763919769029999998e+02
-5.735608530690000180e+02
-6.033285570929999722e+02
-5.698346358329999930e+02
-5.774317382379999799e+02
-5.981585190680000323e+02
-5.972819966199999726e+02
-5.948340678619999835e+02
-5.896598304330000246e+02
-5.937372043139999960e+02
-5.871219498870000280e+02
-6.025244794650000131e+02
-5.935701766900000393e+02
-5.986012305040000001e+02
-5.958694306029999552e+02
-5.980435164619999568e+02
-6.034468843629999810e+02
-5.895153805129999682e+02
-5.764046153269999877e+02
-5.844080801799999563e+02
-5.955675219570000536e+02
-5.850067363020000357e+02
-5.948005225739999560e+02
-5.985987391649999836e+02
-5.829651711179999438e+02
-6.043556399139999940e+02
-5.903500033090000443e+02
-6.018616628949999949e+02
-5.830212742539999908e+02
-6.024679293489999736e+02
-5.917825349199999891e+02
-5.798548162529999672e+02
-5.808253005669999993e+02
-5.768459210749999784e+02
-5.905828185020000092e+02
-5.894224222650000229e+02
-5.917249879400000054e+02
-5.913581352439999819e+02
-5.755160074049999821e+02
-5.873184395309999672e+02
-5.994252834659999962e+02
-5.976193226090000508e+02
-5.928068290359999537e+02
-5.759632409179999968e+02
-5.793851355839999542e+02
-5.697294965170000296e+02
-5.680931877970000414e+02
-5.839603768480000099e+02
-5.822192548739999438e+02
-5.952767464080000082e+02
-5.910743917869999677e+02
-6.005300735639999630e+02
-5.986438345269999672e+02
-5.955819090840000172e+02
-6.000047605349999458e+02
-5.873599229589999595e+02
-5.999189701950000426e+02
-5.994295106240000450e+02
-5.861942091480000272e+02
-5.825729104580000239e+02
-5.953055558219999739e+02
-5.851845149810000066e+02
-5.835425023310000370e+02
-5.992558669249999639e+02
-5.992036423800000193e+02
-5.864974202529999729e+02
-5.879426656089999597e+02
-6.031095830770000248e+02
-5.898300021679999645e+02
-5.988193424290000166e+02
-5.891663693020000210e+02
-5.975733205689999750e+02
-5.962243215140000530e+02
-5.949578619799999615e+02
-5.826536556569999448e+02
-5.964286324509999986e+02
-5.998911958200000072e+02
-6.024855428399999937e+02
-5.908844493509999438e+02
-5.909153697699999839e+02
-5.955621215579999443e+02
-5.848550740179999821e+02
-5.970173532689999547e+02
-5.974544883370000434e+02
-5.910096838289999823e+02
-6.019765557959999569e+02
-5.963805678109999917e+02
-5.990220093660000202e+02
-5.898380320270000539e+02
-5.819323974820000558e+02
-5.890643577499999992e+02
-5.816649564800000007e+02
-5.941520570479999606e+02
-5.925234646740000244e+02
-5.712594240370000307e+02
-5.978757989050000106e+02
-6.021794168369999625e+02
-5.979629160910000110e+02
-5.885196841010000526e+02
-5.975898127709999699e+02
-5.912965703690000510e+02
-5.868329590370000233e+02
-5.901747366979999470e+02
-5.730474803270000166e+02
-5.627397439220000024e+02
-5.931641641280000385e+02
-5.952655821810000134e+02
-5.987557210439999835e+02
-5.812223730130000376e+02
-5.970662281239999629e+02
-5.848969973370000162e+02
-5.788365520329999754e+02
-5.855807946959999981e+02
-5.830563233670000045e+02
-5.994961309540000229e+02
-5.960338494820000506e+02
-5.959532173530000136e+02
-5.910570953379999537e+02
-5.955466727509999600e+02
-5.967652230659999759e+02
-5.936521425769999496e+02
-5.688486721970000417e+02
-5.924277183589999822e+02
-5.863102014050000435e+02
-5.764997237989999803e+02
-5.923861562499999991e+02
-5.899302747169999748e+02
-6.004784671720000233e+02
-5.690339909330000410e+02
-5.802654346169999826e+02
-5.759327766359999714e+02
-5.980033597929999587e+02
-6.002788994769999817e+02
-5.895266278010000178e+02
-5.920622155669999529e+02
-5.854608713899999657e+02
-5.978770000170000003e+02
-5.918345771660000310e+02
-5.903305674289999843e+02
-5.936797642000000224e+02
-6.040738643820000107e+02
-5.858666905469999620e+02
-5.702254145990000325e+02
-5.972076635659999511e+02
-5.869050454880000416e+02
-5.885580300310000439e+02
-5.849240306839999448e+02
-5.905958409129999609e+02
-5.943801275560000477e+02
-5.945581800889999613e+02
-5.893564708669999845e+02
-5.942910411049999766e+02
-5.837741829340000095e+02
-5.940692286229999581e+02
-5.986276005350000560e+02
-5.800461849490000077e+02
-5.919262024959999735e+02
-5.810399083649999739e+02
-5.998900125019999905e+02
-5.997742146470000080e+02
-6.036879662369999551e+02
-5.951647563239999954e+02
-5.886448337849999461e+02
-5.846938957900000560e+02
-5.878438043950000065e+02
-5.909717850030000363e+02
-5.872085712240000248e+02
-5.929119028930000468e+02
-5.945123077780000358e+02
-5.912701731959999734e+02
-5.953529142219999812e+02
-5.988258044359999985e+02
-5.970004400069999519e+02
-5.952475228819999984e+02
-5.890834943060000342e+02
-5.873529736899999989e+02
-5.872872344070000281e+02
-5.738305760709999959e+02
-5.883420305900000358e+02
-5.933611654699999463e+02
-5.977930353230000264e+02
-5.839968488519999710e+02
-5.935504956339999580e+02
-5.996701146530000415e+02
-6.015902142139999569e+02
-5.888253371780000407e+02
-5.955732052350000458e+02
-6.022091501359999484e+02
-5.871939690069999642e+02
-5.869739424870000448e+02
-5.964713169489999700e+02
-5.868847230760000002e+02
-5.828625448950000418e+02
-5.890571538560000135e+02
-5.916090054979999877e+02
-5.938534671380000418e+02
-5.891467249040000524e+02
-5.951005089640000278e+02
-5.829819254999999885e+02
-5.902048022699999592e+02
-5.773291507870000032e+02
-5.906985222770000519e+02
-5.689986063180000428e+02
-5.864413829190000342e+02
-5.933059584300000324e+02
-5.928979019339999468e+02
-5.927858387190000258e+02
-5.828452900730000010e+02
-5.783260488250000435e+02
-5.753684221720000096e+02
-5.804604683390000446e+02
-6.005225286659999711e+02
-5.905156661969999732e+02
-5.896906272080000235e+02
-5.848332934610000393e+02
-5.831655594190000329e+02
-5.837793896880000375e+02
-5.940003863209999508e+02
-5.997884784169999648e+02
-5.952269583170000260e+02
-5.982286967009999898e+02
-5.904370565279999710e+02
-5.811325480809999817e+02
-5.768967284379999683e+02
-5.861510199069999771e+02
-5.897585310959999561e+02
-5.999048251579999942e+02
-5.939603212600000006e+02
-5.901646918520000327e+02
-5.809610708640000212e+02
-5.696391523869999673e+02
-5.908800364899999522e+02
-5.922080117310000560e+02
-5.983027781380000079e+02
-5.760005921929999886e+02
-5.868902577600000541e+02
-6.007711060110000290e+02
-5.933659761520000302e+02
-5.983435664109999834e+02
-5.850089084129999719e+02
-5.746214830159999565e+02
-6.018370312309999690e+02
-5.943606259509999745e+02
-5.855325246200000038e+02
-5.952453889060000165e+02
-6.022698946450000221e+02
-5.948411440510000148e+02
-5.932656741739999688e+02
-5.948514979860000267e+02
-5.988759559379999473e+02
-5.846274181200000157e+02
-5.952577926970000135e+02
-5.863825429649999705e+02
-5.867013475239999707e+02
-5.862062001259999988e+02
-5.903881578220000392e+02
-5.996718474719999676e+02
-5.884367590350000228e+02
-5.863172899930000312e+02
-5.988121678649999922e+02
-6.023759750550000263e+02
-5.913890251000000262e+02
-5.677560050949999777e+02
-5.886964753180000116e+02
-5.786166671729999962e+02
-5.956104461800000536e+02
-5.943899275899999566e+02
-5.884847329570000056e+02
-5.860285885609999923e+02
-5.876500077169999940e+02
-5.732839111099999627e+02
-5.918135191210000130e+02
-5.847806937139999945e+02
-5.717589525250000406e+02
-5.888233926899999915e+02
-5.945001114079999525e+02
-5.994780285479999975e+02
-5.845686034770000106e+02
