4.873414921797650123e+00
4.778128189992394859e+00
4.837364054937358659e+00
4.753508598919329309e+00
4.690143068180329777e+00
4.728865720233552672e+00
4.574854423913399692e+00
4.449308373219371227e+00
4.347526883183126856e+00
4.273816327358956002e+00
4.321250050621926242e+00
4.349568369390231837e+00
4.256355483274393947e+00
4.133337755373978517e+00
4.136596306143494495e+00
4.070699202839728414e+00
4.106112760263653350e+00
4.173614620445927237e+00
4.064239412239391669e+00
4.017211968517469423e+00
4.067580730606338513e+00
3.991067776923865384e+00
3.889748320907151058e+00
3.887702277695657127e+00
3.896543339936051176e+00
3.927496148947826171e+00
3.813249270635215016e+00
3.759473500372093380e+00
3.723351850147928133e+00
3.697279405184303425e+00
3.758234425897352349e+00
3.763278490890622940e+00
3.689542112512066208e+00
3.621569411180738385e+00
3.639462185543352657e+00
3.591426735992257591e+00
3.579984078176885021e+00
3.586212626155900196e+00
3.536409902712071229e+00
3.547847093661168127e+00
3.534818099987607543e+00
3.448280441031442489e+00
3.355729130904339996e+00
3.313013884667554976e+00
3.360205648468557182e+00
3.398499816095331472e+00
3.281982480148241343e+00
3.166884588992784799e+00
3.049743103935149691e+00
2.964383578418960496e+00
3.008333758079378750e+00
2.974472222092518159e+00
2.944655667476250294e+00
2.965914024377646285e+00
2.848063728219577317e+00
2.713757174103828884e+00
2.745429656720419498e+00
2.630652580634698534e+00
2.654187257900240571e+00
2.753264426094958583e+00
2.718733712594890939e+00
2.748960167044987024e+00
2.707921712310014328e+00
2.711686928832309551e+00
2.729628546157883306e+00
2.761967414724510572e+00
2.710572817690017455e+00
2.748105529269209146e+00
2.652932339883548263e+00
2.710994098112351036e+00
2.711272026189921025e+00
2.753386823532065986e+00
2.821359955766012728e+00
2.784102189216481005e+00
2.716531980301354565e+00
2.782009705231094365e+00
2.827840342027816423e+00
2.755913278751709328e+00
2.721187424636531738e+00
2.733327276416053220e+00
2.728920848980417091e+00
2.742303046710921066e+00
2.738065375406511848e+00
2.721019845572611562e+00
2.710856875602251748e+00
2.695625159401803472e+00
2.747265185598215975e+00
2.767597152766276825e+00
2.718334784385470382e+00
2.760357585531266089e+00
2.743652674811445369e+00
2.763762833529678886e+00
2.742301405753933885e+00
2.785621833630688826e+00
2.857100103251546841e+00
2.823109278791736898e+00
2.771221571798256900e+00
2.834141492586423450e+00
2.848367602680524691e+00
2.846999297506059623e+00
2.752768424695401617e+00
2.736568288934153603e+00
2.791572495924116382e+00
2.750261442117821531e+00
2.795162607076733252e+00
2.850482415311485163e+00
2.808013354669097517e+00
2.811850813965776741e+00
2.863192099737633445e+00
2.875719214387941758e+00
2.964291820991988846e+00
3.060165191619563352e+00
3.046980308436534557e+00
2.964084006906686941e+00
2.984203913944219799e+00
2.964813653503370006e+00
2.856996674831806526e+00
2.753454194280340772e+00
2.730888866285114513e+00
2.780257542027356976e+00
2.859770969850557787e+00
2.910394818577025422e+00
2.911892855171700933e+00
2.891110167392450414e+00
2.884148574536339549e+00
2.901210437041753298e+00
2.854425861710196966e+00
2.846967509473895763e+00
2.871062869391752148e+00
2.842362925454805289e+00
2.961699005638486426e+00
2.935086199756320902e+00
2.892442220684797061e+00
2.912353000582175166e+00
2.849796659412737743e+00
2.834679170558812800e+00
2.899062262180652549e+00
2.906718080585043662e+00
2.884959791747538471e+00
2.881315324639079023e+00
2.906761944157106203e+00
2.856439391970360120e+00
2.961713861938725323e+00
2.871200619949779931e+00
2.931204018829122404e+00
2.856266969315018223e+00
2.800624573197914469e+00
2.790371480645542857e+00
2.838642104950886758e+00
2.839484460249782405e+00
2.861826165230865637e+00
2.855080559283747821e+00
2.807373327507405314e+00
2.786945460535601882e+00
2.768172501850273193e+00
2.803509407867217806e+00
2.788361705374681421e+00
2.814817578458681968e+00
2.833591537254443349e+00
2.883704908620158935e+00
2.925166832849025678e+00
2.939499787378798246e+00
2.872785581974401481e+00
2.824199178528313592e+00
2.745912052488207244e+00
2.757800572920384496e+00
2.693955270601202656e+00
2.759713209737562956e+00
2.844638114066532442e+00
2.794212232454793110e+00
2.733653416217937338e+00
2.753959513137402393e+00
2.760949474365657519e+00
2.709585577168582393e+00
2.898341767286943149e+00
2.841785530260860781e+00
2.819665760334014948e+00
2.739785393055448992e+00
2.734586806082410781e+00
2.760807490572278144e+00
2.790456772644937633e+00
2.788974184175966986e+00
2.809292615588486530e+00
2.835111461653668119e+00
2.853283722310138604e+00
2.827391907748198818e+00
2.823694388562615121e+00
2.820968273483414723e+00
2.797046656743501281e+00
2.734883726961714778e+00
2.766145874678340277e+00
2.728525242690637231e+00
2.732546980382954072e+00
2.816052556327739875e+00
2.721471109528815102e+00
2.709691864400821437e+00
2.784130205288538384e+00
2.740523490138335294e+00
2.734773665223504402e+00
2.736470719741031399e+00
2.738077427685345899e+00
2.717396548168853343e+00
2.780127694908994584e+00
2.782023004937234312e+00
2.813665402993042353e+00
2.799064307942924046e+00
2.756620031850599783e+00
2.802210734402392767e+00
2.850386815854998979e+00
2.858773688139724101e+00
2.879568544070448155e+00
2.785870958964180133e+00
2.805553599559273970e+00
2.827664230420577685e+00
2.887817861292501842e+00
2.899939482127170010e+00
2.886119540143824214e+00
2.751892984837892353e+00
2.821327878854210436e+00
2.821701082680446060e+00
2.811447669795758220e+00
2.873922232768311602e+00
2.819439128621151980e+00
2.726383868790306586e+00
2.745630892891468111e+00
2.726812974884783358e+00
2.715672660686482498e+00
2.725318330030457314e+00
2.795473126324057311e+00
2.889439565036791002e+00
2.914439911887016343e+00
2.914217219083025334e+00
2.903597423886445483e+00
2.703675461293384874e+00
2.906159665262733505e+00
2.798355231202785731e+00
2.753372840717362990e+00
2.794620009947685002e+00
2.857781657159972344e+00
2.783285109362675147e+00
2.813496934421645612e+00
2.879050364269441165e+00
2.883149146332877777e+00
2.908374460072155276e+00
2.872886179436978438e+00
2.881008677529451223e+00
2.726185980449609136e+00
2.841041710359071715e+00
2.873278789118800081e+00
2.888475895693090933e+00
2.672274499373145762e+00
2.900864009222079876e+00
2.898824934348398497e+00
2.930512071294025134e+00
2.895838393280951273e+00
2.864549877380389020e+00
2.802937031044400840e+00
2.751113956200287536e+00
2.771893215836425117e+00
2.749459946971404722e+00
2.764624386783853360e+00
2.761460664213778227e+00
2.774675836922216199e+00
2.706043052133502158e+00
2.788881316944125555e+00
2.831276390605481641e+00
2.857698549532472931e+00
2.832981644839938085e+00
2.838755184935819464e+00
2.798420089979344105e+00
2.831740630778179391e+00
2.897713063779780107e+00
2.912252907973481353e+00
2.883348053912325959e+00
2.849040715749776798e+00
2.748493041650278634e+00
2.807079265001257262e+00
2.907797964095855114e+00
2.950926973003568321e+00
2.917644769330220988e+00
2.887975242276151988e+00
2.879319537668579176e+00
2.860509569989235334e+00
2.725274481588964903e+00
2.734978427702858816e+00
2.786035355123836599e+00
2.712746394339139222e+00
2.723021483572980905e+00
2.763151280693838530e+00
2.795165469162782745e+00
2.768842537956971217e+00
2.758141584473138952e+00
2.776518863613211874e+00
2.806558212473064362e+00
2.746906987868354744e+00
2.742067468170687139e+00
2.875845788633319078e+00
2.718475491888789897e+00
2.777661066437012050e+00
2.809300624710712846e+00
2.786895405285243488e+00
2.783336307383640573e+00
2.777396082664479682e+00
2.756831695987260744e+00
2.832022951884395123e+00
2.846919387689085923e+00
2.808424469342196694e+00
2.807396302626332218e+00
2.762126354821588858e+00
2.779421162760332908e+00
2.802704765043939172e+00
2.774816029937841044e+00
2.741151218010418056e+00
2.800090355684973442e+00
2.831384467005496397e+00
2.949335009794580742e+00
2.968444036865105051e+00
2.955715311054161631e+00
2.936423334602829449e+00
2.947394272912940760e+00
2.845181716516539172e+00
2.926452801601283404e+00
2.919260522803677205e+00
2.920153591850949137e+00
2.882387378545777867e+00
2.922395934845242849e+00
2.912189725962235354e+00
2.926024435988189065e+00
2.868435984992518506e+00
2.873872822516681858e+00
2.736161544938455759e+00
2.795891986468718837e+00
2.748092611248754480e+00
2.762940643589724132e+00
2.795030411283569549e+00
2.802460704452427898e+00
2.806698416289145293e+00
2.782578300785082615e+00
2.768267508749831851e+00
2.752362803120257162e+00
2.750105634334797600e+00
2.717246032290782765e+00
2.744679762741001561e+00
2.756420504930261917e+00
2.820654002177508612e+00
2.943924251742900733e+00
2.884380176051694278e+00
2.747130866922797843e+00
2.756326903689037877e+00
2.750039999709094740e+00
2.743729942979082015e+00
2.800529235698138386e+00
2.855898282502372432e+00
2.856774929881596314e+00
2.878444371531261314e+00
2.771177547541838759e+00
2.807430319705193078e+00
2.810795794788373048e+00
2.747210403300045733e+00
2.734411088333281281e+00
2.807203768877493122e+00
2.818092439931663584e+00
2.781329538188526573e+00
2.721702775837214539e+00
2.741050163714629839e+00
2.728127562999941969e+00
2.753134213945989117e+00
2.719456379499403553e+00
2.784712013835541899e+00
2.732218329489793707e+00
2.756234750524708232e+00
2.724951926181450990e+00
2.735491729104658987e+00
2.749058748008125441e+00
2.753857294777635634e+00
2.723186001726654482e+00
2.805167731170455259e+00
2.764191020895625073e+00
2.824824419322375491e+00
2.843245152989801738e+00
2.853643986204306149e+00
2.842297310275615718e+00
2.874695983925951825e+00
2.784402449359647314e+00
2.800331766059157346e+00
2.773902305417406122e+00
2.741107440433519393e+00
2.726730092986835885e+00
2.815150972860958944e+00
2.867307796522723606e+00
2.854087595011757905e+00
2.855481395491834995e+00
2.820441277530875812e+00
2.726815541982992031e+00
2.749219707480651920e+00
2.795347563363096199e+00
2.805578371744407828e+00
2.835274413526845727e+00
2.812259945310888298e+00
2.851266385310219142e+00
2.825088494189163857e+00
2.795166184683837596e+00
2.752683236407705625e+00
2.710665785374508641e+00
2.757246452531946002e+00
2.763542292059232519e+00
2.791679243752762662e+00
2.730464612478982200e+00
2.699248043437283417e+00
2.758500498459262040e+00
2.720018014646226945e+00
2.823526341297350584e+00
2.777879947009950001e+00
2.777957163096652415e+00
2.763809689540869918e+00
2.778975350736310634e+00
2.789416605672232929e+00
2.810909817123274923e+00
2.817840840075961584e+00
2.774994234228244760e+00
2.849757884452642109e+00
2.807135728816830600e+00
2.699952036611021011e+00
2.747723057369501287e+00
2.806835406645712183e+00
2.862591308587378425e+00
2.875155995767881834e+00
2.826097662855973969e+00
2.825409527838398382e+00
2.830588631362742191e+00
2.806855001598764332e+00
2.739181812147561512e+00
2.794312079922355530e+00
2.833926428120532304e+00
2.829829323475180569e+00
2.820163647733939793e+00
2.940925874618399938e+00
2.925527302897718673e+00
2.915714320711135787e+00
2.926845059103744262e+00
2.741210499031404790e+00
2.953081272163026849e+00
2.672351211948010175e+00
2.891726301018130663e+00
2.876361938282455011e+00
2.887585323414703975e+00
2.858461299370694597e+00
2.842599866319563517e+00
2.774306580030404756e+00
2.694481211662089315e+00
2.901340552227539060e+00
2.805814320299901521e+00
2.782763015421902519e+00
2.772492921541910960e+00
2.772355316333027009e+00
2.836451656559653145e+00
2.827672364330775956e+00
2.758424550354785065e+00
2.736791734860363423e+00
2.800888966024893900e+00
2.753019433276852279e+00
2.778011519054591538e+00
2.808645581058599738e+00
2.760472061079409123e+00
2.753668462251764648e+00
2.888574735055335019e+00
2.908830349126603654e+00
2.956854578771164199e+00
2.880291999086203703e+00
2.812851578025402866e+00
2.752636917575582043e+00
2.742063821284982605e+00
2.722650363157193887e+00
2.798651460971873117e+00
2.870087455113519592e+00
2.930656069892883853e+00
2.906730121631521779e+00
2.858323109797070938e+00
2.880848139003512554e+00
2.885033968604182153e+00
2.873188472759836021e+00
2.865586676406770561e+00
2.923937071826272938e+00
2.730783220982581305e+00
2.781207831140995346e+00
2.825615862073257656e+00
2.768242944540815209e+00
2.849010529991070850e+00
2.958194550735295802e+00
2.878117787721691023e+00
2.922342382404909067e+00
2.896793744815119087e+00
2.764329032514038609e+00
2.821354639176011148e+00
2.822642201909409732e+00
2.793601617983494823e+00
2.814335623197773639e+00
2.757359969245944953e+00
2.788127328512814085e+00
2.718945567678765052e+00
2.743940597024651318e+00
2.731892018363829333e+00
2.786087220458110636e+00
2.806126868122679863e+00
2.710893764056423016e+00
2.886023215429841304e+00
2.875708608325954874e+00
2.890051902648116844e+00
2.785279339671337340e+00
2.781367469429381512e+00
2.757538395018281019e+00
2.713836030418933731e+00
2.749967636173197061e+00
2.819945744158919076e+00
2.780291171801975381e+00
2.765449149776578519e+00
2.776351022475364250e+00
2.808519538831801832e+00
2.669713655057410762e+00
2.731742484203077304e+00
2.809957472987803406e+00
2.787373494887257053e+00
2.754703069298032769e+00
2.759400840762356477e+00
2.791836313253339696e+00
2.833368489977962756e+00
2.762087254233652978e+00
2.725700093553947490e+00
2.751354938934633232e+00
2.777178424228446740e+00
2.858068053773387351e+00
2.847917133625906594e+00
2.863961766504574236e+00
2.724111047663071883e+00
2.754943919574407651e+00
2.792243005184183779e+00
2.837652022359330672e+00
2.777417685548934312e+00
2.777920985197383175e+00
2.919216847032779061e+00
2.827896214502930050e+00
2.813691347678348720e+00
2.930829575393287811e+00
2.935918425297269874e+00
2.840689000929176089e+00
2.925419286187879830e+00
2.959930066741442101e+00
2.933535409706179209e+00
2.957083360340048817e+00
2.809072800765405109e+00
2.721419850004773267e+00
2.680580720664833549e+00
2.703321105603254448e+00
2.831114798096326268e+00
2.773582881400878275e+00
2.768798295289853328e+00
2.718642676042587247e+00
2.743621329556977795e+00
2.705572582652330471e+00
2.847351225261821828e+00
2.843291402582577287e+00
2.884175792145825756e+00
2.908128264021379028e+00
2.926041011332547903e+00
2.859432461171271811e+00
2.766310539328511009e+00
2.731771769383379844e+00
2.797543386616193395e+00
2.917272870336266699e+00
2.858101817640512188e+00
2.857570296598143322e+00
2.885526641706848139e+00
2.925856797589382552e+00
2.831725092589321147e+00
2.847843745713587449e+00
2.869895642702013028e+00
2.914391360129933162e+00
2.803988231073732518e+00
2.716673149276519261e+00
2.718104118682726611e+00
2.788371926411539636e+00
2.802866568354619670e+00
2.746256543005405337e+00
2.756243276635790718e+00
2.734899084061420904e+00
2.739612198833988543e+00
2.874885389019881998e+00
2.893867481416521059e+00
2.843660141437439393e+00
2.888841463285930278e+00
2.980106877278061894e+00
2.962700119823131750e+00
2.957849725729824630e+00
2.927627196211976646e+00
2.856360096346397537e+00
2.769300453183077604e+00
2.756575593013911529e+00
2.853009288453158820e+00
2.722871645891520753e+00
2.759148056919018988e+00
2.902682035635319568e+00
2.858626418404475622e+00
2.914104150506635182e+00
2.953065356540555353e+00
2.880375496354598219e+00
2.884191047763653426e+00
2.897813658605397080e+00
2.868587282967001162e+00
2.754785835595936483e+00
2.718543911729218276e+00
2.776526787192949097e+00
2.779345606433283766e+00
2.801599007709703937e+00
2.823682170500072530e+00
2.883873783645878763e+00
2.827362551920074463e+00
2.767589926271592837e+00
2.689929738859362818e+00
2.823680930983527571e+00
2.939925339188054654e+00
2.868473635925559151e+00
2.786508029774901196e+00
2.732675245981490697e+00
2.850851977918180680e+00
2.815981178914375604e+00
2.825186365534139377e+00
2.704479247470758185e+00
2.753073191907545514e+00
2.800355334595951096e+00
2.760150901671863721e+00
2.762922003966090667e+00
2.859731630765376398e+00
2.888829693837973167e+00
2.871234925950853167e+00
2.804117329927548141e+00
2.886079347488561542e+00
2.861986198429335548e+00
2.877052137170962087e+00
2.777429747086323619e+00
2.917004799447542762e+00
2.871506573212047719e+00
2.848764117999242451e+00
2.833520248736542513e+00
2.824912034028670416e+00
2.921562937881023725e+00
2.981572403950640382e+00
2.868465443403493520e+00
2.842338649774161397e+00
2.794867080918160607e+00
2.805535064831662151e+00
2.803263455332017262e+00
2.790434733155391367e+00
2.816662386584519950e+00
2.821353221416985413e+00
2.838436189171777091e+00
2.765454212240730847e+00
2.701019437175526949e+00
2.697490871161568382e+00
2.748945070386092482e+00
2.773673016056506846e+00
2.834791350346617556e+00
2.847414441208023117e+00
2.803281826716678804e+00
2.807481077407290471e+00
2.896730916050021420e+00
2.837448325520659953e+00
2.847673787497436937e+00
2.873987821825277234e+00
2.875608805105450916e+00
2.891499438007899769e+00
2.915460341009632028e+00
2.914745443430695637e+00
2.879073983071640974e+00
2.908173481757922119e+00
2.774392906565326555e+00
2.814960212862697375e+00
2.755214873653233365e+00
2.787087547961132561e+00
2.775923269832940132e+00
2.772600584289053316e+00
2.701286175139538948e+00
2.778893304896753236e+00
2.804643471102878038e+00
2.740568189262948984e+00
2.821004431049338290e+00
2.843242339302086474e+00
2.846861429715186631e+00
2.730923836360142687e+00
2.716439765575522358e+00
2.753653936136493119e+00
2.766932778366688606e+00
2.753277501451678599e+00
2.691822430993545012e+00
2.881764390091598127e+00
2.859741771559103807e+00
2.850666413314613123e+00
2.734250902898268887e+00
2.734972211924648011e+00
2.749229346562414467e+00
2.725618828816678274e+00
2.754206056198410302e+00
2.788328172938042027e+00
2.818178489734104453e+00
2.886471548448035662e+00
2.886079000997720190e+00
2.841423586866273165e+00
2.898430782337229061e+00
2.881193676239068413e+00
2.860208558829233638e+00
2.712477834010814437e+00
2.831735333677919630e+00
2.758877489124879290e+00
2.729969047443578489e+00
2.746545648628472946e+00
2.730410958079388273e+00
2.776726489951792498e+00
2.795038819050640555e+00
2.721466700145346085e+00
2.768494536747363455e+00
2.791180753731295372e+00
2.829576116664827001e+00
2.850988074334931177e+00
2.943644849502058847e+00
2.920305634689630114e+00
2.899704467700114030e+00
2.851660218188695417e+00
2.843585940322536310e+00
2.839173999599180043e+00
2.913937027459584606e+00
2.901096516836349171e+00
2.829349395179039828e+00
2.784820640544019010e+00
2.803616592902816951e+00
2.768568944418758893e+00
2.779686493113926904e+00
2.768286292997889753e+00
2.738082723366844995e+00
2.793698981637069423e+00
2.897969289002214399e+00
2.837314751662212142e+00
2.785244693020704432e+00
2.746017297833355020e+00
2.749934181030520453e+00
2.783381217152979481e+00
2.787429819744346560e+00
2.869607290205403505e+00
2.812892639259450878e+00
2.942403099508970943e+00
2.903869315241304427e+00
2.893413382149187640e+00
2.872716658495925834e+00
2.917843724396493421e+00
2.843591742849172821e+00
2.847928018753282942e+00
2.883538277880146161e+00
2.894267610294528836e+00
2.929526582914038446e+00
2.924482860267776818e+00
2.847102035403719533e+00
2.871659798792329799e+00
2.850011929799593169e+00
2.807675372973165384e+00
2.795303382461374220e+00
2.747468107185231823e+00
2.761608589210281295e+00
2.728783611794823205e+00
2.729378683876607425e+00
2.752264522170789096e+00
2.789479879834231291e+00
2.774803236267393114e+00
2.798227474670349491e+00
2.921955167349423288e+00
2.856365872923145144e+00
2.864759152180162083e+00
2.854533762280628828e+00
2.931032753143506309e+00
2.853103923799481301e+00
2.804530976830172495e+00
2.769973826591146437e+00
2.811480748644742622e+00
2.857220677511626228e+00
2.823314010166067423e+00
2.822530247845007167e+00
2.866232021312999034e+00
2.804036554683265958e+00
2.837236860045350362e+00
2.971129078313495597e+00
2.961138970058649900e+00
2.905087606252176435e+00
2.932558950814117882e+00
2.817254869549434826e+00
2.797655089534805573e+00
2.724551706244533467e+00
2.750789341261885568e+00
2.772697423088209767e+00
2.780310953832322518e+00
2.794659549927325681e+00
2.802304230450362255e+00
2.870126303840999871e+00
2.877413769342184402e+00
2.837843018914189219e+00
2.772562893786180815e+00
2.813858027690806729e+00
2.767741678697634544e+00
2.715961155834155427e+00
2.770094583222746376e+00
2.785135903326801721e+00
2.807097611412898264e+00
2.868875912269473361e+00
2.930087200067601927e+00
2.906386244118287276e+00
2.932970848815241727e+00
2.881325042406704728e+00
2.899865169279427057e+00
2.865247458772104405e+00
2.853167012286522031e+00
2.946909058657901870e+00
2.866696705268975798e+00
2.857693300548538762e+00
2.801909348997572824e+00
2.763968342799894895e+00
2.750174721722239646e+00
2.782274788729538706e+00
2.837614491082253831e+00
2.851166954073366622e+00
2.826809508969431839e+00
2.768781139779740830e+00
2.741553027026834677e+00
2.771633633797945251e+00
2.714517636708223769e+00
2.760193833773273653e+00
2.813005687871959815e+00
2.918775770764173938e+00
2.873856468232191208e+00
2.883969660034585214e+00
2.900204992754822353e+00
2.892484226404700820e+00
2.891405886415810755e+00
2.919298888431947070e+00
2.862525807743923068e+00
2.903262130776344208e+00
2.867445029987497840e+00
2.883851764567658904e+00
2.828008663353066776e+00
2.733609701475321785e+00
2.824513055377865012e+00
2.822650704568313795e+00
2.813115177165698810e+00
2.746943938270310248e+00
2.822368863206933476e+00
2.911112158608802236e+00
2.933302916508965463e+00
2.863452112398599869e+00
2.889340582209027453e+00
2.903009645178603382e+00
2.809307565931505213e+00
2.777516516602556607e+00
2.748387891109985937e+00
2.736914503597070780e+00
2.798879239981603817e+00
2.797823797168077498e+00
2.706091461868944670e+00
2.836796256342707601e+00
2.756191938163958355e+00
2.823860655202377501e+00
2.676677978390377799e+00
2.775953349752117383e+00
2.805051692928314022e+00
2.770168947916354707e+00
2.778370745598937930e+00
2.775194948107249981e+00
2.749137682983520570e+00
2.759287770421924968e+00
2.784888148561805110e+00
2.713143932783515844e+00
2.689702585788994238e+00
2.821311219982651775e+00
2.787729004046124448e+00
2.725694223496098800e+00
2.737800211848921972e+00
2.812515599956736612e+00
2.823954673857213660e+00
2.897652498143972188e+00
2.899565139809761494e+00
2.793249004295893290e+00
2.833905785307619496e+00
2.816939828963338055e+00
2.765674420462394423e+00
2.807276438115775985e+00
2.681658255632137333e+00
2.813219863430513890e+00
2.787514484267302084e+00
2.715211225669192707e+00
2.746495585286821584e+00
2.803274870575484634e+00
2.885663008738199586e+00
2.902370755089707988e+00
2.941163545265716994e+00
2.936199073632440371e+00
2.920047088661414048e+00
2.938892478468717595e+00
2.953463390665271415e+00
2.939517817602063321e+00
2.969345719177879594e+00
2.890537320291851842e+00
2.862204220526550991e+00
2.927900442296492489e+00
2.916094991594067043e+00
2.884186193712188206e+00
2.799253650529011761e+00
2.727397477449885699e+00
2.755552394711449082e+00
2.786181257563836056e+00
2.864927747780037670e+00
2.842791585748065231e+00
2.773383673421331963e+00
2.786074119617064415e+00
2.772235199257090610e+00
2.748356963714866374e+00
2.788825021402382198e+00
2.839329850510504460e+00
2.787703893888301643e+00
2.814164351987992863e+00
2.777643785657188502e+00
2.801864200849141895e+00
2.731164220620942551e+00
2.706061529233952268e+00
2.750753351356678866e+00
2.830565491204893647e+00
2.852264714222717767e+00
2.925311094567550008e+00
2.867848322349004775e+00
2.928975588836478572e+00
2.920862372656404471e+00
2.910464224140197231e+00
2.851608142785400535e+00
2.898881163483594481e+00
2.817186894758670679e+00
2.721968956472502033e+00
2.829872965346677649e+00
2.786614074463846347e+00
2.789441879659800172e+00
2.886679233998817651e+00
2.744029883219204269e+00
2.855329052841371507e+00
2.894385081498313639e+00
2.887684885855795081e+00
2.867465256982201449e+00
2.858526368603235834e+00
2.764962748392824299e+00
2.788154228158837178e+00
2.783571446900546142e+00
2.864013617286062630e+00
2.802118841162879903e+00
2.819238727032530534e+00
2.880833559926709864e+00
2.717991353922966535e+00
2.779747830289646782e+00
2.833316960737009449e+00
2.812872197594479928e+00
2.830036925554152649e+00
2.862850502558594634e+00
2.864588801206902513e+00
2.858013470926966004e+00
2.858402700810366959e+00
2.746244890755374701e+00
2.723885643708266802e+00
2.748189949766936646e+00
2.762593346839161246e+00
2.836253514762035799e+00
2.845864894895750119e+00
2.848892767374721746e+00
2.741213235047576635e+00
2.848121486172947137e+00
2.787285417749678196e+00
2.859860660941368149e+00
2.757447007650373649e+00
2.847112572414374654e+00
2.819296543466118354e+00
2.782903879044333895e+00
2.786725318362037740e+00
2.687741989105353113e+00
2.708853816653825852e+00
2.756087988435782510e+00
2.733522818635322427e+00
2.763896705739923298e+00
2.776287629191183104e+00
2.767549638217894792e+00
2.831757581432421844e+00
2.797004469070437427e+00
2.862011355672789747e+00
2.825622763215217326e+00
2.826818175970998492e+00
2.747604229142180721e+00
2.789152918002165915e+00
2.835859129082401786e+00
2.883744960983894323e+00
2.880415421427957590e+00
2.914346581997412144e+00
2.754749716398932513e+00
2.719851834199796592e+00
2.866442394327854082e+00
2.861368029457238116e+00
2.850975447105779992e+00
2.769191578782515428e+00
2.723165437500997488e+00
2.730783220982581305e+00
2.765648386906766731e+00
2.831069409251564473e+00
2.892644119140825421e+00
2.846726892415218035e+00
2.771581678392321724e+00
2.769180745274674393e+00
2.845481505826386481e+00
2.901595078573162567e+00
2.976260909261821297e+00
2.659315701454041392e+00
2.556806406437531098e+00
2.592332926149725658e+00
2.654929189262869915e+00
2.938235184596359240e+00
3.028410309056551952e+00
2.971174178670782595e+00
2.936735262157622373e+00
2.943335183087376183e+00
2.769954692770262739e+00
2.663972409767038307e+00
2.708668492082410673e+00
2.865716140862524242e+00
2.796391603477595744e+00
2.721994121962793223e+00
2.786503184997282556e+00
2.765317703266660931e+00
2.716142117047633420e+00
2.760787749900379229e+00
2.710778117072660365e+00
2.714003684595878152e+00
2.747927582743038943e+00
2.865505889018551411e+00
2.918819967041475394e+00
2.896438157461677765e+00
2.875061042830221236e+00
2.864669265377767893e+00
2.896457491488525271e+00
2.892092149292618597e+00
2.888785384897950781e+00
2.855615695432422996e+00
2.865250076345867924e+00
2.828958995814537136e+00
2.885557138578267011e+00
2.862628337734397288e+00
2.758906305041909590e+00
2.741134983907213662e+00
2.768388701031702759e+00
2.753649759864169599e+00
2.728344736282422023e+00
2.750995819698750733e+00
2.787229628143329307e+00
2.818569140539220363e+00
2.965015008393718787e+00
2.910564378260683149e+00
2.805235284249790517e+00
2.862545370819474577e+00
2.833432723746939441e+00
2.836031382054860384e+00
2.828128356351599759e+00
2.918220690763466241e+00
2.914751618920555565e+00
2.812199317260425158e+00
2.791571242150197918e+00
2.764146342001450929e+00
2.814356942535896966e+00
2.828018741097731770e+00
2.830238505850699582e+00
2.886799092420531121e+00
2.918958204565457848e+00
2.898394383102478322e+00
2.804294920296365845e+00
2.727405727060057572e+00
2.738303306794190650e+00
2.812731945991299387e+00
2.840227631722499702e+00
2.897996894408274127e+00
2.799172020437472153e+00
2.855741935119488151e+00
2.921134882199040383e+00
2.814968738725174280e+00
2.747142151400251198e+00
2.746657241084150769e+00
2.736754464689881594e+00
2.704640086961664469e+00
2.716044918627083415e+00
2.802149710490144496e+00
2.768282680652392802e+00
2.750948927188580750e+00
2.908625448558133098e+00
2.813175074537665576e+00
2.779136196734518283e+00
2.785105204476125973e+00
2.734468321264665658e+00
2.777785628877794011e+00
2.789919891323046741e+00
2.765682194323852094e+00
2.737488447464208274e+00
2.789318196262305705e+00
2.884541211354068935e+00
2.938231781190857816e+00
2.873455411173105656e+00
2.880373239703493571e+00
2.811699308247593621e+00
2.742822998299379478e+00
2.805565005484635055e+00
2.798762762364827683e+00
2.816907701718322166e+00
2.775334394266752547e+00
2.732458599869355798e+00
2.736142905624631361e+00
2.719279500161761121e+00
2.815268903675100187e+00
2.778833928107256046e+00
2.943306304141653840e+00
3.038257559852357570e+00
2.953706315800540327e+00
2.913922785524695414e+00
2.894865281839553717e+00
2.862100976555508769e+00
2.853731767353056004e+00
2.839730444954239097e+00
2.748795736317996674e+00
2.743419399216970422e+00
2.800557980117533319e+00
2.806179787540349135e+00
2.756589740966181701e+00
2.783222233311598792e+00
2.877204546082881897e+00
2.824527217075452956e+00
2.823605673602459731e+00
2.872340334988178423e+00
2.857404591583068143e+00
2.837192097831939375e+00
