4.851474930369114702e+00
4.621591284395451638e+00
2.701131984927800822e+00
2.761796697803804435e+00
2.691924590325665445e+00
2.723306446215703058e+00
2.899319575348671574e+00
2.801364310474451891e+00
2.824488095213006478e+00
2.712566681208039565e+00
2.875111302193360530e+00
2.759411169072126579e+00
2.972428973079087822e+00
2.767499593495905685e+00
2.750302892410215971e+00
3.097658147698030717e+00
2.848582278959131742e+00
2.934999829642243707e+00
3.011000166057783201e+00
2.898265170753014264e+00
2.860734346282437279e+00
2.905614564941469080e+00
2.928025443878519152e+00
2.794961717090235886e+00
2.853581258699320777e+00
2.696396298766188693e+00
2.938348685911867264e+00
2.851428764672195193e+00
3.028432102590381092e+00
3.171530545336115559e+00
2.945656293595707353e+00
3.088134388267453456e+00
2.785440898672954635e+00
2.712981201556693200e+00
2.754160852237937274e+00
2.931539868396812576e+00
2.698140285455891352e+00
2.812500133333330155e+00
2.787160741686779630e+00
2.821474437240217181e+00
2.684872063991131874e+00
2.928671541842819970e+00
2.794201317013504049e+00
3.068117663975747700e+00
3.148382759449682489e+00
2.927272621400336394e+00
2.827878887081269443e+00
2.759381633627360220e+00
2.803082232115212680e+00
2.792165826021083763e+00
2.714430695376103930e+00
2.752804569888679609e+00
2.849034924320865247e+00
3.165653644983923432e+00
3.114662903108456504e+00
2.844429292494365935e+00
2.857874909788740592e+00
2.807910611112825361e+00
2.872918202803553811e+00
2.941475990043094235e+00
2.790003046593318548e+00
2.871048937235309406e+00
2.788286391316358692e+00
2.771673501695320230e+00
2.834309439704846501e+00
2.697997961452157867e+00
2.839291637010893599e+00
2.746952129178810598e+00
2.905455902263877288e+00
3.151068866273791791e+00
3.043202753679090655e+00
2.690529130115487444e+00
3.034500617894153596e+00
3.066815612324940599e+00
2.697775009151059500e+00
2.768152091197302767e+00
2.892320348785728523e+00
2.794674578551141320e+00
2.779141774001463450e+00
2.785161575205287843e+00
3.001262734250369046e+00
2.957753708475403531e+00
2.736684124995063971e+00
2.991329303169412590e+00
2.917159063198303315e+00
2.806531132911231907e+00
2.712305845586002295e+00
2.969322144867410973e+00
2.920513995857579204e+00
2.980231702401678007e+00
2.529015816478813683e+00
2.851467166214613602e+00
2.936477311337514884e+00
2.785366941715220257e+00
2.688127229131835438e+00
2.737741039616420569e+00
2.873560509194125423e+00
3.124236546742259257e+00
2.937598679193603068e+00
2.694584383536726691e+00
2.758786327354838974e+00
2.875997913768367109e+00
2.792364947495223237e+00
2.792874146824378290e+00
2.742233031673274812e+00
2.844453022990536262e+00
2.733547511933897223e+00
2.948894029971236730e+00
5.604341977431427146e+00
2.934166491527023357e+00
2.793207654292820585e+00
2.939797612081484601e+00
3.423159359422228043e+00
3.281573707842016407e+00
6.113366339423802920e+00
2.842217796017750597e+00
2.862925950841201939e+00
2.927091047439420279e+00
2.907781628664711349e+00
2.820576005003233355e+00
5.996162522814071139e+00
2.905732954006613689e+00
2.868983966494061733e+00
2.756316019617489843e+00
2.766476820795720659e+00
2.695341165789592708e+00
2.812268301567260043e+00
2.757454442053395294e+00
5.647451460614778540e+00
5.706975906730288983e+00
6.093520246950855146e+00
2.804983778919229120e+00
2.875499608763666171e+00
2.889864010641331138e+00
2.772052308308774027e+00
2.965901717859173559e+00
2.795357579988649643e+00
2.711643228745256984e+00
5.923040941948654492e+00
2.832020656704325567e+00
2.801944503376182283e+00
6.156590290087525119e+00
2.939588236471223581e+00
2.846040055937372415e+00
2.745647828837485704e+00
2.897898721487691898e+00
2.846547909310503943e+00
2.989459148407952238e+00
2.851739293834553823e+00
2.942248969750860699e+00
2.971099123220226179e+00
3.031290319319481341e+00
2.748286375179996188e+00
2.894261909364803653e+00
2.846587781889046376e+00
2.738299654895351321e+00
2.868217041996647509e+00
2.892230281288127092e+00
2.798804208943526994e+00
2.764632887021348573e+00
2.958783871795978015e+00
2.661188644196423869e+00
2.810338413785784084e+00
2.813799388726921702e+00
2.817344316905550095e+00
2.723491509074335681e+00
2.797017339953401294e+00
2.963924088096724585e+00
2.738234467681684770e+00
5.823533892749316543e+00
2.794178591285818580e+00
2.850239288200203003e+00
2.896875040453074313e+00
2.942140717232947011e+00
2.838313583802889450e+00
2.846690183353291825e+00
2.872981030219308618e+00
2.811209704024230316e+00
2.756836048806674544e+00
2.718065120632690235e+00
2.737191443797820867e+00
2.961645826225681954e+00
3.127642083103499893e+00
2.903243875391800621e+00
2.930922380412009698e+00
2.915485894323620375e+00
2.924265548817343685e+00
2.753920841273401088e+00
2.747923943634539512e+00
2.989926086042931086e+00
2.769335840955372774e+00
2.732516239658970392e+00
2.700628445380814924e+00
2.798534795209807413e+00
2.943419779779975709e+00
2.871192957639733478e+00
2.925059657511278832e+00
2.811280669019014855e+00
2.846641881234799332e+00
2.901996726393742954e+00
2.764110345120107670e+00
2.672133791560594496e+00
2.825469518504844846e+00
2.971322432857127716e+00
2.954417709126453406e+00
2.765598307780795295e+00
2.859404658316132775e+00
2.746502503184732102e+00
2.724641994831614955e+00
2.706862759727578283e+00
2.780840520418241812e+00
2.792644803765777617e+00
2.961865965907303000e+00
2.751281337849693642e+00
5.890239893247132485e+00
2.772952938655829591e+00
2.585193803179947736e+00
2.705929969529884183e+00
2.812215852312905273e+00
2.744601610434563188e+00
5.976505751691369106e+00
5.675300608778358402e+00
5.762791944882271977e+00
5.981255804594884928e+00
2.749546326214562963e+00
2.519102221030341759e+00
5.955191852493083360e+00
6.219457291436287782e+00
2.707841945165928355e+00
2.680153167264885727e+00
2.843852668476340106e+00
2.746446977460151206e+00
3.190917893020752683e+00
2.758646225959392684e+00
2.798534795209807857e+00
5.948713558409077784e+00
2.999576303413533651e+00
2.864838564387180764e+00
2.840517206425619001e+00
2.888164295880689458e+00
2.784958527518856641e+00
2.993886771406026881e+00
2.735058865911299097e+00
2.829562863765355374e+00
2.845687614619706984e+00
2.910689437229605936e+00
2.724990091725105756e+00
2.767521273630972001e+00
3.214705740810502199e+00
2.823969015410756622e+00
2.900789375325274921e+00
5.838279712381036823e+00
2.924083959122925513e+00
2.751712921072981377e+00
2.899916895360968638e+00
3.105731958814217375e+00
2.744995446262160854e+00
2.753658838708964218e+00
2.708227833842640653e+00
3.070111887211930402e+00
2.807225142378146021e+00
2.836275198213318305e+00
2.888031336395088022e+00
5.948727174782854732e+00
3.061471051635144658e+00
2.712653682282351486e+00
5.941525056751002509e+00
2.748612377182348521e+00
2.922857848065827380e+00
2.819073074611582630e+00
6.027914232966490538e+00
2.820873091792680754e+00
2.977822358704427241e+00
2.849029659375275525e+00
2.847501009657415150e+00
5.700418756547628085e+00
2.786848758006074789e+00
6.181208781460143520e+00
2.782494025150817674e+00
2.780357530966116819e+00
2.841687174901558421e+00
2.934783467310663863e+00
5.716018019565717978e+00
2.760332407519065168e+00
2.905380697946484236e+00
2.769037558430726520e+00
2.561399031779312718e+00
3.043959756632798275e+00
2.710191690637398843e+00
2.968816262418406904e+00
2.900405661282573266e+00
2.731582325319886984e+00
2.775074953942685774e+00
2.685677940483556903e+00
2.739654357761212022e+00
2.576683721375209846e+00
2.793356046049267682e+00
2.861097866204509899e+00
2.789354943351598948e+00
2.903555406738435263e+00
2.853433896202959730e+00
2.978193580007854724e+00
2.948200298487197113e+00
2.980420943423931934e+00
2.774925044032721555e+00
2.809985943025337995e+00
2.774918737548903724e+00
6.151757228629882057e+00
2.922539991172062646e+00
2.660443947915460239e+00
2.795239703495927319e+00
2.829370424670477835e+00
2.921490201934622721e+00
2.793767885848787103e+00
2.775519050556130018e+00
2.894071353646969325e+00
2.790628244678964531e+00
5.671834623823230892e+00
2.706974325700190587e+00
2.963235562691565406e+00
5.409690102029874659e+00
5.385707845771063873e+00
3.205367373640656492e+00
2.688411798813567177e+00
2.832430934727270699e+00
2.790895555193708688e+00
2.838297729273657311e+00
2.926476721246899171e+00
2.877291087116490953e+00
2.729751820221024694e+00
2.769642756746797385e+00
2.697395039663267546e+00
2.748461569678572136e+00
2.828542734342191167e+00
2.734746423345316035e+00
2.775247196197124122e+00
2.882333950117508703e+00
2.906944099909731793e+00
2.764368101393155808e+00
2.776835789167231283e+00
2.781338346911428783e+00
2.759507745957601621e+00
2.917476478054279454e+00
2.906803226914405514e+00
2.896637533416979160e+00
2.828804341060016991e+00
2.854612057705915085e+00
6.102979682089724633e+00
2.939175054330721348e+00
5.538619051713161490e+00
2.741350032374560097e+00
2.751391284423209793e+00
2.734898352772914709e+00
2.722263947526029071e+00
2.947785100715450746e+00
5.983314800342699691e+00
2.877273883383366648e+00
2.716863448905741496e+00
2.693628222305372244e+00
6.035875412895796543e+00
2.765981380993010053e+00
2.930577588121495491e+00
5.680078696637925084e+00
2.714764446503600048e+00
5.604656724546115854e+00
2.750014181781614386e+00
2.921866868972643694e+00
3.001306548821696563e+00
2.992564452104582884e+00
2.761230884949681386e+00
2.905704905870519106e+00
2.738766693239860661e+00
2.979415211077502068e+00
2.877760240186801433e+00
2.775827264078224221e+00
3.023426532925845844e+00
3.060954589666432746e+00
3.059481165165100158e+00
2.903494446352532510e+00
2.732254380543656769e+00
3.090943545262514025e+00
2.968140495326998529e+00
2.987460962088040350e+00
3.187156883493499571e+00
2.685001675977130464e+00
3.110399331275648827e+00
2.823929177582185979e+00
2.806908263552623239e+00
2.886116768254535003e+00
2.817472981236909924e+00
2.910867568268951544e+00
2.995914050836572251e+00
2.986022772853549334e+00
2.947247699125406406e+00
2.788957332050815197e+00
2.710219363815408844e+00
2.964771492037792999e+00
2.869344524451534095e+00
2.985633266159794186e+00
2.975016806675216063e+00
2.799371000778567709e+00
2.764911210147624310e+00
2.793617368216342545e+00
2.975772504745616054e+00
2.929983105753342087e+00
2.970842641406642670e+00
2.890754399806389596e+00
2.923918261511426309e+00
2.811374574829899942e+00
2.741917759525255960e+00
2.802152387005389045e+00
6.021594058054727583e+00
5.914838374799433751e+00
2.995623808157492629e+00
6.001310940119667592e+00
6.125006530608763100e+00
2.903754466204055085e+00
2.702131751043979513e+00
2.954794916741262156e+00
2.793973872461946062e+00
2.888645703439589596e+00
2.947154220599933261e+00
2.841146599526324756e+00
2.793008592897630482e+00
2.679333125984896924e+00
2.826857973086020159e+00
2.780082013178747591e+00
3.222896523315633921e+00
2.806416576347852132e+00
2.879401847606547715e+00
2.978925309570550350e+00
2.797608979110555172e+00
