4.866884116146592554e+00
4.592872521636105709e+00
4.583146953786229716e+00
2.705352657233433433e+00
2.578429172965587046e+00
2.782000179726809463e+00
2.718566901880474784e+00
2.752448001325365823e+00
3.054806704195864420e+00
2.821275598022993325e+00
2.814195444527618495e+00
2.829601562057810327e+00
2.920263173071906859e+00
2.754269776183880136e+00
2.751624611025275779e+00
2.941419045290895262e+00
2.947243118577087984e+00
2.753757251465713374e+00
2.937809728352059224e+00
2.785607474142758555e+00
2.875980006884609974e+00
2.796581127019203805e+00
2.830172432909344504e+00
2.754104028536322524e+00
2.796781900685142652e+00
2.868498387658602766e+00
2.848773771291781554e+00
2.975788298921816732e+00
2.900376872063352707e+00
2.848819229084218030e+00
2.761462112722171458e+00
2.814070539272247373e+00
2.882970343239763977e+00
2.773150013973279648e+00
2.898235842715357613e+00
2.894278666611078243e+00
2.805318520239724833e+00
2.729243301723025095e+00
3.095365891134681746e+00
3.006425784881443075e+00
2.896385678738244263e+00
2.759670451340159314e+00
2.950149996186634649e+00
2.896418995932736440e+00
2.753642315189102963e+00
2.851411229549326798e+00
2.868889854978750709e+00
2.721778278993349343e+00
2.866273887820213417e+00
2.910418526604034994e+00
2.850099822813229267e+00
2.775621371873332244e+00
2.928478444516879886e+00
2.776132921889728600e+00
2.813064343380719201e+00
2.650249233562760764e+00
2.959243484406107516e+00
2.812908459228633085e+00
2.888837309368597062e+00
2.830532988678986950e+00
5.990407248259502992e+00
5.878734727813460736e+00
2.774827742401319242e+00
2.762262478476655847e+00
2.769771651237697085e+00
2.804562532731263769e+00
2.781915347382088122e+00
2.748402808905565209e+00
2.929338150504307681e+00
2.998504127060691804e+00
2.760661877159171329e+00
2.954812007556487430e+00
2.960608890076499744e+00
2.932618966043833098e+00
2.829102507863580751e+00
2.879939929929095310e+00
2.927417120944673101e+00
2.793294470692268217e+00
3.060098854612380403e+00
2.846845447157256626e+00
2.793743008939799211e+00
2.864070355281098657e+00
3.002920911379451940e+00
2.906005677902230300e+00
2.741893688675766771e+00
2.894246188561021338e+00
2.897638521279008561e+00
2.824902299195495736e+00
2.769348118240102963e+00
2.863274698662355622e+00
2.865229135688802664e+00
2.811458518278369123e+00
2.823768758237827470e+00
2.802185932446310535e+00
2.880436772435735815e+00
2.749103853985876977e+00
2.952268619214721834e+00
2.751115046667441444e+00
2.860459054068070550e+00
2.758716186924635494e+00
2.825106723647798912e+00
2.777328572567530518e+00
2.737785601540047686e+00
2.839478825418495500e+00
2.919398568198594113e+00
2.874881910618243275e+00
2.846900771013980869e+00
2.875586027229927844e+00
2.922722532160724640e+00
2.884374628927387274e+00
2.804354827763419600e+00
2.695850515143597637e+00
2.887004329750822773e+00
2.742697212599305878e+00
2.737631275391191554e+00
2.759524959118870413e+00
2.884724596906955707e+00
2.729360914206840683e+00
2.890267115683254229e+00
2.848681449372674201e+00
2.796955666434489451e+00
2.769245926240571531e+00
2.851296897904530780e+00
2.778946203149676109e+00
2.913043940622935590e+00
2.670069100229430337e+00
2.801345569543322256e+00
2.802678361853175204e+00
2.746336650886049391e+00
2.789306365389073061e+00
2.861229106520482457e+00
2.970897507488267308e+00
2.713697293361954976e+00
2.767410883840706326e+00
2.651994343885371030e+00
2.880722825958790256e+00
2.887100102178655092e+00
2.993856542989326464e+00
2.743417394418866451e+00
2.759318394096629046e+00
5.864929070329836236e+00
2.825072388453082173e+00
2.710669474502562792e+00
2.703862792376861890e+00
2.889656553986995835e+00
2.736800686933558602e+00
2.932491261709060826e+00
2.715762139805325326e+00
2.670196621973745632e+00
2.737555296245173686e+00
2.755211425644137346e+00
3.093866351347452248e+00
2.835969499130764238e+00
2.881297797868175969e+00
2.751083422944495815e+00
2.970086867416506848e+00
3.029911054800124237e+00
2.798171724537291460e+00
3.029961055855339147e+00
2.746394909695253794e+00
2.810587305173067207e+00
6.092496696757414121e+00
2.894730730137088148e+00
2.799133437333775731e+00
2.791995881085786557e+00
5.967517239187499101e+00
6.170349179746637880e+00
2.881789201173465376e+00
2.776359486810020982e+00
2.837904156239248188e+00
2.787052564986889802e+00
2.974470541121562395e+00
6.032805234714610165e+00
2.944955008145285547e+00
2.805320837266211953e+00
2.790644907543773812e+00
2.874894258925013268e+00
2.822686309174294195e+00
2.764879201701224698e+00
2.955913902670373350e+00
2.963158281293795770e+00
2.740773248555961494e+00
2.841991907096147685e+00
2.829254318720746841e+00
2.658688774565386659e+00
2.703837643054774809e+00
2.752085754477865187e+00
2.936184769390373539e+00
2.897575538273333251e+00
2.882014226196671469e+00
2.722400411401673104e+00
5.996564599835475740e+00
2.724091224610512008e+00
2.890059860971741390e+00
2.817825047798390159e+00
2.884827551171819771e+00
2.846826127461949074e+00
2.819000886839165609e+00
2.893154679584208022e+00
2.873602964920519476e+00
2.916791730652018799e+00
2.759930615069879245e+00
5.728937597844821816e+00
2.773648139184204275e+00
2.931348154006958140e+00
2.852259630538565904e+00
2.890786225233544116e+00
2.719287774399759883e+00
2.768337768409049993e+00
2.967147114654074436e+00
2.925658216538630008e+00
2.682061520547207589e+00
2.964157384485513358e+00
2.736653613448366773e+00
2.895741873855471660e+00
2.916449210941277403e+00
2.765322946782165836e+00
3.027466597668750925e+00
2.735528650919232696e+00
2.763675451278604811e+00
2.766714116058975659e+00
2.837865747353105483e+00
2.754712870699957961e+00
2.926422047483923539e+00
2.987764046908658155e+00
6.003477492253969316e+00
5.968946724506762003e+00
2.771672960505982886e+00
2.939291581316831437e+00
6.128093422917114452e+00
2.936194986713245747e+00
5.861730546519518192e+00
2.929850849446093974e+00
2.836493610075651262e+00
2.936564148797025542e+00
5.653736994236643554e+00
6.134327510004662365e+00
5.715308390629503243e+00
2.727240913450808435e+00
2.874931303527094695e+00
2.849929999140329961e+00
8.042938828562604670e+00
5.563289404659800930e+00
2.828168842201611355e+00
2.880015798567778784e+00
2.818340114322612777e+00
2.847187735292493915e+00
2.923326187752574246e+00
6.175438931768331585e+00
2.911196661168736544e+00
2.905443855936645114e+00
2.799839459683358456e+00
2.848458354970281103e+00
3.077238534790567748e+00
3.050886756338229144e+00
2.897869044660231097e+00
2.778300559694721006e+00
2.921990759738982923e+00
2.878602438684438880e+00
2.947032066333855838e+00
2.719719286985331053e+00
2.751916059766359002e+00
2.826740348882437193e+00
2.826466522002339055e+00
2.864169338569212631e+00
2.941587836526388333e+00
2.814109095255548532e+00
2.875260336039155984e+00
2.756194115079705576e+00
2.925393135973351377e+00
2.782316660626536375e+00
2.833100245314309262e+00
2.946303616398011194e+00
2.911114219676032899e+00
2.673991211653471645e+00
2.845195248133245425e+00
2.917268242722975913e+00
3.020445496942462338e+00
2.945370944380350853e+00
2.859576716928573070e+00
2.803522427233283043e+00
2.752472888149854136e+00
2.770524499079551450e+00
2.883256492232350698e+00
2.734705102931575205e+00
2.915059862164069315e+00
3.005738178883849088e+00
2.731571708742056348e+00
2.953174563076148562e+00
2.829408772164248020e+00
2.936267869251714124e+00
2.768796670035559071e+00
3.001194928690903652e+00
2.959821785175587472e+00
2.758553787766336196e+00
2.961013002335518340e+00
3.035719684028812981e+00
2.888539077111472952e+00
2.835636260171603862e+00
2.841707585238143707e+00
2.964950421170647221e+00
2.919193039180519644e+00
2.919634566174335699e+00
2.802977702372960067e+00
2.693067024787909158e+00
2.748235979678601115e+00
2.997090088736072300e+00
2.883858006213204650e+00
2.845579378615188393e+00
2.829656516257759602e+00
2.972146026022274512e+00
3.054998690670750694e+00
2.716085418391697370e+00
2.803927424167750981e+00
2.781436679128252543e+00
2.880339216134099711e+00
2.842412531635758022e+00
2.818080552432807639e+00
2.933152058792724226e+00
2.857310798635668725e+00
2.926096717471929676e+00
2.703904399197575525e+00
3.164751017062795491e+00
2.921239462967731626e+00
2.774858194574994830e+00
2.740319871839782095e+00
2.770871884443595334e+00
2.793098816726683697e+00
2.775098736982163583e+00
2.825086370361090005e+00
2.756865067427131333e+00
2.693593139284402138e+00
3.098295499141423104e+00
2.909576257807999333e+00
2.958638538246941785e+00
2.840318468059523926e+00
2.928481859257455078e+00
2.772660996227270136e+00
2.865126524256825569e+00
2.952436451475289658e+00
2.944938199691124581e+00
2.793443931780267508e+00
2.694745256976993186e+00
2.670931298255348807e+00
2.825728578614726150e+00
3.735709437309063130e+00
3.306312144973611034e+00
2.721833573163502606e+00
2.841898837045400139e+00
2.751286789849433312e+00
2.612950056927992204e+00
2.978895600721851444e+00
2.867495597206733304e+00
2.926560609315993489e+00
2.826218852106114010e+00
2.811340427625228067e+00
2.813936921823230630e+00
2.771350934111376674e+00
2.802334384044845361e+00
2.933799072874623715e+00
2.880230025536155480e+00
2.803026400161083398e+00
2.883185044356328053e+00
2.849525925483044286e+00
2.872411182264822838e+00
2.839602260880914830e+00
2.830050529584233310e+00
2.811779685537258100e+00
2.975631361576900780e+00
2.785358504753023823e+00
2.684748964056043796e+00
2.931700700958404404e+00
2.825480844033454453e+00
2.526950731613103240e+00
2.736279590977501730e+00
3.100849238515152262e+00
2.862606853900829140e+00
2.778289761705931227e+00
2.962802895907859835e+00
2.819324919196083190e+00
2.900832466723991754e+00
2.764415851495573673e+00
2.835640315695910463e+00
2.723922539280440258e+00
2.874426203610035202e+00
2.771700380632799110e+00
2.709199328214888514e+00
5.782332574316354723e+00
2.811985241782040568e+00
2.747798209476088882e+00
6.072629167008305906e+00
6.117731360561690757e+00
5.774664146078107407e+00
5.755403547971245537e+00
2.822251051908741371e+00
6.000686127435762351e+00
2.844265458778417077e+00
3.011636930308831062e+00
2.931352077113904109e+00
6.211857129715718351e+00
2.722263947526029515e+00
2.849379230639544236e+00
2.970702778805042410e+00
2.819585430519884195e+00
2.906784133712029927e+00
2.832611162867223253e+00
2.775967398944014786e+00
3.014846762274991931e+00
3.036610939847249835e+00
2.747121220477902526e+00
3.100199025869145864e+00
2.679060096377086087e+00
2.676548150136664361e+00
2.768777708664962756e+00
2.846202030777154945e+00
2.761283216187720324e+00
2.896633218065414628e+00
2.777510216002814225e+00
2.817091407817644999e+00
2.936571129736176289e+00
2.681172504707595383e+00
2.905744310843608957e+00
2.833239488641932535e+00
2.700942242995950870e+00
3.006103956951588607e+00
2.736497213592588462e+00
2.816480605294486850e+00
2.760110323881999950e+00
2.923372367660336035e+00
2.756550380457429394e+00
2.848146590328524574e+00
3.007266034124683074e+00
2.992331031152803078e+00
2.706559624320144408e+00
2.687313528414576158e+00
2.928269967062463230e+00
2.986266063163160123e+00
2.923760250088916379e+00
2.798956591303266350e+00
2.874924172913087883e+00
2.771794003889899827e+00
2.727313330000790792e+00
2.734886652130212426e+00
2.923410679326461370e+00
2.926361221722294292e+00
2.873671693147983763e+00
2.731318729112368171e+00
2.735217358821781630e+00
2.905260401409829107e+00
2.772249267291813979e+00
2.802264441482994695e+00
5.354171831385317049e+00
2.714190302834345925e+00
2.804755960863619002e+00
5.742934180364597907e+00
2.757132024405069881e+00
2.829807237251328988e+00
2.807483036458100933e+00
2.939962414725738604e+00
2.811101207712024319e+00
2.930368577500106930e+00
2.922575576439384371e+00
2.877612552099395593e+00
2.934037661653306373e+00
2.941740471217677122e+00
2.928010587412552379e+00
2.793945955096483136e+00
5.943163046728567878e+00
5.969847988014435280e+00
5.964214701031477439e+00
2.741922136020642053e+00
2.873223625129099013e+00
3.046336980703218789e+00
5.731413612713708083e+00
2.792969208566395967e+00
2.802600399628887740e+00
2.846780110932349839e+00
2.652898414941665006e+00
2.884127077644117687e+00
2.787820116148099103e+00
3.158481280615732079e+00
2.809280334890058572e+00
3.107969433569127027e+00
2.872366794126405054e+00
2.990055016216256689e+00
3.009020106280448026e+00
2.788214661750417989e+00
2.819304524169037318e+00
2.721316041917953843e+00
2.721746681820334413e+00
2.869315423581032753e+00
2.776279164637447394e+00
2.780751157511221372e+00
2.941732482738701027e+00
2.747332342473331135e+00
2.937314079222717034e+00
2.866458616481319055e+00
2.687371578327046429e+00
2.752560444386281446e+00
2.939109048674445113e+00
2.779414686584209537e+00
2.924978290517726176e+00
2.913777273574629234e+00
2.714443589393598089e+00
2.765073778400858551e+00
2.837290432789706607e+00
2.663500328515091553e+00
2.653684419820864449e+00
2.765769874736507816e+00
2.823584955336035929e+00
2.743250079741181846e+00
3.070523245311782556e+00
2.824670777276530487e+00
2.791531121087493350e+00
2.859442078448171110e+00
2.685861872844543807e+00
5.799578088102616213e+00
2.721735843170677960e+00
2.805247404419082713e+00
2.796201173020281594e+00
2.985485220194532996e+00
2.738539391719607696e+00
2.869279003512903437e+00
2.857827146627311521e+00
2.862729292126658720e+00
2.675885274072863140e+00
2.756189217016858262e+00
2.696977011396277657e+00
2.935145822612566402e+00
2.718711091675612757e+00
2.828677429471235794e+00
2.789685286909618700e+00
2.696496615981558875e+00
2.883124173531205869e+00
2.906284569686871766e+00
2.917279554653615214e+00
2.867220779779610762e+00
2.961610879234474858e+00
2.816260818887341699e+00
3.078912470337537677e+00
2.922406884744148670e+00
2.875172516563136771e+00
2.882685553437974058e+00
2.919877737166404419e+00
3.002416360200562906e+00
3.000028833194774869e+00
2.946745662591191639e+00
2.876259202505921486e+00
2.868474507469083168e+00
2.811875530673432877e+00
2.863181621902459728e+00
2.705646318349832491e+00
2.702681261266300705e+00
2.818310131976252464e+00
3.292435268915699709e+00
2.768868722059606657e+00
2.742421193033631077e+00
2.740233566687336086e+00
