-5.301526227209999433e+02
-5.978729904860000488e+02
-5.849694356469999548e+02
-5.964951933300000064e+02
-5.973276117740000473e+02
-6.010988763860000290e+02
-5.709695895349999546e+02
-6.021716703900000311e+02
-5.833390082990000565e+02
-5.902531643150000491e+02
-5.981159566920000543e+02
-5.877799334579999595e+02
-6.037898068189999776e+02
-5.986289676599999439e+02
-5.799880811640000502e+02
-6.010154856249999966e+02
-5.892355253209999546e+02
-5.864881654549999439e+02
-6.009047545839999884e+02
-6.027500875189999761e+02
-5.838920217849999972e+02
-5.887170034069999929e+02
-6.023319778290000386e+02
-5.801093616590000011e+02
-5.939724854930000220e+02
-5.995687753089999887e+02
-5.897834083420000297e+02
-5.909215715609999506e+02
-5.753813163900000518e+02
-5.941187152439999863e+02
-5.850533251030000201e+02
-5.580694410380000363e+02
-5.987331319449999683e+02
-5.982353270429999839e+02
-5.988186777329999586e+02
-5.816683267250000426e+02
-6.022250556139999844e+02
-5.916197281290000092e+02
-5.969996461409999711e+02
-5.928952683799999477e+02
-5.991207646620000560e+02
-5.977165943549999838e+02
-5.951062950980000323e+02
-5.922454484739999998e+02
-5.800587348259999771e+02
-5.861120633809999845e+02
-5.978288767540000208e+02
-5.924445272320000413e+02
-5.905588560590000498e+02
-5.872102121039999929e+02
-5.987067067120000274e+02
-5.699733351539999830e+02
-5.945070174899999529e+02
-5.964417976390000149e+02
-5.940966826820000506e+02
-5.983673596290000205e+02
-5.954367169399999966e+02
-5.974548911880000333e+02
-5.893802536709999913e+02
-5.895685860739999953e+02
-6.031105790609999531e+02
-5.871720137219999742e+02
-5.974838416510000343e+02
-5.911015712089999852e+02
-5.956678167029999713e+02
-5.848916873580000129e+02
-5.823020826380000017e+02
-5.951623895029999858e+02
-5.953346584670000539e+02
-5.999476230609999448e+02
-5.895971110240000144e+02
-5.903325146390000100e+02
-5.913694278369999893e+02
-5.963389678659999618e+02
-5.983144356889999926e+02
-5.961996380690000024e+02
-5.977504263859999583e+02
-5.932398699640000359e+02
-5.924481149829999822e+02
-5.917846294590000298e+02
-6.015108529799999815e+02
-5.992345726759999707e+02
-5.959847797659999742e+02
-5.941600474739999527e+02
-5.954357872660000339e+02
-5.811623906080000097e+02
-5.789692973369999436e+02
-6.003343430490000401e+02
-5.858403458550000096e+02
-5.955906250440000349e+02
-5.945643020149999529e+02
-5.961991014249999807e+02
-5.843799671509999598e+02
-5.854517242230000420e+02
-5.992698121509999964e+02
-6.008118574600000557e+02
-5.843906002369999442e+02
-5.920027853069999537e+02
-6.017662410340000179e+02
-5.977549980270000560e+02
-5.893418662479999739e+02
-5.981550680719999491e+02
-6.009402014019999569e+02
-5.898288268210000069e+02
-5.934209149529999650e+02
-5.919187678580000238e+02
-5.952020678059999454e+02
-5.986371409859999630e+02
-5.979525801649999721e+02
-5.989848616689999972e+02
-6.038675179980000394e+02
-5.942341159259999586e+02
-5.870897713949999570e+02
-5.789015014489999658e+02
-5.943757955989999573e+02
-5.906261982459999444e+02
-5.960954767890000312e+02
-5.901846072319999621e+02
-5.761951524319999862e+02
-5.960818763439999657e+02
-5.776033124880000287e+02
-5.992669214329999932e+02
-6.011178494340000498e+02
-5.988408584380000548e+02
-5.962875191709999854e+02
-5.959120533130000013e+02
-5.948456891949999772e+02
-5.925862525490000507e+02
-6.021710174449999613e+02
-5.994150239210000564e+02
-5.868279381439999725e+02
-5.943472896270000092e+02
-5.993037663569999722e+02
-5.965325314200000548e+02
-6.016728181160000304e+02
-5.931250111729999617e+02
-5.998091589829999748e+02
-5.993449984430000086e+02
-5.842026388780000161e+02
-5.937759721019999688e+02
-5.936287314239999660e+02
-5.877344293869999774e+02
-5.907932028809999565e+02
-5.847682992630000172e+02
-6.011476910720000433e+02
-5.885118270780000103e+02
-5.787929311939999479e+02
-5.976245834600000535e+02
-6.042385454720000553e+02
-6.026344172450000087e+02
-5.903607367460000432e+02
-5.980316166379999459e+02
-5.866351048200000378e+02
-6.002853868339999508e+02
-5.960333379740000055e+02
-6.044494358570000259e+02
-5.819720990869999468e+02
-5.854085266370000227e+02
-5.992393995410000116e+02
-5.903932332770000357e+02
-5.891715398129999812e+02
-6.004643868099999509e+02
-5.874529654430000392e+02
-5.802164511119999588e+02
-5.979286983580000197e+02
-6.008850605650000034e+02
-5.981974105560000226e+02
-5.920312658149999834e+02
-5.996504429909999772e+02
-5.811357289940000328e+02
-5.978251161739999588e+02
-5.984814635669999916e+02
-5.991923502869999538e+02
-5.943281277610000188e+02
-5.979586541869999792e+02
-5.834357107439999481e+02
-5.978184659139999440e+02
-5.934676271619999852e+02
-5.990291313520000358e+02
-5.903988097310000285e+02
-5.942465686530000539e+02
-5.924191822249999859e+02
-6.026335025079999923e+02
-5.871883721000000378e+02
-6.010421419069999729e+02
-5.893131301810000195e+02
-5.974706310609999491e+02
-5.949471577719999686e+02
-5.778960330639999938e+02
-6.016241670590000012e+02
-5.898424882570000136e+02
-5.948627085540000508e+02
-5.961494718389999434e+02
-5.946796177319999970e+02
-5.996008200510000279e+02
-5.933622386160000133e+02
-6.008404020430000401e+02
-5.826215199949999715e+02
-5.988213425139999799e+02
-5.900475029689999928e+02
-6.008466718070000070e+02
-6.043589969790000396e+02
-5.923349599120000448e+02
-5.916426787760000252e+02
-6.055068500969999832e+02
-5.922907356749999508e+02
-5.891097227889999886e+02
-5.840015776210000240e+02
-5.856649784530000034e+02
-5.962914759650000178e+02
-5.943264128869999467e+02
-5.956970799810000017e+02
-5.906331472189999658e+02
-5.958926199320000023e+02
-5.967828512470000533e+02
-6.002919940819999738e+02
-5.891144269669999858e+02
-5.880101650200000449e+02
-5.949253603780000503e+02
-5.891181715120000035e+02
-5.966509247909999658e+02
-5.876708831470000405e+02
-6.053872678469999755e+02
-5.987378272040000411e+02
-5.957049714979999635e+02
-5.917556124720000525e+02
-5.840880925059999527e+02
-5.965796944549999807e+02
-5.986299914950000129e+02
-5.977524980429999459e+02
-5.975149875600000087e+02
-5.995177511570000206e+02
-5.748597226870000441e+02
-5.993230706099999452e+02
-5.815432748059999994e+02
-6.019380481169999939e+02
-5.993415577749999557e+02
-6.016473813549999932e+02
-5.886138970509999808e+02
-5.820052976719999833e+02
-6.030173994189999576e+02
-6.034713679579999734e+02
-5.886726966359999551e+02
-5.924855427710000413e+02
-5.988294459979999829e+02
-5.984626896910000369e+02
-5.902923711329999605e+02
-6.031805343500000163e+02
-5.970967179079999596e+02
-5.940600157479999552e+02
-5.958408785459999990e+02
-5.751941139040000053e+02
-5.712872308319999775e+02
-5.551115690819999600e+02
-5.620644272939999837e+02
-5.867913760689999663e+02
-6.006644996109999965e+02
-5.993529223189999584e+02
