-5.721647687570000471e+02
-5.932553302879999819e+02
-5.925919821100000036e+02
-5.766909886380000216e+02
-5.780056512899999461e+02
-5.837989033830000380e+02
-5.950279271790000166e+02
-5.788273160249999592e+02
-5.856717085369999722e+02
-5.911027884459999768e+02
-5.953737224540000170e+02
-5.977455589239999654e+02
-5.747591942059999610e+02
-5.877428484289999915e+02
-6.020661251689999744e+02
-5.834865135889999692e+02
-5.930164819300000545e+02
-5.953683553050000228e+02
-5.710459619409999732e+02
-5.907966021690000389e+02
-5.984854235609999478e+02
-5.887830262060000450e+02
-5.926135134679999510e+02
-5.931515054489999557e+02
-5.992954675749999751e+02
-5.908002683109999680e+02
-5.928935842890000458e+02
-5.747890301840000120e+02
-5.939434257189999471e+02
-5.963108134960000370e+02
-5.878722217240000418e+02
-5.887796749840000530e+02
-5.923243888519999700e+02
-5.810317587439999443e+02
-5.953712304050000057e+02
-5.928883584919999521e+02
-5.963669836929999519e+02
-5.735847587389999944e+02
-5.993401543439999841e+02
-5.868861612529999547e+02
-5.809609210789999452e+02
-5.966946044080000320e+02
-5.948200199440000233e+02
-5.898732030060000397e+02
-5.868782406799999762e+02
-6.044243272339999749e+02
-5.889901196660000551e+02
-5.955047929590000422e+02
-5.915576996209999834e+02
-5.883337061790000462e+02
-5.909342838520000214e+02
-5.921680672910000567e+02
-5.908195176159999846e+02
-5.961344458659999646e+02
-5.940280483249999861e+02
-5.904452982169999586e+02
-5.966669909050000342e+02
-5.875543381730000192e+02
-6.026795068820000552e+02
-5.911555557210000416e+02
-5.923995734249999714e+02
-6.005877597510000214e+02
-5.924973863090000350e+02
-6.031937255779999987e+02
-5.910288343209999766e+02
-5.786321660339999653e+02
-5.930077687159999869e+02
-5.953987809740000330e+02
-5.864700781630000392e+02
-5.799836658980000266e+02
-5.788881130050000365e+02
-5.633124888810000357e+02
-5.843164229210000258e+02
-5.975734468629999583e+02
-6.031534206809999432e+02
-5.971725543860000016e+02
-5.983173953499999698e+02
-5.874972109349999982e+02
-5.897691523299999972e+02
-5.834058672869999782e+02
-5.844824482720000560e+02
-5.615936345579999625e+02
-5.940970696199999566e+02
-5.922716677859999663e+02
-5.824323634050000464e+02
-5.780151148290000265e+02
-5.742448523699999896e+02
-5.777190812139999707e+02
-5.922341022680000151e+02
-5.729018997980000449e+02
-5.840338498969999819e+02
-5.612450062159999788e+02
-5.924965981259999808e+02
-5.901972774790000358e+02
-5.935066495390000227e+02
-5.518097018079999998e+02
-5.929915232429999605e+02
-5.922257180899999867e+02
-5.884092029610000054e+02
-5.991016233000000284e+02
-5.964589706079999587e+02
-5.879808402109999861e+02
-5.840539801099999977e+02
-5.910887025040000253e+02
-5.835633022130000427e+02
-5.937956080290000500e+02
-5.806784134560000439e+02
-5.770244275380000545e+02
-5.741740661769999861e+02
-5.815123473690000537e+02
-5.904025613249999651e+02
-5.940079715609999766e+02
-5.876857514539999556e+02
-5.835801966080000511e+02
-5.729411312810000254e+02
-5.896292912799999613e+02
-5.945621566319999829e+02
-5.934299950609999996e+02
-5.997397414839999783e+02
-5.928583192480000434e+02
-5.901656614400000080e+02
-5.965697320900000022e+02
-5.922979409309999710e+02
-5.989249794749999865e+02
-5.959890625809999847e+02
-5.882036058280000361e+02
-6.013357681210000010e+02
-5.781305312920000006e+02
-5.959157452199999625e+02
-5.992592946019999545e+02
-5.755060445059999665e+02
-5.805533542160000025e+02
-5.904538940620000176e+02
-5.778261524109999527e+02
-5.771354422890000251e+02
-5.756612618110000312e+02
-5.980895652819999668e+02
-5.916426165980000178e+02
-5.845761028179999812e+02
-6.020898699919999899e+02
-5.981471852270000227e+02
-6.006016243630000417e+02
-5.960308486300000368e+02
-5.938234650399999737e+02
-5.924431167210000240e+02
-5.913448285260000148e+02
-5.867077165470000182e+02
-5.646497077489999583e+02
-5.864382160320000139e+02
-5.857252904810000018e+02
-5.964907274649999636e+02
-5.913611266829999522e+02
-5.852743187400000124e+02
-5.917593215480000026e+02
-5.841073675290000438e+02
-5.916536150330000510e+02
-5.898762375049999491e+02
-5.926748736270000109e+02
-5.913485836470000550e+02
-5.907485109120000288e+02
-5.895799739139999929e+02
-5.956161794060000148e+02
-5.930133831809999947e+02
-5.950390145809999467e+02
-5.927292041539999445e+02
-6.013100439979999692e+02
-5.878596012660000270e+02
-5.949427857749999475e+02
-5.985654592480000247e+02
-5.965895845449999797e+02
-6.027970809360000430e+02
-5.924560205880000012e+02
-5.865680031279999866e+02
-5.943038794760000201e+02
-5.950407722259999446e+02
-5.793070978539999487e+02
-5.968700335089999953e+02
-5.932554915519999668e+02
-6.005616105860000289e+02
-5.875481556749999754e+02
-5.968750418560000526e+02
-5.988408974840000383e+02
-5.914165879170000153e+02
-5.896327256340000531e+02
-5.715602169679999633e+02
-5.898517234019999478e+02
-5.873047619169999507e+02
-5.908617087889999766e+02
-5.731681987959999560e+02
-5.907212610560000030e+02
-5.780999799119999807e+02
-5.911543962050000118e+02
-6.003634543110000550e+02
-5.914595080719999487e+02
-5.948605263670000340e+02
-5.887864462930000400e+02
-5.923170223380000152e+02
-5.857891069280000238e+02
-5.778592875860000504e+02
-5.690310966729999791e+02
-5.820370814100000416e+02
-5.940231336670000246e+02
-5.749965872599999557e+02
-5.801208460929999546e+02
-5.857877143470000192e+02
-5.915774082699999781e+02
-5.758557704160000412e+02
-5.809781529680000176e+02
-5.907907786199999691e+02
-5.955081974209999771e+02
-5.909640227789999471e+02
-5.982408294580000074e+02
-5.956176510149999785e+02
-5.881553395470000396e+02
-5.920327614860000267e+02
-5.986010232329999781e+02
-5.877792107929999474e+02
-5.918607074230000080e+02
-5.896655943700000080e+02
-5.941742100339999979e+02
-5.852285685739999508e+02
-5.969471536429999787e+02
-5.937002035250000063e+02
-5.914307988770000293e+02
-5.906108296759999803e+02
-5.836500418269999955e+02
-5.951469362770000089e+02
-5.976264490820000219e+02
-5.943704522479999923e+02
-5.811870470970000042e+02
-5.883942958390000513e+02
-5.992612093129999948e+02
-5.895827603630000340e+02
-5.959062956929999473e+02
-5.976744034319999628e+02
-5.949390562940000109e+02
-5.947568128569999999e+02
-5.755090387019999980e+02
-5.880852997959999584e+02
-5.812324675339999658e+02
-5.787833648639999637e+02
-5.672231978549999667e+02
-5.873870767759999580e+02
-5.913493979900000568e+02
-5.833679871059999869e+02
-5.973702441110000336e+02
-5.865872575450000568e+02
-5.890687439189999850e+02
-5.965096097120000422e+02
-5.954414622929999723e+02
-5.909782625230000122e+02
-5.823898155150000093e+02
-5.954715521849999504e+02
-5.957427250499999900e+02
-5.948326653389999592e+02
-6.013345297609999989e+02
-5.866309292529999766e+02
-5.640099902069999871e+02
-5.738054010009999502e+02
-5.865849304509999911e+02
-5.927527061739999681e+02
-5.863100947299999461e+02
-5.976786843930000259e+02
-5.770270780659999446e+02
-5.917679027570000017e+02
-5.729157411649999858e+02
-5.817567335930000354e+02
-5.985104409960000567e+02
-5.981646801069999810e+02
-5.717974023389999729e+02
-5.936468252380000195e+02
-5.851499580830000014e+02
-5.809068948589999763e+02
-5.890525466379999671e+02
-5.888792363439999917e+02
-5.970456812899999477e+02
-5.914312978949999433e+02
-5.748313065639999877e+02
-5.742407285189999584e+02
-5.975318666650000523e+02
-5.949925640550000026e+02
-5.900935312780000004e+02
-5.981237570929999947e+02
-5.990544783000000280e+02
-5.985645888970000215e+02
-5.692054311169999892e+02
-5.824135239219999676e+02
-5.888510119269999450e+02
-5.938944131900000230e+02
-5.870832793490000086e+02
-5.869458525239999744e+02
-5.930215886810000256e+02
-6.023541679749999957e+02
-5.985128772069999741e+02
-5.927873732829999653e+02
-5.854519064569999500e+02
-5.753841902809999738e+02
-5.860695130459999973e+02
-5.776684831479999502e+02
-5.975601357059999827e+02
-6.017446482850000393e+02
-5.940935467069999731e+02
-5.807138846760000206e+02
-5.911547206269999606e+02
-5.978206511690000298e+02
-5.968498963130000448e+02
-5.917663550519999944e+02
-6.017200488419999829e+02
-5.864218655749999698e+02
-5.914307986060000530e+02
-5.951140765860000101e+02
-5.967667142880000029e+02
-5.965715394300000298e+02
-5.965478582649999453e+02
-5.970929707239999971e+02
-5.946192891150000150e+02
-5.978972282019999511e+02
-5.969277421530000538e+02
-5.910347433270000010e+02
-5.811416170899999543e+02
-5.995411544739999954e+02
-5.803982744510000202e+02
-5.946034161860000040e+02
-5.956683120359999748e+02
-5.824684957480000094e+02
-5.967188826880000079e+02
-5.964717912040000556e+02
-5.841249475189999885e+02
-5.870560396429999628e+02
-6.011265095109999947e+02
-5.739614154170000120e+02
-5.990677346679999573e+02
-6.013376707200000055e+02
-5.910510969529999556e+02
-6.010492116939999505e+02
-5.981358092250000027e+02
-5.912885750169999710e+02
-5.874719719209999766e+02
-5.964300093880000304e+02
-5.737945081829999481e+02
-5.740663318660000414e+02
-5.896032556679999743e+02
-5.972685691929999621e+02
-5.897469221049999533e+02
-5.968492449609999539e+02
-5.914314897110000402e+02
-5.993841327489999458e+02
-5.869096129040000278e+02
-5.889571506409999984e+02
-5.862575092280000035e+02
-5.921759825650000266e+02
-6.025851009570000087e+02
-5.883848730890000525e+02
-5.858268265140000040e+02
-5.890372467360000428e+02
-5.906207238819999930e+02
-5.909604071530000056e+02
-5.848398522899999534e+02
-5.840868787450000355e+02
-5.948347107319999623e+02
-5.952530607239999654e+02
-5.963979906319999600e+02
-5.865094842480000352e+02
-5.968728233040000077e+02
-5.911637368479999850e+02
-5.864325943510000343e+02
-5.931167951310000035e+02
-5.963459335869999904e+02
-5.972762025969999513e+02
-5.916022241870000471e+02
-5.999894579750000503e+02
-5.714599307590000308e+02
-5.970621269800000164e+02
-6.026226863970000522e+02
-6.017045392600000469e+02
-5.827941239159999895e+02
-5.877396399259999953e+02
-5.799053337730000521e+02
-5.960008114580000438e+02
-5.995116477709999572e+02
-5.825978424899999482e+02
-5.866046943039999633e+02
-5.939715127560000383e+02
-6.015567489170000499e+02
-5.991080497039999955e+02
-5.773303715399999874e+02
-5.977679265340000256e+02
-5.883731532929999730e+02
-5.911598866599999837e+02
-5.893404816729999993e+02
-5.870894665050000185e+02
-5.874229013460000033e+02
-5.798170633439999619e+02
-5.966083745649999628e+02
-5.962779414709999628e+02
-5.890319760469999437e+02
-6.030668617310000172e+02
-5.956620913299999529e+02
-5.997335623500000565e+02
-5.856359964560000435e+02
-5.607809213580000005e+02
-5.859053705869999931e+02
-5.874759089210000411e+02
-5.960888943879999715e+02
-6.004654782679999698e+02
-5.908283624010000494e+02
-5.898706818550000435e+02
-5.827486475230000451e+02
-5.975725630379999984e+02
-5.817478749729999663e+02
-5.903704090219999898e+02
-5.875843651679999766e+02
-5.932337870730000304e+02
-5.940286282360000314e+02
-5.939446820739999566e+02
-5.925239154659999485e+02
-5.700805337970000437e+02
-5.833882683550000365e+02
-5.937043468619999658e+02
-5.745747837970000091e+02
-5.982329316850000396e+02
-5.740284218020000253e+02
-5.883301871380000421e+02
-5.966407667209999772e+02
-5.885577721879999444e+02
-5.950167096930000525e+02
-5.928437323480000032e+02
-5.821019167700000025e+02
-5.794248860190000414e+02
-5.859042655870000544e+02
-5.992309914109999909e+02
-5.947515341470000294e+02
-5.990386847260000422e+02
-5.918220912399999634e+02
-5.821367291479999722e+02
-5.836109176490000436e+02
-5.875164978239999982e+02
-5.942077338970000255e+02
-5.938350232889999916e+02
-5.896902876909999804e+02
-5.861095153579999533e+02
-5.949771712780000144e+02
-5.869993749950000392e+02
-5.815622728670000470e+02
-5.895665455949999796e+02
-5.866347396229999731e+02
-5.824563398369999732e+02
-5.944820184819999440e+02
-5.877086291870000423e+02
-6.021086913550000190e+02
-5.875861656340000536e+02
-6.037903554590000113e+02
-5.987993260900000223e+02
-5.990372142669999675e+02
-6.027103090440000415e+02
-6.029047246229999928e+02
-6.032779505639999797e+02
-5.933727393850000453e+02
-5.904884606880000320e+02
-5.854064834729999802e+02
-5.824743429510000396e+02
-5.984945295569999644e+02
-5.874658321220000516e+02
-5.920184755220000170e+02
-5.956831929369999443e+02
-5.956448776859999725e+02
-5.938954116869999780e+02
-5.993810126050000235e+02
-6.050163173769999503e+02
-5.899383506829999533e+02
-5.736942032700000027e+02
-5.966893897259999449e+02
-5.960347752459999811e+02
-5.930072001449999561e+02
-5.900443811730000334e+02
-6.057280535810000401e+02
-5.860952933410000014e+02
-5.910829389289999654e+02
-6.000215666970000257e+02
-5.875753093549999448e+02
-5.801628049460000511e+02
-5.756385969330000307e+02
-5.778619433420000178e+02
-5.742019057029999658e+02
-5.750336073060000217e+02
-5.400716418629999680e+02
-5.794743304959999932e+02
-5.916407840619999661e+02
-5.962305105780000076e+02
-5.951609124909999764e+02
-5.932197966090000136e+02
-5.858870063570000184e+02
-5.853046809410000151e+02
-6.000541815059999635e+02
-5.902413560329999882e+02
-5.838512509009999576e+02
-5.878686103530000082e+02
-5.857846097970000301e+02
-5.956649683509999704e+02
-5.837931045090000453e+02
-5.771075859869999931e+02
-6.004812332750000223e+02
-5.962253722030000063e+02
-5.837585817819999647e+02
-5.858143814109999994e+02
-5.996834273499999881e+02
-5.860023599080000167e+02
-5.842880682090000164e+02
-5.785012342669999725e+02
-5.962607354660000283e+02
-5.920739250220000258e+02
-5.785329441100000167e+02
-5.854256820189999644e+02
-5.987699145779999981e+02
-6.044754427310000438e+02
-5.864464298509999480e+02
-5.903923850579999453e+02
-6.040436118290000422e+02
-6.031428547430000435e+02
-5.938814551130000154e+02
-5.904787511709999990e+02
-5.956054977159999453e+02
-5.697914078359999621e+02
-5.952169405219999589e+02
-6.014050567460000138e+02
-5.976956667370000105e+02
-5.957193400029999566e+02
-5.984088807220000490e+02
-5.878543150230000265e+02
-5.955555409009999721e+02
-5.796509860310000022e+02
-6.044478397029999996e+02
-5.880799084650000168e+02
-5.988556294400000297e+02
-5.934372194730000274e+02
-5.944589353840000285e+02
-5.831724978280000187e+02
-6.010863073010000335e+02
-5.841504941990000361e+02
-5.960752419069999632e+02
-5.851733127259999492e+02
-5.800787071590000323e+02
-5.864696401639999976e+02
-5.902935854649999783e+02
-5.934229450660000111e+02
-5.915168206270000155e+02
-6.000140693170000077e+02
-5.906436129689999461e+02
-5.912991943490000040e+02
-5.923636192279999477e+02
-5.868940569950000281e+02
-5.899240395089999538e+02
-5.809833416830000488e+02
-5.885516881160000366e+02
-5.849667738199999576e+02
-5.667634584050000512e+02
-5.847189536240000507e+02
-5.882960712220000232e+02
-5.927132499150000058e+02
-5.823735770089999733e+02
-5.908674019960000123e+02
-5.939754461779999701e+02
-5.895671335260000205e+02
-5.952394621140000481e+02
-5.811663064010000426e+02
-5.913708771760000218e+02
-5.928189067329999489e+02
-5.924753691800000297e+02
-5.895263570739999750e+02
-5.823339555380000547e+02
-5.906048027829999683e+02
-5.887851655870000513e+02
-5.913833782079999537e+02
-5.976340622359999770e+02
-5.940879708039999514e+02
-5.884124272750000273e+02
-5.976322058069999912e+02
-5.888603816730000062e+02
-5.966280506379999906e+02
-5.772709090979999473e+02
-5.952245107149999512e+02
-5.828157397930000343e+02
-5.940210172609999972e+02
-5.887750654500000564e+02
-5.991537747080000145e+02
-5.776850718629999619e+02
-5.774061028549999719e+02
-5.702024689400000170e+02
-5.856076836669999466e+02
-5.822852325090000249e+02
-5.926492637850000165e+02
-5.768687333880000097e+02
-6.001238147220000201e+02
-5.832976685539999835e+02
-5.821609350530000029e+02
-5.897601171430000022e+02
-5.847137621499999796e+02
-5.950534889709999788e+02
-5.883371668229999614e+02
-5.837761845210000047e+02
-5.973551805270000159e+02
-5.946920829350000304e+02
-5.945193315569999868e+02
-5.745800753580000446e+02
-5.946004456859999436e+02
-5.967696484839999584e+02
-5.882205555450000247e+02
-6.025931396619999987e+02
-5.978078955890000543e+02
-5.875873466519999511e+02
-5.880235533280000482e+02
-5.998267449290000286e+02
-5.790401516409999658e+02
-5.817501108789999762e+02
-5.935353401040000563e+02
-5.857729344699999956e+02
-5.909129974769999762e+02
-5.775018361639999966e+02
-5.889867159479999827e+02
-5.969111372229999688e+02
-6.017591389880000179e+02
-5.847128203339999573e+02
-5.851305223800000022e+02
-5.930066691870000568e+02
-5.894045161239999970e+02
-5.948032409119999784e+02
-5.967295855920000349e+02
-5.875328828630000544e+02
-5.965595990880000272e+02
-5.871175548490000438e+02
-5.810487774709999940e+02
-5.993270294819999435e+02
-5.949552302639999652e+02
-5.976263895519999778e+02
-5.875480259639999758e+02
-5.962490917879999870e+02
-5.915125659530000348e+02
-5.980604378150000002e+02
-5.967039208940000208e+02
-5.936301472840000315e+02
-5.711628274380000221e+02
-5.838194544790000009e+02
-6.025476538010000240e+02
-5.922625754590000042e+02
-5.945791531329999771e+02
-5.887343736740000395e+02
-5.960928099479999673e+02
-5.994784777109999823e+02
-5.922145626640000273e+02
-6.014023623289999705e+02
-5.873535864149999952e+02
-5.795796430369999825e+02
-5.953912296209999795e+02
-5.834655409629999667e+02
-5.964128943969999455e+02
-5.870563788370000111e+02
-6.000967754609999929e+02
-5.709455220480000435e+02
-5.943570181799999546e+02
-5.879665081020000343e+02
-5.885569014830000469e+02
-5.949993361099999447e+02
-6.022548042619999933e+02
-5.967786207829999512e+02
-5.809685012950000100e+02
-6.022587900360000503e+02
-5.967303511349999781e+02
-5.881004617569999482e+02
-5.870198189149999735e+02
-5.823652137550000134e+02
-5.917315465299999460e+02
-5.849441892629999984e+02
-5.957870231189999686e+02
-5.941760173310000255e+02
-5.864878441490000114e+02
-6.002593569099999513e+02
-5.995511784940000553e+02
-5.984620875499999784e+02
-5.929883071890000110e+02
-5.987002883870000005e+02
-5.918476149890000215e+02
-5.810746004049999556e+02
-5.670278043959999650e+02
-5.707240821310000456e+02
-5.757746964829999570e+02
-5.773361325199999783e+02
-5.867470356369999536e+02
-5.869223366969999915e+02
-6.012424829510000563e+02
-5.946428239760000451e+02
-5.949701405949999753e+02
-5.676640596370000367e+02
-5.646277080810000371e+02
-5.962543816200000037e+02
-5.871841392730000280e+02
-5.902469116490000260e+02
-6.029016862969999693e+02
-6.005048865129999740e+02
-5.946796440499999790e+02
-5.999642855050000207e+02
-5.822412498109999888e+02
-5.992297523229999570e+02
-5.919355482639999764e+02
-5.904251400480000029e+02
-5.902997491940000145e+02
-5.854720845189999636e+02
-5.886691017919999922e+02
-5.980795135979999486e+02
-5.873098678320000090e+02
-5.755460420790000171e+02
-5.789577623919999496e+02
-5.862974889979999489e+02
-5.863944151489999967e+02
-5.969863886609999781e+02
-5.986952271909999581e+02
-5.845010948760000247e+02
-5.895118809640000563e+02
-5.739772414159999698e+02
-5.861762383699999646e+02
-5.851402450279999812e+02
-5.878593617789999826e+02
-5.965926558219999833e+02
-6.009067457580000564e+02
-5.957034828580000294e+02
-5.887829040300000543e+02
-5.953970857519999527e+02
-5.932640016159999732e+02
-5.935181574959999580e+02
-5.734597045819999721e+02
-5.690013670439999487e+02
-5.702037389040000335e+02
-5.863739264460000413e+02
-5.875078359489999684e+02
-5.942153314649999629e+02
-6.065148202159999755e+02
-5.847730793330000552e+02
-5.822787686440000243e+02
-5.844120856270000104e+02
-5.981180023900000151e+02
-5.964114682209999501e+02
-5.856422611360000019e+02
-5.902607294949999641e+02
-5.997510141029999886e+02
-5.924078242250000130e+02
-5.975179345139999896e+02
-6.000034174979999761e+02
-5.780815058970000564e+02
-5.892733561329999930e+02
-5.892785126940000282e+02
-5.916162420489999931e+02
-5.892222902170000225e+02
-5.930841006000000561e+02
-5.997155387599999585e+02
-5.892076561300000321e+02
-5.860319470990000355e+02
-5.997236114380000345e+02
-5.799823190370000248e+02
-5.592984751279999500e+02
-5.721892764140000054e+02
-5.802288131880000037e+02
-5.926554017480000311e+02
-5.670480496159999575e+02
-5.873413902659999621e+02
-6.010793528250000008e+02
-5.887917564910000010e+02
-5.747914807710000105e+02
-5.930296435259999726e+02
-5.937142032729999528e+02
-5.756867845120000311e+02
-5.930345164860000295e+02
-5.958727814000000080e+02
-5.972128401480000548e+02
-5.901522369990000243e+02
-5.886738482759999442e+02
-5.852777373290000469e+02
-5.823018005420000236e+02
-5.957235726129999875e+02
-5.874162037470000541e+02
-5.952896489209999800e+02
-5.887602182509999693e+02
-5.941676272060000201e+02
-5.821248753400000169e+02
-5.930614134129999684e+02
-5.775938067969999565e+02
-5.692466175810000095e+02
-5.988200504830000455e+02
-5.843267728529999658e+02
-5.932401588550000042e+02
-5.894995353430000478e+02
-6.013540611109999645e+02
-5.726311331719999771e+02
-5.805860062199999447e+02
-5.829410604890000513e+02
-5.691848828070000081e+02
-5.691617351290000215e+02
-5.882567313219999505e+02
-5.823250189880000107e+02
-5.753217226040000014e+02
-5.986085676620000413e+02
-5.981650953900000331e+02
-6.042786185029999615e+02
-5.948935019709999779e+02
-5.860816022599999542e+02
-5.736561239000000114e+02
-5.860687509120000414e+02
-5.976739000080000324e+02
-5.957260600490000115e+02
-5.916883492030000298e+02
-5.968250857199999473e+02
-5.924277937000000520e+02
-5.919338322160000416e+02
-5.934744908110000097e+02
-6.001258383440000443e+02
-5.792264729900000475e+02
-5.878101473680000026e+02
-5.847118109230000300e+02
-5.823507202859999552e+02
-5.883975755760000084e+02
-5.902122218990000420e+02
-5.870175978529999838e+02
-5.856057286830000521e+02
-5.812519414939999933e+02
-5.785460209020000093e+02
-6.024506958059999988e+02
-5.991684954270000389e+02
-5.831124354989999574e+02
-5.965839083939999909e+02
-5.986794457229999580e+02
-5.989388945440000498e+02
-5.814719848849999835e+02
-5.950721016119999831e+02
-5.982549147959999800e+02
-6.013226250080000455e+02
-5.872583242059999975e+02
-5.912140378939999437e+02
-6.005754248700000062e+02
-5.919842392829999653e+02
-5.919587475140000379e+02
-5.963749846040000193e+02
-5.996684637790000352e+02
-6.044166531199999781e+02
-5.911755935920000411e+02
-5.979115259279999464e+02
-5.914361690810000027e+02
-5.903660397070000272e+02
-5.953257930600000236e+02
-5.794289854869999772e+02
-5.929481348699999899e+02
-5.850420866319999504e+02
-5.964238688980000234e+02
-6.004928748779999523e+02
-5.943551935310000545e+02
-5.873670898990000069e+02
-5.944713854569999967e+02
-5.766919152619999522e+02
-5.781767754740000100e+02
-5.997730973210000229e+02
-5.961729486670000142e+02
-5.947830868830000099e+02
-6.010567996070000163e+02
-5.979118224029999737e+02
-5.763022459380000555e+02
-5.828529838539999446e+02
-5.812743081539999821e+02
-5.993453002630000128e+02
-5.980266793880000478e+02
-5.873393477109999594e+02
-5.982632779360000086e+02
-6.020105402200000526e+02
-5.951131272569999737e+02
-5.914571799120000151e+02
-5.880487866030000532e+02
-5.738447965550000163e+02
-6.005958774429999494e+02
-5.805851176280000345e+02
-5.899691249439999865e+02
-5.983694544480000559e+02
-5.956225373250000530e+02
-5.679816580489999751e+02
-5.618772314809999671e+02
-5.873908277570000109e+02
-5.904920840790000511e+02
-5.971847479770000291e+02
-5.820389943620000395e+02
-5.952727283990000160e+02
-6.044069923790000303e+02
-6.032109353609999971e+02
-5.929561271869999928e+02
-5.877105360289999680e+02
-5.994883207829999492e+02
-6.009793759770000179e+02
-5.805293141570000444e+02
-5.976357470149999926e+02
-6.007966049640000392e+02
-6.051060707300000558e+02
-5.986035147070000448e+02
-5.907702698750000536e+02
-5.926752888209999810e+02
-5.908665762870000435e+02
-6.010869026560000066e+02
-5.964211944170000379e+02
-5.920508325140000352e+02
-5.957159221269999989e+02
-5.965979286530000536e+02
-5.976798153759999650e+02
-6.017205891769999653e+02
-5.851021291900000278e+02
-5.916400995520000379e+02
-5.638151507840000249e+02
-5.766817360869999902e+02
-5.939309038310000233e+02
-6.009537620040000547e+02
-5.914247799029999442e+02
-5.921964752640000142e+02
-5.945417219680000471e+02
-5.843642023710000331e+02
-6.011434411899999759e+02
-5.907506296779999957e+02
-5.930776988080000365e+02
-5.871022860299999593e+02
-5.727150958979999587e+02
-5.788821648079999704e+02
-5.905769190779999462e+02
-5.892251710289999664e+02
-5.919749578229999543e+02
-5.926613896950000253e+02
-5.992359644040000148e+02
-5.949699368870000171e+02
-5.932249831929999573e+02
-5.869912428100000170e+02
-5.886150577240000530e+02
-5.924142407130000265e+02
-5.937361964660000240e+02
-5.991594605400000546e+02
-5.864639773129999867e+02
-5.938566390209999781e+02
-5.771781273819999569e+02
-5.932800446239999701e+02
-5.932020544050000126e+02
-5.983908071250000376e+02
-5.950491129749999573e+02
-5.893460078320000548e+02
-5.967759825870000441e+02
-5.829286459039999500e+02
-5.871389934420000145e+02
-5.713531435300000112e+02
-5.658624446300000272e+02
-5.712322387660000231e+02
-5.864365484800000559e+02
-5.899110014249999949e+02
-5.771482366259999708e+02
-5.780821859479999603e+02
-5.944517067709999765e+02
-6.020645214749999923e+02
-5.956027061649999723e+02
-5.913879844509999657e+02
-5.849978004609999971e+02
-5.984284521829999903e+02
-5.911438613990000022e+02
-5.879762278509999760e+02
-5.947432564179999872e+02
-5.935208514299999933e+02
-5.868868787979999979e+02
-6.013170387469999696e+02
-5.783954283780000196e+02
-5.935554268500000035e+02
-5.993897813790000555e+02
-6.025347841860000244e+02
-5.927681159170000456e+02
-5.921366327560000400e+02
-5.800545534210000369e+02
-5.962742853380000270e+02
-5.834164461640000354e+02
-5.948968128220000153e+02
-5.866682097679999970e+02
-5.967654237650000368e+02
-5.883650791430000027e+02
-5.791866585569999870e+02
-5.978382383460000256e+02
-5.970519390519999661e+02
-5.950203495949999706e+02
-5.842570813199999975e+02
-5.786621455770000466e+02
-5.916035735819999672e+02
-5.658140303809999523e+02
-5.893002680069999997e+02
-5.884614335029999665e+02
-5.843105484330000081e+02
-5.748098233739999614e+02
-6.032664852919999703e+02
-5.761705312579999827e+02
-5.841603249029999461e+02
-5.926562406369999962e+02
-5.934748316620000423e+02
-6.001235798699999577e+02
-5.940292055229999733e+02
-5.583015043870000227e+02
-5.865600490839999566e+02
-5.637537693409999520e+02
-5.822265131990000100e+02
-5.990745454679999966e+02
-5.918076655300000084e+02
-5.997318337509999537e+02
-5.923835551260000329e+02
-5.798222376490000443e+02
-5.755623336800000516e+02
-5.758262488120000171e+02
-5.880885227799999484e+02
-5.986218382040000279e+02
-5.893207978039999944e+02
-5.919016900750000332e+02
-5.910214913360000537e+02
-5.945761938770000370e+02
-5.906324263459999884e+02
-5.856654436469999609e+02
-5.968343978640000387e+02
-5.997159464430000071e+02
-5.877181239599999572e+02
-5.935459280380000564e+02
-5.855555849700000408e+02
-5.834504200779999792e+02
-5.793286484819999487e+02
-5.747080556099999740e+02
-5.937488776659999985e+02
-5.906027372879999575e+02
-5.896656560820000550e+02
-6.038798772950000284e+02
-5.959683756540000559e+02
-5.934739359279999462e+02
-5.787830563300000222e+02
-5.937623020940000060e+02
-5.959815196439999454e+02
-6.005086119400000371e+02
-5.862920055209999646e+02
-5.934894794629999524e+02
-6.037646181180000440e+02
-5.987614385370000036e+02
-5.938522119299999531e+02
-5.877036285279999674e+02
-6.003645638970000391e+02
-5.949618422099999862e+02
-5.874789619770000400e+02
-5.953033839900000430e+02
-5.959854628399999683e+02
-5.975993830339999704e+02
-6.003456335729999864e+02
-5.702701275279999891e+02
-5.947761176049999676e+02
-5.820624617470000430e+02
-5.847789353059999939e+02
-5.868853228699999818e+02
-5.965456922680000389e+02
-6.053472241030000305e+02
-5.926102676689999953e+02
-5.791121564540000008e+02
-5.958532821779999722e+02
-6.020718419099999892e+02
-6.021624955519999958e+02
-5.977131318020000208e+02
-5.868900696160000052e+02
-6.003836002650000410e+02
-5.847037544930000195e+02
-6.005216347379999888e+02
-5.884224149269999771e+02
-5.878831481219999660e+02
-5.983687855189999709e+02
-5.857639852580000479e+02
-5.663173175870000478e+02
-5.920803710039999714e+02
-5.971715240309999899e+02
-6.008694532079999817e+02
-5.973941018550000308e+02
-5.958183572430000368e+02
-5.856237650210000538e+02
-6.015251685990000396e+02
-5.899207392409999784e+02
-5.900994719310000391e+02
-5.996252854719999732e+02
-6.030687114759999758e+02
-5.943019942429999674e+02
-6.002396913229999882e+02
-6.022070168239999930e+02
-5.863847092439999642e+02
-5.878385840610000059e+02
-5.921483083709999846e+02
-5.909215462560000560e+02
-5.936695883400000184e+02
-5.855939537220000375e+02
-5.950599643169999808e+02
-5.943547835699999951e+02
-5.926040081749999899e+02
-5.654483423819999643e+02
-6.027941567619999432e+02
-5.936181611089999706e+02
-5.917937830739999754e+02
-5.890794209660000433e+02
-5.923281508689999555e+02
-5.766387096009999595e+02
-5.899364679789999855e+02
-5.675701848659999769e+02
-5.877264476440000180e+02
-5.959479134399999793e+02
-5.989122650230000318e+02
-5.919888502359999620e+02
-6.037280966929999977e+02
-5.970506940730000451e+02
-6.022080852760000198e+02
-5.985962303659999861e+02
-5.982446481380000023e+02
-5.978457706509999525e+02
-5.935141809719999628e+02
-5.896647268809999787e+02
-5.999740601700000298e+02
-6.002745616150000387e+02
-5.907163766480000504e+02
-6.023404703749999953e+02
-5.911454730079999536e+02
-5.838672777470000028e+02
-5.855588927810000541e+02
-5.914616709160000028e+02
-5.729306609259999732e+02
-6.035177381989999503e+02
-5.956574804069999800e+02
-5.969719016779999947e+02
-5.808754735730000220e+02
-6.045398756470000308e+02
-5.907348871330000293e+02
-5.878884208560000388e+02
-5.970597536960000298e+02
-6.009365121409999801e+02
-5.897690134609999859e+02
-6.005658612199999880e+02
-5.951848093600000311e+02
-5.915754084899999725e+02
-5.918545347010000341e+02
-5.940243804650000357e+02
-5.950689471050000066e+02
-5.792561698099999603e+02
-5.983937002139999777e+02
-5.805409540330000482e+02
-5.946637539560000505e+02
-6.029376109739999947e+02
-5.838432449059999954e+02
-5.803139278690000538e+02
-5.870703572029999577e+02
-5.766419985979999865e+02
-5.964371466090000240e+02
-6.011077226740000015e+02
-5.947790699939999968e+02
-5.883910712319999448e+02
-6.000682594419999987e+02
-6.002592652109999563e+02
-6.016140973960000338e+02
-5.895566085740000517e+02
-5.944161698880000131e+02
-5.982629066870000543e+02
-6.009407987529999673e+02
-5.873269047060000503e+02
-5.917000134300000127e+02
-5.951318730560000176e+02
-5.953899487290000252e+02
-5.995429397230000177e+02
-5.795548432949999551e+02
-5.794877107539999770e+02
-5.950147309010000072e+02
-5.911485614309999619e+02
-5.970862655539999651e+02
-6.030758250999999746e+02
-5.870727852950000170e+02
-5.874595442830000138e+02
-5.935366170300000022e+02
-6.002609278070000300e+02
-5.988950094489999856e+02
-5.900166704419999633e+02
-5.866316568820000157e+02
-5.986591006849999985e+02
-5.963849903750000294e+02
-5.950823540740000226e+02
-5.820155009420000169e+02
-5.922011572579999665e+02
-5.977253353590000415e+02
-5.899137737800000423e+02
-5.884179256779999605e+02
-5.915229560379999612e+02
-5.708963061199999629e+02
-5.783763742500000262e+02
-5.732177299050000556e+02
-5.802977015440000059e+02
-5.855549875110000357e+02
-5.896640976820000333e+02
-5.905135788879999836e+02
-5.869449799120000080e+02
-5.975962888169999587e+02
-5.983939048890000549e+02
-6.008425368790000221e+02
-5.989575828170000023e+02
-5.854043574600000284e+02
-6.003316280020000022e+02
-5.795668594369999482e+02
-5.921868069869999545e+02
-5.904538307980000127e+02
-5.975166321420000486e+02
-5.933538677279999547e+02
-5.854035740059999853e+02
-5.903852389879999691e+02
-5.863495978400000013e+02
-5.944932070009999734e+02
-6.005975544819999641e+02
-5.868548315909999928e+02
-5.875517033910000464e+02
-5.884511744120000003e+02
-5.946827784030000430e+02
-6.028139544870000464e+02
-6.004389227110000320e+02
-6.003617110029999822e+02
-5.950387415070000543e+02
-6.027665704429999778e+02
-6.006834545020000178e+02
-5.904032381440000563e+02
-5.916137274349999871e+02
-5.956252352179999434e+02
-5.863130693629999541e+02
-5.812067309940000541e+02
-5.945896647580000263e+02
-5.814942990060000056e+02
