-5.907340964100000065e+02
-5.819348685600000408e+02
-5.891807393430000275e+02
-5.898715977230000362e+02
-5.992692832410000392e+02
-5.921513694579999765e+02
-5.765724121619999778e+02
-5.963321613660000367e+02
-5.944902052080000203e+02
-5.876183726780000143e+02
-5.998384094980000327e+02
-5.914059314529999938e+02
-5.945685018589999800e+02
-5.987836334209999904e+02
-5.838313656000000265e+02
-5.876271944180000446e+02
-5.839267707679999830e+02
-5.931876017050000200e+02
-5.969597014409999929e+02
-5.885617063800000324e+02
-5.931234062900000481e+02
-5.949170647260000351e+02
-6.026419421470000088e+02
-5.977060029770000256e+02
-6.031831961169999659e+02
-5.865307881789999556e+02
-5.943133538710000039e+02
-5.984030373020000297e+02
-5.989019796549999910e+02
-5.804228281059999972e+02
-5.638214168350000364e+02
-5.695689214689999744e+02
-5.911481142549999959e+02
-5.866217961700000387e+02
-5.912860497149999901e+02
-6.003093548379999902e+02
-6.019640304810000089e+02
-5.898982440690000431e+02
-5.769763848009999947e+02
-6.029387078510000038e+02
-5.965897123070000134e+02
-5.848145575959999860e+02
-5.885245614890000070e+02
-5.942714657349999925e+02
-5.805882016470000053e+02
-5.976265948300000446e+02
-5.881277612469999667e+02
-5.817772130140000399e+02
-5.815183455750000121e+02
-5.868046686850000242e+02
-5.914260796690000461e+02
-5.682902592509999522e+02
-5.963783575569999584e+02
-5.887462546240000165e+02
-5.906373697090000405e+02
-5.868561354669999446e+02
-5.909898518669999703e+02
-5.965093852950000155e+02
-5.958028925390000268e+02
-6.018148412990000224e+02
-5.964732463379999672e+02
-5.958569887920000383e+02
-5.867484125659999563e+02
-5.951334682230000226e+02
-5.854967831059999526e+02
-5.907542235290000008e+02
-5.940954282019999937e+02
-5.954374368889999687e+02
-5.839425440999999637e+02
-5.970285522660000197e+02
-5.860103742710000461e+02
-5.961413087939999969e+02
-5.877437741480000568e+02
-5.720660483069999600e+02
-5.923657504569999901e+02
-5.998508559560000322e+02
-5.953553841680000005e+02
-5.828740425099999811e+02
-5.957901294470000266e+02
-6.002449256339999692e+02
-5.888551597980000452e+02
-5.737533314889999474e+02
-5.981228366320000305e+02
-5.967058741519999785e+02
-5.944468630290000419e+02
-6.030253935859999501e+02
-6.034735778230000278e+02
-5.983473218880000104e+02
-5.965744733779999933e+02
-5.813729733789999727e+02
-5.946645959490000450e+02
-5.948670272059999888e+02
-5.962889081340000530e+02
-5.955335131320000528e+02
-5.889495176420000462e+02
-5.926193581149999545e+02
-5.903767903970000361e+02
-6.028315008460000399e+02
-5.742153876249999485e+02
-5.665827114669999673e+02
-5.952511140999999952e+02
-5.912970731479999813e+02
-6.022979381149999654e+02
-5.860397754370000030e+02
-5.942405573319999803e+02
-5.911193170699999655e+02
-5.886473416940000334e+02
-5.913979762110000138e+02
-5.885727688409999701e+02
-5.808286364619999631e+02
-6.003649233669999603e+02
-5.942791998220000096e+02
-5.914570068509999601e+02
-5.945613176479999993e+02
-5.972995187330000135e+02
-5.910322726839999632e+02
-5.874393334860000095e+02
-5.976553618069999629e+02
-5.847700888000000532e+02
-5.964410762549999845e+02
-5.861279486380000208e+02
-5.952821184509999739e+02
-5.952376734810000016e+02
-5.978014807749999591e+02
-5.935886851730000444e+02
-6.034363359489999539e+02
-5.945928101040000229e+02
-5.951616429179999841e+02
-5.982828017210000553e+02
-6.006913802130000022e+02
-5.954429352449999442e+02
-5.905726593819999835e+02
-5.924291375340000059e+02
-5.825479659600000559e+02
-5.949623911070000304e+02
-5.908652469400000200e+02
-5.759513553929999716e+02
-5.941083706450000363e+02
-5.884216265689999545e+02
-5.966902400669999906e+02
-6.004215744440000435e+02
-5.929226163780000434e+02
-5.916231827750000321e+02
-5.837647897399999692e+02
-6.001115352719999692e+02
-5.850888963370000511e+02
-5.870545870470000409e+02
-5.844151552560000482e+02
-5.785167866780000168e+02
-5.946363155819999520e+02
-5.991714632059999985e+02
-5.917003821509999852e+02
-5.914483754030000000e+02
-5.971195844009999973e+02
-5.931070425230000183e+02
-5.949193133840000201e+02
-5.794592347000000245e+02
-5.994545807810000042e+02
-5.807218587580000531e+02
-6.023356480229999761e+02
-5.916222460059999548e+02
-5.930208288170000515e+02
-5.933852156240000113e+02
-5.953404042600000139e+02
-5.984127488950000497e+02
-6.006841618099999778e+02
-5.947689430499999617e+02
-5.925561196789999485e+02
-5.886994600140000102e+02
-5.990842676099999835e+02
-5.933699953069999538e+02
-5.980303550649999806e+02
-6.029007092169999851e+02
-5.903463872439999705e+02
-5.999505977899999607e+02
-5.944548764720000236e+02
-5.784796502420000479e+02
-5.902724456580000378e+02
-5.940184733769999639e+02
-5.863025489279999647e+02
-5.983253821089999747e+02
-5.812845201840000300e+02
-6.008599659069999461e+02
-5.880998973140000317e+02
-5.844219638490000079e+02
-5.979673403799999960e+02
-5.986999304439999605e+02
-5.947165673150000202e+02
-5.985707980559999442e+02
-5.842768353459999844e+02
-5.644723485739999660e+02
-5.853460939609999514e+02
-5.925426820899999711e+02
-5.927863893219999909e+02
-5.924630491369999845e+02
-5.906043326489999572e+02
-5.885015489329999809e+02
-6.034390881939999645e+02
-5.990579274980000264e+02
-5.827238804580000533e+02
-5.950737892849999753e+02
-5.954339493779999657e+02
-5.981873124899999539e+02
-5.993400013379999791e+02
-5.976797734409999521e+02
-5.870852338439999585e+02
-5.877069258669999954e+02
-5.760133124220000127e+02
-5.981637012109999887e+02
-5.916919445290000112e+02
-5.929133038349999651e+02
-5.942229567089999591e+02
-5.910783245689999603e+02
-5.713915846529999953e+02
-5.903305370269999912e+02
-5.831341480840000031e+02
-5.852754818849999765e+02
-5.744818397190000496e+02
-6.014468871789999866e+02
-5.954152699850000090e+02
-5.891312146290000555e+02
-6.051815555809999978e+02
-5.952479565549999734e+02
-5.850748271889999614e+02
-5.865592798110000103e+02
-5.899684370559999707e+02
-5.959769685769999796e+02
-5.818195055639999964e+02
-5.885535009379999565e+02
-5.923797847280000042e+02
-5.799836105880000332e+02
-5.890170013419999577e+02
-5.740691672890000063e+02
-5.727937065309999980e+02
-5.847807023640000352e+02
-5.842352798289999782e+02
-5.861320538459999625e+02
-5.979407205200000135e+02
-6.038438909950000379e+02
-6.000728280719999930e+02
-6.012578233699999828e+02
-5.817548326260000522e+02
-5.826775395470000376e+02
-5.913170722090000027e+02
-5.873130358990000559e+02
-5.934610978509999768e+02
-5.944174068439999701e+02
-5.857001897540000073e+02
-5.998666922710000335e+02
-5.931717910810000376e+02
-5.842694694309999477e+02
-5.842201971490000005e+02
-5.859859939100000474e+02
-5.988107584959999485e+02
-5.787647297570000546e+02
-5.874742058089999546e+02
-5.756459055569999919e+02
-5.916810204140000451e+02
-5.932377457100000129e+02
-5.965106289530000367e+02
-5.945866104499999665e+02
-5.873457630130000098e+02
-5.895970212490000222e+02
-6.000802066689999492e+02
-5.688301724279999689e+02
-5.906697306779999508e+02
-5.855634726279999995e+02
-5.673385717549999754e+02
-5.888661171039999545e+02
-5.965324896729999864e+02
-5.982630797690000009e+02
-5.848909585610000477e+02
-5.681257331350000186e+02
-5.991974884310000107e+02
-5.959286060770000404e+02
-5.960782787299999654e+02
-5.962308687280000186e+02
-5.898500041869999677e+02
-5.909497247540000444e+02
-5.865943626649999487e+02
-5.857038691110000173e+02
-5.822243662890000451e+02
-5.723279073740000058e+02
-5.824762303420000080e+02
-5.943211572139999816e+02
-5.781672854539999662e+02
-5.942762489880000203e+02
-5.770304031470000155e+02
-5.929401424489999499e+02
-5.920166599579999911e+02
-5.971238564819999510e+02
-6.003338961260000133e+02
-5.836027455119999559e+02
-5.874005705629999738e+02
-5.950261688430000504e+02
-5.910146390549999751e+02
-5.919570583160000297e+02
-5.789849383719999878e+02
-5.705734125510000467e+02
-5.819703581559999748e+02
-5.974378280800000312e+02
-5.752958825719999822e+02
-5.974635199360000115e+02
-5.972751483329999473e+02
-6.005418679670000301e+02
-5.894037510419999535e+02
-5.837820220810000365e+02
-5.895042841560000397e+02
-5.721804010509999898e+02
-5.989981366499999922e+02
-5.967184436359999609e+02
-5.999730095529999971e+02
-5.886627149949999875e+02
-5.952567665220000208e+02
-5.866013623699999471e+02
-5.826430183679999573e+02
-5.993135347889999593e+02
-6.004731590139999753e+02
-5.921932267939999974e+02
-5.881953099920000341e+02
-6.023044672839999976e+02
-5.789631343910000396e+02
-6.014346708780000199e+02
-5.895919528650000530e+02
-5.999789102070000126e+02
-5.930801221570000052e+02
-5.943224825959999862e+02
-5.904837470070000336e+02
-5.944016207769999482e+02
-5.951605612009999504e+02
-5.947689916059999859e+02
-6.008697102710000308e+02
-5.835135865610000110e+02
-5.704376868430000513e+02
-5.948331883030000427e+02
-5.904296468869999899e+02
-5.949320297030000120e+02
-5.945897975520000500e+02
-5.933782792670000390e+02
-5.977090429319999885e+02
-5.870131105489999754e+02
-5.946586374349999460e+02
-6.006089250720000337e+02
-5.931938335629999983e+02
-5.992499987080000210e+02
-5.939079234060000090e+02
-5.713499948390000327e+02
-5.824232115800000429e+02
-5.751310521310000468e+02
-5.949686447220000218e+02
-5.832857505209999545e+02
-5.938816803590000291e+02
-5.857048612119999689e+02
-5.921909435210000083e+02
-5.839543615239999781e+02
-5.841876044279999860e+02
-5.946216907809999839e+02
-5.938128565839999737e+02
-5.994747281370000564e+02
-5.907952220590000252e+02
-5.975553263489999836e+02
-5.961423140240000293e+02
-5.955800665530000515e+02
-5.951831789269999717e+02
-5.842083123590000469e+02
-5.823335989769999514e+02
-5.925518538779999744e+02
-5.946785739050000075e+02
-5.952844525000000431e+02
-5.907169631990000198e+02
-5.829289761469999576e+02
-5.744631149970000479e+02
-5.913480533519999653e+02
-5.901671605440000121e+02
-5.944351795269999457e+02
-5.963151113709999436e+02
-5.888336004200000389e+02
-5.841494040019999829e+02
-5.746267087950000132e+02
-5.742312641769999573e+02
-5.778983562939999956e+02
-5.808501951599999984e+02
-5.662979394879999973e+02
-5.923313193650000130e+02
-5.996658960400000069e+02
-6.050972737590000179e+02
-5.867951903499999844e+02
-5.806636413009999842e+02
-5.889206621299999824e+02
-5.909688465310000538e+02
-5.885692976990000034e+02
-5.951853926049999473e+02
-5.795793960080000033e+02
-5.928569538420000526e+02
-5.914097683049999432e+02
-5.823033485659999542e+02
-5.953427876140000308e+02
-5.865035644839999804e+02
-5.944463116880000371e+02
-5.808050256129999980e+02
-5.986289015040000550e+02
-5.693713582679999945e+02
-5.978778743210000357e+02
-6.031139899749999813e+02
-5.880820087629999762e+02
-5.954357561069999747e+02
-5.781482127729999547e+02
-5.712758673199999748e+02
-5.755283737260000407e+02
-5.839674389379999866e+02
-5.949181351900000436e+02
-6.025152695860000449e+02
-5.844981264809999857e+02
-5.869206794430000400e+02
-5.733383750540000392e+02
-5.837425759149999749e+02
-5.956810563699999648e+02
-5.951865174580000257e+02
-5.790972297460000391e+02
-6.030386101889999964e+02
-6.007416015180000386e+02
-5.926132546090000233e+02
-5.912588307160000340e+02
-5.993516464829999677e+02
-5.991058897030000026e+02
-5.975592772630000127e+02
-5.995117152469999837e+02
-5.872063820450000549e+02
-5.895972216870000011e+02
-5.912304605130000255e+02
-6.010492587579999508e+02
-5.925009822619999795e+02
-5.703625556599999982e+02
-5.935806863640000302e+02
-5.934542774149999786e+02
-5.959490228790000401e+02
-5.939718169899999793e+02
-5.646017295970000305e+02
-6.007186398869999948e+02
-5.926704989910000450e+02
-5.946491654620000418e+02
-5.846116293510000332e+02
-5.928599103049999712e+02
-5.848941876149999644e+02
-5.798612709159999667e+02
-5.897563673130000552e+02
-5.998879967369999804e+02
-5.889607456850000062e+02
-5.763095132400000011e+02
-5.743202752559999453e+02
-6.009305129179999767e+02
-5.853213169560000324e+02
-5.650876986079999824e+02
-5.925114933239999573e+02
-5.888507249589999901e+02
-5.893278276150000465e+02
-5.974386440480000147e+02
-6.003942740149999509e+02
-5.972733650200000284e+02
-5.957865971209999998e+02
-5.881706218379999882e+02
-5.993814512379999542e+02
-5.943349256530000275e+02
-5.785482413250000491e+02
-5.998358761130000403e+02
-5.963393500250000443e+02
-5.949088149169999724e+02
-5.969895818400000280e+02
-6.005857592329999761e+02
-5.884139922619999652e+02
-5.974818288230000007e+02
-5.976860477310000306e+02
-6.032482430310000154e+02
-5.890212648330000320e+02
-5.978871091229999593e+02
-6.023698411980000174e+02
-5.906194788719999451e+02
-5.950259725769999477e+02
-5.945523359139999684e+02
-5.992684162379999862e+02
-5.919838812949999465e+02
-5.755767689680000103e+02
-5.874408154909999666e+02
-5.901287806459999956e+02
-5.781890985759999921e+02
-5.784709694729999683e+02
-5.995972764159999997e+02
-5.912199744920000057e+02
-5.688794673720000219e+02
-5.916240520060000563e+02
-5.590041145390000565e+02
-5.713375156280000056e+02
-5.799954433799999833e+02
-5.891442933140000378e+02
-6.008465768720000142e+02
-5.862546788299999889e+02
-5.955186372480000045e+02
-5.893681844750000209e+02
-5.888565322949999654e+02
-5.903930473410000559e+02
-5.811641644989999804e+02
-5.844055861040000082e+02
-5.961049071160000494e+02
-5.681984935230000247e+02
-5.838557525610000312e+02
-5.860196503560000565e+02
-5.993757254619999912e+02
-5.833753648330000487e+02
-5.885703215480000381e+02
-5.967615541540000095e+02
-6.011368944600000077e+02
-5.981657980669999688e+02
-5.828370787740000196e+02
-5.883301844449999862e+02
-5.799431904880000275e+02
-5.911405414340000561e+02
-5.932713583490000246e+02
-5.794229246539999849e+02
-5.852878660039999659e+02
-5.901575071940000043e+02
-5.957574597379999659e+02
-5.908367945530000043e+02
-5.973440175319999526e+02
-5.959950440339999886e+02
-5.966805305259999841e+02
-5.865098219799999697e+02
-6.043045724629999995e+02
-6.023058886759999950e+02
-5.931798579149999568e+02
-5.972297370579999551e+02
-5.518292509999999993e+02
-5.945121980440000016e+02
-5.874639348109999446e+02
-5.822163238650000494e+02
-5.944652529850000064e+02
-5.979095575500000450e+02
-5.984133654080000042e+02
-5.983184116209999956e+02
-5.953541476939999484e+02
-5.813487447060000477e+02
-6.027606587970000191e+02
-5.936237622200000033e+02
-5.933752258719999872e+02
-5.970392297280000093e+02
-5.855329868249999663e+02
-5.895429937520000294e+02
-5.941900629479999907e+02
-5.816433639570000196e+02
-5.848740918419999844e+02
-5.936811109909999686e+02
-5.860387431579999884e+02
-5.889906929070000388e+02
-6.000372398499999917e+02
-5.945423361059999934e+02
-5.901978588560000389e+02
-5.936133042830000477e+02
-5.926842010919999666e+02
-5.931199668519999477e+02
-5.891004364379999743e+02
-6.037126489559999527e+02
-5.862383461690000104e+02
-6.051343574799999487e+02
-5.775460121229999686e+02
-5.968009708399999909e+02
-5.963618454070000325e+02
-5.933125363550000202e+02
-5.989274055490000137e+02
-5.942473834300000135e+02
-5.935433627260000549e+02
-5.996680379819999871e+02
-6.020820667799999910e+02
-5.957005117070000324e+02
-5.982563327709999612e+02
-5.972048546250000527e+02
-5.963193862489999901e+02
-5.967594552379999868e+02
-5.985152364430000489e+02
-5.948207204139999931e+02
-5.692399890369999866e+02
-6.011014107639999793e+02
-5.977222895649999828e+02
-5.850352944210000032e+02
-5.878197627140000350e+02
-5.878744681059999948e+02
-5.988046216879999974e+02
-5.901984674670000004e+02
-5.892431708130000061e+02
-5.861993868649999513e+02
-5.927839296009999543e+02
-5.967350126610000416e+02
-6.011348627249999481e+02
-5.918007400970000162e+02
-6.023115814049999699e+02
-5.929891467270000476e+02
-5.910576140260000102e+02
-5.898461628589999464e+02
-5.851532646860000568e+02
-5.646208001380000496e+02
-5.829226610760000540e+02
-5.818068723860000091e+02
-5.783294439669999747e+02
-5.800817859740000131e+02
-5.859812024039999869e+02
-5.959763489839999693e+02
-5.953667863370000077e+02
-6.021158526020000181e+02
-5.932384187569999767e+02
-5.916572939989999895e+02
-5.847583967890000167e+02
-6.007179787930000430e+02
-5.833179028600000038e+02
-5.919652003889999605e+02
-5.912239884670000265e+02
-5.893743493409999701e+02
-6.000057884740000418e+02
-5.822807225279999557e+02
-5.983897889659999692e+02
-5.842360837530000026e+02
-5.823150470929999756e+02
-5.730065602619999936e+02
-5.813173934400000462e+02
-5.901114739519999830e+02
-5.855937616730000173e+02
-5.940208892069999820e+02
-5.653662262300000521e+02
-5.972134597110000414e+02
-5.943775475370000549e+02
-5.968368435959999942e+02
-5.926283408519999512e+02
-5.940712607230000231e+02
-5.748132288570000128e+02
-5.836451768509999738e+02
-5.911053602060000003e+02
-5.986640696729999718e+02
-5.854746265090000179e+02
-5.933595530569999710e+02
-5.858644738550000284e+02
-5.894382295269999759e+02
-5.929628272209999977e+02
-5.924897794649999696e+02
-5.810165891890000012e+02
-5.563206802009999592e+02
-5.616473377999999457e+02
-5.888505713869999454e+02
-5.971437560409999605e+02
-5.787106785229999559e+02
-5.967249692950000508e+02
-5.982902714770000330e+02
-5.912812277389999736e+02
-5.889810461839999789e+02
-5.811127820210000436e+02
-5.957081831369999918e+02
-5.878810078770000018e+02
-5.778586608040000101e+02
-5.837218387359999952e+02
-5.908131754859999774e+02
-5.915713708619999807e+02
-5.977680279759999848e+02
-5.945404160430000502e+02
-5.887142394840000179e+02
-5.990044118839999783e+02
-5.926105983859999924e+02
-6.008179503320000094e+02
-5.996090076699999827e+02
-6.027710086099999671e+02
-5.942193478630000527e+02
-5.793191394059999766e+02
-5.940732416319999629e+02
-5.904071226419999903e+02
-5.902183519599999499e+02
-5.946330526570000075e+02
-5.871595299049999994e+02
-5.963704735310000160e+02
-5.966377458389999902e+02
-5.935511361259999603e+02
-5.975128030739999758e+02
-5.926465132480000193e+02
-5.945298566180000535e+02
-5.955438350309999578e+02
-5.833435673080000470e+02
-5.658323395439999786e+02
-5.938191614920000347e+02
-5.786780357860000095e+02
-5.856044791379999879e+02
-5.894710611980000294e+02
-6.005967923209999526e+02
-5.801430639779999865e+02
-5.957105040879999933e+02
-5.941077258369999754e+02
-5.879294834810000339e+02
-6.048413707150000391e+02
-6.026355357160000494e+02
-5.963661878499999602e+02
-5.886082350369999858e+02
-5.866748142159999588e+02
-5.851740682829999969e+02
-5.742770048690000522e+02
-5.783695794420000311e+02
-6.000456702889999860e+02
-5.878643126670000356e+02
-5.989483414009999933e+02
-5.976641398149999986e+02
-6.025432566389999920e+02
-5.878666109270000106e+02
-5.940819972739999457e+02
-5.935517580250000265e+02
-5.929305840350000381e+02
-5.973231146919999901e+02
-5.944656927790000509e+02
-5.846064452299999630e+02
-5.872740045479999935e+02
-5.740947773410000536e+02
-5.867087083510000411e+02
-5.928233377430000246e+02
-5.847177165660000355e+02
-5.924999192510000512e+02
-5.801696007369999961e+02
-5.859810664000000315e+02
-5.985428100950000498e+02
-5.893021194719999585e+02
-5.940955504089999977e+02
-5.910896332649999749e+02
-5.918524321759999793e+02
-5.896670488889999433e+02
-5.937865617219999876e+02
-5.760871960099999569e+02
-5.980547726170000260e+02
-5.947549909350000235e+02
-5.699414653940000335e+02
-5.662484601840000096e+02
-5.940572177010000132e+02
-5.834197353470000280e+02
-5.764741788420000148e+02
-6.018192453489999707e+02
-5.871225529270000152e+02
-6.010374818129999994e+02
-5.854391674250000506e+02
-5.868822806289999789e+02
-5.825396904599999743e+02
-5.937508767210000542e+02
-5.996665825730000279e+02
-5.613005316239999729e+02
-5.892700449459999845e+02
-5.959146758419999514e+02
-6.024739857040000288e+02
-5.733467397970000548e+02
-5.950583862930000123e+02
-6.025223037189999786e+02
-6.034165266190000239e+02
-5.999246247569999468e+02
-5.908139381879999519e+02
-5.927301613490000136e+02
-5.972852370240000255e+02
-6.022555626390000043e+02
-5.928843653420000237e+02
-5.878448044519999485e+02
-5.967371774389999928e+02
-5.954317925560000049e+02
-5.950718263510000270e+02
-5.894444091359999902e+02
-5.854191488389999449e+02
-5.807033550129999639e+02
-5.822414126969999870e+02
-5.832793508529999826e+02
-5.978250784660000363e+02
-5.928139932289999479e+02
-5.940166201849999652e+02
-6.048922436090000474e+02
-5.962848950569999715e+02
-5.921941072270000177e+02
-6.008914264649999950e+02
-6.037790731940000342e+02
-6.055355210520000355e+02
-5.967400915959999566e+02
-5.872696177809999654e+02
-5.976549937889999455e+02
-5.953135216240000318e+02
-5.794039254079999637e+02
-5.795442278230000284e+02
-5.787729299009999977e+02
-5.890035676740000099e+02
-5.826041671660000247e+02
-5.505570483420000301e+02
-5.872057312599999932e+02
-5.992633746620000466e+02
-5.903819107220000433e+02
-5.955003239200000280e+02
-5.939978629979999596e+02
-5.915735394309999720e+02
-5.844207288420000168e+02
-5.876847928739999816e+02
-5.681150879389999773e+02
-5.725360190369999600e+02
-5.670950087520000125e+02
-5.855397510650000186e+02
-5.861481363450000117e+02
-5.818776278940000566e+02
-5.844473484159999543e+02
-5.779071958020000466e+02
-5.734210765919999631e+02
-5.770361946760000365e+02
-5.851953903050000463e+02
-5.953654741870000180e+02
-5.902234640520000539e+02
-5.854352271940000492e+02
-5.854979598989999658e+02
-5.917045325840000487e+02
-5.860573098190000110e+02
-5.836786982229999694e+02
-5.963440318809999781e+02
-5.698372656359999837e+02
-5.863051923939999597e+02
-5.962976848020000489e+02
-5.965893914240000413e+02
-5.949431718170000067e+02
-5.915704431020000129e+02
-5.951118540669999675e+02
-5.889515933740000264e+02
-5.949374102809999840e+02
-5.813992623740000454e+02
-5.698506118130000004e+02
-5.869596158860000514e+02
-5.881535527940000065e+02
-5.870855620249999447e+02
-5.902135958390000496e+02
-5.813764616099999785e+02
-5.858340741539999499e+02
-5.876736732030000212e+02
-5.705512127780000355e+02
-5.840037344099999927e+02
-5.948581326480000371e+02
-5.949712360639999815e+02
-6.010277506149999454e+02
-6.034442682769999919e+02
-6.039596364049999693e+02
-5.950885536329999468e+02
-5.798883280649999961e+02
-5.976327043469999580e+02
-5.766881811429999516e+02
-5.994448412069999677e+02
-6.056459415719999697e+02
-5.858830199960000300e+02
-5.806449765410000055e+02
-5.979278575849999697e+02
-5.976750010460000340e+02
-5.952180709489999799e+02
-6.033713843509999606e+02
-5.896318637650000483e+02
-5.959568486069999835e+02
-6.000976824269999952e+02
-5.871926203819999728e+02
-5.817562854830000560e+02
-5.922556526519999807e+02
-6.009691610800000490e+02
-6.010072667749999482e+02
-6.012199262399999498e+02
-6.006634556730000440e+02
-5.948475978239999904e+02
-5.805739117209999449e+02
-5.867353520750000371e+02
-5.752911730719999923e+02
-5.785512987390000035e+02
-5.921404298779999635e+02
-5.887901089150000189e+02
-5.807041596499999514e+02
-6.006986475910000536e+02
-5.810051232649999520e+02
-5.936933457149999640e+02
-5.896994855189999498e+02
-5.948310120830000187e+02
-5.926014778920000481e+02
-5.918611839689999670e+02
-5.884422012799999493e+02
-5.883187062780000360e+02
-5.979631797030000371e+02
-5.777649696360000462e+02
-5.875330209700000523e+02
-6.036202167320000171e+02
-5.970422179449999476e+02
-5.910124751099999685e+02
-6.025557592650000061e+02
-5.890024536180000041e+02
-5.829694530560000203e+02
-5.860064795869999443e+02
-5.776786020130000452e+02
-5.959776712670000052e+02
-5.961034139869999535e+02
-5.846366026949999650e+02
-5.915598197189999610e+02
-6.006740118989999928e+02
-5.871563309099999515e+02
-5.989411314239999911e+02
-5.950377641249999670e+02
-6.048979218919999994e+02
-6.009045073759999696e+02
-5.980267830410000442e+02
-5.877445896039999980e+02
-5.847621984569999540e+02
-5.975102303730000131e+02
-5.901930601699999670e+02
-5.916790450690000398e+02
-6.032759955799999716e+02
-5.932344328670000095e+02
-5.933184118120000221e+02
-5.914096691890000557e+02
-5.893597555139999713e+02
-5.944215876050000134e+02
-6.003152070480000475e+02
-5.945030135499999915e+02
-6.014541792830000304e+02
-5.933348074360000055e+02
-5.785698880840000129e+02
-5.994805768469999521e+02
-5.801239245579999988e+02
-5.894019683149999764e+02
-6.028681463929999609e+02
-5.962029052139999976e+02
-5.959943894040000032e+02
-6.020593617839999752e+02
-5.778728454109999575e+02
-5.978893964310000229e+02
-5.955611226160000342e+02
-6.040009012020000227e+02
-5.967380051970000068e+02
-5.878026338050000277e+02
-5.753824930120000545e+02
-5.939257892419999507e+02
-5.770609560279999641e+02
-5.939734198979999746e+02
-5.889498376960000314e+02
-5.981160645789999535e+02
-5.921256310850000091e+02
-6.022746291570000494e+02
-5.957960984940000344e+02
-5.883691785969999728e+02
-5.920530886589999682e+02
-6.017912016809999614e+02
-5.956628447949999554e+02
-5.797428647809999802e+02
-5.826387850969999818e+02
-5.989060582260000274e+02
-5.945668076980000478e+02
-5.791557386770000448e+02
-6.008744695540000293e+02
-5.878415453339999885e+02
-5.932776472650000414e+02
-5.752692288340000459e+02
-5.695876276129999951e+02
-5.718597685830000046e+02
-5.799501110899999503e+02
-5.879950838910000357e+02
-5.975229696879999892e+02
-5.888737873620000300e+02
-5.908844978170000104e+02
-5.963741891449999457e+02
-5.960231547800000271e+02
-6.003300862930000221e+02
-5.926397849490000453e+02
-5.976618715390000034e+02
-5.831556017670000074e+02
-5.935322822059999908e+02
-5.881721631240000079e+02
-5.943262126350000472e+02
-5.924860948819999749e+02
-5.994330299880000439e+02
-5.954252014630000076e+02
-5.949898571449999736e+02
-5.981019314259999646e+02
-5.939894089560000339e+02
-5.948182748839999476e+02
-5.741168071260000261e+02
-6.057367516870000372e+02
-5.859276791029999458e+02
-5.921686028660000147e+02
-6.006129535479999504e+02
-5.925277005819999658e+02
-5.846828798819999520e+02
-5.933040326200000436e+02
-5.930130013760000338e+02
-5.787199063809999871e+02
-6.003294565420000026e+02
-5.881237624269999742e+02
-5.993800875110000561e+02
-5.985063200209999650e+02
-5.891635012340000230e+02
-5.846360153499999797e+02
-5.920029425960000253e+02
-5.835614947130000019e+02
-5.552839020669999854e+02
-5.904029553259999830e+02
-6.008941379000000325e+02
-5.866981555410000055e+02
-5.828780446570000322e+02
-5.955048057660000040e+02
-5.952218395449999662e+02
-5.824681898979999914e+02
-5.845193948300000102e+02
-5.817588885110000092e+02
-5.931126728499999672e+02
-5.819187062030000561e+02
-5.822326718489999848e+02
-6.054503846410000278e+02
-6.031895059949999904e+02
-5.978902964950000296e+02
-5.986086757260000013e+02
-5.965019087319999471e+02
-5.873751766399999497e+02
-5.991034266909999815e+02
-5.899663948649999838e+02
-5.956232355460000463e+02
-6.066528414450000355e+02
-5.972205376189999697e+02
-5.883835983740000302e+02
-6.006478106389999994e+02
-5.953257410820000359e+02
-5.967548716420000119e+02
-5.746673517479999873e+02
-5.990082251750000069e+02
-5.900022523390000515e+02
-5.915496042250000528e+02
-5.950032577409999703e+02
-5.972899374510000143e+02
-5.862380358069999602e+02
-5.796568057819999922e+02
-5.816205010669999638e+02
-5.943103054309999607e+02
-5.898597789750000402e+02
-6.004499191549999750e+02
-5.887293712499999856e+02
-5.938631131729999879e+02
-5.888300069370000074e+02
-5.876542261209999651e+02
-5.926363429629999473e+02
-6.045188991420000093e+02
-5.969510351019999916e+02
-5.929927278449999903e+02
-5.740857052909999538e+02
-5.900846983750000163e+02
-6.024443462110000382e+02
-5.890502281149999817e+02
-6.014846956879999880e+02
-5.956399186959999952e+02
-5.827208283510000228e+02
-5.987533397129999457e+02
-5.914877868600000284e+02
-5.910898323149999669e+02
-5.948060432959999844e+02
-5.842964769870000055e+02
-6.004956382110000277e+02
-5.821807322360000398e+02
-5.928338526420000107e+02
-5.955946518460000334e+02
-5.985992597250000244e+02
-5.945730386620000445e+02
-5.941095542990000240e+02
-5.993890703170000052e+02
-5.917356670630000508e+02
-5.881038189309999780e+02
-5.994340285529999619e+02
-6.015294355390000192e+02
-5.782250021559999595e+02
-5.916866622909999478e+02
-5.956122350929999811e+02
-5.938534913140000526e+02
-6.008191266530000121e+02
-5.931692030780000096e+02
-5.935450467829999752e+02
