-5.670153639730000350e+02
-5.848359745609999436e+02
-5.813929462459999513e+02
-5.949637872230000539e+02
-5.980484629620000305e+02
-5.978350170280000384e+02
-5.768285743559999901e+02
-5.978848755489999576e+02
-6.012901654070000177e+02
-5.977012880730000006e+02
-5.920850930599999629e+02
-5.935089262239999925e+02
-5.827364784710000549e+02
-5.867644655770000099e+02
-5.889336019339999666e+02
-5.948200737419999768e+02
-5.680435853970000153e+02
-5.977075790760000018e+02
-5.955932538619999832e+02
-5.950433620049999490e+02
-5.965836700510000128e+02
-5.977535170710000330e+02
-5.867775551339999538e+02
-6.039305395809999482e+02
-5.944059699209999508e+02
-5.949990126540000119e+02
-5.963287058710000110e+02
-5.917194528869999886e+02
-5.840678692750000209e+02
-5.977070199749999801e+02
-5.895673360109999521e+02
-5.925030491359999587e+02
-6.025242861010000297e+02
-5.962180197110000108e+02
-5.918029481170000281e+02
-6.048999780249999958e+02
-5.800021581250000509e+02
-5.837549235960000260e+02
-5.907257859070000450e+02
-5.866695566390000067e+02
-5.759668291479999880e+02
-5.906461225049999939e+02
-5.909363763879999851e+02
-6.002047773079999615e+02
-5.844563953719999745e+02
-6.028309466299999713e+02
-6.003119359309999936e+02
-5.996603130559999499e+02
-5.961184941879999997e+02
-5.936368770169999607e+02
-5.932532171550000157e+02
-5.915470660239999461e+02
-5.845345535879999943e+02
-5.888165094219999673e+02
-5.837273907060000511e+02
-5.761646064230000093e+02
-5.982184434939999846e+02
-5.885266904290000411e+02
-5.921881543179999881e+02
-6.049780336600000510e+02
-5.809650433949999524e+02
-5.902297190269999874e+02
-5.861499749690000272e+02
-5.751310176409999713e+02
-5.953390933519999635e+02
-5.808544847670000308e+02
-6.016576643229999490e+02
-5.861579880909999929e+02
-5.893177677730000141e+02
-5.783077895400000443e+02
-5.906520771360000026e+02
-5.876512435150000329e+02
-5.916521016660000214e+02
-5.955098341100000425e+02
-5.950384229979999873e+02
-6.042896199130000241e+02
-5.945279322349999802e+02
-6.024084685330000184e+02
-5.990262240810000094e+02
-5.952437098950000518e+02
-5.884781572729999652e+02
-5.966134274720000121e+02
-5.906354752460000554e+02
-5.998725134989999788e+02
-5.901226118549999455e+02
-5.949436767619999955e+02
-5.789658514180000566e+02
-5.942145483960000547e+02
-6.006600050050000164e+02
-5.992920688479999853e+02
-5.931310133219999443e+02
-5.936870294750000312e+02
-5.973307280830000536e+02
-5.885176474109999845e+02
-6.021032914029999574e+02
-6.000416772150000497e+02
-5.947632293980000213e+02
-5.980232347690000552e+02
-5.953831903430000239e+02
-5.989547969430000194e+02
-5.934176458069999853e+02
-5.945489792910000233e+02
-5.954264850150000257e+02
-5.801995396940000091e+02
-5.868081538579999687e+02
-5.863695491229999561e+02
-5.986676915589999908e+02
-6.018201910129999987e+02
-5.833016179810000494e+02
-5.971077812170000243e+02
-6.030485238129999743e+02
-5.657590610019999531e+02
-5.736235657339999534e+02
-5.884652342499999804e+02
-5.913595429010000544e+02
-6.011672937710000042e+02
-5.942247563670000545e+02
-5.948878519749999896e+02
-5.889221116969999912e+02
-5.983588743440000144e+02
-6.062799030559999665e+02
-5.968950403999999708e+02
-5.746527691349999714e+02
-5.965845048119999774e+02
-5.940111695210000562e+02
-5.917211990309999692e+02
-5.831469893739999861e+02
-5.841419103399999813e+02
-6.037047191149999890e+02
-5.835479461800000536e+02
-5.919035058270000036e+02
-5.844865792699999929e+02
-5.902521151879999479e+02
-5.819010340920000317e+02
-5.880672032280000394e+02
-5.947457941750000145e+02
-5.957635635350000030e+02
-5.930158996259999640e+02
-5.999668008510000163e+02
-5.912365013090000048e+02
-6.038706542549999767e+02
-5.953180419620000521e+02
-5.890368844329999547e+02
-5.934261306690000310e+02
-6.000687920210000357e+02
-5.856047916590000568e+02
-5.988388151990000097e+02
-5.938031516639999836e+02
-6.006219380410000213e+02
-5.927573947639999687e+02
-5.937113631470000428e+02
-5.759138997249999647e+02
-5.899652003219999870e+02
-5.980417289759999449e+02
-5.929823305339999706e+02
-5.937820373810000092e+02
-5.788675369320000073e+02
-5.828736468729999842e+02
-5.897349356119999584e+02
-5.940524843660000442e+02
-5.862779605900000206e+02
-5.936654089859999885e+02
-5.933989473159999761e+02
-5.911525628870000446e+02
-5.858995301999999583e+02
-5.908997131979999722e+02
-5.940169714749999912e+02
-5.813991635559999622e+02
-5.766412419009999439e+02
-5.771028420310000229e+02
-5.844099755339999547e+02
-6.011533570819999568e+02
-6.017936256149999963e+02
-5.930352832040000521e+02
-5.824127969910000502e+02
-5.968512911179999492e+02
-5.975530038059999924e+02
-6.028691316169999936e+02
-5.932702203029999737e+02
-5.983546771820000458e+02
-5.957886983869999540e+02
-5.937089067650000516e+02
-5.902137799900000346e+02
-5.873518861860000015e+02
-5.754633981790000234e+02
-5.757099420299999792e+02
-5.838118159299999661e+02
-5.659106234600000107e+02
-5.690412530800000468e+02
-5.805525752700000339e+02
-5.796908790590000535e+02
-5.842987365929999442e+02
-5.802234906840000122e+02
-5.787361793060000537e+02
-5.891380650720000176e+02
-5.886477976979999767e+02
-5.914665072719999444e+02
-5.985315428830000428e+02
-5.943527957249999645e+02
-5.712539216750000151e+02
-5.866235460770000145e+02
-5.899358278930000097e+02
-5.745705167590000428e+02
-5.724168009129999746e+02
-5.919774654840000494e+02
-5.923988008200000195e+02
-5.832615687060000482e+02
-5.888351842250000345e+02
-5.840027347660000032e+02
-5.784894880479999983e+02
-5.698899317990000100e+02
-5.818588675140000532e+02
-5.922981095899999673e+02
-5.721378956769999604e+02
-5.969922023430000309e+02
-6.003280995129999837e+02
-6.008901923710000119e+02
-5.882306638329999942e+02
-5.861729789749999782e+02
-5.936516656219999959e+02
-5.978236147820000497e+02
-5.983211862470000142e+02
-5.728195236179999483e+02
-5.867802660529999912e+02
-5.883055642030000172e+02
-5.812382295720000229e+02
-5.887839520530000073e+02
-5.828229341989999739e+02
-5.860223043800000369e+02
-5.884220964480000475e+02
-5.769055217400000402e+02
-5.982819022370000539e+02
-5.936551668560000508e+02
-5.884534675700000435e+02
-6.023391067490000523e+02
-5.896150147800000241e+02
-5.753700579579999612e+02
-5.863967883010000151e+02
-5.916738924979999865e+02
-6.030953720239999711e+02
-5.954199937270000191e+02
-6.014256421320000072e+02
-5.877408215719999589e+02
-6.050057239980000077e+02
-5.897508400929999652e+02
-5.994736399979999533e+02
-5.958772446579999951e+02
-5.916176004659999990e+02
-5.894204244579999568e+02
-5.926881304449999561e+02
-5.857334535659999801e+02
-5.985212222300000349e+02
-5.916810909160000165e+02
-5.931482909979999931e+02
-5.966407383529999606e+02
-5.904855280640000501e+02
-5.921573026099999879e+02
-5.882045305369999824e+02
-6.012661548490000314e+02
-5.970045955690000028e+02
-6.046149005529999840e+02
-6.016632640430000265e+02
-5.965278051149999783e+02
-6.008668062310000550e+02
-5.930120403939999960e+02
-5.912551584190000540e+02
-5.704098761340000010e+02
-6.020496100579999847e+02
-5.914796159049999460e+02
-5.923289533619999929e+02
-5.798732722380000268e+02
-5.886131929800000080e+02
-5.852605133700000124e+02
-5.859750271479999810e+02
-5.913910030270000107e+02
-5.914742143109999688e+02
-6.009028111339999896e+02
-5.948224266930000113e+02
-5.983037592809999978e+02
-5.910594861649999530e+02
-5.936118519679999963e+02
-5.983665855780000129e+02
-6.033136853050000354e+02
-6.013029364799999712e+02
-5.978912751760000219e+02
-5.963147406120000369e+02
-5.934514410619999580e+02
-5.889534968519999438e+02
-5.726922861540000440e+02
-5.951123249229999601e+02
-6.010016024960000323e+02
-5.944811555549999866e+02
-5.919541113809999615e+02
-5.977928172700000005e+02
-5.839060469910000393e+02
-5.975387361819999796e+02
-5.985262518580000233e+02
-5.992038692969999829e+02
-5.758097848039999462e+02
-5.721783128690000240e+02
-5.863398088449999932e+02
-5.919692372719999867e+02
-5.841953814729999976e+02
-5.709696340039999995e+02
-5.839591775970000072e+02
-5.734204941430000417e+02
-5.891586330110000063e+02
-5.964906604179999476e+02
-5.702952572599999712e+02
-5.824115912519999938e+02
-5.893360965750000560e+02
-6.031625661509999645e+02
-6.004076697169999761e+02
-5.809689777580000509e+02
-5.804674556380000467e+02
-5.915154756580000139e+02
-5.915391386569999668e+02
-6.007140222430000449e+02
-5.811683168170000044e+02
-5.974940139679999902e+02
-5.892748192980000113e+02
-5.990236047329999565e+02
-6.013441889760000549e+02
-5.866833593170000540e+02
-5.858095063089999712e+02
-5.733192141170000014e+02
-5.947459450049999532e+02
-5.899076791569999614e+02
-5.884393511619999799e+02
-5.892874260070000219e+02
-6.021656492360000357e+02
-5.863750732349999453e+02
-5.895370759679999537e+02
-5.903135708390000218e+02
-5.904987853889999769e+02
-5.965263560020000568e+02
-5.846032244049999917e+02
-5.969864708779999773e+02
-5.947826958599999898e+02
-5.761026504940000450e+02
-5.910059525310000481e+02
-5.810491097340000124e+02
-5.752987225460000218e+02
-5.993617178319999539e+02
-5.908111396040000045e+02
-5.960267651159999787e+02
-5.959157124450000538e+02
-5.988239547849999553e+02
-5.990812350879999713e+02
-5.843808203539999795e+02
-6.012426144749999821e+02
-5.818214957039999717e+02
-5.972233893009999974e+02
-5.936776377359999515e+02
-5.967179341339999610e+02
-5.826317615200000546e+02
-5.963939763990000529e+02
-5.903418720360000407e+02
-5.814016930799999727e+02
-6.001675202320000153e+02
-5.686621676690000413e+02
-5.969947674520000191e+02
-5.974526755529999491e+02
-5.917625863370000161e+02
-5.795240604350000240e+02
-5.977857067910000524e+02
-6.044554540520000501e+02
-5.948202850269999544e+02
-5.884736163290000377e+02
-5.868853430269999762e+02
-5.882919625949999727e+02
-5.901327996190000249e+02
-5.928582232060000479e+02
-6.009537387850000414e+02
-5.887863391600000114e+02
-5.902401027930000055e+02
-5.930935723850000159e+02
-5.769684885530000429e+02
-5.970677675949999639e+02
-5.920613317270000380e+02
-5.920170913939999764e+02
-5.974394744380000475e+02
-5.830669548119999490e+02
-5.957835863510000536e+02
-5.857532300860000305e+02
-6.008522043089999443e+02
-5.668998981009999625e+02
-6.005816670479999857e+02
-5.929694409859999951e+02
-5.923923943329999702e+02
-5.843256122120000100e+02
-5.907677703980000388e+02
-5.840687733209999806e+02
-5.944152741039999910e+02
-5.889612520030000269e+02
-5.861739364600000499e+02
-5.836750082680000560e+02
-5.694343755999999530e+02
-5.964183102539999481e+02
-5.868682649940000147e+02
-5.967918511350000017e+02
-5.998223089020000316e+02
-5.954466912609999554e+02
-5.952892839080000158e+02
-5.908477369209999779e+02
-5.925690204159999439e+02
-6.003387442130000409e+02
-5.874083341069999733e+02
-5.827072466409999834e+02
-5.974833869269999695e+02
-5.921095829150000327e+02
-6.015706305689999454e+02
-6.025026078829999960e+02
-5.926217040830000542e+02
-6.011441510390000076e+02
-5.866379056079999827e+02
-5.867649878969999691e+02
-5.851419136030000345e+02
-5.771108478329999798e+02
-5.993000176589999910e+02
-5.796572324210000033e+02
-5.987373308579999502e+02
-5.760034745829999565e+02
-5.831750096389999953e+02
-5.930580462159999797e+02
-5.975665193199999976e+02
-5.962510216749999472e+02
-5.999600230029999466e+02
-5.902157927099999597e+02
-5.940175910149999936e+02
-5.946222621550000440e+02
-5.847445065709999881e+02
-6.019095442880000064e+02
-5.980450847150000300e+02
-5.986471628269999883e+02
-5.949707601019999856e+02
-6.012201922020000211e+02
-5.850839141919999520e+02
-5.916762795869999536e+02
-5.996008198839999750e+02
-5.832778601229999822e+02
-5.511958007169999973e+02
-5.946868213750000223e+02
-5.933721184839999978e+02
-5.767825415150000481e+02
-5.989653318650000529e+02
-5.943950822069999731e+02
-5.890856993009999769e+02
-5.775432438139999931e+02
-5.790256501210000124e+02
-5.959872733930000095e+02
-5.695015249609999728e+02
-5.983180883019999783e+02
-5.854485121430000163e+02
-5.965601154500000121e+02
-5.890715603940000165e+02
-5.984508297710000306e+02
-5.885600910030000250e+02
-5.796219060270000227e+02
-5.899963339649999625e+02
-5.942197009080000498e+02
-5.894355049570000347e+02
-5.826812528750000411e+02
-5.823845124069999883e+02
-5.757557699019999973e+02
-5.966781921530000545e+02
-5.977795566529999860e+02
-5.956826241320000008e+02
-5.971133160040000121e+02
-5.974536824589999924e+02
-5.921543948700000328e+02
-5.960131864380000479e+02
-5.717602091810000502e+02
-5.876636025400000563e+02
-5.942063473910000084e+02
-5.960823765390000517e+02
-5.794830831420000550e+02
-5.801165235619999976e+02
-5.957306061919999820e+02
-5.862929668010000341e+02
-5.866916803479999771e+02
-5.779855626390000225e+02
-6.031001765439999645e+02
-5.863764683269999978e+02
-5.958533926090000250e+02
-5.892561088229999768e+02
-5.906884166229999664e+02
-5.982067192360000263e+02
-5.955949850389999938e+02
-5.897300633359999438e+02
-5.834109774050000397e+02
-6.008997732679999899e+02
-5.859836653920000344e+02
-5.891096671950000427e+02
-5.978671750549999615e+02
-5.877227163090000204e+02
-5.888548663279999573e+02
-5.966303655079999544e+02
-5.981493030259999841e+02
-5.883175362590000077e+02
-5.756354487690000497e+02
-6.005080721949999543e+02
-5.871245455199999697e+02
-5.814622940760000347e+02
-5.801196793059999663e+02
-5.773032582519999778e+02
-5.966705842070000472e+02
-5.986992923599999585e+02
-5.990821288849999746e+02
-5.964563118229999645e+02
-6.006758157379999830e+02
-5.993615737720000425e+02
-5.550115190029999894e+02
-5.971929972829999542e+02
-5.809899132430000464e+02
-5.857599964080000063e+02
-5.949001538520000167e+02
-5.998296780670000317e+02
-5.951924600150000515e+02
-5.958397395739999638e+02
-5.925618975090000049e+02
-5.797682726819999743e+02
-5.954180080810000391e+02
-5.795326513669999713e+02
-5.820962550699999838e+02
-5.699954054339999630e+02
-5.839939119910000045e+02
-5.935010570980000466e+02
-5.943993635269999913e+02
-5.992385482290000027e+02
-5.983203436049999482e+02
-5.985060686450000276e+02
-5.926913367910000261e+02
-5.923336665540000467e+02
-5.975596573520000447e+02
-5.932341809629999716e+02
-5.931332696760000545e+02
-5.815084950729999491e+02
-6.006104670769999530e+02
-5.850945969699999978e+02
-5.901756764860000430e+02
-5.895809045749999768e+02
-6.001337799269999778e+02
-5.849300142270000151e+02
-5.755151069080000070e+02
-5.920088735049999968e+02
-5.784037641429999894e+02
-5.792607338919999620e+02
-5.776078713839999637e+02
-5.993924855000000207e+02
-5.990770726749999540e+02
-5.880364252739999529e+02
-5.970482347990000562e+02
-5.838628272839999909e+02
-5.893562359889999698e+02
-5.890427360290000252e+02
-5.934116086100000302e+02
-5.881784584580000228e+02
-5.854530261459999565e+02
-5.996279852889999802e+02
-5.958554312070000378e+02
-5.836664938469999697e+02
-5.991795616990000326e+02
-6.000944545309999967e+02
-6.022929736820000244e+02
-6.001144854840000562e+02
-5.888175321209999993e+02
-5.965124820539999746e+02
-5.636578636100000494e+02
-5.877361844360000305e+02
-5.906566177060000200e+02
-5.824802646599999889e+02
-5.874192180589999452e+02
-5.686628672010000400e+02
-5.966504479100000253e+02
-5.963379168200000322e+02
-5.971296344270000418e+02
-5.791637559460000375e+02
-5.897220364170000266e+02
-5.937903516139999738e+02
-5.919296125189999884e+02
-5.899482260050000377e+02
-5.866218803689999959e+02
-5.990150674019999997e+02
-5.908974941400000489e+02
-5.852585395359999438e+02
-5.977315045990000044e+02
-5.739295505049999520e+02
-5.963789441129999886e+02
-5.931467836699999907e+02
-5.848341131290000021e+02
-5.847442543920000162e+02
-6.053879310209999858e+02
-5.855724310340000329e+02
-5.901851086760000271e+02
-5.994293955030000234e+02
-5.861338115739999921e+02
-5.886658574849999468e+02
-5.922240097679999735e+02
-5.908535875669999768e+02
-5.959929555510000228e+02
-6.013844189330000063e+02
-5.949329912370000102e+02
-6.016443861349999906e+02
-6.013199827839999898e+02
-6.016950674250000475e+02
-5.731970781620000253e+02
-5.596353146489999517e+02
-5.991181684429999450e+02
-5.993962596940000367e+02
-5.665955787850000434e+02
-5.961015942420000329e+02
-5.907651964409999437e+02
-5.891692581180000161e+02
-5.992855192370000168e+02
-5.908122113319999471e+02
-5.810604003260000354e+02
-6.012141575580000108e+02
-5.869027390840000180e+02
-5.855177632549999771e+02
-5.938770511540000143e+02
-5.972903859660000307e+02
-5.967146631780000234e+02
-5.943947291270000051e+02
-5.911125863519999939e+02
-5.903278797980000263e+02
-5.873747715289999860e+02
-5.941832896160000246e+02
-5.849794998569999507e+02
-5.870211476309999625e+02
-6.007485959489999914e+02
-6.027396606380000321e+02
-6.013998632029999953e+02
-5.884039207219999525e+02
-5.940387329779999845e+02
-6.012419147020000310e+02
-5.892886910180000086e+02
-5.777739589020000039e+02
-5.835476477439999599e+02
-5.871757539779999888e+02
-5.977294693359999656e+02
-5.896604459049999605e+02
-5.823558764619999693e+02
-5.959782419250000203e+02
-5.983277787829999852e+02
-5.873500943300000472e+02
-5.867629570139999942e+02
-5.940161722069999541e+02
-5.866682175759999609e+02
-5.958104675250000355e+02
-5.934608998090000114e+02
-5.984596876069999780e+02
-5.932277091590000282e+02
-5.934130852389999973e+02
-5.864836705589999610e+02
-5.955010936039999478e+02
-5.915269135979999646e+02
-5.982417813539999543e+02
-5.995699920179999935e+02
-5.979673195240000041e+02
-5.967333436760000041e+02
-5.950666020139999546e+02
-5.979130888319999713e+02
-6.034815473820000307e+02
-5.956243520680000074e+02
-5.933279002269999864e+02
-5.853056085650000568e+02
-5.949152194800000188e+02
-5.973032756469999640e+02
-6.038782394419999946e+02
-5.884583542939999461e+02
-6.047564863009999954e+02
-5.965070896989999483e+02
-5.992224052819999542e+02
-5.936398763209999743e+02
-5.729921289070000512e+02
-5.948659764919999589e+02
-5.935356039700000110e+02
-6.051146094739999626e+02
-6.028370643079999809e+02
-5.929168794859999707e+02
-5.946040058979999685e+02
-5.809986767000000327e+02
-5.980385270589999891e+02
-5.786332052120000071e+02
-5.875561793299999636e+02
-5.851955860189999612e+02
-5.841798541880000357e+02
-5.764595431770000005e+02
-5.987258154879999665e+02
-5.863204811230000360e+02
-6.017925574839999854e+02
-5.853773025140000072e+02
-5.945647374899999704e+02
-5.881072570830000359e+02
-5.943146274969999467e+02
-5.973300391669999954e+02
-5.789878469149999773e+02
-5.853546326980000458e+02
-5.847853742940000075e+02
-5.889934664400000202e+02
-5.988852147339999874e+02
-5.945082384859999820e+02
-5.841811471290000100e+02
-5.901270360080000046e+02
-5.858728105500000538e+02
-5.921738111030000482e+02
-5.986584286390000216e+02
-5.949100927790000242e+02
-5.848545663700000432e+02
-5.932187164040000198e+02
-5.966086568069999885e+02
-5.976568675830000075e+02
-6.012130563709999933e+02
-5.965411455680000472e+02
-5.825813468699999476e+02
-6.000197568879999608e+02
-5.921508052389999648e+02
-5.779422898550000127e+02
-5.826392415929999515e+02
-5.930390527719999909e+02
-5.967588191500000221e+02
-5.913406827029999704e+02
-5.993202731919999451e+02
-5.956606176010000127e+02
-5.996461566440000297e+02
-5.856307887960000471e+02
-5.758649344110000357e+02
-5.796343939260000298e+02
-5.673050044730000536e+02
-5.722411474369999951e+02
-5.878430219699999952e+02
-5.820140188320000334e+02
-5.974498728400000118e+02
-5.831941653449999876e+02
-5.937709151609999481e+02
-5.960728909880000401e+02
-5.925655400580000105e+02
-6.015701819390000082e+02
-5.915239253500000132e+02
-5.929708609870000373e+02
-5.955213942509999470e+02
-5.951702475370000229e+02
-5.929627959309999596e+02
-5.925707526139999572e+02
-5.937283152149999523e+02
-5.946885406290000446e+02
-5.939477802769999926e+02
-6.039856973780000544e+02
-5.972112817879999511e+02
-5.949914417850000063e+02
-5.863097627570000441e+02
-5.884402017060000389e+02
-6.037595251200000348e+02
-6.041097113990000480e+02
-5.953351946860000226e+02
-5.920165273000000070e+02
-5.908249234129999650e+02
-5.980680436510000391e+02
-5.945626502200000232e+02
-5.702754175159999477e+02
-6.005916537849999486e+02
-5.974388192769999932e+02
-5.967472758139999769e+02
-6.005654572610000059e+02
-5.888623801610000328e+02
-5.941073917510000229e+02
-5.979184768039999653e+02
-5.879632730299999821e+02
-5.886203910890000088e+02
-5.729404861069999697e+02
-5.759273781389999840e+02
-5.855538235689999738e+02
-5.925816375790000166e+02
-5.821623501450000049e+02
-5.897731761219999953e+02
-5.996811876729999540e+02
-5.888286000580000064e+02
-5.999309050199999547e+02
-5.982049308809999957e+02
-6.017171343569999635e+02
-5.864630350200000066e+02
-5.984632036340000241e+02
-5.931528742729999522e+02
-5.940998548740000160e+02
-5.929025613210000074e+02
-5.876165669680000292e+02
-5.922276828999999907e+02
-5.975834025540000312e+02
-5.958690774609999607e+02
-5.989528970799999570e+02
-5.953901607999999896e+02
-5.935015399149999666e+02
-5.811006731859999945e+02
-5.824868670340000563e+02
-5.823874030539999467e+02
-5.988626682980000169e+02
-5.971809698299999809e+02
-5.896045482949999723e+02
-5.990098954659999890e+02
-5.812440868820000333e+02
-5.927273726629999828e+02
-5.971810050640000327e+02
-5.898954518489999828e+02
-5.912924318780000021e+02
-5.788132201009999562e+02
-6.034191173799999888e+02
-5.841136491610000121e+02
-5.990209334429999899e+02
-5.851914605829999800e+02
-6.022906028590000460e+02
-5.959353574489999801e+02
-5.858096831579999844e+02
-5.849579017549999662e+02
-5.771073393230000192e+02
-5.806291684410000471e+02
-5.914732438649999722e+02
-5.921438898669999844e+02
-6.018931998770000291e+02
-5.909946356980000246e+02
-6.007537183859999459e+02
-5.871151337979999880e+02
-5.897154079890000276e+02
-5.810908120950000466e+02
-5.994517462960000103e+02
-5.896006728459999522e+02
-5.982433059420000063e+02
-5.908111801889999697e+02
-5.861656695249999984e+02
-5.915929216590000124e+02
-5.827448770519999925e+02
-5.974582552629999554e+02
-5.955213023789999625e+02
-5.852410915440000281e+02
-5.987896511190000410e+02
-5.955812943360000418e+02
-5.932037602640000387e+02
-6.035888017199999922e+02
-5.936790195329999733e+02
-5.938431914559999996e+02
-5.863846299279999812e+02
-5.819402541480000082e+02
-5.952729938539999921e+02
-5.964459456009999485e+02
-6.012890559689999463e+02
-5.845156646110000338e+02
-6.033524040280000236e+02
-5.937624003739999807e+02
-5.820683988680000311e+02
-5.936983006899999964e+02
-5.864404550619999554e+02
-5.776505328470000222e+02
-5.759734653609999668e+02
-5.982936541220000208e+02
-6.010108291010000130e+02
-5.857251071010000487e+02
-5.951677319850000458e+02
-5.872639401930000531e+02
-5.946602702610000506e+02
-5.898943403980000539e+02
-5.787951130019999937e+02
-5.920415606379999645e+02
-5.972708566420000125e+02
-6.011998273120000249e+02
-6.015440971450000234e+02
-5.837644000499999493e+02
-6.009523690590000342e+02
-5.932232814640000242e+02
-6.030849175639999658e+02
-5.809533598790000042e+02
-6.004816813370000546e+02
-5.952869909680000546e+02
-5.863622229930000458e+02
-5.995295520979999537e+02
-6.006297710589999497e+02
-6.051885997729999644e+02
-5.932316252880000320e+02
-5.945559432310000147e+02
-5.996587688810000145e+02
-5.927818136099999720e+02
-5.862567058020000559e+02
-5.872598858950000249e+02
-5.874895654599999943e+02
-5.995054657809999981e+02
-5.982105795620000208e+02
-5.870306962869999552e+02
-5.943001268289999643e+02
-5.965860826220000490e+02
-5.970237048300000424e+02
-5.903303583519999620e+02
-5.911008215049999990e+02
-5.945200331730000016e+02
-5.883890224619999572e+02
-5.828385354600000028e+02
-5.806202115329999742e+02
-5.932111710020000146e+02
-6.002169384740000169e+02
-5.992686308449999615e+02
-5.902348568410000098e+02
-5.937202346740000394e+02
-5.795465443470000082e+02
-5.964608186320000414e+02
-5.932735934029999498e+02
-5.999685456079999994e+02
-5.875682919690000290e+02
-5.826365889989999687e+02
-5.932871611699999903e+02
-5.974196250429999964e+02
-5.975554937929999824e+02
-6.025241057380000029e+02
-6.001896186420000276e+02
-5.865661116329999913e+02
-5.993023621390000244e+02
-5.917129067500000019e+02
-5.760842794630000299e+02
-5.885983015150000028e+02
-5.867168597739999996e+02
-5.989986618579999913e+02
-5.979280380730000388e+02
-5.953386100799999667e+02
-5.821157517530000405e+02
-5.958036867030000394e+02
-5.934559141460000546e+02
-5.965225677229999519e+02
-5.791593481920000386e+02
-6.001750693689999707e+02
-5.918651348680000410e+02
-5.806608974859999535e+02
-5.937248374099999637e+02
-5.832380623889999924e+02
-5.831581298789999437e+02
-5.966426105650000409e+02
-5.822382535530000496e+02
-5.904873384850000093e+02
-5.970282864609999933e+02
-5.908992861409999477e+02
-5.915710872199999812e+02
-5.893141867929999762e+02
-5.914022994800000106e+02
-6.048813665059999494e+02
-5.809890204240000458e+02
-5.914939006949999794e+02
-5.988174350389999745e+02
-5.939434764259999611e+02
-5.798269731990000082e+02
-5.978530978100000084e+02
-5.857945285980000563e+02
-5.911902957029999470e+02
-5.773887595149999470e+02
-5.932482052240000030e+02
-5.762761849409999968e+02
-5.599813208629999508e+02
-5.768368284360000189e+02
-5.945851940720000357e+02
-5.892207588779999696e+02
-5.872422768259999657e+02
-5.981221124099999997e+02
-5.851591048540000202e+02
-5.905044471820000354e+02
-5.979835153249999848e+02
-5.702139606319999530e+02
-5.982435928390000299e+02
-5.929454630019999968e+02
-5.908101782759999878e+02
-5.863142707829999836e+02
-5.948982231210000009e+02
-5.775617312140000195e+02
-5.886535267069999691e+02
-5.968424468040000193e+02
-5.923439042080000263e+02
-5.938896314810000376e+02
-5.928475398150000046e+02
-5.977731908069999918e+02
-5.782756724609999992e+02
-5.986801863099999537e+02
-5.882251747159999695e+02
-5.895082750020000049e+02
-5.955783198499999571e+02
-5.996827371389999826e+02
-6.021979390479999665e+02
-5.941408267660000320e+02
-5.971899766080000518e+02
-5.949782335700000431e+02
-5.828545681909999985e+02
-5.881349898839999923e+02
-6.010225142760000381e+02
-5.745080732269999544e+02
-5.763659223290000000e+02
-5.804082407529999728e+02
-6.038249606929999800e+02
-5.849206091170000263e+02
-5.826408645770000021e+02
-5.841876763340000025e+02
-5.935838214909999806e+02
-6.026821239260000311e+02
-5.795860948429999553e+02
-5.906196445379999886e+02
-5.977625340839999808e+02
-5.894734170939999558e+02
-6.006572517009999501e+02
-5.903022602839999990e+02
-5.843435820129999456e+02
-6.005593354850000196e+02
-5.959508823669999629e+02
-5.815483456069999875e+02
-6.023321976309999854e+02
-5.925422366579999789e+02
-6.017865402740000036e+02
-5.899680131930000471e+02
-5.982936034350000227e+02
-5.711340187939999851e+02
-5.957887671089999913e+02
-5.651019791080000232e+02
-5.919054132559999744e+02
-6.001043259760000410e+02
-5.784492617319999681e+02
-5.765446024130000069e+02
-5.696956570329999749e+02
-5.871544684670000152e+02
-5.702897778940000535e+02
-5.997672483610000427e+02
-6.028427173479999510e+02
-5.811358052970000472e+02
-5.887279572259999441e+02
-5.695021712100000286e+02
-5.977352293190000410e+02
-5.801701861640000288e+02
-5.966045008930000222e+02
-5.800037953529999868e+02
-5.833612016719999929e+02
-5.918395621099999744e+02
-5.978471384010000520e+02
-5.860775597279999829e+02
-5.936865367650000280e+02
-5.913169130369999493e+02
-6.060588502839999592e+02
-6.005920237259999794e+02
-5.986311051999999790e+02
-5.990690713579999738e+02
-6.028914084880000246e+02
-5.807660364260000279e+02
-5.650245121599999720e+02
-5.891560557889999927e+02
-5.875528312550000010e+02
-5.737721199720000413e+02
-5.866418510009999636e+02
-5.915183176120000326e+02
-5.860081131030000279e+02
-5.929282872559999760e+02
-5.955415170449999778e+02
-5.842142791190000253e+02
-5.924373042890000534e+02
-6.007715928449999865e+02
-5.952957051700000193e+02
-5.879941564790000257e+02
-5.890509313840000232e+02
-5.987078573490000508e+02
-5.974154203680000137e+02
-5.922661377580000135e+02
-5.962965494290000379e+02
-5.926199711460000117e+02
-5.923959998660000110e+02
-5.768352202249999436e+02
-5.975914403149999998e+02
-5.962249192660000290e+02
-5.889929917760000535e+02
-5.646458079740000358e+02
-5.895206226960000322e+02
-5.896641749660000187e+02
-5.937825708220000251e+02
-5.834251178709999976e+02
-5.911086881610000319e+02
-5.939017484930000137e+02
-5.962499376499999926e+02
-5.819187167349999754e+02
-5.977129089840000233e+02
-5.877046876809999958e+02
-5.684149598709999509e+02
-5.888239935950000472e+02
-6.028103401969999595e+02
-6.032772123490000240e+02
-6.012790851859999748e+02
-5.777123307299999624e+02
-5.959700573249999707e+02
-5.968665874030000396e+02
-5.837860457159999896e+02
-5.883109779979999985e+02
-5.613576862950000077e+02
-6.008731827660000135e+02
-5.899644586169999911e+02
-5.976183766520000518e+02
-5.955220452669999531e+02
-5.941574110620000511e+02
-5.882056896249999909e+02
-5.927020360389999496e+02
-5.910794011369999907e+02
-5.808687546469999461e+02
-5.947375293720000400e+02
-5.984193171719999782e+02
-5.972324555149999696e+02
-5.975543251789999886e+02
-5.944005102600000328e+02
-5.867436854899999616e+02
-5.911842046650000384e+02
-5.907804280000000290e+02
-5.878406841930000155e+02
-5.943814400779999687e+02
-5.957875801479999609e+02
-5.895390462069999558e+02
-6.010906954079999878e+02
-5.909205909879999581e+02
-5.877158188419999760e+02
-5.746477883999999676e+02
-5.800650246489999518e+02
-5.926168902519999619e+02
-5.950150324910000563e+02
-5.946647750600000109e+02
-6.004129398750000064e+02
-5.981443870279999828e+02
-5.891336962210000365e+02
-5.919715564059999906e+02
-5.849126019609999503e+02
-6.009107720140000310e+02
-5.926009223600000269e+02
-5.903174528980000559e+02
-5.901469058679999762e+02
-5.867931662769999548e+02
-5.894870351030000393e+02
-5.893319858190000105e+02
-5.902280929380000316e+02
-5.932255998130000307e+02
-5.919734920959999727e+02
-5.800976692220000359e+02
-5.816494792739999866e+02
-5.935554649760000530e+02
-5.998437245449999864e+02
-5.940945266319999973e+02
-5.986775893830000541e+02
-5.882224330899999813e+02
-5.936589281840000467e+02
-5.950843742030000385e+02
-5.958487509609999506e+02
-5.926676787420000210e+02
-6.018063722179999786e+02
-5.897704854349999550e+02
-5.985594527219999463e+02
-5.973455144849999670e+02
-5.750919568179999715e+02
-5.867753658709999627e+02
-5.859580718500000103e+02
-5.949343271499999446e+02
-5.870976204900000539e+02
-5.834286791050000147e+02
-5.875810753169999998e+02
-6.037642838909999909e+02
-5.992425932329999796e+02
-5.983911765310000419e+02
-5.717589398659999915e+02
-5.977835374049999473e+02
-6.044940038150000419e+02
-5.999480503820000195e+02
-5.975146530309999662e+02
-5.999092138989999512e+02
-6.009282284549999531e+02
-5.941451313469999604e+02
-5.959080817709999565e+02
-5.798490291250000155e+02
-6.008905509649999885e+02
-5.756723233879999952e+02
-5.887712519299999485e+02
-5.999641630940000141e+02
-6.005564532509999935e+02
-5.989900820750000321e+02
-5.921969700600000124e+02
-5.658663565929999777e+02
-5.819505477359999759e+02
-5.923807289119999950e+02
-5.987752063389999648e+02
-5.936196767229999978e+02
-6.030300359599999638e+02
-5.772807372529999839e+02
-5.733702293889999737e+02
-5.885255294510000112e+02
-5.898719101550000232e+02
-5.836895573350000177e+02
-5.835620420550000063e+02
-5.950894192050000129e+02
-5.948225663319999512e+02
-6.004402390510000487e+02
-5.849482336539999778e+02
-5.992667997019999575e+02
-5.779289835700000140e+02
-5.984635914089999460e+02
-6.000356588140000440e+02
-6.007978127339999901e+02
-6.033492869760000303e+02
-5.980741495409999970e+02
-5.925103343230000519e+02
-5.690302908610000259e+02
-5.878567192770000247e+02
-5.944206607539999823e+02
-5.875145755999999437e+02
-5.973838753979999865e+02
-5.964936028539999597e+02
-5.984844817370000101e+02
-5.839572209530000464e+02
