-5.913337156449999839e+02
-6.028594258360000140e+02
-5.936264680350000162e+02
-5.873941533669999444e+02
-5.980555786449999687e+02
-5.962981801749999704e+02
-6.025884537089999640e+02
-5.823303836649999994e+02
-5.965471518030000198e+02
-5.938550300370000059e+02
-5.896308362669999497e+02
-5.877960702130000072e+02
-5.989984420480000153e+02
-6.006398982780000324e+02
-5.886878311430000394e+02
-5.973728654650000180e+02
-5.983694887660000177e+02
-5.920434962939999650e+02
-6.034717807690000200e+02
-6.015343445219999694e+02
-5.997177153049999561e+02
-6.028781117270000323e+02
-6.042658155520000491e+02
-6.013333241750000298e+02
-6.046765135489999921e+02
-5.877022668490000115e+02
-5.911084571159999541e+02
-5.979193863960000499e+02
-5.913967106080000349e+02
-6.004853017709999676e+02
-5.990698323420000406e+02
-5.836597375620000321e+02
-5.945270447030000014e+02
-5.848586888810000346e+02
-5.925941371919999483e+02
-5.944920946619999995e+02
-6.023630287979999594e+02
-5.997743111920000274e+02
-6.011441911719999780e+02
-6.017547923719999972e+02
-6.010775809949999484e+02
-5.924019379449999860e+02
-5.858143157450000444e+02
-5.987535817619999534e+02
-6.001463438370000176e+02
-5.893171319839999569e+02
-6.000636756039999682e+02
-5.911889805230000547e+02
-5.945395982229999845e+02
-5.978698625890000358e+02
-6.035573192890000200e+02
-6.013512843129999510e+02
-6.005556916960000535e+02
-6.026435042279999834e+02
-6.022537492149999707e+02
-5.983507485940000379e+02
-6.016487042410000186e+02
-6.007310987380000142e+02
-6.011778377790000150e+02
-5.962888942060000090e+02
-5.936504359560000239e+02
-5.983275837989999673e+02
-5.956328894880000462e+02
-6.020556995629999619e+02
-5.921575641550000455e+02
-5.924322507910000013e+02
-5.911661961490000294e+02
-5.903010315970000192e+02
-5.963414358539999967e+02
-5.980209786990000111e+02
-6.067571243339999683e+02
-5.997667421959999956e+02
-5.962190387150000106e+02
-5.941971133429999554e+02
-6.021833103909999636e+02
-5.975493363460000182e+02
-5.963147538800000120e+02
-5.913149442930000532e+02
-5.935062415610000244e+02
-5.968050968049999483e+02
-5.990137470560000565e+02
-5.943759397559999798e+02
-6.009322426999999607e+02
-6.029930364150000059e+02
-5.997478031140000212e+02
-6.035831093780000174e+02
-5.946237059820000468e+02
-5.828211857119999877e+02
-5.974573899629999687e+02
-6.016094600610000498e+02
-6.040483613390000528e+02
-6.039787533070000336e+02
-5.971858670440000196e+02
-6.035056317749999835e+02
-5.952935322800000222e+02
-5.922898492790000091e+02
-5.953699897440000086e+02
-5.939817266589999463e+02
-6.048859278529999983e+02
-6.010345789340000238e+02
-5.998879401789999974e+02
-6.037387676659999443e+02
-6.019354239309999457e+02
-5.912782042750000073e+02
-5.951654494809999960e+02
-5.992291664069999797e+02
-6.001327226670000528e+02
-6.011411742569999888e+02
-5.991147024860000556e+02
-5.947215727609999476e+02
-5.906946923530000504e+02
-5.945013219840000147e+02
-5.863109848079999438e+02
-5.997718606969999655e+02
-6.033579602419999901e+02
-5.956486333069999546e+02
-5.955714322620000303e+02
-5.877942378049999661e+02
-5.952998407259999567e+02
-6.002462244839999812e+02
-5.944944961569999577e+02
-5.997846980799999983e+02
-5.970318527949999634e+02
-6.047934133630000133e+02
-5.972166483280000193e+02
-5.890609939319999739e+02
-6.009283953660000179e+02
-5.943068817350000472e+02
-5.960243084730000191e+02
-5.964111934989999781e+02
-5.987958266240000285e+02
-5.825374620579999601e+02
-5.921503344689999722e+02
-5.975875660369999878e+02
-5.891113996909999742e+02
-5.953531402739999976e+02
-5.964936960649999946e+02
-6.038924783410000146e+02
-5.990126152670000010e+02
-6.015774613009999712e+02
-6.005590704249999590e+02
-5.986538929419999704e+02
-5.979577847819999761e+02
-6.023750804100000096e+02
-5.971048314280000113e+02
-5.926263706260000390e+02
-6.039321453879999808e+02
-5.929161720670000477e+02
-6.054105568830000266e+02
-5.943386710649999713e+02
-6.050369183909999720e+02
-5.804862743039999486e+02
-5.981971915059999674e+02
-5.923865083010000490e+02
-6.012417716610000298e+02
-5.970260387260000243e+02
-6.067550774750000073e+02
-6.006699734410000246e+02
-5.930379524200000105e+02
-5.933462231009999641e+02
-6.013345674989999452e+02
-5.928160991229999581e+02
-5.929310968190000040e+02
-5.874569282600000406e+02
-5.995149600900000451e+02
-6.020395240020000074e+02
-5.953519833909999761e+02
-6.018681994280000254e+02
-6.032336817430000337e+02
-5.972985376640000368e+02
-5.881662141179999708e+02
-6.005436756459999970e+02
-5.900459515270000566e+02
-5.992679703579999568e+02
-6.003334368060000088e+02
-5.917102810300000328e+02
-6.018353785650000418e+02
-5.976484830460000239e+02
-5.888757263149999517e+02
-5.881365820849999864e+02
-5.986870281200000363e+02
-5.969153669050000417e+02
-5.988196724230000427e+02
-5.940158294679999926e+02
-5.937116550649999454e+02
-5.913554060889999846e+02
-5.899074960960000453e+02
-6.041850283769999805e+02
-6.012877037109999492e+02
-6.012783375660000047e+02
-5.969566576510000004e+02
-6.011014153290000195e+02
-5.936732531249999738e+02
-6.031833862570000520e+02
-6.022108507719999579e+02
-5.979684426070000427e+02
-6.001917925770000011e+02
-5.947934523870000021e+02
-5.965240328309999995e+02
-6.014993664659999695e+02
-5.948794594839999945e+02
-6.004533336389999931e+02
-6.016447277219999705e+02
-6.045671656609999900e+02
-5.881415294329999597e+02
-6.021175397279999970e+02
-5.946303953750000346e+02
-6.007290414880000071e+02
-6.004425461240000459e+02
-5.990897912460000043e+02
-6.043992074980000098e+02
-5.974076844549999805e+02
-5.907775337409999565e+02
-6.009697739870000532e+02
-5.920204192869999815e+02
-6.003468155079999633e+02
-5.946350451570000359e+02
-5.987633750390000387e+02
-5.900847216529999741e+02
-5.897663104700000076e+02
-5.933345244199999797e+02
-6.024938016449999623e+02
-5.802430554420000135e+02
-5.967196757519999437e+02
-5.974372528640000155e+02
-5.980844381919999933e+02
-6.032132407660000126e+02
-6.007234034309999515e+02
-5.975719290480000154e+02
-5.999707104679999929e+02
-6.047058865940000487e+02
-5.962596816559999979e+02
-5.994453742299999703e+02
-5.928805725180000081e+02
-6.016226521050000429e+02
-5.951969226779999644e+02
-6.042859498909999729e+02
-6.013644254920000094e+02
-5.908696750330000214e+02
-6.011034876160000522e+02
-6.031156603330000507e+02
-6.039053609920000554e+02
-6.062688196269999708e+02
-5.952310162969999965e+02
-6.039473638350000329e+02
-6.022322409009999546e+02
-6.028591678660000071e+02
-5.961644555689999834e+02
-6.032614927619999889e+02
-6.016794968950000566e+02
-5.997178858620000028e+02
-5.963373648650000405e+02
-6.024690081139999620e+02
-6.024567536790000304e+02
-5.965678129870000248e+02
-6.003026348390000067e+02
-6.028214121339999565e+02
-5.948889115109999466e+02
-5.967782050270000127e+02
-6.034588890049999463e+02
-5.946538955040000474e+02
-5.965509582920000184e+02
-5.894989011049999590e+02
-6.021274661239999659e+02
-5.984318124349999835e+02
-5.887143385760000456e+02
-5.985871572690000448e+02
-5.976542685929999834e+02
-5.963846506590000445e+02
-5.981990234150000560e+02
-6.042184704840000222e+02
-5.961048805919999722e+02
-5.988864097770000399e+02
-5.850192017929999793e+02
-5.889275067849999914e+02
-5.934154762120000441e+02
-5.947083046180000565e+02
-5.848010154480000438e+02
-5.860530003960000158e+02
-5.974736235640000359e+02
-5.968955277920000526e+02
-5.980709882029999562e+02
-6.046706154219999689e+02
-5.976824343890000364e+02
-5.986216984010000033e+02
-6.000164584310000464e+02
-5.988278483870000173e+02
-5.967050148040000295e+02
-5.997157312980000370e+02
-6.014380075819999547e+02
-5.953708488649999708e+02
-5.950128864140000360e+02
-6.004979641310000034e+02
-5.914494528679999803e+02
-5.888405721059999678e+02
-6.026709735089999640e+02
-5.887313175829999636e+02
-6.057392184760000191e+02
-5.958157859650000319e+02
-5.895854677190000075e+02
-5.949424352790000512e+02
-6.001765363460000344e+02
-5.911510201060000327e+02
-5.920095046010000033e+02
-5.964518236339999930e+02
-5.968442803699999786e+02
-5.984342785909999520e+02
-5.976746053120000397e+02
-6.009794755440000245e+02
-5.993449783139999454e+02
-6.050071255379999684e+02
-6.000320238650000420e+02
-5.988632740120000335e+02
-6.050458109129999684e+02
-6.009279484850000017e+02
-5.969796640880000496e+02
-5.951436344979999831e+02
-5.932182230219999610e+02
-5.967639498889999459e+02
-5.952915868310000178e+02
-5.962446809570000141e+02
-5.956249201670000275e+02
-6.032083492179999666e+02
-5.988591659950000121e+02
-5.962011633109999593e+02
-6.006154619909999610e+02
-5.967381351630000381e+02
-5.988094692490000170e+02
-6.000203334230000110e+02
-6.006941232469999932e+02
-5.938412398130000156e+02
-5.952784463570000071e+02
-5.870172396829999570e+02
-5.642761228289999735e+02
-5.813010839620000070e+02
-5.957639704130000382e+02
-5.977270152539999799e+02
-5.988256712590000461e+02
-5.989976322669999718e+02
-5.989478966709999668e+02
-5.870778306040000416e+02
-6.030653724720000355e+02
-5.880264314089999971e+02
-6.016743526799999700e+02
-6.005965691290000450e+02
-6.046054131170000119e+02
-5.946924772260000509e+02
-5.839650304420000566e+02
-6.008634706919999644e+02
-5.992507773549999683e+02
-5.863242820159999837e+02
-5.973785711120000315e+02
-5.922341158430000405e+02
-5.981103938820000394e+02
-5.948372756449999770e+02
-6.028054666589999897e+02
-5.928518784509999477e+02
-6.010645910859999503e+02
-6.008099110719999771e+02
-6.071018804249999903e+02
-6.063315626419999944e+02
-6.016438031459999820e+02
-6.001943660250000221e+02
-5.961942115010000407e+02
-6.031720689530000072e+02
-5.841490190580000217e+02
-5.985678265049999709e+02
-6.005931737649999604e+02
-5.953029397090000430e+02
-5.903951210740000306e+02
-5.984149292070000001e+02
-5.925669137419999970e+02
-5.919213472540000112e+02
-5.991501497790000030e+02
-5.976117594070000223e+02
-5.953888058789999604e+02
-6.019018945269999676e+02
-5.945145988479999914e+02
-5.911547300739999855e+02
-5.951135864880000099e+02
-5.744827639549999958e+02
-5.930891219420000198e+02
-5.887822051819999842e+02
-5.948743495469999516e+02
-5.912805240740000272e+02
-5.965499218139999584e+02
-5.873796599889999470e+02
-5.773992359520000264e+02
-5.720319952629999989e+02
-5.908818480529999988e+02
-5.917251224220000267e+02
-5.927144228240000530e+02
-5.897655171169999448e+02
-6.031744577370000115e+02
-6.017754322060000050e+02
-6.025682971390000375e+02
-6.067949416080000447e+02
-6.016627094699999816e+02
-6.021673618969999779e+02
-6.040487953809999908e+02
-5.998509782370000494e+02
-5.938860529390000238e+02
-5.896817652529999805e+02
-6.001250840689999677e+02
-6.045325280150000253e+02
-6.027879325349999817e+02
-6.013009346930000447e+02
-5.841599473369999487e+02
-5.924494439889999740e+02
-5.970249675930000421e+02
-6.032545825780000541e+02
-5.967424240560000044e+02
-5.992494259210000109e+02
-5.986437584569999899e+02
-5.914237533409999514e+02
-5.952767507710000245e+02
-5.973031660640000382e+02
-6.019056055559999550e+02
-5.915931501740000158e+02
-5.962683920880000414e+02
-5.948792815809999865e+02
-5.986244214700000157e+02
-5.858535477890000038e+02
-5.909635924059999752e+02
-6.010585537179999847e+02
-5.890987685009999950e+02
-5.932157630179999614e+02
-5.965345645480000485e+02
-6.018791246329999467e+02
-6.041439394630000379e+02
-5.946114235810000537e+02
-6.008320302509999919e+02
-5.921292546879999463e+02
-5.940783302549999689e+02
-5.966944708539999738e+02
-5.993030506720000403e+02
-5.853884244209999679e+02
-5.885068498580000096e+02
-5.948159833810000237e+02
-5.880223140350000222e+02
-6.010898582959999885e+02
-5.993196746219999795e+02
-5.967783069340000566e+02
-5.973373642300000483e+02
-6.033066928969999481e+02
-5.921507512910000059e+02
-5.988493171569999731e+02
-5.969514087019999806e+02
-5.955341669010000487e+02
-5.978510635530000172e+02
-6.035404365839999627e+02
-5.929793728749999673e+02
-5.952092119950000324e+02
-5.961879368239999621e+02
-6.001022301350000134e+02
-6.012276542670000481e+02
-6.015004214949999550e+02
-5.973672227739999698e+02
-5.941002495550000049e+02
-5.964166467579999562e+02
-6.000033878350000123e+02
-6.033303738609999982e+02
-5.968468516020000152e+02
-5.903030675579999524e+02
-5.977455575320000207e+02
-5.959997552170000290e+02
-5.910766469789999746e+02
-5.953657269159999714e+02
-5.960562554870000440e+02
-5.958950921550000430e+02
-5.913331989189999831e+02
-6.020582171889999472e+02
-5.926529924630000323e+02
-6.030153462179999906e+02
-5.979426925090000395e+02
-5.938194994350000115e+02
-6.034018625679999559e+02
-6.003778865599999790e+02
-5.958927957319999678e+02
-5.939383189010000024e+02
-5.973023904249999987e+02
-6.029498814840000023e+02
-5.971221803759999602e+02
-5.947864170139999942e+02
-5.934641440939999484e+02
-5.925109666009999501e+02
-5.989254025400000501e+02
-6.022080470719999994e+02
-5.931115522930000452e+02
-5.920452412229999481e+02
-5.946906081099999710e+02
-5.938907699400000411e+02
-5.946630087510000067e+02
-5.943089595789999748e+02
-6.000535060229999544e+02
-5.907256976910000503e+02
-5.973486534930000289e+02
-5.991280557789999648e+02
-5.988041363940000110e+02
-6.019015804260000095e+02
-5.945574101400000018e+02
-5.937188473380000460e+02
-6.048601856809999617e+02
-5.981666830740000478e+02
-5.936153811310000492e+02
-5.943297123649999776e+02
-5.997786277970000128e+02
-5.995770415319999529e+02
-6.007464695400000210e+02
-6.037264089389999526e+02
-5.895047184730000254e+02
-6.044655785549999791e+02
-5.919486086470000146e+02
-5.985777506609999818e+02
-5.936172782139999526e+02
-6.028009176210000533e+02
-6.027438099879999527e+02
-6.061683762190000380e+02
-5.955720720230000325e+02
-6.012915191900000309e+02
-6.007620479790000445e+02
-5.992355153490000248e+02
-5.972717907710000418e+02
-5.916701296039999534e+02
-6.007267679730000509e+02
-5.858391283700000258e+02
-5.971117596499999536e+02
-5.930610380030000215e+02
-6.031802539999999908e+02
-5.992876871669999446e+02
-5.986880672129999539e+02
-5.990676291859999765e+02
-5.999096591070000386e+02
-6.029312093930000174e+02
-5.978235928149999836e+02
-5.872538502380000409e+02
-5.978717249860000038e+02
-5.994977523699999438e+02
-6.019492323389999910e+02
-6.028516048860000183e+02
-6.028133610239999598e+02
-5.919947743259999697e+02
-6.010883988849999469e+02
-6.010942838260000372e+02
-5.939735264710000138e+02
-5.804565395409999837e+02
-5.933139442630000531e+02
-6.041031442549999610e+02
-5.990853035070000487e+02
-5.990589927779999471e+02
-5.981491405799999939e+02
-6.027129387060000454e+02
-6.016086609359999784e+02
-5.997404211049999958e+02
-5.974654930049999848e+02
-5.944575582539999914e+02
-5.841856623400000217e+02
-5.834695711240000264e+02
-5.925681777779999493e+02
-6.018805318360000456e+02
-6.009887998540000353e+02
-5.948497398109999494e+02
-5.667177514920000476e+02
-5.917594245259999752e+02
-5.950445967419999533e+02
-6.007288064540000505e+02
-6.006485967029999529e+02
-6.007785956489999535e+02
-5.977318313240000407e+02
-6.000585435420000522e+02
-5.997059685330000320e+02
-5.990233098080000218e+02
-5.970379414699999643e+02
-5.985773146540000198e+02
-6.052149099560000423e+02
-5.938544682010000315e+02
-5.961116970570000149e+02
-5.843819719790000136e+02
-5.917539235110000391e+02
-6.027947827929999676e+02
-5.982856324729999642e+02
-6.032524614510000447e+02
-6.023208994520000488e+02
-5.935685369100000344e+02
-5.958454812869999841e+02
-5.978938902879999659e+02
-5.897746659560000353e+02
-5.946850958530000071e+02
-5.916379257879999614e+02
-6.002764630169999691e+02
-6.034635872090000248e+02
-6.018235784439999634e+02
-6.002042695229999936e+02
-6.017623383940000394e+02
-5.933126700249999885e+02
-5.880600717170000280e+02
-5.899574398080000037e+02
-5.962265149040000551e+02
-6.002249709469999743e+02
-5.955078105449999839e+02
-6.001208176620000359e+02
-6.031066433639999786e+02
-6.020005186600000116e+02
-5.988483580619999884e+02
-5.952011618630000385e+02
-5.984250744140000506e+02
-5.939459736469999598e+02
-6.011641436600000361e+02
-6.037397599869999567e+02
-5.982185141370000565e+02
-6.009322881189999634e+02
-5.940964877359999718e+02
-5.964328074139999671e+02
-5.957870338929999434e+02
-5.991123609610000358e+02
-5.925387157960000195e+02
-6.023365154719999737e+02
-5.957464106759999822e+02
-6.028021629380000377e+02
-5.957827521939999542e+02
-5.945562601010000208e+02
-5.975864716480000425e+02
-5.854140170849999549e+02
-6.010219520670000293e+02
-6.057906826920000185e+02
-5.914745704429999478e+02
-5.999127456009999833e+02
-6.003515881060000083e+02
-5.941742350050000141e+02
-5.993787989119999793e+02
-5.978738099140000486e+02
-5.862027461640000183e+02
-6.017860322450000012e+02
-5.967174773159999859e+02
-5.976936232870000367e+02
-6.038929067440000154e+02
-6.015903020949999700e+02
-6.000174498280000535e+02
-5.981688137590000451e+02
-5.950658767969999872e+02
-5.998962018329999637e+02
-5.936535176810000394e+02
-5.999601958550000518e+02
-6.013229326099999525e+02
-5.907137840960000403e+02
-5.842646277879999843e+02
-6.037200322810000443e+02
-5.955669782209999994e+02
-5.929472186169999759e+02
-6.008980480720000514e+02
-5.954702743349999992e+02
-6.002222866680000379e+02
-6.057954996030000530e+02
-5.869846877129999712e+02
-5.915860935599999948e+02
-5.990155200399999558e+02
-5.976986903140000322e+02
-5.961283980590000056e+02
-5.984662196660000291e+02
-5.958534223460000021e+02
-5.936266789100000096e+02
-5.987516717150000432e+02
-5.994771719899999880e+02
-5.713734023309999657e+02
-5.969927762730000040e+02
-6.009482497550000062e+02
-5.985186527089999800e+02
-6.027313698420000492e+02
-5.875178238830000055e+02
-5.931221649210000351e+02
-5.993578126200000042e+02
-5.920101621029999706e+02
-5.913920103630000540e+02
-5.938552994640000406e+02
-5.880906522699999641e+02
-5.976301934589999973e+02
-5.790953134909999562e+02
-6.035299514009999484e+02
-6.005940957289999460e+02
-6.030510447740000473e+02
-5.879256094119999716e+02
-5.919524906899999905e+02
-5.936278623079999761e+02
-5.973993030829999498e+02
-5.980413874829999941e+02
-6.012137146869999924e+02
-5.990739334690000533e+02
-5.974514036560000250e+02
-5.940973882399999866e+02
-5.890711962479999784e+02
-5.797246594309999637e+02
-5.936211348169999837e+02
-5.951068224030000238e+02
-5.863315176559999600e+02
-5.968231554640000240e+02
-5.979003964940000060e+02
-6.003383569479999551e+02
-6.027784782090000135e+02
-6.010178750029999719e+02
-5.977222997249999707e+02
-5.986696986509999761e+02
-5.939575695959999848e+02
-6.022340825960000075e+02
-5.958637937209999791e+02
-6.026366119000000481e+02
-6.043603744009999446e+02
-6.014445323969999890e+02
-6.063781916269999783e+02
-6.010646572760000481e+02
-6.023273120119999930e+02
-5.873487049090000482e+02
-5.992836368289999882e+02
-5.998604250780000484e+02
-5.985153179970000110e+02
-5.975515327269999943e+02
-5.983134418319999668e+02
-5.971739942789999986e+02
-5.910331494979999434e+02
-5.882148257630000217e+02
-6.002097973810000440e+02
-5.897716898600000377e+02
-6.046430019870000478e+02
-5.916179464030000190e+02
-5.998749984790000553e+02
-5.929088944830000401e+02
-5.910169476249999434e+02
-5.925366362680000520e+02
-5.989827037810000547e+02
-5.947297837999999501e+02
-5.973741927219999752e+02
-5.973746865450000314e+02
-6.060033234510000284e+02
-6.008944553149999592e+02
-5.950938709350000408e+02
-5.952383543529999770e+02
-5.920974783069999603e+02
-5.994114516240000512e+02
-5.979608876190000046e+02
-6.028674318370000265e+02
-5.965455296549999957e+02
-6.025025837770000408e+02
-5.951516836509999848e+02
-6.026560629900000094e+02
-5.935437903160000133e+02
-5.971436335089999830e+02
-6.015787459209999497e+02
-6.042967939549999983e+02
-5.860817861650000395e+02
-6.049200163709999742e+02
-6.014813269139999647e+02
-6.047486496760000136e+02
-5.977659954929999913e+02
-5.978194342450000249e+02
-5.951324113389999866e+02
-5.994670469449999928e+02
-6.004432541800000536e+02
-5.920198052990000406e+02
-6.012633335860000443e+02
-6.058211983239999654e+02
-5.965508522139999741e+02
-5.917035099350000564e+02
-5.975903778370000055e+02
-5.955086932089999436e+02
-5.877913264329999947e+02
-5.955600799679999682e+02
-5.841699036510000269e+02
-5.915021684099999675e+02
-5.866805259779999915e+02
-6.036877758289999747e+02
-6.006406846490000362e+02
-6.032191846749999513e+02
-5.881372680880000416e+02
-5.910474337489999925e+02
-5.964814971710000009e+02
-5.893980926650000356e+02
-5.921693136029999778e+02
-5.988117680000000291e+02
-5.925208458380000138e+02
-5.955031919350000180e+02
-6.014222835360000090e+02
-5.873498869850000119e+02
-5.899015755299999455e+02
-5.967255021820000138e+02
-5.854222011059999886e+02
-5.858131835660000206e+02
-5.941976812729999438e+02
-5.853250811599999679e+02
-5.941987437320000254e+02
-5.970976896949999855e+02
-6.008506751219999842e+02
-5.991497329950000221e+02
-6.054111739050000551e+02
-5.925572652289999951e+02
-5.992190143469999839e+02
-5.950498079340000004e+02
-5.988849861270000474e+02
-6.012316483409999819e+02
-5.962318670610000026e+02
-6.063457547310000564e+02
-5.970930278839999801e+02
-6.034856032090000326e+02
-6.022608195540000224e+02
-5.904523222059999625e+02
-6.010545137210000348e+02
-6.041876193020000301e+02
-6.015076475030000438e+02
-5.979800405019999516e+02
-5.953245756000000029e+02
-5.939678291750000199e+02
-5.943084116259999519e+02
-6.038898154299999987e+02
-5.958176818150000145e+02
-6.003298062699999491e+02
-5.997863716499999782e+02
-5.941545472860000245e+02
-5.919754863350000278e+02
-6.020898612419999836e+02
-5.955728388270000551e+02
-5.972440087979999817e+02
-6.000690561129999878e+02
-5.942512308780000012e+02
-5.958672431969999934e+02
-5.998181904690000010e+02
-6.037289695040000197e+02
-5.964831833419999612e+02
-5.963149264219999850e+02
-5.994783607519999578e+02
-5.932225570350000226e+02
-5.978762632240000130e+02
-5.970377080739999656e+02
-6.052658923469999763e+02
-6.041535040239999717e+02
-5.897445570309999994e+02
-5.928061411569999564e+02
-5.951706919619999780e+02
-5.824099444270000276e+02
-6.033257483449999654e+02
-5.973194605989999673e+02
-5.993381925899999487e+02
-5.958947051820000524e+02
-6.033152598840000564e+02
-5.934254314480000403e+02
-5.952477359709999973e+02
-5.913337337340000204e+02
-6.043475877179999998e+02
-5.868690654079999831e+02
-6.029850366409999651e+02
-6.048774984299999460e+02
-5.982748044410000148e+02
-5.897758611240000164e+02
-5.954294838270000128e+02
-5.916316694280000092e+02
-5.863446188330000268e+02
-5.930072859419999531e+02
-5.904017093840000143e+02
-5.964391855410000289e+02
-5.896146631039999875e+02
-6.046818624720000344e+02
-6.019340534570000045e+02
-6.022590845189999982e+02
-6.013597422259999803e+02
-5.995541261549999490e+02
-6.020711074189999863e+02
-6.020274753620000183e+02
-5.920411423460000151e+02
-5.976331336980000515e+02
-5.912779170280000471e+02
-5.836838218139999981e+02
-6.008086125080000102e+02
-6.034215827880000234e+02
-6.011622917830000006e+02
-6.009408139270000220e+02
-6.026392998559999796e+02
-6.032921587549999458e+02
-5.906765851840000323e+02
-6.021745634720000453e+02
-5.938774359970000205e+02
-5.990579131729999744e+02
-5.934325053669999761e+02
-6.018592274720000432e+02
-5.945610958170000231e+02
-5.956437714109999888e+02
-5.968170608980000225e+02
-5.959905316729999640e+02
-6.022482806420000543e+02
-5.973231617279999455e+02
-6.036945390949999819e+02
-6.013988126350000130e+02
-5.986997904800000470e+02
-5.970385758459999579e+02
-6.035454380449999690e+02
-5.994203125980000095e+02
-6.023867012059999979e+02
-6.005578658760000508e+02
-6.015531689719999804e+02
-6.001891365640000231e+02
-5.960816744960000051e+02
-5.959426112669999611e+02
-5.852989216879999503e+02
-5.980050002589999849e+02
-5.984533797489999642e+02
-5.954665483799999492e+02
-5.891616958170000089e+02
-5.887646446930000366e+02
-5.957068297969999549e+02
-5.835993360160000520e+02
-5.970918381840000393e+02
-5.886126002769999559e+02
-6.030331840740000189e+02
-5.960217406420000543e+02
-6.018827747090000457e+02
-5.917308537169999454e+02
-5.910679113400000233e+02
-5.767547761869999476e+02
-5.890603032239999948e+02
-5.860553020229999674e+02
-5.972141623740000114e+02
-5.934360982839999679e+02
-5.966043925789999776e+02
-6.019480748219999668e+02
-5.972182880289999503e+02
-6.036938729649999686e+02
-5.941569052040000543e+02
-6.010480099129999871e+02
-5.973474942889999966e+02
-5.902889087600000266e+02
-5.947828169289999778e+02
-5.935263693709999870e+02
-5.937002441979999503e+02
-5.893521777810000231e+02
-6.003081135600000380e+02
-6.008294886139999562e+02
-6.040197011430000202e+02
-6.020177736819999836e+02
-6.016664876629999981e+02
-5.881516723759999650e+02
-5.984925768800000014e+02
-5.893322515050000447e+02
-5.993882400479999433e+02
-6.043381985099999838e+02
-6.014194745160000366e+02
-5.968108368670000345e+02
-6.035098627349999560e+02
-5.973118342880000000e+02
-6.013482018319999725e+02
-5.977885300609999604e+02
-6.001061559720000105e+02
-5.923894096999999874e+02
-5.990012699950000297e+02
-5.985492204910000282e+02
-5.992196044300000040e+02
-5.828196494039999607e+02
-5.907603270500000008e+02
-5.865689169309999897e+02
-5.976327185740000232e+02
-5.897367682999999943e+02
-5.881932313639999848e+02
-5.863640039570000226e+02
-5.962644068030000426e+02
-5.878123760419999826e+02
-5.911149821190000466e+02
-5.922308418960000154e+02
-5.969823953080000365e+02
-5.951200759150000295e+02
-5.912177319610000268e+02
-5.984227810139999519e+02
-6.000265178339999466e+02
-5.996889291869999852e+02
-5.989438029789999973e+02
-5.960043173269999670e+02
-5.927175425399999540e+02
-5.930748129040000549e+02
-5.966283064860000422e+02
-6.028464368869999817e+02
-6.015765645400000494e+02
-5.957369187619999593e+02
-5.943185727329999963e+02
-6.011429044669999939e+02
-5.883641051590000188e+02
-6.021172234429999435e+02
-5.925433343979999563e+02
-5.943517741389999856e+02
-5.898990388700000267e+02
-5.915520519310000509e+02
-5.998755708590000495e+02
-5.987239854739999600e+02
-5.968933987840000555e+02
-6.034975024829999484e+02
-6.006298470259999931e+02
-5.934534270200000492e+02
-5.994730368570000110e+02
-6.014510164230000555e+02
-5.978052470710000534e+02
-5.981414125620000277e+02
-5.899209851839999601e+02
-6.000505098989999624e+02
-5.934209775130000253e+02
-5.998577606449999848e+02
-5.913779206169999725e+02
-6.029207016200000453e+02
-6.052484068610000350e+02
-5.941240849360000311e+02
-5.970516411759999755e+02
-5.974832378319999862e+02
-5.926323553019999508e+02
-5.997511290480000525e+02
-5.960524385449999727e+02
-5.950665886059999821e+02
-5.976410619529999622e+02
-5.959485301769999523e+02
-5.943241268660000287e+02
-5.987412390670000377e+02
-6.000067905490000157e+02
-5.946219197220000297e+02
-6.026690464419999671e+02
-6.024669737379999788e+02
-5.994572460739999542e+02
-6.005430429420000564e+02
-6.015005920090000018e+02
-6.025403737709999632e+02
-6.002720270569999457e+02
-6.017520883490000188e+02
-6.024765382230000341e+02
-6.031312127679999548e+02
-6.002612394249999852e+02
-6.039961956339999460e+02
-5.955191341070000135e+02
-5.953508631600000172e+02
-5.998931323939999629e+02
-6.034529588599999670e+02
-6.007221705839999686e+02
-5.988626457200000459e+02
-6.029067538450000256e+02
-6.031438111569999592e+02
-5.909700236160000486e+02
-6.034799385879999818e+02
-5.943801731429999791e+02
-6.023216828119999491e+02
-5.967460183800000095e+02
-5.968616897629999585e+02
-5.996668767449999677e+02
-5.865655245939999531e+02
-5.882212847710000005e+02
-5.845125085519999857e+02
-5.923991323379999585e+02
-5.913332504679999602e+02
-6.050713799479999579e+02
-5.975319299750000255e+02
-5.971983286019999468e+02
-5.973519581010000365e+02
-5.818096844189999501e+02
-6.020895457330000227e+02
-6.019857294869999578e+02
-5.923277729530000215e+02
-5.912131428080000433e+02
-5.914600705330000210e+02
-6.021940153049999935e+02
-6.043437901150000471e+02
-6.041085498119999784e+02
-6.058835570749999988e+02
-5.965220304050000095e+02
-6.055816814459999478e+02
-6.022487255600000253e+02
-5.952734333309999784e+02
-6.059355111260000513e+02
-5.949838343269999541e+02
-6.022636471539999548e+02
-5.922498728340000298e+02
-5.936978476599999794e+02
-6.031537875359999816e+02
-5.961821105960000295e+02
-6.032699170939999931e+02
-6.059708512189999965e+02
-5.992281152809999867e+02
-5.969968295579999449e+02
-6.050875367659999711e+02
-5.995790104369999653e+02
-6.030488291799999843e+02
-6.010724397640000234e+02
-5.984950651640000387e+02
-5.995807200880000210e+02
-5.959745926379999901e+02
-5.934190276250000124e+02
-5.917695848240000487e+02
-6.026603791799999499e+02
-6.018218215240000291e+02
-5.980236759289999782e+02
-6.013959501609999734e+02
-5.961046955040000057e+02
-6.008119362510000201e+02
-5.979137008530000230e+02
-6.006289736869999842e+02
-6.006247306770000023e+02
-5.952000990880000018e+02
-5.956114963730000227e+02
-6.010025714800000287e+02
-6.036666726109999672e+02
-5.868325145479999492e+02
-6.007553122289999692e+02
-6.024118031089999477e+02
-5.847021616819999963e+02
-5.949050500749999628e+02
-5.943608971529999963e+02
-6.005372937079999929e+02
-5.957529936009999574e+02
-5.904354414020000377e+02
-6.027850395420000496e+02
-5.976535826110000471e+02
-6.001582699739999498e+02
-5.969157120109999823e+02
-5.990501583750000236e+02
-5.967575440919999892e+02
-5.922040283500000442e+02
-5.977621352569999544e+02
-5.974345594190000384e+02
-6.057758023799999592e+02
-5.940253463400000555e+02
-5.967385563620000539e+02
-6.015097227070000372e+02
-5.981334204800000407e+02
-6.016645615920000409e+02
-6.005338604050000413e+02
-6.016725385600000209e+02
-5.937602273380000497e+02
-5.973417270940000208e+02
-6.003686456819999648e+02
-6.043343017460000510e+02
-6.015002474399999528e+02
-6.034488768100000016e+02
-5.983667873460000237e+02
-5.983565173900000218e+02
-6.019621754309999915e+02
-5.885401673159999518e+02
-5.950992774100000133e+02
-6.010869329130000551e+02
-6.008114321719999680e+02
-5.981983412670000462e+02
-5.992056517190000022e+02
-5.931648611990000290e+02
-6.006889013590000559e+02
-5.967944866210000328e+02
-6.003601360379999505e+02
-5.963703523420000465e+02
-5.939165768359999902e+02
-6.003357467929999984e+02
-5.972055365559999700e+02
-6.024253879120000192e+02
-5.987294554710000511e+02
-5.964735861990000103e+02
-5.987464446320000206e+02
-5.982445583889999625e+02
-5.956033089139999674e+02
-5.923068296290000490e+02
-5.930445345780000252e+02
-6.049807415310000351e+02
-5.964232583640000485e+02
-5.991050741010000138e+02
-5.987945179549999466e+02
-6.037201445760000524e+02
-5.773216679360000398e+02
-5.983866297499999973e+02
-5.961454671660000031e+02
-6.017256208190000280e+02
-5.977024069090000467e+02
-5.873797983969999450e+02
-5.937180478819999507e+02
-5.989509396769999512e+02
-5.967028822349999473e+02
-6.037664502110000058e+02
-5.905961920490000239e+02
-5.967062028499999542e+02
-5.980641207290000239e+02
-6.004336245590000090e+02
-6.009603997619999518e+02
-6.006038789729999507e+02
-6.018819481739999446e+02
-5.970867767299999969e+02
-5.971903621899999735e+02
-6.013105529040000192e+02
-6.042065602960000206e+02
-5.979154713509999510e+02
-5.899719998350000196e+02
-5.935857937199999697e+02
-5.982241884500000424e+02
-6.026646087560000069e+02
-6.013577473200000441e+02
-6.008075925900000129e+02
-6.024726403260000325e+02
-6.037937855290000471e+02
-6.050772269369999776e+02
-5.908033202440000196e+02
-6.037121690279999484e+02
-6.036121516590000056e+02
-6.019215609159999758e+02
-5.989335950580000372e+02
-6.013718097690000377e+02
-5.996390406149999990e+02
-5.887721778559999848e+02
-5.961767795780000370e+02
-5.999668361420000338e+02
-6.054061955780000517e+02
-6.030114461450000363e+02
-6.026727443429999767e+02
-6.028447947339999473e+02
-5.999462355680000201e+02
-5.849488865810000107e+02
-6.018050167840000313e+02
-5.982300447989999839e+02
-5.995848096739999846e+02
-5.873713612560000001e+02
-5.860928727680000065e+02
-6.002964121810000506e+02
-5.966783450379999749e+02
-5.955010377559999597e+02
-5.974866693520000354e+02
-5.881866613189999953e+02
-5.867690051299999823e+02
-5.872628628999999592e+02
-5.943296850350000113e+02
-5.976316372799999499e+02
-5.931840978339999992e+02
-5.980853644449999820e+02
-5.974493822890000274e+02
-6.003772511529999747e+02
-5.972420154569999795e+02
-5.990420054639999989e+02
-6.011817521699999816e+02
-6.012543884369999887e+02
-5.998321252169999980e+02
-6.008563103069999443e+02
-5.981344400619999533e+02
-5.982128545399999666e+02
-5.954606685300000208e+02
-5.869465336539999498e+02
-6.012092094570000427e+02
-5.996451919830000179e+02
-6.034780858399999488e+02
-5.903480695900000228e+02
-5.908843327140000383e+02
-6.002197699130000501e+02
-5.904914979430000130e+02
-5.940168140069999936e+02
-6.008927945279999676e+02
-5.961558651069999542e+02
-5.899182166289999714e+02
-6.000918997520000175e+02
-5.973303310300000248e+02
-5.976825632070000438e+02
-6.002680778669999881e+02
-6.033443124799999850e+02
-6.028765737799999442e+02
-6.005251820089999910e+02
-5.988844648350000170e+02
-5.947380246400000487e+02
-6.042020628340000030e+02
-5.854369765679999773e+02
-6.019065604459999577e+02
-5.887312929429999713e+02
-5.952739098020000483e+02
-5.942908081199999515e+02
-5.989373141070000202e+02
-5.973545713129999513e+02
-5.981877569419999645e+02
-5.946041357770000104e+02
-5.960241240540000263e+02
-5.951989391939999905e+02
-6.030487655529999529e+02
-5.940277274269999452e+02
-5.997034867889999532e+02
-6.034242301279999765e+02
-6.014262781349999614e+02
-5.995781067379999740e+02
-5.974541957870000033e+02
-6.016422521810000035e+02
-6.001881209440000475e+02
-6.035235033510000449e+02
-6.005192299279999588e+02
-6.019617870660000563e+02
-5.907262664959999938e+02
-5.897483086449999519e+02
-5.981975028870000415e+02
-6.003541696669999510e+02
-5.944933480659999532e+02
-5.909744921100000283e+02
-5.903676571449999528e+02
-5.951188229790000150e+02
-5.848022235659999524e+02
-5.904970014120000315e+02
-6.000406360260000156e+02
-6.039595545109999648e+02
-6.034093894589999536e+02
-6.000269528219999984e+02
-5.888820891809999694e+02
-5.939655944050000471e+02
-5.901637954929999523e+02
-5.958029074949999995e+02
-5.960921405809999669e+02
-5.981615069560000393e+02
-5.866956224460000158e+02
-5.983677440310000293e+02
-6.054839724360000446e+02
-6.014352083270000549e+02
-5.912796169389999932e+02
-5.968859039919999532e+02
-5.910097002039999552e+02
-6.038462134019999894e+02
-6.004827040239999860e+02
-6.000755324919999794e+02
-5.994353304740000112e+02
-5.927392869090000431e+02
-6.009489965740000343e+02
-5.988406064849999666e+02
-5.968440602179999814e+02
-5.981051108030000023e+02
-5.978913030209999988e+02
-5.935458084670000289e+02
-5.986358259129999624e+02
-5.882368477590000566e+02
-5.980614137579999579e+02
-6.013313305789999959e+02
-6.042817291579999619e+02
-5.965815645779999841e+02
-6.009953213979999873e+02
-6.015660122020000244e+02
-6.021494694660000278e+02
-5.980498981230000481e+02
-5.911243870570000354e+02
-5.980974826609999582e+02
-5.992557018319999997e+02
-5.943143544810000094e+02
-5.929412482010000076e+02
-5.931623284759999706e+02
-5.922268458680000549e+02
-6.046216012749999891e+02
-6.003087956370000029e+02
-5.976282428050000135e+02
-6.028014156990000174e+02
-5.951989369240000087e+02
-5.910327915149999853e+02
-6.020058981939999967e+02
-5.940849634910000532e+02
-5.913677413569999999e+02
-5.962530926509999745e+02
-5.931746661849999782e+02
-5.943876934959999971e+02
-6.033593354629999794e+02
-5.914774252910000314e+02
-5.961367704560000220e+02
-5.902790855169999986e+02
-5.929016922660000546e+02
-5.971741589859999522e+02
-5.891805662230000280e+02
-6.048048936129999902e+02
-6.018856949180000129e+02
-6.039374289739999995e+02
-6.019912491060000548e+02
-5.951233533229999466e+02
-5.949902781329999470e+02
-6.003296213989999615e+02
-5.908807646149999755e+02
-5.960206029739999849e+02
-5.947388189609999927e+02
-5.925138587229999985e+02
-5.927332757679999986e+02
-5.952987051960000144e+02
-5.923959991220000347e+02
-6.036073718139999755e+02
-5.971782265250000137e+02
-5.982109005739999930e+02
-6.040681548689999545e+02
-6.017485736600000337e+02
-5.984445316430000048e+02
-5.990772863539999662e+02
-5.967083942819999720e+02
-5.978674031110000442e+02
-5.994971528290000151e+02
-5.995107958380000355e+02
-6.035597508240000479e+02
-5.964663275970000313e+02
-5.938585291330000473e+02
-5.963072049910000487e+02
-6.006647699500000499e+02
-5.975071625379999887e+02
-5.943524939940000422e+02
-6.001983397430000196e+02
-5.954241900819999955e+02
-5.985118720279999707e+02
-5.861100634599999921e+02
-6.034836539550000225e+02
-6.047977746510000543e+02
-5.979343120739999904e+02
-5.971462822460000552e+02
-5.932209038949999922e+02
-5.941887325740000279e+02
-5.959584980050000240e+02
-5.975137402620000557e+02
-5.982472176459999673e+02
-5.987504427379999470e+02
-6.009095497670000441e+02
-6.041866112809999549e+02
-5.906337263919999714e+02
-6.013140938579999784e+02
-5.950455392019999863e+02
-6.034895966450000060e+02
-5.999076742949999925e+02
-6.020765028380000103e+02
-6.010924418859999605e+02
-5.825904797509999753e+02
-6.062352492270000539e+02
-5.971813121999999794e+02
-5.849188271939999595e+02
-6.048606102649999912e+02
-5.992253541579999592e+02
-5.969858194590000267e+02
-5.978106860980000192e+02
-5.984922565130000294e+02
-6.057979734479999934e+02
-5.917821346729999732e+02
-5.910844304250000505e+02
-6.019824232280000160e+02
-5.996197767480000493e+02
-5.824126550769999540e+02
-5.908577252229999885e+02
-6.016607286089999889e+02
-5.996970780200000490e+02
-6.003202142119999962e+02
-5.971347354580000228e+02
-6.008048974020000514e+02
-5.957275375039999972e+02
-6.042377490379999472e+02
-5.953220829319999439e+02
-5.703323781840000493e+02
-5.980496340490000193e+02
-5.865866534049999927e+02
-5.970098223139999618e+02
-5.956056776399999535e+02
-6.002398235990000330e+02
-6.003243310870000187e+02
-5.907618627399999696e+02
-6.040320487850000291e+02
-5.941591728439999542e+02
-5.878905830259999448e+02
-6.013094458409999561e+02
-5.933165451620000113e+02
-6.007724354470000208e+02
-5.844789805850000448e+02
-6.011856248289999485e+02
-5.873279481020000503e+02
