-5.824629991550000341e+02
-5.762127702249999857e+02
-5.871504694139999856e+02
-5.859708440609999798e+02
-5.675690113010000459e+02
-6.046847848800000520e+02
-6.039484240790000058e+02
-6.037387499110000135e+02
-6.032142461470000399e+02
-5.944765113810000230e+02
-5.941782647549999865e+02
-5.959468124109999962e+02
-5.920827253459999611e+02
-5.974002882720000116e+02
-5.859984147510000412e+02
-5.957652443069999890e+02
-5.972678467709999950e+02
-5.963183926819999670e+02
-5.896608765559999483e+02
-5.825519771579999997e+02
-5.929993415440000035e+02
-5.882948947329999783e+02
-5.944853946189999760e+02
-5.921765207470000405e+02
-5.985601346229999535e+02
-5.853724405789999992e+02
-5.813092589069999576e+02
-5.920899887269999908e+02
-5.903137716270000510e+02
-5.949150909779999665e+02
-5.915059363010000197e+02
-5.844738919390000547e+02
-5.928315575650000255e+02
-5.986506807849999632e+02
-5.871123270020000291e+02
-5.924454072549999637e+02
-5.965881281749999516e+02
-5.874790611019999460e+02
-5.990976475119999805e+02
-5.823265654279999808e+02
-5.977448950450000211e+02
-5.867650131780000038e+02
-5.785715849529999559e+02
-5.982769962410000062e+02
-5.938446747220000361e+02
-5.864360946030000150e+02
-5.879197968969999692e+02
-5.990127046899999641e+02
-5.992836587419999432e+02
-5.847922214940000458e+02
-5.956474972170000228e+02
-5.934658096030000252e+02
-5.998831589540000095e+02
-6.029989798929999552e+02
-5.783510714000000235e+02
-5.961984443060000558e+02
-6.027305600759999606e+02
-6.041876329599999735e+02
-5.924222907419999729e+02
-5.932725474750000103e+02
-5.911973454970000148e+02
-5.977052164469999980e+02
-5.913751741029999494e+02
-5.979841658779999989e+02
-5.974681108019999556e+02
-5.900855882609999981e+02
-5.928556444390000024e+02
-5.961886183039999878e+02
-5.927847656530000222e+02
-5.919266378539999778e+02
-5.886631773789999897e+02
-5.877246161269999902e+02
-5.962420031460000018e+02
-5.886455564159999767e+02
-5.985958329710000498e+02
-5.963364317479999954e+02
-5.859478450259999818e+02
-5.927095989839999675e+02
-5.980085319910000408e+02
-5.865548464900000454e+02
-5.890266969440000366e+02
-5.905837311689999751e+02
-6.024899959159999980e+02
-5.739390880549999565e+02
-5.975467367490000470e+02
-5.851917041289999588e+02
-5.903915480360000174e+02
-5.980639955350000037e+02
-5.920102374430000509e+02
-5.997619071880000092e+02
-5.704946229260000337e+02
-5.962084388890000355e+02
-5.900999979260000146e+02
-5.919381508809999559e+02
-5.980500693420000289e+02
-6.032286181389999911e+02
-6.006276370670000233e+02
-5.937355049320000262e+02
-5.938470443740000064e+02
-5.953007537319999756e+02
-6.020541561600000477e+02
-5.889399468479999769e+02
-5.888211193500000036e+02
-5.877493609050000032e+02
-5.877989654670000164e+02
-5.921857086369999479e+02
-5.986218928050000159e+02
-5.955097987899999907e+02
-5.863424203490000082e+02
-5.918599359989999584e+02
-5.968353409269999474e+02
-5.794829363400000375e+02
-5.814378339999999525e+02
-5.764084472660000529e+02
-5.938965874240000176e+02
-5.800330289229999607e+02
-5.898380406049999465e+02
-5.822570499500000096e+02
-5.900974679060000199e+02
-5.933869313640000200e+02
-6.011850569440000527e+02
-5.891545483690000538e+02
-6.024952707219999866e+02
-5.994592232610000337e+02
-5.806868315729999495e+02
-5.953927826430000323e+02
-5.786977155539999558e+02
-5.804826037740000402e+02
-5.875248342610000236e+02
-5.962175850160000437e+02
-5.842798603889999640e+02
-5.924457134919999817e+02
-5.819572340570000506e+02
-5.944263345150000077e+02
-5.773896044589999974e+02
-5.989583886719999555e+02
-5.919882504360000439e+02
-5.875577337490000218e+02
-5.994710026389999484e+02
-5.729053475150000168e+02
-5.874980763470000511e+02
-5.822209684020000395e+02
-5.978403372579999768e+02
-5.948195026949999829e+02
-5.599017568949999486e+02
-5.993619482289999496e+02
-5.901632743169999458e+02
-5.963494094059999497e+02
-6.000724295830000301e+02
-5.826864289940000390e+02
-5.957879827049999903e+02
-5.902057304249999561e+02
-5.899998696960000188e+02
-5.961241605699999582e+02
-5.955054475340000408e+02
-5.891178159810000352e+02
-5.886526122579999765e+02
-5.899937284510000381e+02
-5.960644071330000315e+02
-5.929681367099999534e+02
-5.888817172560000017e+02
-6.016354089589999603e+02
-5.699417218339999636e+02
-5.920231378779999432e+02
-5.962238429249999854e+02
-5.890439465220000557e+02
-5.902633518359999698e+02
-5.872941101200000276e+02
-6.037189232360000233e+02
-5.830357061759999624e+02
-5.765049539829999503e+02
-5.929554344450000372e+02
-5.806795746730000474e+02
-6.006162722289999465e+02
-5.991717471900000191e+02
-5.985016290900000513e+02
-5.788565365299999712e+02
-5.935619790340000463e+02
-5.940871341490000077e+02
-5.898228380970000444e+02
-5.891700742660000287e+02
-5.915989120089999460e+02
-5.951976581789999727e+02
-5.770281871590000264e+02
-5.949855385079999905e+02
-5.908067749030000186e+02
-5.973078023550000353e+02
-5.981863400380000257e+02
-5.969007860990000154e+02
-5.920042220779999980e+02
-5.857825269420000041e+02
-5.781774913550000292e+02
-5.937748460730000488e+02
-5.975518463160000238e+02
-5.844073720349999803e+02
-6.050129325100000415e+02
-5.918474017610000146e+02
-5.940583299249999527e+02
-6.013525687180000432e+02
-6.009726664949999986e+02
-6.008188555069999666e+02
-5.939693782479999982e+02
-5.896501194100000021e+02
-5.889228716019999865e+02
-5.977236205090000567e+02
-5.710397029560000419e+02
-5.852050597779999634e+02
-6.022190332229999967e+02
-5.898598159299999679e+02
-5.910157917789999829e+02
-5.896169955100000379e+02
-5.819603109109999650e+02
-5.908443556739999849e+02
-5.855527413920000299e+02
-5.742787580789999993e+02
-5.897716961999999512e+02
-5.905667791639999677e+02
-6.015609045910000532e+02
-5.973772887059999448e+02
-6.000487884460000032e+02
-5.898388147599999911e+02
-5.921876230179999538e+02
-5.972449229210000112e+02
-5.858756868420000501e+02
-5.907963445760000241e+02
-6.047634705259999919e+02
-5.941813858420000543e+02
-5.970743471350000391e+02
-5.940068617120000454e+02
-5.937611079299999801e+02
-5.885938395370000080e+02
-5.929542596669999739e+02
-5.814955756509999674e+02
-5.925005142119999846e+02
-5.772255373929999678e+02
-6.018862406870000541e+02
-5.931921439679999821e+02
-5.736266318640000463e+02
-6.004557809120000229e+02
-6.006353674130000400e+02
-5.895960752619999994e+02
-5.945253854180000417e+02
-5.925092648989999589e+02
-5.910454268349999438e+02
-5.868786870320000162e+02
-5.979891049540000267e+02
-5.874328232740000431e+02
-5.896712789560000374e+02
-5.966356142350000482e+02
-5.848901977619999570e+02
-5.985349559840000211e+02
-5.879561608210000259e+02
-5.895569582809999929e+02
-5.984768748699999605e+02
-5.993054373869999836e+02
-5.877385199589999729e+02
-6.016674769649999917e+02
-5.924252306360000375e+02
-5.999827042120000442e+02
-6.005505654290000166e+02
-5.819563467489999766e+02
-5.969368802139999843e+02
-5.911022770639999635e+02
-5.975156339760000037e+02
-5.999974277170000505e+02
-5.951063089729999547e+02
-5.823258531840000387e+02
-5.819748371489999954e+02
-5.804962521420000030e+02
-6.028128061410000100e+02
-5.897230261480000308e+02
-5.932377601379999987e+02
-5.929477353529999846e+02
-5.982926219380000248e+02
-5.882701212819999910e+02
-5.996420051420000163e+02
-5.980274640420000196e+02
-5.867138228280000476e+02
-5.972582115029999841e+02
-5.938582268090000298e+02
-6.026681324859999904e+02
-5.971524457420000545e+02
-5.619901271879999740e+02
-5.971866143390000161e+02
-5.819683951179999895e+02
-5.997365519500000346e+02
-5.904264232010000342e+02
-5.859396097650000002e+02
-5.920575198039999805e+02
-5.864726878669999905e+02
-5.842493563929999709e+02
-6.050144942509999737e+02
-5.868170071120000557e+02
-6.011390171150000015e+02
-6.003234116459999541e+02
-5.905165710569999646e+02
-5.978249167070000567e+02
-6.051005240819999926e+02
-5.933678682439999648e+02
-5.734512189240000453e+02
-5.766055964810000205e+02
-6.014344341129999520e+02
-5.952669125769999710e+02
-5.955346444919999840e+02
-5.752180253259999745e+02
-5.871216731150000214e+02
-5.866404999100000168e+02
-5.750590066849999857e+02
-5.794030337000000372e+02
-5.940502533390000508e+02
-5.965468720290000419e+02
-6.035698952760000111e+02
-5.936279058259999601e+02
-5.794549376180000309e+02
-5.829348649569999452e+02
-6.009046949490000316e+02
-5.878675322139999935e+02
-5.612567825109999831e+02
-5.806418431680000367e+02
-5.887748703519999935e+02
-5.932901656750000257e+02
-5.970118798810000271e+02
-5.946278767920000519e+02
-5.855976845620000404e+02
-6.039532644680000431e+02
-5.992200572740000553e+02
-5.994652933679999478e+02
-5.940430761410000287e+02
-5.867383526200000006e+02
-6.023355897149999691e+02
-5.845560330160000149e+02
-5.942876834349999626e+02
-5.926251700130000017e+02
-5.986404501030000347e+02
-5.835167008280000118e+02
-5.847529960860000529e+02
-5.833450539570000046e+02
-5.880688823839999486e+02
-5.873867591519999678e+02
-5.880095878639999682e+02
-5.812411901269999817e+02
-5.992391428480000286e+02
-5.909037703569999849e+02
-5.902153446099999883e+02
-5.835731132810000190e+02
-5.831600416019999784e+02
-5.991329478500000505e+02
-5.999113669900000332e+02
-6.040996715879999783e+02
-5.916911971509999830e+02
-5.976286567050000258e+02
-5.921453634389999934e+02
-5.862903521429999500e+02
-5.933379132339999842e+02
-5.825710426480000024e+02
-5.916693289520000008e+02
-5.944372090220000473e+02
-5.873433750640000426e+02
-6.040258056549999992e+02
-5.961942263419999790e+02
-6.034703197400000363e+02
-5.989117259119999517e+02
-6.018594801210000469e+02
-6.016307652379999809e+02
-5.957976280499999575e+02
-5.908548674329999812e+02
-5.960970987230000446e+02
-5.926420144160000518e+02
-5.966113725459999841e+02
-5.900819574380000176e+02
-5.805811029069999449e+02
-5.847323707870000362e+02
-5.812519776410000532e+02
-5.898685896419999608e+02
-5.860022541370000226e+02
-5.943020997359999456e+02
-5.701451025459999755e+02
-5.703053626429999667e+02
-5.918428515750000543e+02
-5.977736682400000063e+02
-5.854757261620000008e+02
-5.861288049040000487e+02
-5.961158639440000115e+02
-5.996688787110000476e+02
-5.972316340219999802e+02
-5.956732322079999449e+02
-5.961074185820000366e+02
-5.963799708740000369e+02
-6.007368462240000326e+02
-6.010851570019999599e+02
-5.940538388520000126e+02
-5.878556368719999909e+02
-5.954058871299999964e+02
-5.967286954410000135e+02
-5.902434167500000513e+02
-6.017578492579999647e+02
-6.018717386460000398e+02
-5.948543239189999667e+02
-5.937770861830000513e+02
-5.889754273380000313e+02
-5.945247196010000152e+02
-5.765239812490000304e+02
-5.780855577999999468e+02
-5.957179907949999915e+02
-5.783766942449999533e+02
-5.817520850600000131e+02
-5.977884001850000004e+02
-6.009511006709999492e+02
-5.936724259229999916e+02
-5.880696976870000299e+02
-5.881072383969999464e+02
-6.015341812599999685e+02
-5.977783238639999581e+02
-5.716580001019999600e+02
-5.955393975169999976e+02
-5.952077539550000438e+02
-5.687816207639999675e+02
-5.952341849829999774e+02
-6.001084730510000327e+02
-5.880374805090000336e+02
-5.957675486599999886e+02
-5.921336596600000348e+02
-5.648030200980000473e+02
-5.979544753410000339e+02
-5.948189247530000330e+02
-5.908361264630000278e+02
-5.991688889370000197e+02
-5.655398188340000161e+02
-5.977807817679999971e+02
-5.965999100809999618e+02
-5.979714970219999941e+02
-6.012966446030000043e+02
-5.871850359679999656e+02
-5.899097498879999648e+02
-5.990019798460000402e+02
-5.778663517840000168e+02
-5.888024083359999850e+02
-5.869420110959999874e+02
-5.839549527909999824e+02
-5.923334419459999935e+02
-5.958324639490000436e+02
-5.794436252570000079e+02
-5.965706173219999755e+02
-6.012951984029999721e+02
-5.757597357180000017e+02
-5.955347537320000129e+02
-5.843111918509999896e+02
-5.804337552060000007e+02
-5.817509750499999654e+02
-5.945053088639999714e+02
-5.859482388870000023e+02
-5.899475014619999911e+02
-5.826362223500000255e+02
-5.916335758870000063e+02
-5.822675603960000217e+02
-5.975782706630000121e+02
-5.838790779409999914e+02
-5.965991510889999745e+02
-5.989274784000000409e+02
-5.924022879139999986e+02
-5.970454387380000298e+02
-5.957470170530000360e+02
-5.880579637600000069e+02
-5.853563102419999495e+02
-5.916609694899999567e+02
-5.896509826569999859e+02
-5.918168352349999850e+02
-5.825436369130000003e+02
-5.667692911049999793e+02
-5.942872847190000130e+02
-6.008915069370000310e+02
-5.969647389509999584e+02
-5.946727386500000421e+02
-6.008746650069999760e+02
-5.964823527969999759e+02
-5.617472778540000036e+02
-5.864841514050000342e+02
-5.946344077630000129e+02
-5.904377463250000346e+02
-6.022191358600000513e+02
-5.907765445420000106e+02
-6.033949185660000012e+02
-5.869098017420000133e+02
-5.924354930240000385e+02
-5.963364045770000530e+02
-5.939835945099999890e+02
-5.924293892120000464e+02
-5.972112354079999932e+02
-5.830951389529999460e+02
-5.898567329019999761e+02
-5.927401235490000317e+02
-5.949702731170000334e+02
-5.951304982670000072e+02
-5.960111717219999719e+02
-5.872607250180000165e+02
-6.050192003030000478e+02
-5.939731127490000517e+02
-5.946550576629999796e+02
-5.914920376420000139e+02
-5.807446448749999490e+02
-5.914801693870000463e+02
-5.948683817840000074e+02
-5.959254669279999916e+02
-5.883288955259999966e+02
-5.887031125930000144e+02
-5.918975392779999538e+02
-5.882024768429999995e+02
-5.966300726219999433e+02
-5.855925512190000291e+02
-5.856143799709999485e+02
-6.018072256240000115e+02
-5.905397355530000141e+02
-5.906223558950000552e+02
-5.917858998289999590e+02
-5.665533242599999539e+02
-5.994251684729999852e+02
-6.001652812569999469e+02
-5.902212790549999681e+02
-5.997541947449999498e+02
-5.980575116339999795e+02
-5.880525959410000496e+02
-5.884709609200000386e+02
-5.883248819499999627e+02
-6.030690323369999533e+02
-5.967261091159999751e+02
-5.755121949299999642e+02
-5.883777227260000018e+02
-5.885097164530000100e+02
-6.006724243469999465e+02
-6.024464353659999460e+02
-5.958058523989999458e+02
-5.940971371970000519e+02
-5.906523702509999794e+02
-5.921496998769999891e+02
-5.939098509250000006e+02
-5.921055108220000420e+02
-5.957298068479999529e+02
-5.984085077480000336e+02
-5.975082820119999951e+02
-5.976150475709999910e+02
-5.924758278599999812e+02
-5.937547208519999913e+02
-5.910491833040000529e+02
-5.851290277719999722e+02
-5.926751011379999454e+02
-5.914766650799999752e+02
-5.969610380880000093e+02
-5.942740902609999694e+02
-5.757082688010000311e+02
-5.955626660860000356e+02
-5.929814563620000172e+02
-5.961643482859999494e+02
-5.847208126020000236e+02
-5.945591221189999942e+02
-5.985605740409999953e+02
-5.921631938819999732e+02
-5.939605442329999505e+02
-5.967439631009999630e+02
-5.952765575920000174e+02
-5.979491922089999889e+02
-5.928569120759999578e+02
-5.945358873530000210e+02
-5.821127442109999492e+02
-5.804213250770000059e+02
-5.989440001240000129e+02
-5.955731053270000075e+02
-5.916436440400000265e+02
-5.935973993920000567e+02
-5.864664621220000527e+02
-5.968839400330000444e+02
-5.904136802450000232e+02
-5.928328059499999654e+02
-5.822651689110000461e+02
-5.934635201470000538e+02
-6.021513472960000399e+02
-5.722008302330000333e+02
-5.989176504990000467e+02
-5.901459443190000229e+02
-5.967949625139999625e+02
-5.989151824100000567e+02
-5.965894825860000310e+02
-5.833464711840000518e+02
-5.928310792219999712e+02
-5.888437522570000056e+02
-6.002403050179999582e+02
-5.905429010330000210e+02
-5.887704521949999616e+02
-5.964874185600000374e+02
-5.747471956509999700e+02
-5.902873351279999952e+02
-5.878345970220000254e+02
-5.963859931330000563e+02
-5.958349590259999786e+02
-6.021783220139999457e+02
-5.968902587449999828e+02
-5.852457290940000121e+02
-5.893544261370000186e+02
-5.892120916339999894e+02
-5.815663675370000192e+02
-5.868812684250000302e+02
-5.715103658860000451e+02
-5.945248475570000437e+02
-5.951566431899999543e+02
-5.818438318490000256e+02
-5.929488833489999706e+02
-5.909083984339999915e+02
-5.977027656090000391e+02
-5.975846863350000149e+02
-5.923233008089999885e+02
-5.921641799569999876e+02
-5.877139395340000192e+02
-5.967752899050000224e+02
-5.867953419259999919e+02
-5.849089370540000345e+02
-6.012793488199999956e+02
-5.969540896690000409e+02
-5.907855249330000333e+02
-5.894943056529999694e+02
-6.044068999080000140e+02
-6.004387605790000180e+02
-6.039100462430000107e+02
-6.048910259010000345e+02
-5.977288365780000277e+02
-5.923991957749999528e+02
-5.736213630349999448e+02
-5.818078339400000232e+02
-5.828807881740000312e+02
-6.032581275899999582e+02
-5.977739916980000316e+02
-5.697244540289999577e+02
-5.788986421710000059e+02
-6.046278674259999661e+02
-5.988948532819999855e+02
-5.847820875349999596e+02
-5.930788449090000540e+02
-5.960805256920000375e+02
-5.938750382599999966e+02
-5.986100152489999573e+02
-5.878644027379999670e+02
-5.760563251089999994e+02
-5.800140574759999481e+02
-5.964580180729999483e+02
-5.904126911810000138e+02
-5.848676418060000515e+02
-5.769506826970000475e+02
-5.733991478890000053e+02
-5.781490495719999672e+02
-5.848795081660000506e+02
-6.041913255570000274e+02
-6.024007179989999941e+02
-5.911974964019999561e+02
-6.006621341060000532e+02
-5.958502615590000460e+02
-5.778130301009999812e+02
-5.969555937239999821e+02
-5.879872234330000538e+02
-5.928689848400000528e+02
-5.951033587450000368e+02
-5.764511825069999986e+02
-5.903350232020000021e+02
-5.899209584540000151e+02
-5.836428668019999577e+02
-5.907862779949999776e+02
-5.984523421500000495e+02
-6.012807242359999691e+02
-5.953419234310000547e+02
-5.924421185700000478e+02
-5.899656671090000373e+02
-5.915544363459999886e+02
-5.834987619800000402e+02
-6.022800917700000127e+02
-5.949995627240000431e+02
-5.874966316909999478e+02
-5.949111648409999589e+02
-5.865036640050000187e+02
-5.867020987800000285e+02
-5.961631803709999531e+02
-5.959362053139999489e+02
-6.014744268440000496e+02
-5.928644085629999836e+02
-5.847083053569999720e+02
-6.019047704439999507e+02
-5.902403867770000261e+02
-5.936059808410000187e+02
-5.945212038429999666e+02
-5.937347105359999659e+02
-5.894200415520000433e+02
-5.882890503879999642e+02
-5.899344842689999950e+02
-5.894502930720000222e+02
-5.998149502940000275e+02
-5.978434940070000039e+02
-5.954512448809999796e+02
-5.871872098989999813e+02
-6.062659444590000248e+02
-5.972340741020000223e+02
-6.000570068060000040e+02
-6.009555123300000332e+02
-6.016895984730000464e+02
-5.930426012880000144e+02
-5.897877247269999543e+02
-5.945109350660000018e+02
-5.930454062290000365e+02
-5.847142169390000390e+02
-5.851393382940000265e+02
-5.814337765669999953e+02
-6.002363085599999977e+02
-5.839902515539999968e+02
-5.914505071400000134e+02
-5.989717499880000560e+02
-5.908752173090000497e+02
-6.032911360589999958e+02
-5.930402549340000178e+02
-5.855175810949999686e+02
-5.893825412510000206e+02
-5.946060964920000060e+02
-5.833785517210000080e+02
-5.984345111269999506e+02
-5.986072726669999611e+02
-5.932430681649999542e+02
-5.983315077649999694e+02
-5.897972231270000520e+02
-6.008179240020000407e+02
-6.009598309069999686e+02
-5.987623738060000278e+02
-5.933240068970000038e+02
-5.855872704360000398e+02
-5.893117027370000187e+02
-5.964304842789999839e+02
-5.795966141440000001e+02
-5.787294266769999922e+02
-5.920307608430000528e+02
-5.940820122589999528e+02
-5.890735765010000478e+02
-5.885941253160000315e+02
-5.945556080740000198e+02
-5.938784238760000562e+02
-5.969934966280000026e+02
-6.027042496239999991e+02
-5.828493864020000501e+02
-5.830467258490000404e+02
-5.926456439410000030e+02
-5.996980621510000447e+02
-5.928658846419999691e+02
-5.841491803390000541e+02
-5.862984480659999917e+02
-5.833586258980000139e+02
-5.899315652100000307e+02
-5.813935250829999859e+02
-5.968271528230000058e+02
-5.973660480419999885e+02
-5.964812729459999900e+02
-5.875432428179999533e+02
-5.974222578090000297e+02
-6.018219371709999450e+02
-5.968253688019999572e+02
-5.760303203199999871e+02
-6.021173074380000116e+02
-5.883673218789999737e+02
-5.854856206880000400e+02
-5.993677758159999485e+02
-5.922693496309999546e+02
-5.956907100270000228e+02
-5.956786831629999597e+02
-5.828919250090000332e+02
-5.926429034540000202e+02
-5.821547747240000490e+02
-5.719955883889999768e+02
-5.921781825379999873e+02
-5.851812332140000308e+02
-5.757824619750000466e+02
-5.798806228739999824e+02
-5.931107931980000103e+02
-5.959388752090000025e+02
-5.749330390420000185e+02
-5.869116381500000443e+02
-5.925585571589999745e+02
-6.047891407470000331e+02
-5.957669106859999602e+02
-5.976084972989999642e+02
-5.861715421730000344e+02
-5.966280596899999864e+02
-5.886938416799999914e+02
-5.915175378950000322e+02
-5.829714151169999923e+02
-5.926763830260000532e+02
-5.814589440019999529e+02
-5.857775217180000027e+02
-5.960657831710000210e+02
-5.968714642180000283e+02
-5.940638492919999862e+02
-5.980705913929999724e+02
-5.810317440249999663e+02
-6.031749649319999662e+02
-5.891028478880000421e+02
-6.037843779089999998e+02
-6.023103533140000536e+02
-5.879129312459999710e+02
-5.909289285920000339e+02
-5.736312744990000283e+02
-5.920620168450000165e+02
-5.969216221939999514e+02
-5.865641183650000130e+02
-5.974012618790000033e+02
-5.942841089730000022e+02
-5.671352749970000104e+02
-5.951958195480000313e+02
-6.026969525529999601e+02
-5.918236535889999459e+02
-5.996299187580000307e+02
-5.741116364260000182e+02
-5.922349049870000499e+02
-5.682673473610000201e+02
-5.658931899750000412e+02
-5.936226479859999472e+02
-5.826880957350000472e+02
-5.867657613650000030e+02
-6.014378243569999540e+02
-5.973262964589999910e+02
-5.973968586759999653e+02
-5.987936657059999561e+02
-5.991722795350000297e+02
-5.912865637080000170e+02
-5.836287903789999518e+02
-5.743905554579999944e+02
-5.819710477029999538e+02
-5.898997909270000264e+02
-5.816761843680000084e+02
-5.932099865110000110e+02
-5.923819038350000028e+02
-5.844233578460000444e+02
-5.926663474240000369e+02
-5.498718686830000024e+02
-5.875908904469999925e+02
-5.983486546269999735e+02
-5.808621697959999892e+02
-5.945896882690000211e+02
-5.920311801499999547e+02
-5.967774643620000461e+02
-5.760100356650000322e+02
-5.961128036640000118e+02
-6.007562031559999696e+02
-5.890704018909999604e+02
-5.977698852519999946e+02
-5.920771435660000179e+02
-5.917812905319999572e+02
-5.956058814929999699e+02
-5.925771691920000421e+02
-5.844961859679999634e+02
-5.942665261030000465e+02
-5.939516208149999557e+02
-6.021212607930000331e+02
-5.917606046810000180e+02
-6.014905889689999867e+02
-5.923070624700000053e+02
-5.794354146829999763e+02
-5.933451838400000042e+02
-5.930439189090000127e+02
-5.893813209910000523e+02
-5.932677308339999627e+02
-5.973978962039999487e+02
-5.907874793129999489e+02
-5.982643006910000167e+02
-5.903652568180000344e+02
-5.858182325679999849e+02
-5.930198662340000055e+02
-5.902186911390000432e+02
-5.895053337130000273e+02
-6.044707621769999832e+02
-5.969775477330000513e+02
-6.032133681499999511e+02
-6.009295793850000109e+02
-6.011606703080000216e+02
-5.992592248400000017e+02
-6.029960432999999966e+02
-5.907291190729999926e+02
-5.922457215609999821e+02
-5.980809102309999616e+02
-5.865691482979999591e+02
-5.824534707110000227e+02
-5.858498988269999472e+02
-5.902651193279999688e+02
-5.998199696789999962e+02
-5.921031179000000293e+02
-5.888260693830000037e+02
-5.987470035979999921e+02
-5.974646757069999694e+02
-6.046052753129999928e+02
-5.871784892540000556e+02
-5.818921134429999711e+02
-5.986432560499999909e+02
-5.969924082400000316e+02
-5.837947399659999519e+02
-5.986564088269999502e+02
-5.932721307719999686e+02
-5.989519177739999805e+02
-5.963885125660000313e+02
-5.937772618120000061e+02
-5.762329167450000114e+02
-5.568085616949999803e+02
-5.769559543249999933e+02
-5.862252116959999739e+02
-5.890549231449999752e+02
-5.855041397139999617e+02
-5.990247506099999555e+02
-5.909040762199999790e+02
-5.948507982930000253e+02
-5.972342701180000404e+02
-5.966102088390000517e+02
-6.015477098400000386e+02
-5.743641505330000427e+02
-5.939389980250000463e+02
-5.853282057440000017e+02
-5.877702608119999468e+02
-6.000271032519999608e+02
-5.935707587949999606e+02
-5.850113257330000351e+02
-5.848397691239999858e+02
-5.869753912019999689e+02
-5.930351765819999628e+02
-5.901069441180000013e+02
-6.023211550790000501e+02
-5.917427457490000506e+02
-5.879583860499999446e+02
-5.903975619860000279e+02
-5.853331663220000110e+02
-5.905776849909999555e+02
-5.868949502540000367e+02
-6.025497319610000204e+02
-6.059520941450000464e+02
-6.029752217609999434e+02
-5.904313965000000053e+02
-6.011454737850000356e+02
-5.778491461559999607e+02
-6.003143197690000079e+02
-6.024245681989999639e+02
-5.931384376869999642e+02
-5.942474302540000508e+02
-5.928406919870000138e+02
-5.890607373670000015e+02
-5.896102942369999482e+02
-5.847375942820000319e+02
-5.809655660490000173e+02
-5.913267446090000021e+02
-5.959908406480000167e+02
-6.015190257760000350e+02
-5.996084033639999689e+02
-5.936848269619999883e+02
-5.910615049330000375e+02
-5.891906636749999961e+02
-5.949814722080000138e+02
-6.060134777209999584e+02
-5.920824295009999787e+02
-5.931127052629999525e+02
-5.898970692379999718e+02
-5.978302404339999612e+02
-5.962066851549999456e+02
-5.709266093029999638e+02
-5.745713239819999671e+02
-5.891202871389999700e+02
-6.008675440350000372e+02
-5.811391867139999476e+02
-5.978538160959999459e+02
-5.918520917260000260e+02
-5.824925130110000282e+02
-5.901607867259999693e+02
-5.809933773220000148e+02
-5.880726613079999652e+02
-5.984038246000000072e+02
-5.974555202679999866e+02
-5.978262367600000289e+02
-5.780348998910000091e+02
-5.970854704529999708e+02
-6.041696547169999576e+02
-6.035354343919999565e+02
-5.831963496500000019e+02
-5.951301440360000470e+02
-6.038316895130000148e+02
-5.951851213659999758e+02
-5.793016347599999563e+02
-5.994619680929999959e+02
-5.935731146839999610e+02
-6.022778671999999460e+02
-5.874458564100000331e+02
-5.972174719229999482e+02
-5.953813284469999871e+02
-5.988512690410000232e+02
-5.877128526530000272e+02
-5.906827833209999881e+02
-5.871685314359999666e+02
-5.962069989069999565e+02
-5.992731148829999483e+02
-5.932825646339999821e+02
-6.000301832300000342e+02
-5.975356200659999786e+02
-5.920992851370000380e+02
-5.901726768539999739e+02
-5.916487758980000535e+02
-5.933585469240000521e+02
-5.841469233120000126e+02
-5.903332327079999686e+02
-5.960409380849999934e+02
-5.929053936640000302e+02
-5.932475886280000168e+02
-5.920374650960000054e+02
-5.881271779889999607e+02
-5.869826639899999918e+02
-5.891783180999999558e+02
-5.774788101189999452e+02
-5.940174019129999579e+02
-5.793767204439999432e+02
-5.840735281910000367e+02
-6.019062536850000242e+02
-5.954074169389999724e+02
-5.859173861619999570e+02
-5.853129062240000167e+02
-5.988972699170000169e+02
-5.961502369349999526e+02
-6.010155407830000058e+02
-5.895283339059999435e+02
-5.961526779959999658e+02
-5.925281796360000044e+02
-6.021857053810000480e+02
-5.962030649170000061e+02
-6.013766766090000147e+02
-5.930283135439999569e+02
-5.782951991019999696e+02
-5.759839235460000282e+02
-5.877972184349999907e+02
-5.867926926290000438e+02
-5.818435746200000267e+02
-5.883485611109999809e+02
-5.859875822200000357e+02
-5.902611507999999958e+02
-5.934201017279999633e+02
-5.933391735249999783e+02
-5.886385677380000061e+02
-5.932959441629999446e+02
-5.896374034430000393e+02
-5.931383202130000427e+02
-5.846450354109999807e+02
-6.026101326120000294e+02
-5.954279261899999938e+02
-5.969297300870000527e+02
-5.899681556130000217e+02
-5.815222145320000209e+02
-5.863002235899999732e+02
-5.894523366600000145e+02
-6.013937921240000151e+02
-5.766103597090000221e+02
-5.975647058719999904e+02
-5.980050896499999453e+02
-5.863700667609999755e+02
-5.994622529780000377e+02
-5.967962976979999894e+02
-5.938334817740000062e+02
-6.013065136699999584e+02
-5.818394594999999754e+02
-6.010578819349999549e+02
-5.923308411670000169e+02
-5.656534317540000529e+02
-5.823092044820000410e+02
-5.805721517969999468e+02
-5.979648572490000333e+02
-6.021138835000000427e+02
-5.973033076970000366e+02
-5.932380029700000250e+02
-5.945394167639999523e+02
-6.011288407490000054e+02
-5.993249193379999724e+02
-5.912678002249999736e+02
-5.865825753079999458e+02
-5.906082858239999496e+02
-5.944964638850000256e+02
-6.052132362840000042e+02
-5.952349409639999749e+02
-5.921049413849999610e+02
