4.853784605851396705e+00
4.908079970823621352e+00
4.841010844854615414e+00
4.776439678254086552e+00
4.834552926590006905e+00
4.665059592331056493e+00
4.738866847675718752e+00
4.947551111408551527e+00
4.712525437597127720e+00
4.677378004822786650e+00
4.774547727272186570e+00
4.780501438133870629e+00
4.771429555175261683e+00
4.845443632940125589e+00
4.803178739126829910e+00
4.820321358581811211e+00
4.804419840105566664e+00
4.643144839438028804e+00
4.573153616488298212e+00
4.628467024836624866e+00
4.648191261125127483e+00
4.507095960815567182e+00
5.094269820101796853e+00
5.019267177586784534e+00
5.036552590810503993e+00
4.955824956553651184e+00
4.925704518137481003e+00
4.013420237154339709e+00
4.048704237160328567e+00
3.988583081747201220e+00
3.989190143374968578e+00
4.016907890405255088e+00
3.954333698614723946e+00
3.934332599056668656e+00
3.870768786688246088e+00
3.983453150220296113e+00
3.972808074901177822e+00
3.878074522233940336e+00
3.890116964822523116e+00
3.903782780842192324e+00
4.016661549097707784e+00
3.985139395303506582e+00
4.002724697003279708e+00
4.012870917435545692e+00
3.930390056979077507e+00
3.948152352683468091e+00
3.913826260834786019e+00
3.893782094570778618e+00
3.823913309686818973e+00
3.722632670570654057e+00
3.905908473069997555e+00
3.980339055909684731e+00
3.955444096432156886e+00
3.939496668357520104e+00
3.933885992247360353e+00
3.813331089742929336e+00
3.701241683543510685e+00
3.683758542575775508e+00
3.761031241561282545e+00
3.666018412392387127e+00
3.770993635635043084e+00
3.716187697089585740e+00
3.769203894723658799e+00
3.906594936770383608e+00
3.923405918331673181e+00
3.919787876913749081e+00
3.809572941945068347e+00
3.811741990219169818e+00
3.778760908022628318e+00
3.878806130757245896e+00
3.792389352374041067e+00
3.747104081821053700e+00
3.675827117806277133e+00
3.648803776582127956e+00
3.755509286368494681e+00
2.694819474473197918e+00
2.730121425871018026e+00
2.705652231902688332e+00
2.710955182218990345e+00
2.710228957117830184e+00
2.665432610290495052e+00
2.750499772768578488e+00
2.758274279327565193e+00
2.688392456469107294e+00
2.683485047470918872e+00
2.662560046271257530e+00
2.640761253881160453e+00
2.667672768538150496e+00
2.783548993641031810e+00
2.739108796670917556e+00
2.752005995633003632e+00
2.753412791428121231e+00
2.805108375802974230e+00
2.693736995328237072e+00
2.727430659063581064e+00
2.769018057001434663e+00
2.728063415685199722e+00
2.683705088119780591e+00
2.709557897517600455e+00
2.699486062197765879e+00
2.698855127642089791e+00
2.714027450119103069e+00
2.704525281819343707e+00
2.721932585498766155e+00
2.766798149486152880e+00
2.738209086245972035e+00
2.713632620676571960e+00
2.762145723889310567e+00
2.731741569036134187e+00
2.789204546102705962e+00
2.741729381248265707e+00
2.707326725757347674e+00
2.754836292776758899e+00
2.815734717618121330e+00
2.765413893072789175e+00
2.788470010597209114e+00
2.774032443934280945e+00
2.744861562993659909e+00
2.679508537026893400e+00
2.761663629046810620e+00
3.305226164727612659e+00
3.198659250373506069e+00
3.132032886161956853e+00
3.241465409348061932e+00
3.275884765983077429e+00
3.349016870665180612e+00
3.242657397876007153e+00
3.277009307280038808e+00
3.324162902145440857e+00
3.171447934303825100e+00
3.130652647611995576e+00
3.133733555999935749e+00
3.073799928427352945e+00
3.053425780987643723e+00
2.980202174349921407e+00
2.872872430164624902e+00
2.842532849414409313e+00
2.929337467756147451e+00
2.943506072696300713e+00
2.839612121399681222e+00
2.918334113839605504e+00
2.937716800510219439e+00
2.943602214974027298e+00
2.798340579700762554e+00
2.741410768199468606e+00
2.826397353522678291e+00
2.842242776400355275e+00
2.847821096909003646e+00
2.862695233516833859e+00
2.881266041170096326e+00
2.949874912602227894e+00
2.860234081329708022e+00
2.878141587900080900e+00
2.880060589640433655e+00
2.781793665964461759e+00
2.790768532143072633e+00
2.934801015401214297e+00
2.912870233978849921e+00
2.928501493938494793e+00
2.964981956100238847e+00
2.844244187829167547e+00
2.744791613219480730e+00
2.870878785319924020e+00
2.773799740428281257e+00
2.863992493006921158e+00
2.790110750490022884e+00
2.769222995715585167e+00
2.875812406955641443e+00
2.779032385561563956e+00
2.684459349664285899e+00
2.797797884050954309e+00
2.867946129201174532e+00
2.777616424202593137e+00
2.758059100164461874e+00
2.789627394474036404e+00
2.907678283441962552e+00
2.915115949666496675e+00
2.794787648462759400e+00
2.890208469989664852e+00
2.852123945413312267e+00
2.919579079250980147e+00
2.871855497757503262e+00
2.789694786172852936e+00
2.843318307893085706e+00
2.814333668917031961e+00
2.817298883682737731e+00
2.784069862629169112e+00
2.856788581606976241e+00
2.871969881457673068e+00
2.925651209560018895e+00
2.855060419675912620e+00
2.836800310208668741e+00
2.876477359549349799e+00
2.825659215121314016e+00
2.876987486938377359e+00
2.909339787649425357e+00
2.845825890668647773e+00
2.834310850983003949e+00
2.819321549593092779e+00
2.809739667656062423e+00
2.874282867081805026e+00
2.793225017788577347e+00
2.832606396942575877e+00
2.745720488323602382e+00
2.748193952398556572e+00
2.762921822998254839e+00
2.706067441879451696e+00
2.759381814827371660e+00
2.721921380201860252e+00
2.783395228852704406e+00
2.788022417413460907e+00
2.694502551492575559e+00
2.747436987448483858e+00
2.766447902997632546e+00
2.803861979484725264e+00
2.890525557748971242e+00
2.806272616835363554e+00
2.775715403278945725e+00
2.755575620446661045e+00
2.742297212192727152e+00
2.778487538212111474e+00
2.867227755167001124e+00
2.883094518048272548e+00
2.947241931026362227e+00
2.933167230145598214e+00
3.111259712720877868e+00
3.016734161307555340e+00
2.917417693783322274e+00
2.811371729245351947e+00
2.776434043877145985e+00
2.775970821172297764e+00
2.987673007542826831e+00
2.870271589937091417e+00
2.799267046924962976e+00
2.851314258372794619e+00
2.770485877964368626e+00
2.771884016332573530e+00
2.838491500779947163e+00
2.918380715396810654e+00
2.935950442361042523e+00
2.933353200690294926e+00
2.748288740289127841e+00
2.703772734532249977e+00
2.875166951674284821e+00
3.005513100952979855e+00
2.987449748531345151e+00
2.964293676409272660e+00
3.018909736974592306e+00
2.964754458635655787e+00
2.926130208996174709e+00
2.965820122664218683e+00
3.002720100175838791e+00
3.012767166576268973e+00
2.987889388849593875e+00
2.945281820131988582e+00
2.983331527001315209e+00
2.923010434466494001e+00
2.926475354415273955e+00
2.795472232020915548e+00
2.773721507289439447e+00
2.771056657666890910e+00
2.886084891336358371e+00
2.929383211531055409e+00
2.900491165302870211e+00
2.754024872799807788e+00
2.790844137532585201e+00
2.791053385372626927e+00
2.755223947340760038e+00
2.805868671196141584e+00
6.072968549235208791e+00
2.926305862345902842e+00
2.860646255656228654e+00
2.772314015403016807e+00
2.834708627002076931e+00
2.852806688158172399e+00
2.695234683659291086e+00
2.788965937404041195e+00
2.790776236103496455e+00
2.807237253956281098e+00
2.826342689767113114e+00
2.806139340802590976e+00
2.744986885214572681e+00
2.613137195020575287e+00
2.759803253857056937e+00
2.942501316907096598e+00
2.939336489754107440e+00
2.799476022401335307e+00
2.814621466556382234e+00
2.989424526560254147e+00
2.855533925555779451e+00
2.888198573505637246e+00
2.922234932376245542e+00
2.898987926846194885e+00
2.972312735901119662e+00
2.944796427599027933e+00
2.854455289542997765e+00
2.810046618830371212e+00
2.775762597917912355e+00
2.852776366980068978e+00
2.911744837721877310e+00
2.884105753955634732e+00
2.887242629222559476e+00
2.850554682864371525e+00
6.122773064551715549e+00
6.217916130022984156e+00
6.183358553407686919e+00
6.056060848439354771e+00
6.030266080364945047e+00
5.913273036145041850e+00
5.893061173957046428e+00
6.157523365769714374e+00
2.859925523505813416e+00
2.733599275680325569e+00
6.177141895731391052e+00
2.910591005277106902e+00
2.877185082680639550e+00
2.789978852966452205e+00
2.794151570691898012e+00
6.107993614927900161e+00
6.143002034836062997e+00
6.096540740452737417e+00
6.150964558506251123e+00
6.204892585693969842e+00
6.186451001988134912e+00
6.132729897851363354e+00
5.952921803618790975e+00
5.936074965833905814e+00
5.866074326157145968e+00
5.933677190410682201e+00
5.895900440136348841e+00
5.817230354730677178e+00
5.848950504150295160e+00
5.931746032999052787e+00
5.896219297142872406e+00
2.872839884156442203e+00
2.965213145795762006e+00
6.085673093421958946e+00
6.176234208642026324e+00
3.018542694745264932e+00
2.908064992396146575e+00
2.959738164094924961e+00
2.871673727985127655e+00
6.235867622071526561e+00
6.159610701984338910e+00
6.165016220578823258e+00
6.045963612196156411e+00
5.956587445845146433e+00
5.852851783532537766e+00
5.865216961033922871e+00
5.972525512712357099e+00
5.944327211720431769e+00
5.939465800894891956e+00
5.889571631281854458e+00
5.968566159472474375e+00
6.182315747355516145e+00
6.180573597976162681e+00
6.180268683479707370e+00
6.235663637496815070e+00
6.250939929322630206e+00
6.264782039305118566e+00
6.149586490163383878e+00
2.935643711351907381e+00
2.801434810949560816e+00
6.037246143731428205e+00
6.091678586399646989e+00
2.827834860807822981e+00
2.739005841541780839e+00
2.824305047263839796e+00
6.093072952131789677e+00
6.053349981621746423e+00
6.253653652066126334e+00
2.841747349783227516e+00
6.122914747079204467e+00
2.883765940571460185e+00
2.847077975749873868e+00
2.782842791104089386e+00
2.698808996576082198e+00
2.804807480024252619e+00
6.035779817057609797e+00
6.005585650042799983e+00
5.945288975314825919e+00
6.058146746324323928e+00
5.978163430352168461e+00
5.889254112364315397e+00
5.893880385620325235e+00
5.973568866264119315e+00
6.119512725699653544e+00
6.141520495773013621e+00
6.098141766144832054e+00
6.073177504404098315e+00
2.792895629986913431e+00
2.731345089877879051e+00
2.781824940574082916e+00
2.757208914826731139e+00
2.941430604314845709e+00
2.905924637701398083e+00
2.898776293541811100e+00
2.873085101419726506e+00
2.866664437983629909e+00
2.922909851500726575e+00
2.911949175380641908e+00
2.985539147289815620e+00
2.966179192159502431e+00
2.917984407086508192e+00
2.853108129742018662e+00
2.902933860769135510e+00
2.773188958581798147e+00
2.779864205316511239e+00
2.754014705843089938e+00
2.795038640162242682e+00
2.902284789609730353e+00
2.868498039044126813e+00
2.893981513417112517e+00
2.885564242916799138e+00
2.845179080479820932e+00
2.838238538248678555e+00
2.931995054566088221e+00
2.971216754126161153e+00
2.922268639259573142e+00
2.850112980216748415e+00
2.793044396353198344e+00
2.785276467426528235e+00
2.799691054384394029e+00
2.830793704952728973e+00
2.790223467753075948e+00
2.782384768503450623e+00
2.759014497968432789e+00
2.880239746965519654e+00
2.831834387812959708e+00
2.936989444992950116e+00
2.950853096987378077e+00
2.947037156196032459e+00
2.920956863769131218e+00
2.887812320771555363e+00
2.896626486104136866e+00
2.829850526087906104e+00
2.820400858034190605e+00
2.815646284603234850e+00
2.731954611628824470e+00
2.758900143173000252e+00
2.754952812663040707e+00
2.769489664180027066e+00
2.867511987769188586e+00
2.987097085800861418e+00
2.844065751701250644e+00
2.814761446375163345e+00
2.777106587799611059e+00
2.865500130867210338e+00
2.914971183391012133e+00
2.928782340837229103e+00
2.882408194548440772e+00
2.772022186058401338e+00
2.676000186846032136e+00
2.750922936034377653e+00
2.748773908490838025e+00
2.833586243614264255e+00
2.892924299044134617e+00
2.841706881435874354e+00
2.966809734377990004e+00
2.727557882062267236e+00
2.793858443085476484e+00
2.753994371817052311e+00
2.819647318371572453e+00
2.901989834579024929e+00
2.841032558771546146e+00
2.770924935829189639e+00
2.735653121285664735e+00
2.801443556454422001e+00
2.896445752987616196e+00
2.808996084012933991e+00
2.718127480454144873e+00
2.741594426606532409e+00
2.690644718278502268e+00
2.724150509791997354e+00
2.728667073865919779e+00
2.780890504856313061e+00
2.767940750810970130e+00
2.767118718089269347e+00
2.844044479258367897e+00
2.900763175441939179e+00
2.784798197356497695e+00
6.003148090793695602e+00
2.730132048088517394e+00
2.741749988602169896e+00
2.827755823970662163e+00
6.203899015941507500e+00
6.127806948656264296e+00
6.017877865161438855e+00
6.107881056471220482e+00
6.084647401452281557e+00
6.090118143353214997e+00
6.055577098840374539e+00
2.890884639690764146e+00
6.006671873841620268e+00
2.749321552674404590e+00
2.673567279871595037e+00
2.779816360841125267e+00
6.242480436493173634e+00
6.214681729581974956e+00
6.209907165167608767e+00
2.900334291077495852e+00
6.202338107520422028e+00
6.209036801308235098e+00
6.159156516926648450e+00
6.149721944933771667e+00
2.791223566825129954e+00
2.778276624096311931e+00
2.789044639298553729e+00
2.867944385792722706e+00
2.774640877663269833e+00
2.743590895159116361e+00
2.729189256903961969e+00
2.820210985015128458e+00
2.795650550408616652e+00
2.762252884874953018e+00
2.717664438447101816e+00
2.762331623827957383e+00
2.716534188998916299e+00
2.739410703052756801e+00
2.730934272369073046e+00
2.811513827104537011e+00
2.903893076543969443e+00
2.998404409014901351e+00
2.933098191332844440e+00
2.924381644040326300e+00
2.856986699304005839e+00
2.844453726113328251e+00
2.867726800097945450e+00
2.846487484602733709e+00
2.845873503864850385e+00
2.762252884874953018e+00
2.785131415211856698e+00
2.802878877154701520e+00
2.728512781718274827e+00
2.698920895469150594e+00
2.695330035450204331e+00
2.808602855513751440e+00
2.787459954869307310e+00
2.752516303312298351e+00
2.728667257105563682e+00
2.756123001609326106e+00
2.786168874996632461e+00
2.778197617161169308e+00
2.843166192820954397e+00
2.838393383588680763e+00
2.631872717287065289e+00
2.705518804222214246e+00
2.765497604410461108e+00
2.829888690390490069e+00
5.927878878654657235e+00
2.852811946133148258e+00
2.926399494259114498e+00
2.958858056750949039e+00
2.934482066736820105e+00
2.896451104368931162e+00
2.911522969169228592e+00
2.916621847274686097e+00
2.901175968465201649e+00
2.837213245422345764e+00
2.948497413938157230e+00
2.932912204618474572e+00
2.854237901787445519e+00
2.776330852041953623e+00
2.757608021456276592e+00
2.917141923184403574e+00
2.808721417300049872e+00
2.807163336893669037e+00
2.705509933450624072e+00
2.748871768562513473e+00
2.736924368702942978e+00
2.779245401183565889e+00
2.788970598625951425e+00
2.776050792042537907e+00
2.813762072386362778e+00
2.767239779997389348e+00
2.767318377057472301e+00
2.709592589301941246e+00
2.692111810456616183e+00
2.755411765961668813e+00
2.717335827607621823e+00
2.777200568918276602e+00
2.886964322606013766e+00
2.863789447567680835e+00
2.909467648900740055e+00
2.884160536447303969e+00
2.936402220405099683e+00
2.906930683728114140e+00
2.898830971271005197e+00
2.849368175578579354e+00
2.874526743657118910e+00
2.813089760388033156e+00
2.828611496830202743e+00
2.760714038070585907e+00
2.812698881857067512e+00
2.781410793104822865e+00
2.778661188414305538e+00
2.828851533750047498e+00
2.808256754643350117e+00
2.822391361948232369e+00
2.771810419202583198e+00
2.715160032115971234e+00
2.798880311839003987e+00
2.734287110016064393e+00
2.748745350155230582e+00
2.767348731186584754e+00
2.803316607163735874e+00
2.764435566259412891e+00
2.710325626193280879e+00
2.706508082382168112e+00
2.772184878394657215e+00
2.708100810531247848e+00
2.759698715439785399e+00
2.724141883235893680e+00
2.771180434399752368e+00
2.765488383631361291e+00
2.746137833394383776e+00
2.764679728286804306e+00
2.733155502345228527e+00
5.732510968153484932e+00
5.725190389847310435e+00
2.748997271733822689e+00
2.789450483518214341e+00
2.858031840270502943e+00
2.885119754880202780e+00
2.878139850667441380e+00
2.908734776496475938e+00
2.906243279562122250e+00
2.892827163865825835e+00
2.934795733948105667e+00
2.911689887333470672e+00
2.892326572156055597e+00
2.807652756307303488e+00
2.830963616862639753e+00
2.776484287727917444e+00
2.712344742100457839e+00
2.725057430587472851e+00
2.783793993814916323e+00
2.731590745335032544e+00
2.814890584019208220e+00
2.881264652891156963e+00
2.798345403984290325e+00
2.716513390359046376e+00
2.757551268789031784e+00
2.764563980087999528e+00
2.853643460560551848e+00
2.830970504968216783e+00
2.893752753778386921e+00
3.038675698392311553e+00
2.907185064628668769e+00
2.870295280977202879e+00
2.880129510976893847e+00
2.958109869494369715e+00
2.956179121771886020e+00
2.971868435849743584e+00
2.863369693211130329e+00
2.743017681313774769e+00
2.765857733145362207e+00
2.789208848401281138e+00
2.920763769975244006e+00
2.902010509974076502e+00
2.902208986272353464e+00
2.823751051349959074e+00
2.918984926305718375e+00
2.945053649765993597e+00
2.830665999371878794e+00
2.876844278024099033e+00
2.938221230608750290e+00
3.011296896687538638e+00
2.940594837783675697e+00
2.950419800638546697e+00
2.965971847472594458e+00
2.993614203600724277e+00
2.989134322843320479e+00
3.010507432311038567e+00
3.005131111948362133e+00
2.875355977961684850e+00
2.864411283318092138e+00
2.792871103362988716e+00
2.832659174697866877e+00
2.720234732518501009e+00
2.752458174069135843e+00
2.836533271442448267e+00
2.871845051530461657e+00
2.932003240107349917e+00
3.001934876042450018e+00
3.017526139074854452e+00
3.027282775031100659e+00
2.970380615342080866e+00
3.014763838180364530e+00
2.996239476410388125e+00
2.860715120385111110e+00
3.000220158588365660e+00
3.003990845525332354e+00
2.941012920746864268e+00
2.885578971367791290e+00
2.797936561110705878e+00
2.700854309288081456e+00
2.789056650554090133e+00
2.696380351508295359e+00
2.769434960420626979e+00
2.711311675186015790e+00
2.812177270372549387e+00
2.742440336634509368e+00
2.857765210789718235e+00
2.869160504398456268e+00
2.871131135981079385e+00
2.856315983920547197e+00
2.739159360095720697e+00
2.898492539234835075e+00
2.996821149151213337e+00
2.973782944332016509e+00
2.954869371055173666e+00
2.987888552138449949e+00
2.897310649550717709e+00
2.853390614689828908e+00
2.791258318393337490e+00
2.732473421645670975e+00
2.701796069284282620e+00
2.765022423055552903e+00
2.787054358996250869e+00
2.931762268670500493e+00
2.914601859602782952e+00
2.871356125596405295e+00
2.765608251361714398e+00
2.764224846136797087e+00
2.721139650955092470e+00
2.766151478137088837e+00
2.738729267379307775e+00
2.781994069008774773e+00
2.741253180572710502e+00
2.730773333691392413e+00
2.763122509046604058e+00
2.743728485109268700e+00
2.707721736072596919e+00
2.739137272938323875e+00
2.759032620321840046e+00
2.733277336824787351e+00
2.843581720295725201e+00
2.897837297019969061e+00
