4.867643064153328147e+00
4.846952960365925378e+00
4.828072493241998053e+00
4.721640604705106270e+00
4.668130246683355189e+00
4.649181648419429713e+00
4.574171291064645040e+00
4.648758651511175621e+00
4.635954809960942669e+00
4.654694619413823453e+00
4.746198689477717281e+00
4.775237271591852739e+00
4.840502453258338278e+00
4.781728662314498557e+00
4.727237671198688318e+00
4.565922798296091045e+00
4.551339692881646748e+00
4.638958827150765352e+00
4.653554985169940039e+00
4.579391225916388031e+00
4.590616516329805386e+00
4.585475002657849686e+00
4.533007941753466774e+00
4.490052338225023476e+00
4.477412869057308953e+00
4.486745256864935527e+00
4.423608142681718647e+00
4.578622718678619918e+00
4.416314526842488597e+00
4.650928294437573385e+00
4.658561365915447006e+00
4.549515468706530896e+00
4.586999672988870458e+00
4.199293392941246594e+00
4.172251430582774034e+00
4.136043882745926936e+00
4.211667721936287911e+00
4.193108393542909873e+00
4.141596914234893845e+00
4.107361318413563112e+00
4.039239284815892006e+00
4.357755500254689274e+00
4.259498914191667929e+00
4.261815223587245960e+00
4.264039633962142695e+00
4.234260384057646043e+00
4.335757949886040130e+00
4.374435506439659171e+00
4.433442116459850979e+00
4.422793800303152167e+00
4.365391620462017563e+00
4.331230425641193982e+00
4.223058370423028229e+00
4.201538527730050987e+00
4.316774953596723918e+00
4.308754460398039221e+00
4.283832863219572573e+00
4.226591297961040716e+00
4.295040977685777861e+00
4.379150716748625882e+00
4.341987333007778282e+00
4.392163589849539918e+00
4.476789251237989653e+00
4.477093811838210868e+00
4.391639671011272839e+00
4.370798325249061200e+00
4.444786946525109528e+00
4.425131071505114200e+00
4.415109964655467678e+00
4.483896631279539413e+00
4.514417570407061930e+00
4.584104928991045824e+00
4.637356251141376617e+00
4.630135527174124022e+00
4.590512607541777257e+00
4.630489067042486973e+00
4.676510023511122327e+00
4.692751964466053138e+00
4.655976374510506055e+00
4.618967308825641993e+00
4.682268787671207910e+00
4.762873607392914543e+00
4.709827703854993608e+00
4.674520082318611713e+00
3.536659440771757090e+00
3.427554375936288089e+00
3.288489927002969715e+00
3.159226962407101436e+00
3.162927441469374212e+00
3.069269294148038174e+00
2.949663879156403379e+00
2.865611976524386151e+00
2.875109215316872024e+00
2.812138865703470270e+00
2.753077732284360479e+00
2.738100253825634045e+00
2.738470741125418773e+00
2.615323498154674020e+00
2.739818607134421491e+00
2.732937796584474111e+00
2.741400554461168149e+00
2.710557507229831131e+00
2.710943747110957425e+00
2.731488605138231218e+00
2.686944919420567679e+00
2.715475280682923209e+00
2.710901326127530098e+00
2.768198511667832040e+00
2.708201986558609775e+00
2.706862944443253483e+00
2.714479323921993092e+00
2.709164446835961026e+00
2.698477533721561183e+00
2.732520814193370118e+00
2.721321186482771992e+00
2.693849661729474043e+00
2.737194731837689687e+00
2.795896993810752296e+00
2.758414399614387058e+00
2.759662479362285925e+00
2.795076027588516254e+00
2.786493315979782004e+00
2.682343751274247179e+00
2.672858769183287908e+00
2.716130703776974187e+00
2.733456602911412681e+00
2.700811914961869231e+00
2.727004583787860259e+00
2.744786694808906358e+00
2.737976807790745593e+00
2.736553489336541301e+00
2.726143429829032350e+00
2.747294123314793612e+00
2.769967689342242689e+00
2.713438593371886753e+00
2.754032316440749639e+00
2.670504821190180511e+00
2.769890250533403542e+00
2.797662774531627150e+00
2.751498137378980413e+00
2.724534822680745982e+00
2.707107127544087444e+00
2.675462203059501221e+00
2.788687684198429384e+00
2.762716054899597928e+00
2.744892529772340328e+00
2.768151368693554826e+00
2.756688049090792791e+00
2.686449329505397277e+00
2.786865981707767670e+00
2.717557911066478482e+00
2.785243974950847523e+00
2.720908120462725233e+00
2.799663194028882085e+00
2.747415694793927887e+00
2.812852466803049456e+00
2.881966342620954524e+00
2.886363109520352577e+00
2.824928494670262857e+00
2.789558387989038213e+00
2.739640487363259602e+00
2.753387186721112379e+00
2.844471479906240496e+00
2.809010679936977173e+00
2.730594257666268732e+00
2.750427057749396109e+00
2.763854373877176585e+00
2.735943347366681433e+00
2.727579513048153270e+00
2.695754810809024793e+00
2.770794470905411533e+00
2.728215900547462880e+00
2.698880138131368955e+00
2.746137833394383332e+00
2.811968349750757490e+00
2.801180643942836390e+00
2.752532106988037075e+00
2.716895470937371382e+00
2.745903494298370440e+00
2.774270714980786146e+00
2.730550493948061153e+00
2.724373138907370429e+00
2.761129841206313440e+00
2.756382774579757111e+00
2.772639536614884381e+00
2.720405484482046887e+00
2.756572872245535155e+00
2.750902760913224387e+00
2.787500313901327686e+00
2.807238678844390822e+00
2.800664385462849015e+00
2.835787368615637405e+00
2.846082570833108782e+00
2.715619634632214119e+00
2.751993095921572152e+00
2.701131984927800822e+00
2.800352834912057443e+00
2.785603884259210794e+00
2.806421564911443678e+00
2.764929293851833947e+00
2.802406287460831535e+00
2.851486805159722415e+00
2.765428538219709242e+00
2.731144814908209817e+00
2.713422009197979268e+00
2.743555722051221224e+00
2.738770892206940033e+00
2.767145460578464000e+00
2.765467229963139761e+00
2.830096818131845549e+00
2.812456933003597559e+00
2.837280035526983379e+00
2.829527522396627859e+00
2.931100134761690512e+00
2.916897838457837011e+00
2.860285475262914545e+00
2.919777731266543164e+00
2.890591288992616636e+00
2.851541863623958672e+00
2.825920381044023433e+00
2.738279386768267099e+00
2.788582794180585189e+00
2.773049945457167986e+00
2.816793389654271618e+00
2.820202475000686881e+00
2.849659979716878233e+00
2.820290410578315310e+00
2.764320169589623344e+00
2.745978514118419422e+00
2.731059867523961682e+00
2.736457564078054183e+00
2.774041456070907685e+00
2.819375994790337181e+00
2.711177972763869182e+00
2.713945098928863597e+00
2.677124390087244343e+00
2.767201655102135671e+00
2.809565268862782350e+00
2.712647599670845455e+00
2.747370561100195285e+00
2.786702172820052503e+00
2.844292706456212017e+00
2.807537176957768832e+00
2.790891972112142128e+00
2.906211623402536137e+00
2.901006204750344430e+00
2.900442380051705182e+00
2.808277051859378481e+00
2.861588894303303210e+00
2.869595964591530990e+00
2.842288690474632951e+00
2.872468624719859864e+00
2.916251532361363363e+00
2.925721278590972751e+00
2.870822181884486124e+00
2.903443989471813591e+00
2.938129166663712599e+00
2.903173608312117793e+00
2.835764447199379479e+00
2.791035291786902572e+00
2.803178374631197567e+00
2.719987316146897260e+00
2.699802029779220458e+00
2.787507488779178644e+00
2.805186981290195281e+00
2.755644570694849804e+00
2.747453366301237043e+00
2.738855965544737980e+00
2.706827848238598122e+00
2.805288576956032287e+00
2.896852084591134524e+00
2.922729375087607551e+00
2.907709407764125231e+00
2.878511073454469216e+00
2.835655303452802034e+00
2.891747049795331037e+00
2.875273378306835159e+00
2.925975222041362400e+00
2.884406351400578661e+00
2.897223843613054850e+00
2.823111404107176980e+00
2.748138642790789454e+00
2.776289069963717271e+00
2.721234646258936518e+00
2.807356942036406178e+00
2.763497059886259155e+00
2.773172190831286965e+00
2.728496655669564674e+00
2.777718668259980372e+00
2.781858731136431562e+00
2.791695004831294291e+00
2.743312413853004283e+00
2.830744248426551479e+00
2.844957996174987791e+00
2.743159856807473318e+00
2.748007459960762233e+00
2.732197101235560588e+00
2.786615689326391365e+00
2.673371653923187541e+00
2.681512632824988085e+00
2.726222478082080514e+00
2.719421629685252917e+00
2.765301611036307783e+00
2.749530505377235645e+00
2.710530021969872472e+00
2.797164635841086433e+00
2.846654703331614300e+00
2.865966678103568199e+00
2.861186816689885504e+00
2.868671818106769855e+00
2.814126152111876777e+00
2.854378040834815611e+00
2.828453994676244143e+00
2.749854905263184879e+00
2.741085551382882013e+00
2.848579646069247406e+00
2.865609359281198198e+00
2.747301585192277074e+00
2.748493405485994412e+00
2.743247345756484545e+00
2.689376135835223725e+00
2.762424478605704614e+00
2.807825671226758857e+00
2.874367756568390941e+00
2.864581993939081084e+00
2.896232207541377335e+00
2.908529009654192699e+00
2.911381459032807761e+00
2.869282140187681573e+00
2.836890903788864104e+00
2.857772209256713936e+00
2.870632160343780548e+00
2.853903642381781403e+00
2.803469636004642052e+00
2.766905130285460590e+00
2.759810681912801211e+00
2.863610483288535846e+00
2.975866260435774180e+00
2.923808817279269334e+00
2.807911857590975391e+00
2.791884309924034469e+00
2.694896287429258130e+00
2.724212546773837396e+00
2.748415179699020605e+00
2.769971479997582531e+00
2.766889047287585335e+00
2.801275959272845117e+00
2.769609539267223308e+00
2.745906953995346456e+00
2.703832095378705169e+00
2.810589617856011468e+00
2.739191304016570960e+00
2.733435018433765684e+00
2.878773002513396850e+00
2.865078358439782313e+00
2.936150881681661939e+00
2.920698204197071934e+00
3.053240901075445990e+00
2.990432243004344404e+00
2.893071378310601016e+00
2.747441355152099085e+00
2.704691294769146381e+00
2.768987360028932976e+00
2.821745204656154193e+00
2.811902558766929072e+00
2.804493893735551691e+00
2.868564100730538247e+00
2.880355707200067616e+00
2.865276949964871811e+00
2.773064189664566026e+00
2.734473441085138568e+00
2.800634392418974716e+00
2.857016100759671939e+00
2.942714902942519029e+00
2.931597857824296050e+00
2.905535062600346663e+00
2.918155924552352953e+00
2.803286999220736320e+00
2.823215896809877279e+00
2.740452699828990202e+00
2.757803836388658336e+00
2.765796449487922359e+00
2.835125746770326138e+00
2.767656951285689892e+00
2.771216880722257692e+00
2.750636290024546238e+00
2.857732842656919736e+00
2.858658601512255260e+00
2.913523983083028845e+00
2.917585302951740900e+00
2.893461076289087330e+00
2.848853278075233142e+00
2.884927902045386627e+00
2.850678866515834020e+00
2.861393017395547744e+00
2.858121935817294901e+00
2.913746385669143457e+00
2.904117766207148232e+00
2.905806084376588494e+00
2.793360162957866599e+00
2.818640984588140164e+00
2.854004379814439218e+00
2.788637122323376349e+00
2.909998281786434493e+00
2.858057382209111541e+00
2.911065440693492601e+00
2.951668172406918256e+00
2.892261744725051376e+00
2.908148895775455323e+00
2.802051748273039600e+00
2.742346075899247282e+00
2.699625344376511915e+00
2.736593685587979774e+00
2.741802874022857495e+00
2.765958965711530215e+00
2.709631155711049733e+00
2.750024908978098370e+00
2.793166840702502984e+00
2.711103280954084926e+00
2.756598447362255566e+00
2.701179557156465627e+00
2.765360916770177813e+00
2.768612829559236488e+00
2.776934460875876809e+00
2.826142600789989245e+00
2.770844095217195324e+00
2.835821750392644169e+00
2.858812515713473612e+00
2.836839791035087099e+00
2.831554166884327373e+00
2.728596342444224998e+00
2.717382196158648622e+00
2.807391850098592823e+00
2.850940371175798571e+00
2.861051729696616253e+00
2.913191205533890216e+00
2.935485990428160719e+00
2.962958825228592552e+00
2.937588466752958816e+00
2.954000846309966732e+00
2.933936945471051327e+00
2.962462489213998573e+00
2.935892027987405228e+00
2.900918819960323525e+00
2.853583186101292579e+00
2.806266380798515758e+00
2.762920918158896288e+00
2.774534735771026828e+00
2.727223129852047734e+00
2.805104097890129822e+00
2.771600620580100038e+00
2.724541796339340571e+00
2.756847112191751936e+00
2.767395345808039586e+00
2.796535177679694950e+00
2.777432987490427330e+00
2.708554042288985109e+00
2.708904021924734007e+00
2.861312635836916307e+00
2.829700690885875058e+00
2.835524113810355740e+00
2.745936270200020957e+00
2.755949564124859474e+00
2.801515482734300733e+00
2.713713507354820642e+00
2.736006396191353662e+00
2.873467243592660925e+00
2.940269375414436670e+00
2.886114516092527005e+00
2.888181607863328004e+00
2.897468377739436551e+00
2.842669520011075868e+00
2.734426996648476216e+00
2.751782513208483660e+00
2.745086883870890837e+00
2.764717887958914044e+00
2.737148333576388204e+00
2.789461596796054987e+00
2.756776559679801064e+00
2.759371124006337439e+00
2.769724354516167608e+00
2.756184500355518541e+00
2.728200139285972270e+00
2.847885882545154956e+00
2.828619628016463938e+00
2.817963981317007427e+00
2.891038221815823483e+00
2.859663266890001942e+00
2.774515993826671245e+00
2.754228930208961312e+00
2.879060610685368005e+00
2.908379789504802915e+00
2.899190404233567886e+00
2.947909428730808745e+00
2.795079605306439507e+00
2.847088688467572570e+00
2.855925244119669859e+00
2.852405651375694795e+00
2.782177204996115982e+00
2.689488613101010728e+00
2.817678122142413422e+00
2.849143906509462365e+00
2.769575599257041443e+00
2.805448449000623512e+00
2.763681783418634019e+00
2.816651380629132451e+00
2.841332257938166794e+00
2.778858938485363250e+00
2.722030308427883849e+00
2.800591723189940208e+00
2.758933852052274371e+00
2.740764309458221248e+00
2.789018106789555862e+00
2.760577113576072605e+00
2.767357945767045191e+00
2.841036078616390625e+00
2.885840432179159976e+00
2.914309523712262706e+00
2.938087473170259756e+00
2.920986306027469226e+00
2.924500812104521064e+00
2.860081292550964882e+00
2.837265056352684223e+00
2.902850495633559458e+00
2.867211886136076693e+00
2.872667227508260979e+00
2.947975746168886246e+00
2.971200767366620976e+00
2.914223224119937061e+00
2.882202282977376129e+00
2.958523449290202834e+00
2.872112985242746941e+00
2.817740406779872142e+00
2.777133954277323014e+00
2.868408095093862631e+00
2.843641679255668908e+00
2.822220756780022377e+00
2.803298592729643879e+00
2.785985104052066230e+00
2.769024557493125371e+00
2.756878307071242595e+00
2.772335838241824391e+00
2.745941004464589774e+00
2.764078689183794069e+00
2.819300799843819316e+00
2.891492348252023170e+00
2.904624588479551406e+00
2.904716165135588835e+00
2.910369564161912503e+00
2.906400867051893488e+00
2.920868706395410186e+00
2.934834577961762836e+00
2.944388051870880485e+00
2.875584114575680861e+00
2.861607065968351460e+00
2.848060743734234457e+00
2.895523614132684109e+00
2.931056806000183812e+00
2.823252202691073798e+00
2.780648485515563983e+00
2.712929413014647739e+00
2.694755276458328019e+00
2.823575570088394215e+00
2.857121628492563570e+00
2.918377117508975438e+00
2.937421488312496276e+00
2.928250160078540887e+00
2.918676069727505595e+00
2.920041951753432841e+00
2.906526449217346819e+00
2.948902168604445873e+00
2.885295652095293040e+00
2.805305330975578659e+00
2.768680732767864860e+00
2.782872077548661061e+00
2.788529540815374297e+00
2.783547915880020263e+00
2.744064139192085694e+00
2.712957426868324529e+00
2.726939309922390198e+00
2.820562000736733133e+00
2.869660258636900441e+00
2.956190453945753749e+00
2.849289911539365061e+00
2.837715982969402084e+00
2.782802544198923478e+00
2.768741591409353386e+00
2.768891474940828434e+00
2.711645072645016974e+00
2.805125665634251142e+00
2.786656060585877448e+00
2.792561727160207674e+00
2.770321641975891591e+00
2.779285699599808535e+00
2.802733843945942827e+00
2.796051680495194702e+00
2.794139044500112412e+00
2.752208749350238293e+00
2.752456720822327618e+00
2.697840988642584481e+00
2.698358389836309268e+00
2.681231433502151429e+00
2.757402219481227323e+00
2.804625643468304563e+00
2.745961033955143460e+00
2.691152355404650365e+00
2.743255547702400321e+00
2.751176112138225438e+00
2.741158331800627845e+00
2.699163944631743917e+00
2.803614987832673044e+00
2.763625336401444699e+00
2.761705270299493531e+00
2.762450180546248468e+00
2.719127249688767289e+00
2.782169297508691130e+00
2.790566071606261467e+00
2.722477915429250661e+00
2.640699528534058871e+00
2.716570080082603145e+00
2.719227463821296986e+00
2.760225534263459402e+00
2.709924168680740042e+00
2.754828125310179843e+00
2.723080057581855229e+00
2.740120617783093238e+00
2.819427956164157756e+00
2.839348869019092447e+00
2.791663661689925302e+00
2.798751328717862030e+00
2.809224448135107632e+00
2.788515196300711985e+00
2.750285985129546695e+00
2.763629678520622690e+00
2.734005303579347679e+00
2.810743851723240372e+00
2.759328541511503641e+00
2.833040416231296987e+00
2.853325954040301760e+00
2.804986096222225722e+00
2.730039010710286096e+00
2.746081025752881377e+00
2.763651750854292821e+00
2.822264870631387090e+00
2.882675493356822383e+00
2.771106999016819117e+00
2.797058454877194400e+00
2.800942876961255656e+00
2.841967980115188475e+00
2.849172862428673625e+00
2.832193849297749644e+00
2.823589736487934321e+00
2.831403538883145554e+00
2.819347974266390722e+00
2.779292715782200052e+00
2.794926295987069764e+00
2.896431252420813340e+00
2.832921283763458753e+00
2.817075433849793420e+00
2.871376325039962207e+00
2.735340015427698113e+00
2.843864624063529689e+00
2.810881356443205803e+00
2.862578732541692261e+00
2.970286686500143158e+00
2.910234698439285062e+00
2.896279509992086165e+00
2.903558161979884034e+00
2.845386616964380444e+00
2.789466974172664315e+00
2.774971171021421323e+00
2.750938203595275855e+00
2.787128629970278215e+00
2.808886968177964683e+00
2.882118838632438784e+00
2.899786543868358102e+00
2.832541085315445351e+00
2.767790996444637663e+00
2.726713039540464845e+00
2.802009814401084320e+00
2.804832437062863004e+00
2.757305024838565100e+00
2.775593810340410972e+00
2.832308245936518531e+00
2.871928620282892197e+00
2.884030859751677500e+00
2.836507888231583507e+00
2.831688012475950700e+00
2.892783780374882596e+00
2.791976719100644377e+00
2.739057502134630617e+00
2.744508699202827806e+00
2.872518407251726913e+00
2.957195461919959190e+00
2.931350030276152374e+00
2.919118017484047645e+00
2.819866840827772503e+00
2.796496736990766063e+00
2.851064538027857420e+00
2.907064842758069201e+00
2.931727306554959611e+00
2.859776564698717660e+00
2.799563537410787006e+00
2.817028753846861022e+00
2.800753648573897525e+00
2.763303095934284137e+00
2.750582120206557679e+00
2.699362887794081178e+00
2.766693333204820249e+00
2.878945119310196255e+00
2.901803921701120004e+00
2.821920445370492914e+00
2.888956212890739117e+00
2.827285977753223101e+00
2.879341938707523418e+00
2.889021114495358145e+00
2.856344867133518761e+00
2.846898136568992044e+00
2.865622794437537646e+00
2.884086510491666644e+00
2.909947594029831386e+00
2.893059453243226997e+00
3.003973868062104646e+00
2.962457425854419846e+00
2.906438886334960170e+00
2.870564056069817571e+00
2.877503084272890810e+00
2.808040063816754195e+00
2.702291805116538104e+00
2.644440583563941960e+00
2.749192245005794621e+00
2.813252388251008096e+00
2.756734481229557776e+00
2.734214878168868434e+00
2.787061714422556236e+00
2.732561801679881608e+00
2.750882403884251648e+00
2.782524393424072429e+00
2.889100898203453394e+00
2.906927759680312029e+00
2.848520142108881270e+00
2.885023916711956460e+00
2.899890515174667893e+00
2.895626184437487538e+00
2.857676328767833507e+00
2.847584590490684242e+00
2.789816122972981649e+00
2.837974629907744628e+00
2.825665939207959276e+00
2.797183583535409745e+00
2.760905648514632382e+00
2.768053828956366758e+00
2.725176508044937496e+00
2.799189168312852249e+00
2.737751814902146918e+00
2.824577490528450863e+00
2.838123852124850632e+00
2.902304773796163140e+00
2.849616465421267453e+00
2.790835179655008602e+00
2.692126668639498011e+00
2.759909599968810578e+00
2.896254650406279385e+00
2.953486414392319848e+00
2.902448793691286166e+00
2.867925033887741559e+00
2.912581844343606008e+00
2.871740064838738338e+00
2.832083685204235035e+00
2.755845242389347138e+00
2.786517719304867580e+00
2.778389461540624161e+00
2.837616429329377077e+00
2.768156426215830468e+00
2.847656229252400362e+00
2.906107017988154073e+00
2.915978394981690869e+00
2.857063877479816494e+00
2.748271638684938623e+00
2.715968703796124206e+00
2.737242955968651081e+00
2.820295374601745397e+00
2.866642286718034338e+00
2.828688918916323569e+00
2.809667062126756321e+00
2.928035177384315180e+00
2.910299469126845562e+00
2.847205647648233917e+00
2.910489305941528215e+00
2.992077706210184207e+00
3.012590413580976456e+00
3.019606100139553106e+00
2.907328326832041565e+00
2.977654110201519266e+00
2.976382031930713268e+00
3.029210128069692143e+00
2.975760911094841088e+00
2.992687086883624836e+00
2.837326029909146730e+00
2.814976554076427995e+00
2.763162861649671509e+00
2.770601017829886104e+00
2.791781868269798128e+00
2.888914675098591456e+00
2.846070448882107584e+00
2.785554702388735926e+00
2.793836430430386208e+00
2.793070174557023222e+00
2.744346370267426671e+00
2.839687658880814869e+00
2.765818685308203850e+00
2.749326644835058620e+00
2.741765489607015827e+00
2.763691372060201878e+00
2.768991874310938073e+00
2.822798257049200288e+00
2.858285150225568394e+00
2.842787012774611544e+00
2.712385850132683185e+00
2.816588716870107589e+00
2.874767816711464974e+00
2.832472594748270289e+00
2.820833032988660172e+00
2.816464095279753277e+00
2.824010800262633403e+00
2.805273783430059620e+00
2.716846149490250273e+00
2.826857973086019271e+00
2.846539829336663274e+00
2.915490696263666415e+00
2.916177806650341875e+00
2.907760822351109109e+00
2.873348569178476364e+00
2.914844935841355955e+00
2.823569549347066943e+00
2.884806752626595028e+00
2.969560405177844586e+00
2.892454666887624537e+00
2.827816295306326833e+00
2.779534133627432180e+00
2.676541238240128351e+00
2.780700271514353616e+00
2.827630987240025373e+00
2.810122417262280514e+00
2.836854243700229983e+00
2.902348359518547305e+00
2.856582223567176726e+00
2.748116627801665768e+00
2.723877016313328348e+00
2.842748318089380000e+00
2.868349176791416433e+00
2.848663721817653371e+00
2.970529077454048483e+00
2.860865253730067170e+00
2.886185718210108497e+00
2.890321262420494808e+00
2.767820442152994609e+00
2.771227345419353671e+00
2.823521914205731509e+00
2.896955125644856022e+00
2.849895085788247240e+00
2.857508355193384197e+00
2.823672077278096104e+00
2.788140061044280138e+00
2.688408451110061659e+00
2.730972537393959509e+00
2.807243487836422080e+00
2.801360562298255363e+00
2.844878380528771178e+00
2.889633367747541204e+00
2.879946874510014077e+00
2.851132757343999735e+00
2.810179531631386673e+00
2.743661240022171377e+00
2.781779466456678396e+00
2.795493695217358354e+00
2.850393306194778376e+00
2.830306520502682499e+00
2.771023818013840678e+00
2.778706533623152897e+00
2.818602845382797373e+00
2.798066117874986602e+00
2.707212958006813608e+00
2.698512738528391797e+00
2.778725427241777179e+00
2.832314954237963534e+00
2.772208145143505664e+00
2.734704737261410390e+00
2.768358538917963685e+00
2.699963147896652593e+00
2.768326209101810598e+00
2.741867429326224848e+00
2.792122669224975429e+00
2.786455275076203275e+00
2.773080236848548541e+00
2.824952742967570707e+00
2.734833632965632422e+00
2.689472253063786233e+00
2.744681220105533281e+00
2.763413468882280455e+00
2.747485031806360833e+00
2.817143233845236683e+00
2.804446647736412501e+00
2.819364644738243886e+00
2.816474924440123928e+00
2.863673514910525242e+00
2.842203898385899485e+00
2.908433427121893011e+00
2.941600584715742261e+00
2.952561091662626591e+00
2.920979459017129187e+00
2.876552276597802216e+00
2.800338550961293915e+00
2.740652477057243352e+00
2.791415590699457550e+00
2.789958064200965815e+00
2.700359976003198881e+00
2.771686490207721842e+00
2.727566131187289855e+00
2.744965755706252786e+00
2.783896010988916370e+00
2.844628095199792650e+00
2.804746334341129188e+00
2.768749537246011805e+00
2.697981097042749798e+00
2.736841427631494739e+00
2.668525248147372686e+00
2.775558682499795538e+00
2.785348093147425708e+00
2.715680761798043186e+00
2.808184644926326357e+00
2.760535817554266025e+00
2.768172140601086184e+00
2.730050182688955385e+00
2.821793932944077099e+00
2.782172891823943672e+00
2.727457607369911496e+00
2.774797470086781015e+00
2.749937272011854450e+00
2.723022034431598293e+00
2.669947190488980215e+00
2.689965799039088168e+00
2.725308973309264804e+00
2.765307216205822982e+00
2.788956435658327404e+00
2.737026671408226974e+00
2.797666348941560077e+00
2.853674298163684675e+00
2.685324747586406602e+00
2.870184140434198561e+00
2.869482705994235605e+00
2.847897645632651908e+00
2.807829232699168287e+00
2.735196519447917307e+00
2.834146255929640201e+00
2.803039421770589179e+00
2.849120215083947638e+00
2.892364776441588958e+00
2.884459914784741841e+00
2.869481834756930638e+00
2.858190161623261005e+00
2.792536660457655806e+00
2.780744684432571390e+00
2.736426319125000894e+00
2.746894610282673455e+00
2.728882738411454678e+00
2.733636771774918817e+00
2.732465919275115507e+00
2.858692358404450129e+00
2.842312087016483968e+00
2.858259260459064866e+00
2.726161587287151633e+00
2.709640197517006133e+00
2.767755408268584905e+00
2.775364480568272896e+00
2.708957364005568635e+00
2.774805398582033344e+00
2.817933107793724634e+00
2.747902654753257679e+00
2.712757268905568786e+00
2.724901649601321196e+00
2.714737924736013941e+00
2.791346270171437993e+00
2.747356183679138475e+00
2.765128749262862229e+00
2.814955417053705666e+00
2.868516515552943069e+00
2.817544498317639867e+00
2.851720533292138704e+00
2.845511201875683849e+00
2.900819711736666751e+00
2.860940754367346628e+00
2.896185767522517995e+00
2.911743807411634410e+00
2.921884836881837089e+00
2.897528084419545458e+00
2.867801597042585637e+00
2.931558118134450552e+00
2.929017241328565557e+00
2.961129176513580763e+00
2.908878478039259363e+00
2.867015695806355957e+00
2.934814133808136383e+00
2.876150378544209296e+00
2.762478959195888262e+00
2.795566489998047022e+00
2.764963833398187631e+00
2.819050372022465556e+00
2.723652143721734920e+00
2.729549962905973182e+00
2.749173330294035544e+00
2.749741260555254030e+00
2.858455177189245244e+00
2.749770354047770038e+00
2.753294935164048329e+00
2.751760345669658658e+00
2.746000364166035546e+00
2.741410768199468606e+00
2.725502889376564042e+00
2.889307356443755026e+00
2.896852429793412842e+00
2.892401251555530628e+00
2.913891041202466781e+00
2.977339248389407000e+00
2.864140185116643256e+00
2.869569654146767679e+00
2.832015713233243748e+00
2.799124148729384753e+00
2.859981818124024411e+00
2.862844739066371602e+00
2.833941072076128886e+00
2.862954243434568280e+00
2.855353743409037470e+00
2.773238179457365504e+00
2.763647046929111450e+00
2.833682233419971386e+00
2.902758343369285843e+00
2.739877552008483264e+00
2.746333009669439829e+00
2.705689930498319740e+00
2.711575372361977987e+00
2.740934147330067017e+00
2.853633122880375073e+00
2.873792268066709621e+00
2.867403703701312256e+00
2.743780421243652956e+00
2.820422131525704756e+00
2.731194976562456578e+00
2.743102258392858595e+00
2.736526630603108412e+00
2.747928310564160537e+00
2.747098287284239770e+00
2.856107315910940692e+00
2.810266535401936050e+00
2.725104952107350265e+00
2.818319534758257472e+00
2.784523837211668962e+00
2.818052341600489008e+00
2.805501915878868324e+00
2.777288065721668087e+00
2.795759288636988416e+00
2.798834221600129180e+00
2.682710196797260860e+00
2.875522387323736329e+00
2.773388721402032520e+00
2.770293305771069470e+00
2.730941412773258747e+00
2.835329081429525999e+00
2.866048499240722691e+00
2.924158853414088988e+00
2.810649213260167922e+00
2.738172017971113981e+00
2.687128020768642322e+00
2.782306597052165653e+00
2.726395789315997131e+00
2.761593923805598205e+00
2.764470292840926824e+00
2.724197129430981690e+00
2.751767613734851459e+00
2.907326435060225478e+00
2.932543094312511478e+00
2.728721678735300582e+00
2.714364198113436544e+00
2.885977304138062749e+00
2.934466561404303953e+00
2.903002239062174805e+00
2.879238440977058389e+00
2.833027709006743944e+00
2.727611592584251898e+00
2.717444755648217303e+00
2.808118587239506247e+00
2.925370062060525189e+00
2.923898254043734379e+00
2.883302620260315585e+00
2.916714761508228282e+00
2.891668895292128116e+00
2.975109577813899620e+00
2.958830343226863224e+00
2.953029122782232285e+00
2.946904986591865061e+00
2.961626073629147538e+00
