4.825027564688102899e+00
4.291113841416934527e+00
4.468712790054872208e+00
5.282203517472608745e+00
3.978338095235245397e+00
3.219685698946404440e+00
2.916748017913100011e+00
2.828790200774882191e+00
3.046410839003826254e+00
2.779648359055511886e+00
2.739740863658458814e+00
2.998342375380103508e+00
2.954219524679910780e+00
2.853373091623316427e+00
2.908330105060290549e+00
2.821950212175969419e+00
2.744139573709763358e+00
2.784057111483167812e+00
2.779922301072459856e+00
2.777237116272213591e+00
2.795376361064821236e+00
2.946979809907085190e+00
2.924722721900316902e+00
2.709549593567166959e+00
2.817974627281090161e+00
2.747457188019496677e+00
2.783595516593601715e+00
2.694285990758962246e+00
2.761893010237724599e+00
2.866154741112209692e+00
2.718123985398753106e+00
2.816023082291762236e+00
2.908441163235041760e+00
2.747079358154766116e+00
2.912717459692923949e+00
2.949646419488274773e+00
2.951776922465517039e+00
2.930301861583547218e+00
2.778030057432784083e+00
2.716241889081309147e+00
2.910939882580882543e+00
2.710356065169297946e+00
2.898566714774734709e+00
2.818351645909360048e+00
2.761035675249416066e+00
2.758161887924637234e+00
2.843121699822221515e+00
2.749695255841999586e+00
2.782780264411834903e+00
2.909438949350888315e+00
2.716795906946268602e+00
2.702518085045870322e+00
2.738268430961435129e+00
2.731603192266402136e+00
3.052468673057923798e+00
2.785379866373705049e+00
2.859681975325227832e+00
2.777687707428608377e+00
2.894495811017870679e+00
2.823919439360832673e+00
2.873915969543995086e+00
2.917137123962464162e+00
2.855284574258754926e+00
2.804478739445175339e+00
3.042842256838168780e+00
2.783771003513040299e+00
2.976763007026256069e+00
2.704915710331839751e+00
2.992671214817959946e+00
2.774632768493877411e+00
2.794635754440997211e+00
2.859940383994044044e+00
3.051413442980154045e+00
2.849653136787001717e+00
2.990309181338946409e+00
2.849810169116532510e+00
2.939117044283877878e+00
2.891613736307116600e+00
2.767209966735447946e+00
2.925274858880785978e+00
2.866980641720484169e+00
2.859725511303488510e+00
2.854734488529537373e+00
2.730501968503227239e+00
2.823686420266953156e+00
2.785420255544932999e+00
2.921057856325341984e+00
2.999188890350188874e+00
2.736836860318860865e+00
2.975457947946837045e+00
2.760952009724181977e+00
2.962825340785379069e+00
3.402892152272828152e+00
3.317139128827731209e+00
3.072218253965691037e+00
2.752746628369563631e+00
2.867553312494817153e+00
2.926636636140537373e+00
2.799718914462664632e+00
2.657581795542707237e+00
2.774819093202293807e+00
2.982922224933127531e+00
2.869312461200418163e+00
2.900708361762692089e+00
2.793469169330494051e+00
2.754039033855547824e+00
2.823184903615064023e+00
2.721488195822278300e+00
2.718201059524478769e+00
2.806758628738852401e+00
2.748487947945197352e+00
2.993230696087423315e+00
2.832367384362416640e+00
2.858370689746170257e+00
2.829858123652138513e+00
3.006556003137144550e+00
2.832915459381024181e+00
2.914330969536576443e+00
2.726459425702132400e+00
2.716919947293258364e+00
3.125834448591287451e+00
2.890995157380931602e+00
2.843026732199329665e+00
3.000324482451857122e+00
2.967375102679133736e+00
2.971242669322046392e+00
2.877650430472749488e+00
2.830908864658133073e+00
2.687177515535584593e+00
2.786731956970386559e+00
2.897455780508134016e+00
2.818809323100802011e+00
2.827805155946922611e+00
2.850769896010549864e+00
2.795911658117974152e+00
2.821854354852496360e+00
2.751841928599823905e+00
2.844520521986086958e+00
2.767405102257347593e+00
2.709200989221729916e+00
2.908567344931177523e+00
2.854706639919415423e+00
2.911283222223492118e+00
2.832646465763067667e+00
3.211788909626533961e+00
2.734418036804175500e+00
2.949968474407819841e+00
2.924639293998492651e+00
2.759405914322863751e+00
2.722919756437930605e+00
2.872964496822055125e+00
2.704020340160184332e+00
2.671507813950765975e+00
2.685353049414545445e+00
2.905948554259004890e+00
3.027958553217001914e+00
2.748698055443703936e+00
2.905050946196985340e+00
2.736440571253101250e+00
2.941284243319574276e+00
2.952895189470835291e+00
2.843086702863632187e+00
2.710032841129420778e+00
2.947586639948010401e+00
2.658042512827813564e+00
2.756473471666288422e+00
2.842127548158245531e+00
3.019690878219160268e+00
2.890100863291798383e+00
2.720330310826242215e+00
2.760131337454795108e+00
2.804299199443597068e+00
2.898502026909762552e+00
2.868750424836569834e+00
2.916192551941658273e+00
2.838368193170153209e+00
2.737827605967914302e+00
2.903318618408940122e+00
2.698300205685052688e+00
3.341471981028719895e+00
2.830154942754901981e+00
2.993961422597158251e+00
2.924968717781439853e+00
3.023094606524909800e+00
2.751110866541004896e+00
2.839426702698979454e+00
2.801673963900867204e+00
2.714055636865242427e+00
2.883090876125828483e+00
2.909669912550219006e+00
2.745186514610619355e+00
2.918596409235096001e+00
2.772039682255648785e+00
2.894798611302693114e+00
2.715659404269983312e+00
2.743490841974873362e+00
2.939370340736259912e+00
2.837319157232756073e+00
2.736288727455492342e+00
6.192598404547157820e+00
5.780744069754343073e+00
2.741788649768614139e+00
5.983046799081551903e+00
2.750045454169803172e+00
2.843749813186807085e+00
2.719431925972775943e+00
2.684585815354018301e+00
2.783497260641726978e+00
2.842931057904852565e+00
2.878201000625216999e+00
2.832476125230361408e+00
2.888305039292075715e+00
2.708506784189399497e+00
2.725368598923822550e+00
2.742000911743101454e+00
2.903950412799777947e+00
2.923271626106612953e+00
2.847754554030245355e+00
2.671439686760680221e+00
2.919634566174335699e+00
2.730503616551350099e+00
2.764901444898172134e+00
2.916898009872816999e+00
3.034003790373374088e+00
2.754320242818543374e+00
2.847068316707556779e+00
2.786511259621966552e+00
3.125971528981030367e+00
3.055202939249698879e+00
5.661542104409362786e+00
6.021586003703674805e+00
6.019967524829350047e+00
2.911358789294098859e+00
2.804511543923469130e+00
2.803262028423315400e+00
2.805112831955249852e+00
2.905176242502337303e+00
2.724252741578871984e+00
2.749001636958406714e+00
2.818512196177267004e+00
2.718794585841306510e+00
2.912130663277319620e+00
2.743683655234327112e+00
2.955179520773653312e+00
2.845066607304651107e+00
2.893915859177664807e+00
2.732735442738648768e+00
2.767375290776442398e+00
2.735368530929607189e+00
2.933648922417268157e+00
2.965975387625459980e+00
2.924535347709102062e+00
2.746151670975221393e+00
2.940710628402597671e+00
2.971284907241309448e+00
2.907265037797551521e+00
3.143016385576123284e+00
2.980113588439205596e+00
5.681816170908734698e+00
2.771548484151053149e+00
2.806029579316654310e+00
2.928780121484028331e+00
2.641457741475339294e+00
2.711166907440410334e+00
2.996245984561347608e+00
2.714040161825170827e+00
2.693025993190559575e+00
2.945227495457694022e+00
2.703689886063118664e+00
2.930661017586305483e+00
2.748433371941186643e+00
6.120539927163289207e+00
2.735307295350926093e+00
2.880554460516239423e+00
2.741640931996748964e+00
5.939767503867470211e+00
5.913615053416987344e+00
2.831903953173553923e+00
2.970862837628152953e+00
6.076705192783339093e+00
5.721042737124063748e+00
3.052875857286044603e+00
6.023348736375804258e+00
5.988642667583363277e+00
2.972177821059836855e+00
5.883851289759115311e+00
2.761626151382551075e+00
2.891618577890244346e+00
3.059977450897309659e+00
2.938096832985597651e+00
2.847125919238557401e+00
2.876151769291738880e+00
2.815755671218652001e+00
2.699529959085470221e+00
2.924645106675338280e+00
6.165197239342792734e+00
2.748630750028093761e+00
3.196060230971875527e+00
2.761743833160490880e+00
5.359449691899346391e+00
2.884779020999702404e+00
2.734067665585473428e+00
5.782582208667681023e+00
2.837244085375806968e+00
5.886728463246797105e+00
2.835814168805847579e+00
2.748466299593284479e+00
5.607421778322012607e+00
5.735921024560919790e+00
3.054659064445654604e+00
2.790527907045546208e+00
2.738006756748419868e+00
3.188778763100381664e+00
2.909062048152290636e+00
2.878665836807044798e+00
2.869124953709754511e+00
2.778959157670366942e+00
2.661267555132328155e+00
2.687092294656065583e+00
2.933750330208757973e+00
2.899060192545163783e+00
2.967292705480873316e+00
2.949508942180036453e+00
2.877145286564444682e+00
2.873491604303029856e+00
2.848018433929106585e+00
3.023532371250554185e+00
6.081671974054503771e+00
5.611699742502265664e+00
2.674155006726423700e+00
2.895315354154016863e+00
2.904423350684262939e+00
2.922741863387870342e+00
2.953056382800707258e+00
2.685632141600930556e+00
2.771039335700596240e+00
2.763494165001981973e+00
2.667274826484889783e+00
5.821109945706231414e+00
2.941956831770309755e+00
2.686147240938217440e+00
2.822335557654334082e+00
2.812116996143652514e+00
2.929080743168409384e+00
5.991085544373406790e+00
2.923145394947025189e+00
2.956191807038237584e+00
2.805331709441862387e+00
2.767127391357325550e+00
2.801182250407852958e+00
2.730386419538450404e+00
2.818675575514145493e+00
2.801109423067938753e+00
6.195015254218507295e+00
2.846935545459363226e+00
6.163430862758175977e+00
5.885261336593304193e+00
2.886009875242980360e+00
2.644690530099882420e+00
2.727615992034069237e+00
2.922887613302981968e+00
6.065643164578673918e+00
5.931499726038937936e+00
6.124273752862458231e+00
2.827955621999751479e+00
2.777937904273600100e+00
2.975518442221456006e+00
2.831091309018485713e+00
2.896233933921774639e+00
2.735937499286122510e+00
2.749707075308204463e+00
2.735864214466792621e+00
2.782979338766280009e+00
6.173463938503245707e+00
2.829797342567131668e+00
2.828406088241219862e+00
5.987741644393151930e+00
6.010940774953618337e+00
2.871156735533607396e+00
2.760792639804735327e+00
5.947670468343047467e+00
2.859612036623150555e+00
2.762381038162548208e+00
2.913769551628954790e+00
3.053940077997602476e+00
2.794872626793571957e+00
2.699059280564248819e+00
3.268315468249660238e+00
2.675206720984379949e+00
2.780388102405849438e+00
2.756761324453026241e+00
2.749351014330473131e+00
2.645590482293131096e+00
2.724904585485517394e+00
2.862689819033840344e+00
2.869139243745412404e+00
2.715010128894550068e+00
2.714046609769257490e+00
2.907121944466726671e+00
2.827114783661957897e+00
2.905291895834220650e+00
3.150036190268296288e+00
2.716707014015312893e+00
2.866753215747738448e+00
2.881958188454509795e+00
2.698496062624513137e+00
6.108448329977098190e+00
6.115002044153378336e+00
2.927268522018436236e+00
2.747980713178315160e+00
2.683399336662361634e+00
2.727950329459831291e+00
3.002057627694711517e+00
2.739854193200798704e+00
2.989395256569462589e+00
2.840705722175389081e+00
2.775346645015717595e+00
2.931190031369511395e+00
3.042231253537442726e+00
3.030424722708023655e+00
2.951863140458920398e+00
2.807868408597525178e+00
2.880338521771355964e+00
2.807988069775226858e+00
2.838403424462421221e+00
2.704742871328067899e+00
3.040953962163847279e+00
2.866054605202071226e+00
3.004848415477892054e+00
2.908352798406685480e+00
2.944359183251934464e+00
2.903793725456406793e+00
2.777662506497144967e+00
2.720936970971580937e+00
3.004245329529530828e+00
2.926418459482512002e+00
2.788665092835638237e+00
2.747084818493961134e+00
2.801766228649349877e+00
2.726276214912934925e+00
2.890113146574022629e+00
2.737077821326971971e+00
2.908640060234335856e+00
2.882413918922818841e+00
2.887941481401588462e+00
2.911084162301048828e+00
2.783717119249008665e+00
2.995693909597574311e+00
2.830836448825682972e+00
2.930209719456953632e+00
2.901221983923326420e+00
2.870480621777474983e+00
2.928966029164557838e+00
2.879136155168768418e+00
2.859355521791580035e+00
2.758359838744756765e+00
2.728387802347752356e+00
2.762691984279101121e+00
2.752183496789412764e+00
2.932738310862392339e+00
2.818078955600782809e+00
2.865060906856955469e+00
2.696170803194783083e+00
2.838168951982950716e+00
2.689224795363897691e+00
2.759858329697377322e+00
2.765425645357328932e+00
2.749508501532591964e+00
2.785778885697857810e+00
2.772454508193056277e+00
2.752076670443612372e+00
2.750688095731684157e+00
2.774067230620051117e+00
2.735846486921369447e+00
3.003067931299590043e+00
2.883876731068788057e+00
2.841534092704150360e+00
2.948472316302122032e+00
2.891917875735754873e+00
2.957646699658361911e+00
2.684897204736151455e+00
2.726095192761984087e+00
2.880192528286954268e+00
2.906868762087480462e+00
2.874357493423530308e+00
2.908319961764867401e+00
2.907308377176387015e+00
2.805148659162290947e+00
2.918874783199854939e+00
2.818713536349517046e+00
2.785126568039592687e+00
2.791782584658053068e+00
2.904716853670939791e+00
2.773336618587797897e+00
2.936726068260368638e+00
3.160774904987698974e+00
3.134778142070024920e+00
3.045988017047999374e+00
2.804449500347617086e+00
2.917862916588097377e+00
2.753662833391190112e+00
2.707601521642355458e+00
2.958231059264979201e+00
2.765447160948840910e+00
2.852420901620236204e+00
2.851864127198209253e+00
2.986245971114904307e+00
2.727326529772334140e+00
3.105801667846805447e+00
3.310351945035451937e+00
2.882418775958829116e+00
2.613537640823258013e+00
2.828524173486944182e+00
2.758446301815570489e+00
2.759007973892066090e+00
2.848512067729396691e+00
2.833408195089440085e+00
2.984761464505999662e+00
3.126988647245141362e+00
2.892782916155306250e+00
2.927348288126986109e+00
2.827558310627740656e+00
2.745761460870190795e+00
2.772775865446033272e+00
2.862319688644160198e+00
2.904336585177413443e+00
2.884655958689008148e+00
2.932893792826463120e+00
2.840086266295445139e+00
2.757591702917602472e+00
2.936060966669459482e+00
2.856495055133125405e+00
2.925258279195189104e+00
2.928050033725516421e+00
2.739064803906617662e+00
2.820366465550177448e+00
2.856364647589660244e+00
2.886338337755987915e+00
2.874501869889807271e+00
2.832022245675340777e+00
2.818579252034613347e+00
2.806038132313957156e+00
2.723958516571058475e+00
2.717731774844603709e+00
3.075158857685241554e+00
2.789857523243794546e+00
2.960861698897805816e+00
3.005891880956465645e+00
2.957337315897528462e+00
2.980394269220097758e+00
2.815262154755752366e+00
2.753609994171287934e+00
2.757730226109870841e+00
2.791841148776197823e+00
2.876041376614738354e+00
2.889029767932480119e+00
2.733978236928743311e+00
2.834880949881317669e+00
2.761140706302378511e+00
2.804803379918100692e+00
2.761787283626311318e+00
2.781162706495252213e+00
3.026850673554941196e+00
2.971311663222154120e+00
2.711211721721488832e+00
2.863739862487513221e+00
2.717731038936707755e+00
2.934980919869837557e+00
2.858056332544899103e+00
2.748218331937985148e+00
3.038716340825513562e+00
2.723323520994155089e+00
2.888533537973897669e+00
2.663273925077928705e+00
3.089922652753625432e+00
2.682607313790075221e+00
2.813451439069102111e+00
2.830702386334529752e+00
2.759301723262608697e+00
2.842703114994599822e+00
2.901034643019624326e+00
2.797608979110555172e+00
2.836091324340596742e+00
2.939002722013030588e+00
2.767068665573733099e+00
2.722220600906546384e+00
2.694069412617277059e+00
2.892801583240717012e+00
2.832668882873534688e+00
2.856915469523030993e+00
2.837953840357520185e+00
2.753198140345150868e+00
