4.837633409013130326e+00
4.196120708463950244e+00
4.508916721342277611e+00
4.670065095906052122e+00
4.328214990039196408e+00
4.686329053747719797e+00
3.088122244989663034e+00
2.963044717853579701e+00
2.733793152380040503e+00
2.761335546434008137e+00
2.672528577957586471e+00
2.756811745477010245e+00
2.823561757780410186e+00
2.865615989625965199e+00
2.912634889580223430e+00
2.885617264988549646e+00
3.025986615965113202e+00
2.893122016092649851e+00
3.014219633669716458e+00
2.791094767291143253e+00
2.754660233132209424e+00
2.839787492049361539e+00
2.911660179347858257e+00
2.724473160080678635e+00
2.910404439248950759e+00
2.859431761731690891e+00
2.844493979603401890e+00
2.892613178425349041e+00
3.020875369822463075e+00
3.054721754923024335e+00
2.717040485528325444e+00
2.773920150256672379e+00
2.931090752603883409e+00
2.702406520122389022e+00
2.834609320523729714e+00
2.895698188693013542e+00
3.117124476179929715e+00
3.090387192569889141e+00
2.773282892169495195e+00
2.935412407141456459e+00
2.717803156963359168e+00
3.007475020677644384e+00
2.718068983672047967e+00
2.941879671230623217e+00
2.745332948842453380e+00
2.792860182680113823e+00
2.943460038797876877e+00
2.909609252116166722e+00
3.044395013791738602e+00
2.784332056346728201e+00
2.914153221778154723e+00
3.022464060993943491e+00
2.873971120244599664e+00
2.795274047387840355e+00
2.983954088118649040e+00
2.892841682498369593e+00
2.940288761329403755e+00
2.704229834906788810e+00
2.935374592790500614e+00
2.794160696881980765e+00
2.823328000782055813e+00
2.852668049388151328e+00
2.974302943548286393e+00
2.669470734059468775e+00
3.044861408997132202e+00
2.985424592918065834e+00
3.110201601182791542e+00
2.994218762882899565e+00
2.807228704612433567e+00
2.925110254332304649e+00
2.865021640406927084e+00
2.684809862913945633e+00
2.859762577557794394e+00
2.747183648757396401e+00
2.947484520739676483e+00
2.811545126794162019e+00
2.903617743436625265e+00
2.748139188614725281e+00
2.660264084635207915e+00
3.118136623049092560e+00
2.750232899228717720e+00
2.953059938436739085e+00
2.701184554968430795e+00
2.903661481646922837e+00
2.742432861530068600e+00
3.103335302541445184e+00
2.901417929220125203e+00
3.015016086192576328e+00
2.999341427713756669e+00
2.976952972419954158e+00
2.893035948618682962e+00
2.711276267738129242e+00
2.745955935553227700e+00
2.938785293280201660e+00
3.134982296600732354e+00
2.842871435714249273e+00
2.988284792318161465e+00
3.182306396310700780e+00
2.982652678405583568e+00
2.917654708837219779e+00
3.023992890203282435e+00
2.988867343995046166e+00
3.239525428207039148e+00
3.055952061142320986e+00
3.192920293399131637e+00
3.140683524330333043e+00
3.131228832263780681e+00
2.804975222706966864e+00
2.742586735182681590e+00
2.716708486385685628e+00
2.740330272065759853e+00
2.819678173125435894e+00
2.855730554516655140e+00
2.991414548336623014e+00
2.764679185728427413e+00
2.841118441740857925e+00
2.910262702918758659e+00
2.631247232777642608e+00
2.812393998002414186e+00
2.769447237265949546e+00
2.758294037987973457e+00
2.742248894611865939e+00
2.941109144523541552e+00
2.944349673527245859e+00
2.728127196448142833e+00
2.863658673794766685e+00
2.970971726556817849e+00
2.998051700688298293e+00
2.850386114195759379e+00
2.772916515151510719e+00
2.815064652898757291e+00
2.847706796705026466e+00
2.921574917745564548e+00
2.962503502107634024e+00
2.758034988900611939e+00
2.721914216135401965e+00
2.781821166070888918e+00
2.841003167896861470e+00
2.935990463199769973e+00
3.047548030794592577e+00
2.896955988619778655e+00
2.820154960281438417e+00
2.771978354893847474e+00
2.506358912845485065e+00
2.606179195680910166e+00
2.850732888223658001e+00
2.671443991552134190e+00
2.940552839178374622e+00
2.949283641835759529e+00
3.025320809434926872e+00
3.183854425064061022e+00
2.720366887020940094e+00
3.010722504649008258e+00
3.012733144505168603e+00
2.786261294279486211e+00
2.923176696677776132e+00
2.771293741197421223e+00
2.860732948039715673e+00
2.731411539845286285e+00
2.869078946282238807e+00
2.843648009160065104e+00
2.816310707290657245e+00
2.698985735419881848e+00
2.825044247441091283e+00
2.879119657117432229e+00
2.803948822642809535e+00
2.648843143713874415e+00
2.696074739320109881e+00
2.732421270595000617e+00
2.731999450951628106e+00
2.840884897351528160e+00
2.996054238494357147e+00
2.870552037500800679e+00
2.699840921239620162e+00
2.827596859525770778e+00
2.730291010130605489e+00
2.778217054155416754e+00
2.804785375033177264e+00
2.855725827175991327e+00
2.945177414010911487e+00
2.923802147888943992e+00
2.590926089258433596e+00
2.799587291012730184e+00
2.780410581191202546e+00
2.718578488843020224e+00
2.740143244430846003e+00
2.682206181485681462e+00
2.748727887587274932e+00
2.720378833912659111e+00
2.869308279010814200e+00
2.791370093699507393e+00
2.794096097130518430e+00
2.822453542576033314e+00
2.685783312182872251e+00
2.734681334269132513e+00
2.682755486435541847e+00
2.710598826827754770e+00
2.782994969452873057e+00
2.855339909713027424e+00
2.767228758162215918e+00
2.775259807657654676e+00
2.901532009128970024e+00
2.901474625082907544e+00
2.795438069426686045e+00
2.909118251291960888e+00
2.921462818520885740e+00
2.820819916265481897e+00
2.802724567273780387e+00
2.467417070541581658e+00
2.750648287222486665e+00
2.907819285994231340e+00
2.689950743043449055e+00
3.015645536199505372e+00
2.752792582088233075e+00
2.722033063722775648e+00
2.875584983964132313e+00
2.885031195671894366e+00
2.917161805591180990e+00
2.950781930268653319e+00
2.868584319834436958e+00
3.013092929200823722e+00
2.826391338792277441e+00
2.492817281711598110e+00
3.036176048914160486e+00
2.912869719022805892e+00
2.833528012919583006e+00
2.850620458777352262e+00
3.016014091479016557e+00
2.968848598362671787e+00
2.922326128275213541e+00
3.089209931357854266e+00
2.783848235805967963e+00
2.742250717932261050e+00
2.790049103510545692e+00
3.047603320643944791e+00
3.013114833523608205e+00
2.909684003461544322e+00
2.867174393021812762e+00
2.784895150629552507e+00
2.713372256068083299e+00
2.926693355990681589e+00
2.977998321020346228e+00
3.035385642714941934e+00
2.956525325445395591e+00
2.787362193903045959e+00
2.894700329913271197e+00
2.878690848285032633e+00
3.305121329089145910e+00
3.462007654526488398e+00
3.636749785179067995e+00
3.509851991181394570e+00
2.882451213810912627e+00
2.714818778482276596e+00
2.784623134285858725e+00
2.611680302027795886e+00
2.825217336772518628e+00
2.743077468829489884e+00
2.791966153089969094e+00
2.745082148133275446e+00
2.817014199467230195e+00
2.995787375632656513e+00
2.771309798633130317e+00
2.999134708545116101e+00
2.962102462778760881e+00
2.903741035285344108e+00
2.726170941082014743e+00
2.727841820927305871e+00
2.810080425895315592e+00
2.858750776125823734e+00
2.883974687822346450e+00
2.896239976245063019e+00
3.077399876519137045e+00
2.754061727703284390e+00
2.781431465990130025e+00
2.832068678545772489e+00
2.781656341103263763e+00
3.022500620347330802e+00
2.912310594699679456e+00
2.962073598005289465e+00
2.706167954876415482e+00
2.721422789645151941e+00
2.832283354468616121e+00
2.952067919272860941e+00
2.792010207717729564e+00
2.692736340602250422e+00
2.731348384955679442e+00
2.766776644400483320e+00
2.783513427307294563e+00
2.994906676342353080e+00
2.929998976109035702e+00
2.763613033693392840e+00
2.817978353359017696e+00
3.137908539138768660e+00
2.771762255317002932e+00
2.763628231148321568e+00
2.891695869208932290e+00
2.853338395634138269e+00
3.021123797529654098e+00
2.912849635666076686e+00
2.774743411560788076e+00
2.822749900363119124e+00
2.861696175347760107e+00
2.771185486393863862e+00
2.769356242883894037e+00
2.885870579218686505e+00
2.698042438509816954e+00
2.884459221413955277e+00
3.057064605140034974e+00
2.844109878327488516e+00
2.833573362381852867e+00
2.834568573875043462e+00
2.806920376498057479e+00
2.826227520919007308e+00
2.734344711260817018e+00
2.926728719919220456e+00
2.860177966490896395e+00
2.819662568464531560e+00
3.113745814930948708e+00
2.850701492615458577e+00
2.917076104595146990e+00
2.763629135756099142e+00
2.996873871219808638e+00
2.695155654132057599e+00
2.910574170159558438e+00
2.676383006970414868e+00
2.689861520599155842e+00
2.759803072684715808e+00
2.885038821229274131e+00
2.802076551416823769e+00
3.076720331781879203e+00
2.809403851353521997e+00
2.954212416194881730e+00
2.827617725223832146e+00
2.776517783123313432e+00
2.994085670117005993e+00
2.795693295052230631e+00
2.788466424398902355e+00
2.812110595264702084e+00
2.934789600635793416e+00
2.838066595413152093e+00
2.664769783677381376e+00
2.730957890557816015e+00
2.859831463565641663e+00
2.906708275696066490e+00
3.231774280484327910e+00
2.754706699450959917e+00
2.804854006895902696e+00
2.520184318656078393e+00
2.975658750596244406e+00
3.030964532949866452e+00
2.913679632354936544e+00
2.733734990813849741e+00
3.049039684884406132e+00
2.889720747754011221e+00
2.969326017802693229e+00
2.639510750120181104e+00
3.218718067802770477e+00
3.029158629058570362e+00
3.064109169073451877e+00
2.807668249633492152e+00
2.936184428812331770e+00
2.742505788508021070e+00
2.861996855344183910e+00
2.724153630028967044e+00
2.700737121602174273e+00
2.756778192020532980e+00
2.819283242244383203e+00
2.782247113395932558e+00
2.925059657511279276e+00
2.737765694868719013e+00
2.833099186403469805e+00
2.894633137376824816e+00
3.197903532003427696e+00
2.900786445086918075e+00
2.937320037040567655e+00
2.886374889026025681e+00
2.821667592045526085e+00
2.686211458541564845e+00
2.838036292932139659e+00
2.798720064600960011e+00
2.901148220963555069e+00
2.744235594842395987e+00
2.811902914398006104e+00
2.784707345485338603e+00
2.715376585300830925e+00
2.860144401948964799e+00
2.892349391066024289e+00
2.764134222500780780e+00
2.742014770200919660e+00
2.733805040598176195e+00
2.644395015877922805e+00
3.107367535390688218e+00
2.985699415547385716e+00
2.585739739416943461e+00
2.871804484988489392e+00
2.758051848678701123e+00
2.806123660853170332e+00
2.762362937776279725e+00
2.817868875586654553e+00
2.834280684759362234e+00
2.873914403735782663e+00
2.982269940833659927e+00
2.804517962146079846e+00
2.875673486333244711e+00
2.846354510597722598e+00
2.723399713593287252e+00
2.794735944592977361e+00
2.845906709644572707e+00
2.646184233948951192e+00
3.024402585635715290e+00
2.843009672864304616e+00
2.765021157242743666e+00
2.962951400208920116e+00
2.671600456655149447e+00
2.869475387592651749e+00
3.049099211242559448e+00
2.621248748211432389e+00
2.593142302304291213e+00
2.756653768611502020e+00
2.757310464927734461e+00
2.804898037362499430e+00
2.835011463821619060e+00
2.751110684796233219e+00
2.963466213743628952e+00
2.772326640206741466e+00
2.835794421321827130e+00
2.943589305592748229e+00
2.961820554996537957e+00
2.770400332081990324e+00
2.859190269989039912e+00
2.687243010968676682e+00
3.145343383479774602e+00
2.891078345531300720e+00
2.860983397365318925e+00
2.971101647537492507e+00
2.965802083754072616e+00
2.789357990649461438e+00
2.994666926387640427e+00
2.783731488488068617e+00
2.881735761654770300e+00
2.753363942525579589e+00
3.137139301975607086e+00
2.819838825181326225e+00
2.726309960367676588e+00
2.716971475742798958e+00
2.793171315905989882e+00
3.038026332999764989e+00
2.874911129061209714e+00
2.894775638974460996e+00
2.747112120027138893e+00
2.997806031083398715e+00
2.845091386932939503e+00
2.883554924047745605e+00
2.907060370890154566e+00
2.767887461585098574e+00
2.705042883209062499e+00
2.752086844559959999e+00
2.923839256867585945e+00
2.857112353408594707e+00
2.907865368272747109e+00
2.852096421932470705e+00
2.740988507819761111e+00
2.785415767888162364e+00
2.787563272824493232e+00
2.581221803720090691e+00
2.821021268973348484e+00
2.717859451848089858e+00
3.068733452093876490e+00
2.571056008724819542e+00
2.733412702099703218e+00
2.873760602416283394e+00
2.819066157435827780e+00
2.882135492998203929e+00
2.903576587589863589e+00
2.996207436076480768e+00
2.998359885003799796e+00
3.232883851919211793e+00
2.917325658886919637e+00
2.667013498278552053e+00
2.717806652431331127e+00
2.892709110850933296e+00
2.734310516382512546e+00
