4.865908959279859225e+00
4.835746684846094823e+00
4.891667711527429852e+00
4.815176943789293063e+00
4.784597893240350786e+00
4.838064385681529522e+00
4.878064062719964511e+00
4.785867737411889422e+00
4.711210672428054025e+00
4.586489834285038647e+00
4.567193996317651994e+00
4.518914582065034047e+00
4.434437506606672130e+00
4.440609642830587234e+00
4.474233789153177376e+00
4.440325776336687014e+00
4.628169076427524509e+00
4.602946339031120715e+00
4.419312389953893749e+00
4.749056116745726364e+00
4.630226884289797340e+00
4.585196397102309973e+00
4.390785578914097265e+00
4.407412619667008258e+00
4.307202456351454600e+00
4.312833523334746566e+00
4.316150483938204552e+00
4.373341171232814517e+00
4.321162575048524523e+00
4.348142821941340053e+00
4.305375825639383258e+00
4.310913360298488151e+00
4.727856491053847421e+00
4.674633996368058320e+00
4.678247962645844638e+00
4.734453400340951745e+00
4.794609681715498617e+00
4.161815228959594215e+00
4.114557084304457213e+00
4.003550798978327663e+00
4.012230053224764781e+00
4.582592061268382366e+00
4.615816612474980651e+00
4.116755761519013568e+00
4.064811188726975111e+00
4.146250113053962849e+00
4.154547989854010304e+00
4.208133315378684181e+00
4.119595853964318266e+00
4.075024907899337023e+00
4.047960721153306629e+00
3.979979648189171382e+00
4.014922788796815745e+00
3.884503314453470857e+00
3.856593833942070670e+00
3.800563773968278269e+00
3.705160995152572578e+00
3.604406886021609857e+00
3.620847138447023994e+00
3.584356846074341352e+00
3.479935200546124818e+00
3.491739537823518535e+00
3.408726595079165200e+00
3.350305060737006624e+00
3.337769764378604176e+00
3.283793690230858431e+00
3.271213077743484465e+00
3.196938691936396904e+00
3.153175383641068752e+00
3.181435210718583484e+00
3.132207847509484555e+00
3.064682854717597049e+00
3.035393878889525165e+00
2.976847493574368730e+00
2.907782832331190725e+00
2.841560310815169021e+00
2.729857139119188147e+00
2.691539893815434237e+00
2.730205486772011803e+00
2.745099087464785370e+00
2.713135086942778607e+00
2.743391331910196129e+00
2.755577253498802115e+00
2.705498844945234627e+00
2.714060426740716458e+00
2.627307747486007816e+00
2.704758954139906191e+00
2.762588822101472719e+00
2.745975054511602842e+00
2.704279016669692393e+00
2.764792397269639324e+00
2.730575397237732460e+00
2.731965226718670703e+00
2.718609019333232180e+00
2.685637726872334596e+00
2.767643582544544678e+00
2.699652755448374464e+00
2.743726298303094335e+00
3.681703681721276045e+00
3.664219971562843181e+00
3.672929076363985246e+00
3.749187111895057711e+00
2.759383445626939491e+00
3.723546696363562170e+00
3.692475321515365394e+00
3.721292786116137119e+00
3.715415723711143592e+00
3.647496401643187003e+00
3.495339468492295154e+00
3.449053348384162110e+00
3.440701381985946661e+00
3.428963254396290239e+00
3.390797693758800690e+00
3.363071364095623572e+00
3.350996269768141467e+00
3.308740092542779454e+00
3.275420125724332276e+00
3.317322112789169886e+00
3.197820820496357630e+00
3.087666594695742006e+00
2.973861799075403933e+00
2.884400457634133996e+00
2.808497641088559149e+00
2.715065008429816906e+00
2.744908377341582550e+00
2.700863010224695326e+00
2.746661245949343133e+00
2.750031454365567729e+00
2.802055852405516134e+00
2.827536737161871372e+00
2.946950627343457807e+00
2.979137123396639275e+00
3.088306008153984816e+00
3.103225902186304452e+00
3.135108451074699154e+00
3.123673158318584164e+00
3.103351414197238256e+00
3.100713143778379255e+00
3.024667254426509633e+00
3.064533896043572625e+00
3.128418290446468131e+00
3.124603174804762684e+00
3.071639627300051245e+00
3.031228463841021625e+00
2.975634050080755877e+00
3.025403278903491699e+00
2.967913239971815109e+00
2.945967752708776644e+00
2.960924517781565513e+00
2.982409260983475363e+00
2.906045078796954950e+00
2.857691550885084197e+00
2.929484596307002420e+00
2.904298538373767613e+00
2.876573830097186590e+00
2.848404114587674840e+00
2.791384423543270543e+00
2.784379643654938619e+00
2.745123312348645150e+00
2.771675486055321436e+00
2.790596352036603722e+00
2.807551246193023875e+00
2.904055612415161303e+00
2.875413187700161188e+00
2.810815895785420793e+00
2.823099360631856847e+00
2.808366251043478368e+00
2.783236066164707978e+00
2.803213513095283549e+00
2.846828059437379821e+00
2.901503231085569290e+00
2.901554927965348973e+00
2.888052977353427142e+00
2.931420645352692755e+00
2.950490298238582554e+00
2.876721397702600047e+00
2.850658520412432395e+00
2.804358037055895814e+00
2.748128454057415126e+00
2.731851752932432209e+00
2.848839237303502081e+00
2.892413179336589923e+00
2.873893004271384388e+00
2.838900843636494642e+00
2.837262412960775304e+00
2.788825200689351469e+00
2.802338666185797855e+00
2.823419557912000943e+00
2.829106042551250866e+00
2.787569909437250359e+00
2.723464888703358788e+00
2.762227724138616392e+00
2.760495064295532597e+00
2.746783209501616252e+00
2.748110259796720189e+00
2.726176076485156141e+00
2.772427275872173080e+00
2.841225263860646333e+00
2.890553580198782502e+00
2.880369073573732841e+00
2.859814854147030516e+00
2.798724352271941829e+00
2.752524114335785033e+00
2.702060325011268027e+00
2.770547599302347397e+00
2.801556710116716697e+00
2.840699209701724737e+00
2.844307648620310491e+00
2.886331408553078681e+00
2.923285480414117732e+00
2.875318069362065909e+00
2.860944249718963217e+00
2.935466913456869609e+00
2.909437402660521421e+00
2.845851190768764916e+00
2.855716547558598606e+00
2.903257653051138032e+00
2.780699911892687837e+00
2.748336769757302012e+00
2.784726557491776777e+00
2.811582650394613303e+00
2.847146641815275547e+00
2.892657947286543685e+00
2.880764655434387311e+00
2.879979513816027570e+00
2.829282771304416855e+00
2.874231201556340043e+00
2.880840328792972027e+00
2.848988241463976667e+00
2.856158433980860334e+00
2.753988562067751555e+00
2.733364410392437716e+00
2.756382774579757555e+00
2.763541568350293076e+00
2.769738976871285896e+00
2.780706744696390675e+00
2.833744872072995857e+00
2.848093046232865078e+00
2.912006868123768299e+00
2.889080303487599810e+00
2.813251677329989597e+00
2.843668581252041694e+00
2.793961524430857324e+00
2.718338830977478082e+00
2.778011699039440341e+00
2.768204833461570757e+00
2.808629737078207622e+00
2.854194106924054175e+00
2.792417053378667191e+00
2.711206926813223284e+00
2.720366887020939650e+00
2.758340261824128170e+00
2.764205672521493184e+00
2.847152085857024062e+00
2.881225607272016820e+00
2.946211805013346119e+00
2.870221245827575096e+00
2.875652969327140429e+00
2.888304346844355219e+00
2.820703103837764569e+00
2.892379815999274850e+00
2.915702659737443359e+00
2.896063017270170015e+00
2.789369462799791588e+00
2.694909274910753272e+00
2.770708393173125117e+00
2.735702103665528906e+00
2.761019558061840407e+00
2.815344739103898153e+00
2.859527583360580216e+00
2.836416401024362877e+00
2.871914344126579088e+00
2.900530296342377135e+00
2.833828152870247141e+00
2.819413414169691823e+00
2.921449640161541517e+00
2.860933064578756735e+00
2.767910764457553796e+00
2.747698309494694513e+00
2.754529360889079737e+00
2.811503156676157467e+00
2.838528844313546351e+00
2.846118409342802469e+00
2.878801660413582653e+00
2.876072669457432340e+00
2.845106852123483687e+00
2.842816033442895574e+00
2.938966314880114616e+00
2.831203630966871998e+00
2.796549838640463026e+00
2.773828221069213562e+00
2.790592947744260144e+00
2.749681254254754403e+00
2.755295628421748688e+00
2.769584445363599823e+00
2.794127770879491823e+00
2.815838773793698291e+00
2.817675815277548956e+00
2.852895721893809355e+00
2.867329419512170130e+00
2.890471587820921506e+00
2.954102571001893551e+00
2.871309283236481491e+00
2.873522228903059084e+00
2.886109145545261878e+00
2.848565603948765901e+00
2.837658365624727175e+00
2.876697064343063825e+00
2.887555886905047942e+00
2.891447042572282911e+00
2.847887989370368356e+00
2.801748382706768847e+00
2.751788327615334317e+00
2.801476039519167571e+00
2.700103146177938562e+00
2.772469837527542946e+00
2.760385661461093765e+00
2.895115023621686046e+00
2.895161653517813072e+00
2.942790512421840532e+00
2.900653374672678808e+00
2.935299132967541080e+00
2.933760385580254315e+00
2.932901975859404597e+00
2.941728743443215333e+00
2.906416350077875688e+00
2.914437510052325653e+00
2.908725322198712160e+00
2.972481959575197230e+00
2.923175499349979223e+00
2.921740234860040086e+00
2.901929875100361489e+00
2.837042474126885150e+00
2.840760109548147394e+00
2.812589554129788283e+00
2.813686016598156758e+00
2.770452129165924315e+00
2.753602367808395179e+00
2.766926995784312560e+00
2.854696130939332832e+00
2.816047052163723752e+00
2.810745274833704510e+00
2.795943311299426082e+00
2.768713419622911953e+00
2.853745083219592082e+00
2.851213951986065531e+00
2.849183391780880203e+00
2.830210239540519090e+00
2.826482089099451311e+00
2.835228385862415657e+00
2.810802910201994465e+00
2.716600265037165673e+00
2.757117697886689811e+00
2.758068345781155450e+00
2.824595015218996252e+00
2.742718724185912560e+00
2.791823776673592494e+00
2.871611742558523250e+00
2.844834090065710086e+00
2.755712249129071090e+00
2.741018423870952070e+00
2.744229400032001109e+00
2.833033180179857613e+00
2.945763907715619467e+00
2.856126572825511190e+00
2.883813100740059365e+00
2.850113506511626760e+00
2.805433478092111521e+00
2.774777288360275040e+00
2.751632242869675782e+00
2.768744300219866172e+00
2.744446392262016587e+00
2.787193032425275163e+00
2.855347964784677117e+00
2.912675402443602568e+00
2.894794465933634875e+00
2.860102445717635611e+00
2.864787252135836848e+00
2.896131730429400974e+00
2.868496121663754561e+00
2.920854327076241042e+00
2.886336605456820248e+00
2.882958202957511151e+00
2.860521805545274798e+00
2.873379021291830870e+00
2.874137957718800873e+00
2.887369217817493450e+00
2.924440972220161417e+00
2.895037305459119636e+00
2.917874911643746128e+00
2.965581561852581594e+00
2.821509170639004527e+00
2.890187191169457659e+00
2.902785041989847326e+00
2.868806371995154425e+00
2.866264642352481129e+00
2.844187054326771769e+00
2.746455716009271519e+00
2.815927200763542970e+00
2.817441747401355112e+00
2.764841044255528679e+00
2.811701442187630295e+00
2.898205306737257736e+00
2.823720595243091935e+00
2.794232631689781421e+00
2.777542978965402032e+00
2.813466367312749572e+00
2.767804545122361404e+00
2.750187811768498136e+00
2.784758876455913690e+00
2.718010485630987461e+00
2.735489901279110736e+00
2.734932174661741655e+00
2.729294597510499187e+00
2.768422474984625126e+00
2.746424220691333407e+00
2.769520897195036468e+00
2.796896315561232971e+00
2.816145237731889850e+00
2.883165968167632265e+00
2.939049846463989368e+00
2.868130575828095274e+00
2.862923680435788487e+00
2.801902924799501093e+00
2.745108376731235644e+00
2.782764632519250103e+00
2.810020818428219158e+00
2.898859948324512992e+00
2.824435164771887941e+00
2.802190214814118896e+00
2.875619933162238961e+00
2.902371616454377801e+00
2.860835717058915595e+00
2.805677280087644387e+00
2.813380173385744421e+00
2.833522895619514426e+00
2.824374089953383571e+00
2.766524715233897869e+00
2.822757517038967823e+00
2.829471151999963574e+00
2.866811643620836403e+00
2.855133271845641918e+00
2.877285700100009169e+00
2.890082870784157265e+00
2.834562929271460696e+00
2.872717354700946135e+00
2.864027583666051147e+00
2.957031619715960957e+00
2.908194457047189374e+00
2.883068677641932087e+00
2.820955511878909139e+00
2.733048481092129833e+00
2.793764664391042540e+00
2.794130634025545845e+00
2.758423281514278624e+00
2.783145342952825452e+00
2.785119207502616323e+00
2.745898213699845325e+00
2.823199957495041268e+00
2.770383547453312278e+00
2.826093593637691637e+00
2.799639619665359902e+00
2.738855782986756804e+00
2.769118451782083046e+00
2.772598961263600614e+00
2.811453360808248814e+00
2.767758118044277627e+00
2.765403044765808005e+00
2.742492479479205159e+00
2.710248881560510359e+00
2.741539713372760811e+00
2.804816571542602333e+00
2.819451365070871240e+00
2.928043886283127506e+00
2.897878361836466077e+00
2.858003848842754824e+00
2.891043237310711334e+00
2.875157213092877306e+00
2.866135377123697925e+00
2.912502188840379258e+00
2.873906052744243489e+00
2.869714445724521390e+00
2.824864421525393965e+00
2.826858503710435233e+00
2.837908560894801369e+00
2.893402668140057088e+00
2.932993181035373986e+00
2.872337201653036853e+00
2.803789400079828020e+00
2.764473729301835547e+00
2.772728619969866859e+00
2.762556424763122020e+00
2.733310995843685642e+00
2.758312708885633846e+00
2.766369642690579056e+00
2.821686552400886505e+00
2.851306717980372163e+00
2.853087275216094731e+00
2.832267995794182980e+00
2.807974536921586495e+00
2.823454621558490363e+00
2.806084460596295127e+00
2.737143218759295671e+00
2.742695389575736442e+00
2.773988824779220153e+00
2.812206784715519436e+00
2.916721961380618122e+00
2.891979771713488301e+00
2.867441542560197121e+00
2.867049005510718285e+00
2.909389970423353677e+00
2.885348505813465803e+00
2.850931251363315599e+00
2.870222813650536331e+00
2.944291595613451662e+00
2.881740099314995973e+00
2.886585006543199494e+00
2.924193051082640604e+00
2.828793559099002319e+00
2.725475554834421832e+00
2.718782815893906690e+00
2.787819936796493092e+00
2.845784777526227494e+00
2.925909431270899752e+00
2.860983397365318925e+00
2.869886060456058985e+00
2.858192085917250491e+00
2.890552542335115049e+00
2.874724508539905354e+00
2.923745713977192295e+00
2.848069872738377750e+00
2.824529341323966936e+00
2.884728236766853637e+00
2.940967527872416998e+00
2.937570424687721893e+00
2.867603877804603574e+00
2.852092214497981004e+00
2.890078718651102552e+00
2.849805958306634857e+00
2.873139571966528028e+00
2.869598229717881477e+00
2.908701084676800441e+00
2.906958204033900817e+00
2.909453213234403979e+00
2.876087794209349457e+00
2.968805988945724561e+00
2.840688120860859200e+00
2.824902830187261404e+00
2.826345343371895691e+00
2.810410824061137181e+00
2.862870762014939174e+00
2.889426413667598670e+00
2.880284187367628590e+00
2.916880696908942472e+00
2.879361387530228189e+00
2.834622020658133845e+00
2.826274756636374619e+00
2.888167931405651423e+00
2.855689934149014064e+00
2.860909296010623937e+00
2.887361598414719399e+00
2.886939902387993584e+00
2.884543118069133882e+00
2.898361261126707777e+00
2.855401197730364604e+00
2.786187000185020413e+00
2.760788655438876749e+00
2.763844604893697543e+00
2.788436838086887359e+00
2.800637248913182553e+00
2.731644376561487508e+00
2.742289007380513954e+00
2.742535141069299076e+00
2.737529725866004515e+00
2.797310136541887982e+00
2.827196491225893116e+00
2.776539933082180944e+00
2.729165806615640566e+00
2.724075255935489270e+00
2.756825166745254574e+00
2.786769635258716349e+00
2.738082540757308614e+00
2.720065624208357402e+00
2.759924817816601372e+00
2.722459366087949917e+00
2.760031521559129342e+00
2.782074046462458927e+00
2.737851164691024408e+00
2.754555136496636525e+00
2.768285570529168016e+00
2.806375242194101727e+00
2.834091741634345407e+00
2.843328155524789569e+00
2.824052584496258955e+00
2.857348771151327238e+00
2.916119682043246453e+00
2.928261088086238306e+00
2.910833214047139350e+00
2.881880982969283078e+00
2.818145844345178563e+00
2.801400721067944577e+00
2.787876790677808359e+00
2.723410545621059775e+00
2.747106477732525143e+00
2.735636489009459549e+00
2.716190162709525957e+00
2.761326673901514539e+00
2.769495441411666814e+00
2.747812584584326867e+00
2.831882765935059165e+00
2.935955210830028861e+00
2.911874997317020597e+00
2.918074193710640252e+00
2.847664481641051459e+00
2.853703908957620605e+00
2.793845557649885514e+00
2.689419268169245925e+00
2.694848047664283985e+00
2.792106552408055276e+00
2.786515027772145547e+00
2.774333433457485398e+00
2.743197586758927109e+00
2.762228267178511665e+00
2.817477950224278160e+00
2.817420806340437789e+00
2.765083723868050125e+00
2.763763738093398814e+00
2.794942933227796189e+00
2.799421368783199249e+00
2.780605149962863898e+00
2.760332950931825735e+00
2.729718483653579941e+00
2.752895566489945267e+00
2.736760676420209482e+00
2.756665014106719269e+00
2.772306801203647808e+00
2.790689341363527198e+00
2.771935605312648487e+00
2.763229632151479098e+00
2.814015991425776964e+00
2.877313156401298144e+00
2.877719062035068998e+00
2.899153497143606373e+00
2.914177242379056398e+00
2.907365130147914645e+00
2.840834560476903636e+00
2.774535276402158690e+00
2.747657911749568971e+00
2.720152017810769429e+00
2.804922280563224124e+00
2.806601503598257441e+00
2.911385580784517479e+00
2.904154782376448640e+00
2.920104963866881231e+00
2.894525522430230424e+00
2.870154873870049528e+00
2.821938695294424537e+00
2.788455845087026042e+00
2.820077481205082393e+00
2.893160382695711519e+00
2.858757772180077428e+00
2.879589380449928182e+00
2.898310542367743103e+00
2.835145498911828543e+00
2.913368668740706990e+00
2.902087524524371798e+00
2.880150343298071292e+00
2.807495146923677964e+00
2.785880112280498366e+00
2.778296240504241954e+00
2.785599755887410822e+00
2.726931058901196359e+00
2.731194793492401018e+00
2.749438306272755650e+00
2.708648371420698364e+00
2.759484553317883559e+00
2.740115690988247810e+00
2.856400182047326375e+00
2.914241582298900735e+00
2.919623263368066546e+00
2.887732847754445054e+00
2.851111011518141503e+00
2.842293616078395146e+00
2.886621727902705103e+00
2.837196151132311606e+00
2.809803195955189903e+00
2.755295265484264178e+00
2.761135635929535592e+00
2.835237203480513557e+00
2.873239286937306236e+00
2.855073203965180717e+00
2.812451955145189864e+00
2.801646301730466249e+00
2.773830924912330964e+00
2.764287069028830146e+00
2.778824751581142838e+00
2.779083661928874349e+00
2.786603129259709100e+00
2.792960257504571331e+00
2.805696170293568770e+00
2.845391712928116768e+00
2.777560260372401224e+00
2.733114157879249717e+00
2.745780216987513622e+00
2.748088426524881722e+00
2.752502497728203767e+00
2.840508757247546257e+00
2.808935029508514258e+00
2.800164638016843455e+00
2.748794826828659499e+00
2.748201593770005502e+00
2.762293612199832715e+00
2.737352735764976952e+00
2.768637932269222723e+00
2.766902600381878852e+00
2.774443908245398216e+00
2.766640381401240578e+00
2.775206298637994617e+00
2.808305182846052350e+00
2.792563338583387900e+00
2.713315499531891550e+00
2.789894263229343530e+00
2.859512895582043246e+00
2.887194486001939175e+00
2.906112695681294600e+00
2.841230895228333608e+00
2.917001714089314746e+00
2.871762699110078199e+00
2.881689435036330238e+00
2.924039329420861311e+00
2.952539415486269636e+00
2.910237619164456113e+00
2.909481568939730867e+00
2.886367266998432157e+00
2.920448424471831395e+00
2.909125985583986385e+00
2.860829599958724767e+00
2.883819169088103429e+00
2.916422808853339266e+00
2.879210655717987066e+00
2.887870841987224768e+00
2.873856294249941268e+00
2.792761178475524630e+00
2.847985603896199258e+00
2.828152223625878037e+00
2.792932150983979955e+00
2.871202187237952064e+00
2.863337039190462008e+00
2.858932842862875301e+00
2.786685127530557970e+00
2.729726176743740851e+00
2.802182899098487390e+00
2.771253867836724005e+00
2.792380525644741152e+00
2.874125084264774976e+00
2.859087441824752052e+00
2.820800595575660541e+00
2.803059935142307335e+00
2.734621363187233367e+00
2.748895778308082960e+00
2.758869696089324641e+00
2.713156648629046597e+00
2.797842919107504045e+00
2.839726395271206183e+00
2.922425362605518995e+00
2.803958095264620365e+00
2.789968637816561348e+00
2.830828324006950503e+00
2.761396204821032097e+00
2.801855099750877987e+00
2.779814742028683838e+00
2.735332703712658020e+00
2.754924681366080375e+00
2.705024583991797904e+00
2.750739718693864244e+00
2.766979942102942402e+00
2.773670852859076774e+00
2.760548133976293617e+00
2.726375982875436144e+00
2.819079459681830269e+00
2.800101605299350371e+00
2.748321851603265475e+00
2.739232191691679752e+00
2.806343884843766290e+00
2.765326201372995119e+00
2.828989395526253947e+00
2.884630478934866460e+00
2.906585969827832017e+00
2.866464721569061513e+00
2.812034672616964492e+00
2.723388697927638713e+00
2.739395736289300665e+00
2.741652421442221765e+00
2.717777400744954441e+00
2.782708213234007300e+00
2.808034543947064421e+00
2.725279802148762531e+00
2.689360704702885130e+00
2.773147309466267973e+00
2.796023783875952518e+00
2.844043776034398618e+00
2.926424781196331537e+00
2.793515885045223524e+00
2.811108144486796245e+00
2.848525759055023698e+00
2.934373698082777704e+00
2.908690083181775243e+00
2.793442320865064943e+00
2.791977614523440288e+00
2.782463836242980104e+00
2.840997008094165999e+00
2.908960467245988113e+00
2.815554829869239661e+00
2.858103567052810323e+00
2.936124827046697749e+00
2.867359761174031796e+00
2.778506073414273025e+00
2.801204383832069489e+00
2.811887266588046774e+00
2.766921755308595632e+00
2.787716448995486207e+00
2.798108289541346938e+00
2.716333190166479117e+00
2.760727983702849109e+00
2.927447010622053813e+00
2.909722667196996682e+00
2.835478266536352709e+00
2.775150086031384689e+00
2.757016140685432770e+00
2.795440215779976256e+00
2.728443878843762604e+00
2.718647641751317678e+00
2.762181746373689073e+00
2.746451528791287622e+00
2.755873182858747050e+00
2.680376466095760524e+00
2.809151295320349906e+00
2.782047627198354967e+00
2.723995227602280966e+00
2.784507676412474986e+00
2.742927268448800859e+00
2.728994137040239742e+00
2.736391419369677447e+00
2.757353985254704654e+00
2.763579381888640274e+00
2.797111724618807749e+00
2.833535424165365857e+00
2.777185985849705219e+00
2.760146735229850101e+00
2.709415250566069577e+00
2.789413916936673843e+00
2.763257136062440278e+00
2.815699380260613172e+00
2.774779630889631310e+00
2.695964576918620903e+00
2.767857294009211877e+00
2.708002031018440725e+00
2.726255673996846873e+00
2.739320718718419645e+00
2.796358167331216116e+00
2.805327253637265539e+00
2.918984241135946789e+00
2.874144220459370125e+00
2.855936273798839853e+00
2.978268792436304047e+00
2.798922292597634698e+00
2.851083478258747750e+00
2.863714720428695237e+00
2.872000348189393648e+00
2.770461694375145001e+00
2.719598132077605701e+00
2.730460950096155415e+00
