-5.675374078190000091e+02
-5.813335420280000108e+02
-5.993733235040000409e+02
-5.919077844009999581e+02
-5.967421281770000405e+02
-6.027552012290000221e+02
-5.888133027950000269e+02
-5.721327348429999802e+02
-6.025639077260000249e+02
-5.953220666390000133e+02
-5.921327299099999664e+02
-5.945853393410000081e+02
-5.977768973280000182e+02
-5.893961470179999651e+02
-5.994818752290000248e+02
-5.953509589479999704e+02
-5.970999626220000209e+02
-5.993593939590000446e+02
-6.031754410669999515e+02
-5.721775352050000265e+02
-6.055344163070000150e+02
-5.903391557539999894e+02
-5.852088239649999650e+02
-5.908723208349999823e+02
-5.972362191339999526e+02
-5.676379584630000181e+02
-5.905949177679999593e+02
-6.033922565809999696e+02
-5.924235263799999984e+02
-5.921655360910000354e+02
-5.911857874739999943e+02
-5.865903432190000331e+02
-6.006986722179999560e+02
-5.961943054299999858e+02
-5.924554760649999707e+02
-5.947364888849999716e+02
-5.890986785100000134e+02
-5.891545529039999565e+02
-5.946182644379999829e+02
-6.018084512440000253e+02
-5.989797068359999912e+02
-5.908738027499999816e+02
-5.690243371990000014e+02
-5.761622313120000172e+02
-5.753241576110000324e+02
-5.997217905679999603e+02
-5.962632949110000027e+02
-5.929170042859999512e+02
-5.762666687060000186e+02
-5.928177534799999648e+02
-5.956850359950000211e+02
-5.935263487749999740e+02
-5.876182169200000089e+02
-5.941701208939999788e+02
-5.630881560039999840e+02
-5.884440077360000032e+02
-5.905559948520000262e+02
-5.781354090959999894e+02
-5.901264420879999761e+02
-5.942492160430000467e+02
-5.969741684839999607e+02
-6.014713249960000212e+02
-5.989485165710000274e+02
-5.903961793690000377e+02
-5.841527167619999545e+02
-5.861115320239999846e+02
-5.990456491749999941e+02
-5.924748717549999810e+02
-5.779582200180000200e+02
-5.937740923930000463e+02
-5.732269564859999491e+02
-5.814182466229999591e+02
-5.807700385790000155e+02
-5.931125433070000099e+02
-5.898473499799999900e+02
-5.911280366729999969e+02
-5.882732246540000460e+02
-5.982206962469999780e+02
-5.800693057820000149e+02
-5.730951705219999894e+02
-5.897847305440000127e+02
-5.906608252839999977e+02
-6.013353281180000067e+02
-5.690254321749999917e+02
-5.923524158269999589e+02
-5.956258690790000401e+02
-5.943853732259999560e+02
-5.973796148249999760e+02
-5.841577700609999511e+02
-5.723789328799999794e+02
-5.859658718020000379e+02
-5.873848514149999573e+02
-5.687419913249999581e+02
-5.842840071809999927e+02
-5.878989742779999688e+02
-6.051461018380000496e+02
-6.031772878440000341e+02
-5.895375178159999905e+02
-6.020485132510000312e+02
-5.967544820409999602e+02
-5.852715829869999880e+02
-5.985034105429999727e+02
-5.990890283349999663e+02
-6.007742493959999592e+02
-5.851034052490000477e+02
-5.956649482269999680e+02
-5.904646531670000513e+02
-5.768372477320000371e+02
-5.809108056159999478e+02
-5.745844922610000367e+02
-5.773368488150000530e+02
-5.683710970839999845e+02
-5.799191873729999998e+02
-5.853573600250000482e+02
-5.994336439659999769e+02
-5.860719863110000460e+02
-5.974222505809999575e+02
-5.877190904550000141e+02
-5.924143620329999749e+02
-5.870278751170000078e+02
-5.756092239549999476e+02
-5.688979978400000164e+02
-5.859533184870000468e+02
-5.982332051270000193e+02
-5.871700906019999593e+02
-5.916730074380000133e+02
-5.992531303069999922e+02
-5.901094572920000019e+02
-5.988802769440000020e+02
-5.844696663790000457e+02
-5.904956945479999604e+02
-5.835362311559999853e+02
-5.587996310290000110e+02
-5.723885415449999527e+02
-5.902732442929999479e+02
-5.883958143610000207e+02
-6.014081005079999613e+02
-6.054492861039999525e+02
-5.880478535820000161e+02
-5.862394918679999591e+02
-5.862451625129999684e+02
-5.774953753150000466e+02
-5.888403064650000260e+02
-5.881384108349999451e+02
-5.924717623300000469e+02
-5.981884466230000044e+02
-5.973061490159999494e+02
-5.955195689810000204e+02
-5.876934376340000199e+02
-5.850329968999999437e+02
-5.980088701219999621e+02
-5.793901547100000471e+02
-5.907948494969999729e+02
-5.723881686940000009e+02
-5.369427826849999974e+02
-5.813763803419999476e+02
-5.789829183870000406e+02
-6.028856638080000039e+02
-5.813871061950000012e+02
-5.986090711970000484e+02
-5.925385724919999575e+02
-5.926689747829999533e+02
-5.833295807980000518e+02
-5.966114128509999546e+02
-5.981714062160000367e+02
-5.946696242130000201e+02
-5.906433001829999512e+02
-5.841345832929999915e+02
-5.877145679599999539e+02
-5.611071745149999970e+02
-5.655110777730000109e+02
-5.901011597760000313e+02
-5.918117256389999739e+02
-5.883161400730000423e+02
-5.870427114010000196e+02
-5.955491167070000529e+02
-5.986847770809999929e+02
-5.915652745679999498e+02
-5.912172437250000030e+02
-5.709695501119999790e+02
-5.997282554920000166e+02
-5.809659196999999722e+02
-5.832944968140000128e+02
-5.704628933200000347e+02
-5.795222312260000308e+02
-5.829187246449999975e+02
-6.001423797329999843e+02
-5.955859412869999687e+02
-5.931968148380000230e+02
-5.570244636160000482e+02
-5.674349233450000156e+02
-5.885406351750000340e+02
-5.956233020470000383e+02
-5.958705772529999649e+02
-5.957560459579999588e+02
-5.992420561610000505e+02
-5.800805532739999535e+02
-5.724806705390000161e+02
-5.784891327310000406e+02
-5.908321541660000094e+02
-5.883759235620000254e+02
-5.780849489309999854e+02
-5.919140445729999556e+02
-5.942493125900000450e+02
-5.913186769080000431e+02
-5.851518138870000030e+02
-5.886135215580000022e+02
-5.959111604170000192e+02
-5.703808592560000079e+02
-5.941614327070000172e+02
-5.909278109660000382e+02
-5.974255037499999617e+02
-5.900021015380000335e+02
-5.985629338490000464e+02
-5.975318514210000558e+02
-5.919504009510000060e+02
-5.975174507919999769e+02
-5.889916066419999652e+02
-5.867589303649999692e+02
-5.982749116270000513e+02
-5.908536613229999830e+02
-5.879366203470000301e+02
-5.928899077370000441e+02
-5.918660213729999668e+02
-5.717378542550000020e+02
-5.895753807889999507e+02
-5.902920370860000503e+02
-5.934227676680000059e+02
-5.702491010930000357e+02
-5.911241413340000008e+02
-5.697056550920000291e+02
-5.932603578069999912e+02
-5.998332524380000450e+02
-5.920368017160000136e+02
-5.745879873349999798e+02
-5.899572373419999849e+02
-5.688309686950000241e+02
-5.979807691250000516e+02
-5.889403510160000224e+02
-5.856829295920000504e+02
-5.994597616400000106e+02
-5.955704719660000137e+02
-5.873223800170000004e+02
-5.971825815830000010e+02
-5.860159113480000315e+02
-5.853274926550000146e+02
-5.985024714029999586e+02
-5.814832787569999937e+02
-5.941923589790000051e+02
-5.691401785000000473e+02
-5.525195745949999946e+02
-5.548879610970000158e+02
-5.847689274289999730e+02
-6.004865860749999911e+02
-5.900225829119999617e+02
-6.037571569670000144e+02
-5.964942732499999920e+02
-5.964040195110000013e+02
-5.826874436430000515e+02
-5.863318431989999908e+02
-5.748355496699999776e+02
-5.988647157929999594e+02
-5.994810552769999958e+02
-5.807688046839999743e+02
-5.933266530019999436e+02
-6.021102724820000276e+02
-5.773511128439999993e+02
-5.937265743320000411e+02
-6.004218706289999545e+02
-5.950726466549999714e+02
-6.006668812520000529e+02
-6.009553497739999557e+02
-6.007713982379999607e+02
-5.876050067099999978e+02
-5.928388486879999846e+02
-5.945484807200000432e+02
-5.899267877859999771e+02
-5.938396634709999944e+02
-5.854413002320000032e+02
-5.883209329539999999e+02
-5.975274511339999890e+02
-5.908466985039999599e+02
-6.050769108060000008e+02
-5.749489108860000215e+02
-5.978792121230000021e+02
-5.755846271729999444e+02
-5.697927774080000063e+02
-5.792934005680000382e+02
-5.863621226650000153e+02
-5.922998824769999828e+02
-5.891346765880000476e+02
-5.786108519399999750e+02
-5.744997122180000133e+02
-5.808442727509999486e+02
-5.810275486909999927e+02
-5.947642062260000557e+02
-5.906661259659999814e+02
-5.937670096260000037e+02
-5.870199379839999665e+02
-5.928263280610000265e+02
-5.828311918140000216e+02
-5.916800759080000489e+02
-5.969199684709999474e+02
-5.804861278360000370e+02
-5.781329656929999601e+02
-5.859647242999999435e+02
-6.027974038160000418e+02
-5.974970985490000430e+02
-5.854268709619999527e+02
-5.746611083289999442e+02
-5.825801144629999726e+02
-5.861017185240000344e+02
-6.051371242369999663e+02
-5.992768265920000204e+02
-5.997591617819999783e+02
-5.922368203720000110e+02
-5.965472411179999881e+02
-5.936526018580000255e+02
-5.890748057460000382e+02
-6.036231329839999944e+02
-5.782454910110000128e+02
-5.702735353419999456e+02
-5.679297984209999868e+02
-5.659527241209999602e+02
-5.929887374859999909e+02
-5.750575711039999760e+02
-5.979629351700000370e+02
-6.020073828270000149e+02
-5.999790081840000084e+02
-5.976577927470000304e+02
-5.911315356559999827e+02
-5.722427208130000054e+02
-5.876445589469999504e+02
-5.977131597269999475e+02
-5.976749035379999668e+02
-5.775789760070000511e+02
-5.599131953979999707e+02
-5.814888566009999522e+02
-5.833283849919999966e+02
-5.793452217530000325e+02
-5.744439208329999929e+02
-5.822431258520000483e+02
-5.939035801920000495e+02
-5.932611875689999579e+02
-5.991397040360000119e+02
-5.706873695580000003e+02
-5.832915259720000449e+02
-5.685588244870000381e+02
-5.964492985959999487e+02
-5.842066271999999572e+02
-6.021074403190000339e+02
-5.915664888380000548e+02
-6.026944779550000248e+02
-5.754457607709999820e+02
-5.817781133449999516e+02
-5.914157555040000034e+02
-5.888654582950000531e+02
-5.696808694019999848e+02
-5.982681403640000326e+02
-5.893776376649999520e+02
-5.866025500470000225e+02
-5.956756045070000027e+02
-5.919247148949999655e+02
-5.706937252100000251e+02
-5.944466389850000496e+02
-6.025794036270000333e+02
-5.918804706629999828e+02
-5.945321929790000013e+02
-5.964162475209999457e+02
-6.022238581809999687e+02
-5.645974175029999742e+02
-5.923383157550000533e+02
-5.850721675449999566e+02
-5.985858518310000136e+02
-5.989135385700000143e+02
-5.896346897390000095e+02
-5.933789274609999893e+02
-5.979255222360000062e+02
-6.019240386489999537e+02
-5.942828763940000272e+02
-5.877178896829999530e+02
-5.892234980319999522e+02
-5.988288162500000453e+02
-5.958267146199999615e+02
-5.942111690409999483e+02
-5.769188259159999461e+02
-5.968015580420000106e+02
-5.912318364960000281e+02
-5.684824147240000229e+02
-5.836994501310000487e+02
-5.919240689169999996e+02
-5.841281582389999585e+02
-5.873430346459999782e+02
-5.959109499270000470e+02
-6.018026055660000111e+02
-6.027944789089999631e+02
-6.017770512949999784e+02
-5.999082477419999577e+02
-5.901326771889999918e+02
-5.910586847609999950e+02
-5.786361175389999971e+02
-5.733612030650000406e+02
-5.745558380830000260e+02
-6.041869838720000416e+02
-5.897172210569999606e+02
-6.036529660400000239e+02
-5.972811849319999737e+02
-5.780766974220000520e+02
-5.697987376129999575e+02
-5.519292149269999754e+02
-5.427592499329999782e+02
-5.707513702759999887e+02
-5.789322609450000527e+02
-5.937523409589999801e+02
-5.851345603830000073e+02
-5.976970128589999831e+02
-5.896685554919999959e+02
-5.955243916760000502e+02
-5.911408700870000530e+02
-5.873618143569999575e+02
-5.937014795459999732e+02
-6.034798531970000113e+02
-6.016167069760000459e+02
-5.984965139639999734e+02
-6.026289649440000176e+02
-6.034400468750000073e+02
-5.934641872690000355e+02
-5.975796530840000287e+02
-5.972885275490000367e+02
-5.979956368499999826e+02
-5.855925317109999924e+02
-5.980008783089999724e+02
-5.464407294689999617e+02
-5.709621216570000115e+02
-5.977455314009999938e+02
-5.939902243970000200e+02
-5.861122227749999638e+02
-5.704790777079999771e+02
-5.984846135230000073e+02
-5.975336677479999707e+02
-5.949434939620000478e+02
-5.917846039019999580e+02
-5.896363582149999729e+02
-5.917988491659999681e+02
-5.900513085180000417e+02
-5.855187510020000445e+02
-5.905426133969999682e+02
-5.678591942609999705e+02
-6.005358738039999480e+02
-5.934351696249999577e+02
-5.751860029389999909e+02
-5.717514769269999988e+02
-5.834864955780000173e+02
-5.916373272979999456e+02
-5.971461128009999584e+02
-5.856440192889999707e+02
-5.949050210880000122e+02
-5.856569587349999892e+02
-5.820145421910000323e+02
-5.996200932870000315e+02
-5.731602924070000427e+02
-5.928341529760000412e+02
-5.839369966259999956e+02
-5.979966331939999691e+02
-5.933153641650000054e+02
-5.914841318139999657e+02
-5.788936611330000233e+02
-6.052964644319999934e+02
-5.917398002999999562e+02
-5.879686504559999776e+02
-5.997759350049999512e+02
-5.672815968600000360e+02
-5.870499681530000089e+02
-5.988837025909999738e+02
-6.017318574519999856e+02
-5.962440275970000130e+02
-5.944322137410000551e+02
-5.626614275270000007e+02
-5.944641191130000379e+02
-5.760914179410000315e+02
-5.905965495320000400e+02
-5.555747735950000106e+02
-5.915559389239999746e+02
-5.960764115010000523e+02
-5.890159096869999757e+02
-6.006333182670000497e+02
-5.997923202399999809e+02
-5.787717756329999474e+02
-5.858808110390000365e+02
-5.981372419320000517e+02
-5.932008694559999640e+02
-5.984778675720000365e+02
-6.045194523039999694e+02
-5.787387977480000245e+02
-5.791476129449999917e+02
-5.744702851839999767e+02
-5.967482073050000508e+02
-5.955172923889999765e+02
-5.972702358609999465e+02
-5.916325520430000324e+02
-5.998296537539999917e+02
-6.022372022959999640e+02
-5.840474978900000451e+02
-5.871931423219999715e+02
-5.908176666570000179e+02
-5.838393143260000215e+02
-5.868995362919999934e+02
-6.038069768029999977e+02
-5.802890607299999601e+02
-5.885074561339999946e+02
-5.973934441650000053e+02
-5.734428693319999866e+02
-6.001696039319999727e+02
-5.885858474870000236e+02
-6.014511199290000150e+02
-5.838553294130000495e+02
-5.833151472340000510e+02
-5.956362505839999812e+02
-6.047406471379999857e+02
-5.912696394439999494e+02
-5.974655230040000333e+02
-6.022444788689999768e+02
-5.897687631380000539e+02
-5.983496974199999840e+02
-5.837761804699999857e+02
-5.868944258479999689e+02
-5.969468722760000219e+02
-5.814590861489999725e+02
-5.863004185600000255e+02
-5.944800439589999996e+02
-5.945429951170000322e+02
-5.913296192719999453e+02
-5.653266196260000243e+02
-5.969312485079999533e+02
-5.986317817410000544e+02
-5.756632177919999549e+02
-5.948943950650000261e+02
-5.782821209920000456e+02
-5.893073564940000324e+02
-5.720990810660000534e+02
-5.896315459420000025e+02
-5.875522041919999765e+02
-5.814133840690000170e+02
-6.019859111250000296e+02
-5.871167489650000562e+02
-5.731363856369999894e+02
-5.988813548949999586e+02
-6.015795116169999801e+02
-5.814811347270000397e+02
-5.876630043430000114e+02
-5.930233774439999479e+02
-5.883683214919999500e+02
-5.744170290230000546e+02
-6.006661971629999925e+02
-5.707818322340000350e+02
-5.884507501399999683e+02
-5.824691536889999952e+02
-5.914807712450000281e+02
-5.796452174419999892e+02
-5.832097512960000358e+02
-5.807608848959999932e+02
-5.970643546759999936e+02
-5.939549939390000191e+02
-5.955131195230000003e+02
-5.971730387809999456e+02
-5.964161577270000407e+02
-5.971294689549999930e+02
-5.959654393529999652e+02
-5.860545326870000054e+02
-5.957211577440000383e+02
-5.793467564329999959e+02
-5.771190844980000065e+02
-5.885805612460000020e+02
-5.942424789469999951e+02
-5.950639099920000490e+02
