4.878686093611681152e+00
4.124650409428658904e+00
3.474551194039310342e+00
2.775972262109259514e+00
2.784770726648784223e+00
2.851308822277937693e+00
2.846935896714220426e+00
2.797265450399729403e+00
2.853058359024574386e+00
2.985130147916501997e+00
2.690743020059701340e+00
2.797621489765904190e+00
2.841829868236309675e+00
2.741617223465011133e+00
2.742416088050827039e+00
2.827712503066745597e+00
2.895726851759330422e+00
2.811143717421789923e+00
2.662673844089809005e+00
2.718998712761740322e+00
2.779566512965645497e+00
2.955917624021346057e+00
2.904505809944266215e+00
2.864972251174520590e+00
2.808025106725365205e+00
3.028728611150229622e+00
2.780268152534931314e+00
2.944129582745977025e+00
2.760319365580729212e+00
2.885660582951500963e+00
2.747183466752812553e+00
2.960763752817843208e+00
2.777463051059365196e+00
2.712803900026686588e+00
2.960900032084838873e+00
3.070564443225381357e+00
3.003202623866727983e+00
2.916119682043245120e+00
3.020944223252061356e+00
2.919789718455765293e+00
3.233958255760268852e+00
2.717658183068651034e+00
2.658781299768749218e+00
2.777994060468812254e+00
2.985195805973202443e+00
2.898915314389159281e+00
3.010424886955327839e+00
2.866030181278627520e+00
3.075272183075833166e+00
2.803610885982575240e+00
2.895671597401887620e+00
2.930321654699360234e+00
2.727748338831865738e+00
2.800849871021294124e+00
3.104221963713291288e+00
2.776653381320758118e+00
3.027693181285052493e+00
3.007552327059331621e+00
2.968315347128738679e+00
2.904233117365063954e+00
2.908175029120496635e+00
2.850551876391657302e+00
2.798036811766421383e+00
3.006808939723307095e+00
3.185370622078379288e+00
2.856271870813420932e+00
2.893187861166294894e+00
2.918253930006777352e+00
2.901064287464171443e+00
2.703855210620568883e+00
3.021759917663876749e+00
2.816585699033494539e+00
2.927453159317839670e+00
2.748135731727965325e+00
2.955049576572278180e+00
2.811879087016367240e+00
2.762699585550336234e+00
2.709032668684525191e+00
2.966534341618178416e+00
2.694743030420525987e+00
2.934211137597293018e+00
2.754678565640644727e+00
2.832552382569473171e+00
2.818424027714779623e+00
2.999665481349545804e+00
2.845236018329587058e+00
2.929927302852409987e+00
3.084486505076655671e+00
2.698352830895173859e+00
2.862202124239307199e+00
2.807672523639464401e+00
2.792366917151110961e+00
2.780854185317885197e+00
2.688547749250512986e+00
2.877379710778541266e+00
2.799519065839702225e+00
2.950016271141567614e+00
2.702752300896254845e+00
3.145133701450544272e+00
2.964429456067390056e+00
3.078066113649932323e+00
2.709491649738009489e+00
2.881094236570542755e+00
2.765744384428900471e+00
3.149913967079100541e+00
3.096926540943456096e+00
2.721864250839854282e+00
2.578496655029826279e+00
2.807675551056424634e+00
2.843202947381702206e+00
2.919990753410016904e+00
2.923853108485444885e+00
3.163693095102620756e+00
2.970410241027323206e+00
3.079970941421363850e+00
2.881825289638495491e+00
3.009295764792818684e+00
2.927833840913790731e+00
2.953298325601394048e+00
2.748738256000377689e+00
2.844248406873070234e+00
2.961464840243759777e+00
2.874886432539553560e+00
2.918818254019938330e+00
2.755454408985929859e+00
2.836741264197352841e+00
2.877033367898259808e+00
2.780573501995585950e+00
2.676549084175367632e+00
2.823989376750557501e+00
2.673318162882974303e+00
2.763586257021843462e+00
2.880579108443300118e+00
2.865049563271113708e+00
2.914287048319022855e+00
2.920705394249820674e+00
2.835079363968493915e+00
3.280593543857574179e+00
5.901651463785370311e+00
2.885454730194186190e+00
5.803847947698147713e+00
2.755242820515099389e+00
2.782302823202392084e+00
2.790853991164711889e+00
2.805788480979990229e+00
6.043201303944788272e+00
2.856212527106482213e+00
2.871703501408179982e+00
2.837561629286666331e+00
2.823898192215859471e+00
5.780963501009153127e+00
2.920011130115773845e+00
6.231574841081506833e+00
2.749876724509664694e+00
2.808874151684265463e+00
5.954713259259425406e+00
2.749219161871239159e+00
2.732609375670075558e+00
2.750166540411689287e+00
2.840412822108786539e+00
2.891262181124361064e+00
2.643245164565708460e+00
6.179389209298926211e+00
2.729692473521514007e+00
6.230428396185931916e+00
2.783906787232647062e+00
6.206667141066935400e+00
2.904489972439223688e+00
5.745875999358148078e+00
3.061155827461254475e+00
2.994997996660432094e+00
2.826304477581988994e+00
2.803884091755577845e+00
2.700591972142404540e+00
2.878466605677404644e+00
2.931279072350498893e+00
3.078671791536083724e+00
2.898807513444105588e+00
2.856283599364741299e+00
2.804677699843602046e+00
5.554527612677786941e+00
5.854028014965422244e+00
6.096543118850222598e+00
2.724877428436002003e+00
2.733897949814513506e+00
5.806725497214415554e+00
6.206532526298399688e+00
2.876498392142779803e+00
2.796880405022710292e+00
2.997048881816911425e+00
2.748535973932304088e+00
2.723425233047531258e+00
2.758986226859423851e+00
2.849080026956070100e+00
2.691237819294311606e+00
2.772935989163831660e+00
2.806014611508643064e+00
3.084774546056810340e+00
2.774080568404601710e+00
2.933366836929878207e+00
2.838110991487118984e+00
2.706804388942798401e+00
2.899857065443054438e+00
2.878806870910238125e+00
2.943539705864352651e+00
2.727449174595193426e+00
2.814145340951672125e+00
2.695872956947340970e+00
3.013372529243604880e+00
2.855548283605094273e+00
2.928304799709210204e+00
2.862464846945723451e+00
3.470755681404267268e+00
3.376435694634210449e+00
5.253005996569964253e+00
2.982945859381292752e+00
2.919072797995966084e+00
5.686270042831240268e+00
5.249849521652977913e+00
5.156093482472947187e+00
3.058887542882215982e+00
3.047131437926496655e+00
2.951630227518345251e+00
2.747444812912535728e+00
2.714661857395870737e+00
3.047861053263419606e+00
2.739700896083366199e+00
2.907293930788560576e+00
2.865406428414649653e+00
2.850218938958899884e+00
2.788051828786545450e+00
2.978572980472360410e+00
2.962701976237231971e+00
2.787699051188991195e+00
2.857006475316428595e+00
2.885328577476056200e+00
2.970985190134746823e+00
2.787881812416014071e+00
2.925886361429643756e+00
2.942465802689981480e+00
2.929201427010440728e+00
2.798196204700448941e+00
2.966342023435597497e+00
2.733441786466285883e+00
2.939691480410826951e+00
2.640848727208735980e+00
2.925931988273138273e+00
3.028713423221154333e+00
2.835644194887644964e+00
3.090167632993395141e+00
2.719162554905461437e+00
2.885732835866827717e+00
3.095030856065897229e+00
2.745237694626823988e+00
2.906121986427961712e+00
2.679494168681842758e+00
2.937987406371919352e+00
2.687261431271620982e+00
2.707731338223938078e+00
2.969533465041268361e+00
2.796762592713224915e+00
2.998642859695031859e+00
2.763694085820642687e+00
2.889267554242770153e+00
2.691914931791121735e+00
3.138629318667625512e+00
2.810779607155281745e+00
2.880474440087951837e+00
2.721931115954259184e+00
2.740796417102152382e+00
2.693876574752451347e+00
2.805345076813189564e+00
2.963202828022407864e+00
2.794529835231679638e+00
2.721463025653665380e+00
3.439242503808070062e+00
2.793146433683705077e+00
2.913124096223845605e+00
2.754104936272399495e+00
2.793061044803711201e+00
3.013525012340199094e+00
2.944545635577754172e+00
2.742958074779853650e+00
2.823641089090467737e+00
2.787449730488426702e+00
2.917623176491439541e+00
3.153264974593793735e+00
2.722392513947979431e+00
2.728602206258728291e+00
2.725722839908709005e+00
2.746432777258529523e+00
2.972185895935851807e+00
2.864107889029321896e+00
2.853269528102804209e+00
3.003379596388042749e+00
2.905276751017018100e+00
2.894732111957857956e+00
2.869332500774353090e+00
2.734873671671143036e+00
2.720097792359679190e+00
2.806147715285137956e+00
2.855183006393811063e+00
2.751290061044091129e+00
2.753276411840990701e+00
2.781175291131430694e+00
5.990716902007639177e+00
2.789545661931347453e+00
2.859598748076380481e+00
5.882903364836107762e+00
2.831166544023858922e+00
5.924259362992137845e+00
2.750915665737501570e+00
2.871158128699985213e+00
2.717389372173226292e+00
2.974345306113598930e+00
2.752550453670195463e+00
2.713274405584514160e+00
2.783361456943743928e+00
3.078042397368820904e+00
2.688195305404724511e+00
2.717460947281487460e+00
2.713787206101466509e+00
2.698485686454534349e+00
3.065023817199468148e+00
2.743449288760410276e+00
2.940055951848535631e+00
2.735446215885079635e+00
2.766261918184899748e+00
2.706352896427219878e+00
2.834928394157425036e+00
2.770927101170292506e+00
2.935967813175069274e+00
2.748400625818586906e+00
2.957649404510277247e+00
2.708861938157794302e+00
2.983436441421201568e+00
2.812741545183274905e+00
2.821933556978264868e+00
2.847148397958912280e+00
2.838062895708973077e+00
2.941617752190110568e+00
2.811762792271069067e+00
2.809988612076568693e+00
3.316393523091009765e+00
3.182219508456323176e+00
3.030908279707586583e+00
2.778588490582943216e+00
3.140826006005426496e+00
2.854557934251816587e+00
2.823827544309319038e+00
2.717264433212196018e+00
2.817568277788490505e+00
2.804530085415380292e+00
2.729840471529426438e+00
2.820399085235988146e+00
2.757818340645373567e+00
2.837567091717833279e+00
2.932245726401524255e+00
3.053379275491336031e+00
2.973514082697440664e+00
2.833778219974174117e+00
2.698178830248284310e+00
2.825949397989992562e+00
2.823893057465172607e+00
2.779002338969868813e+00
2.923121619091480827e+00
2.832510900243810692e+00
2.868692210746910831e+00
2.800641533649031789e+00
2.863245361473584438e+00
2.941225084892347574e+00
3.141601024955269938e+00
2.921060937399286850e+00
2.844357572458146244e+00
3.098232237905996111e+00
2.826863279325691369e+00
2.742728750715243358e+00
2.904579315494758784e+00
2.873545893143174101e+00
2.704112423698393552e+00
5.651378858296442154e+00
2.742968829571345690e+00
2.894910188589622013e+00
2.787633404879486854e+00
3.065661592544095537e+00
6.084961380321160185e+00
5.866501938975217989e+00
2.757308288893354664e+00
2.941287813186598044e+00
2.934911582995304080e+00
2.873130870670530523e+00
2.517997815725819599e+00
3.118331124175237168e+00
2.735960526031031570e+00
5.939976094227989556e+00
2.792303350282701491e+00
6.228961069070829026e+00
5.758322932938026995e+00
2.992203368756876980e+00
5.920002871620925866e+00
5.949174564592974335e+00
5.856574852249392116e+00
2.818503326235398010e+00
2.802227149964827024e+00
3.008163060739891925e+00
2.814628927585304474e+00
2.993703058087091140e+00
2.928724124939049211e+00
3.071543748671016871e+00
2.737320222407309434e+00
2.859556608986784987e+00
2.921435605999215479e+00
2.941457291887815462e+00
3.075716989581453564e+00
2.968497431361529770e+00
3.110397563013449052e+00
2.778810716835531380e+00
2.924702548978272088e+00
5.917661784860638541e+00
6.003598087813672990e+00
2.709972324581932046e+00
2.751840838420710700e+00
2.936620676900576488e+00
2.993612867422907442e+00
3.008176191648354258e+00
5.474586833725446411e+00
3.174489565268721947e+00
2.890388728181730205e+00
2.747727970524011187e+00
3.049490121315365343e+00
2.823080055542172673e+00
2.711119326034912458e+00
2.797365546366795908e+00
2.838679446503250325e+00
3.311280115000843960e+00
2.942891605207367700e+00
2.608984860055726163e+00
2.954771903210128059e+00
2.858967995623595826e+00
3.017100594942104586e+00
3.392379253562313401e+00
2.846157233885717730e+00
2.768425906539671022e+00
2.966443830582335739e+00
3.103608706006606432e+00
2.889942732996624741e+00
2.922170768452794665e+00
3.049254663028327705e+00
5.914139159674888901e+00
5.849072148640328983e+00
2.735378036030851945e+00
2.721791505608025297e+00
2.853126530667716487e+00
2.847277647157017366e+00
2.782918252482454502e+00
2.909254371827943331e+00
2.853091481183174238e+00
2.885699395293973346e+00
2.482613542217153135e+00
2.886117114740841316e+00
2.852222291477297222e+00
2.708110411338503276e+00
2.816582503673557003e+00
6.170459140128876641e+00
6.236150976363545873e+00
2.924012653871388423e+00
2.875618542157496016e+00
2.821604153668618498e+00
3.083791659629424142e+00
2.833517601851098799e+00
2.709537414393829557e+00
2.909938830972225166e+00
2.673337614294161391e+00
2.952193421847558952e+00
2.772153314663530654e+00
2.786071786584114918e+00
2.716958777751329990e+00
2.791439771874005604e+00
2.836988720456956603e+00
2.933309905209471768e+00
2.953834287836743400e+00
2.935745390867539495e+00
2.725027339312397157e+00
2.956236289608799250e+00
2.752327923776526131e+00
2.886223484070490564e+00
2.784210480549198063e+00
2.915180611900401786e+00
3.059825321811687981e+00
