4.851478640579591328e+00
4.841344957757090839e+00
4.843806973858475473e+00
4.755640966263118052e+00
4.835529753811882436e+00
4.828579190610835958e+00
4.891372404550690334e+00
4.874973230695734294e+00
4.861679236642417301e+00
4.877571731917430320e+00
5.017735943630354356e+00
4.909814965963584577e+00
4.873459038506428698e+00
4.817766391181706354e+00
4.517639317165548007e+00
4.711441074660703165e+00
4.637182226309421118e+00
4.300135579257937657e+00
4.298634899593126057e+00
4.377302137161655615e+00
4.338195592639871201e+00
4.417579201327351157e+00
4.520883541963893748e+00
4.524203465804781388e+00
4.500990446557291413e+00
4.438948749422547024e+00
4.468021933697282400e+00
4.500067777267359403e+00
4.391668589499895248e+00
4.366857565801751662e+00
4.360708887325546179e+00
4.383569892222547892e+00
4.553582875055640855e+00
4.584361787642856179e+00
4.458940457104131561e+00
4.509050121699691438e+00
4.483197185045511901e+00
4.472705780620943372e+00
4.362555443773751485e+00
4.318149024755861376e+00
4.255885571769992382e+00
4.212804410366092434e+00
4.314829660600751460e+00
4.306271821425117885e+00
4.214367093645260631e+00
4.275000584795281888e+00
4.413843336594537092e+00
4.207510665464794464e+00
4.147996263257718752e+00
4.150850635713118741e+00
4.408744265661141526e+00
4.146706765615335577e+00
4.140555759798435709e+00
4.195461714757984240e+00
4.161309529463051327e+00
4.192362818268476232e+00
4.155226227294971153e+00
4.019722502860116897e+00
4.017257273314718269e+00
4.030801533194111386e+00
4.062199650435709408e+00
4.017006223545092070e+00
3.962783365262350976e+00
3.983977284071785974e+00
3.924646353494796625e+00
3.823443604919523509e+00
3.864523127114133150e+00
3.853568995100516315e+00
3.848478400614975037e+00
3.763240093323836355e+00
3.819672368148870678e+00
3.787839753738270421e+00
3.861031597902301993e+00
3.949041529282770302e+00
3.940250499651006155e+00
3.991653416818650157e+00
3.988335993870125495e+00
3.852330982664911030e+00
3.768170643694364497e+00
3.669266139161890372e+00
3.699846483301706179e+00
3.652869967573442178e+00
3.603771496640706395e+00
3.657455126177216798e+00
3.680490864001703333e+00
3.617171546941062132e+00
3.508522623555391018e+00
3.380084318474910532e+00
3.345871037562565764e+00
3.290186924781022260e+00
3.280349066791520496e+00
3.266368166634006087e+00
3.316173397155221636e+00
3.374151597068513642e+00
3.426720589718397658e+00
3.486465975741051437e+00
3.487790704729858415e+00
3.479910343672663942e+00
3.500174567075190701e+00
3.479070709255562388e+00
3.463546448367626596e+00
3.373775481563644263e+00
3.304904991070091391e+00
3.284023294679865757e+00
3.395354620654519984e+00
3.252214783805030152e+00
3.146096947012281486e+00
3.168940832518019945e+00
3.161655578964919222e+00
3.105953959736042158e+00
3.033436005588382223e+00
3.002890940410590570e+00
2.936141175079971966e+00
2.990840015781520034e+00
3.019848671705256837e+00
2.883166835269856954e+00
2.834446859618292347e+00
2.844293058037445032e+00
2.827036257284295750e+00
2.790760648998764193e+00
2.750204719652702412e+00
2.693527241369576330e+00
2.727112392256688889e+00
2.736807263948267011e+00
2.782808114117824250e+00
2.839652267444026101e+00
2.841026927010724457e+00
2.678515073692885107e+00
2.717917585211148790e+00
2.693876945964682079e+00
2.749023281094578053e+00
2.688762168731180680e+00
2.728199589472882103e+00
2.752653083844748494e+00
2.693517588581889832e+00
2.744190044439342113e+00
2.733227213387134036e+00
2.695523325812633431e+00
2.709952951621116046e+00
2.770907613039453654e+00
2.764819885634505425e+00
2.711658164297262807e+00
2.747960152549523638e+00
2.829226042577722477e+00
2.739944889956730467e+00
2.769769665513722945e+00
2.820185986774631282e+00
2.924693830129916794e+00
2.851518192121523132e+00
2.901445501814569283e+00
2.795496020387079561e+00
2.753300019976028690e+00
2.766600260247223275e+00
2.745976875357839297e+00
2.784845058526596251e+00
2.705862893791923351e+00
2.777568901035579962e+00
2.773672835790118363e+00
2.773236376510303636e+00
2.818289197367792820e+00
2.823294706544111410e+00
2.727209196229728239e+00
2.812563599280912374e+00
2.702862371634930483e+00
2.703427454177381950e+00
2.810299094402586739e+00
2.861429537835940007e+00
2.872289853061490650e+00
2.943883489542342691e+00
2.955778915954303976e+00
2.872129523541722573e+00
2.801205811788915589e+00
2.812407154023043976e+00
2.819492507526842218e+00
2.931791431872329046e+00
2.993100232200719635e+00
2.945543413361955132e+00
2.959923140894034077e+00
3.009184773323167583e+00
3.004173929718450875e+00
3.004341192341509093e+00
3.050589779042734762e+00
3.014133540505463227e+00
2.950102879561999014e+00
2.904251366531485079e+00
2.738361736513274636e+00
2.709092467967824991e+00
2.835313033864162335e+00
2.828909860706063206e+00
2.845991215727835311e+00
2.928771414774461235e+00
2.882316082597465634e+00
2.736003654968319321e+00
2.759883512034519981e+00
2.783894214944238943e+00
2.753628878407546221e+00
2.795607089703415316e+00
2.764673036726043254e+00
2.762211794920874652e+00
2.765391473191453731e+00
2.725321448930381862e+00
2.749478859711417922e+00
2.748939249965339116e+00
2.730204754226319697e+00
2.776109507926515452e+00
2.914801193906713106e+00
2.946384055074966035e+00
2.919904792968427643e+00
2.837007049691629312e+00
2.770748093926981070e+00
2.868330699204678425e+00
2.916327827937044148e+00
2.959581558261235035e+00
2.924199377607484607e+00
2.905339050782197674e+00
2.912629567933416652e+00
2.881376233677233500e+00
2.838253336120650339e+00
2.958144857845876885e+00
2.939772950416409181e+00
2.834863841527490713e+00
2.863565958730478034e+00
2.851867633674466607e+00
2.847303812381109633e+00
2.913833385765218331e+00
2.934736444725488447e+00
2.866203935521685064e+00
2.846717407822560109e+00
2.889291608681962220e+00
2.900725771251050134e+00
2.938926334565056031e+00
2.910772406080557761e+00
2.847900454720986296e+00
2.738491920747622377e+00
2.744386452378746455e+00
2.773859585487340240e+00
2.687458464795316804e+00
2.848067766047711391e+00
2.888976289276186105e+00
2.770515295030871794e+00
2.753199048379902258e+00
2.752715568307048777e+00
2.803680794955089262e+00
2.767473577109635485e+00
2.751426902536209251e+00
2.755011615220523957e+00
2.784741639721717288e+00
2.764253606310390410e+00
2.764305699447873632e+00
2.778435531013811133e+00
2.771866879920461990e+00
2.750193811352211082e+00
2.740131931130324272e+00
2.801814590582324627e+00
2.908967170663841806e+00
2.903033930218521963e+00
2.800675632771493007e+00
2.747660277399664341e+00
2.766165938623350140e+00
2.838996477630784110e+00
2.825084069545542143e+00
2.806715340037175821e+00
2.724200066074442539e+00
2.738622463940585394e+00
2.763045602229539544e+00
2.842921384773064997e+00
2.832079448038137492e+00
2.832511429809243086e+00
2.907693759665896938e+00
2.936452451513561268e+00
2.895586987123681677e+00
2.893190107822159796e+00
2.915896260157414766e+00
2.967979110438615731e+00
2.881954024615937637e+00
2.903316896241263212e+00
2.875698349966491651e+00
2.908613071551457541e+00
2.881988549595573712e+00
2.866616123585437492e+00
2.800510846256447195e+00
2.794220821624518347e+00
2.815999467329494799e+00
2.798062365280660213e+00
2.943522549599373761e+00
2.942313035691477729e+00
2.825761667232394192e+00
2.806557499856363158e+00
2.812732834806747295e+00
2.877390831986506470e+00
2.936323721935305109e+00
2.918518973726228705e+00
2.932904874011430074e+00
2.929072378757479722e+00
2.853700054315449819e+00
2.728374241191995786e+00
2.772917957675632206e+00
2.824692726651873986e+00
2.811346652406991886e+00
2.763667490853413344e+00
2.759880251025395026e+00
2.744779043930495099e+00
2.738733466403767913e+00
2.798646994531464482e+00
2.866772575562980041e+00
2.780649744214470864e+00
2.746336650886048947e+00
2.853966187606293392e+00
2.937321398825807783e+00
2.992109957872536974e+00
2.974869576973081298e+00
2.969451296115159789e+00
2.947090259900432940e+00
2.980245291918099504e+00
2.736160265773918354e+00
2.737912708615817259e+00
2.759317488075629043e+00
2.787029063357610692e+00
2.784081356569882981e+00
2.765996746201990764e+00
2.782225368297830848e+00
2.833285195669507761e+00
2.770494540691245788e+00
2.833061418324707148e+00
2.872262522820642427e+00
2.872803856861794625e+00
2.791318326526015969e+00
2.743351417518361313e+00
2.791614944794500452e+00
2.808712516438804041e+00
2.852999474237595923e+00
2.836253514762035799e+00
2.869288065008460897e+00
2.811554907875711162e+00
2.811116148436417106e+00
2.851652328037203254e+00
2.814035181016754539e+00
2.802167375443514796e+00
2.908882947112173323e+00
2.943097857700283981e+00
3.001291055529270224e+00
2.994843902442997141e+00
2.954929948408253182e+00
3.032169850123834998e+00
2.978993454172063071e+00
2.872295249447730292e+00
2.758553425257520786e+00
2.746252173417437437e+00
2.723237778821379518e+00
2.804236437963104844e+00
2.809042719504279972e+00
2.863363232284720006e+00
2.729327023278816267e+00
2.763168833061056429e+00
2.773896357112139999e+00
2.769826348347491862e+00
2.689804082084790160e+00
2.773076630747877136e+00
2.737982834131726051e+00
2.851089791641083782e+00
2.907885829945873635e+00
2.895427429586174828e+00
2.804644184205904001e+00
2.742825368119523599e+00
2.745238423161092012e+00
2.798303771930416683e+00
2.852314498788659503e+00
2.869131053123923802e+00
2.950778541334473370e+00
2.927222745197229248e+00
2.959738839830297508e+00
2.902988115718009965e+00
2.927743670473902160e+00
2.873340216542412673e+00
2.901203026332352497e+00
2.944675703706606917e+00
2.928599323908957164e+00
2.906497720625288217e+00
2.908400419474595378e+00
2.974797808255210008e+00
2.986515528169910283e+00
3.014549054170457598e+00
2.932159954709155247e+00
2.844468491651823694e+00
2.883257532722320438e+00
2.828324769187584131e+00
2.806932311260818214e+00
2.770026895176290527e+00
2.785462259661760420e+00
2.720248885672044370e+00
2.737057178796233892e+00
2.765288411721280148e+00
2.705126059909223279e+00
2.763821629555713866e+00
2.790675007950584874e+00
2.846966455720895794e+00
2.841298646745885392e+00
2.869980139304102895e+00
2.875601154541429061e+00
2.912182171499578143e+00
2.861394415315721140e+00
2.854415526863599339e+00
2.856884141858049286e+00
2.880876776261004579e+00
2.710138188358667488e+00
2.919921231814309959e+00
2.892400214354853283e+00
2.786161876129956916e+00
2.763988603449731851e+00
2.876373063425536003e+00
2.806956180634105014e+00
2.765917207726941385e+00
2.768773013448375675e+00
2.760432937058967973e+00
2.781860887966902229e+00
2.780597417822292527e+00
2.798642885399993396e+00
2.766300959765585876e+00
2.850347698088778969e+00
2.786003768841672112e+00
2.835774497381623682e+00
2.799601757393361368e+00
2.761647877626689507e+00
2.781003595826514019e+00
2.822663458508647860e+00
2.827056596532867783e+00
2.838204009580706622e+00
2.884414845336918720e+00
2.859787754362201007e+00
2.872099928623654375e+00
2.894542450889259655e+00
2.833338313721113000e+00
2.708378112450327446e+00
2.747586941299583252e+00
2.854186223777278375e+00
2.812230075936177798e+00
2.808671928153945174e+00
2.835732004262744521e+00
2.879914061217799581e+00
2.834245931460430246e+00
2.762470814325465707e+00
2.697763888853136560e+00
2.770363333571970177e+00
2.736594416423450138e+00
2.767921602936036951e+00
2.774478689772188478e+00
2.819573726647345513e+00
2.760467170607178389e+00
2.715317476833970289e+00
2.733994513527779446e+00
2.734834547097868551e+00
2.816140799036866316e+00
2.725925164049812999e+00
2.771691721674688580e+00
2.752098472075445557e+00
2.703120419071263214e+00
2.797697267396885845e+00
2.761643351339922781e+00
2.755118146287015346e+00
2.736176346656041147e+00
2.785617884778886388e+00
2.836466287478136561e+00
2.766243843192425444e+00
2.722876052999842145e+00
2.803951140801137498e+00
2.783688380548368535e+00
2.810926181883828701e+00
2.713313103937693871e+00
2.739157169641786016e+00
2.750416877493301104e+00
2.704013683397330947e+00
2.696377940868082579e+00
2.765128749262862229e+00
2.741241507054787085e+00
2.742303776024822337e+00
2.760663326086685299e+00
2.777330732916049705e+00
2.818032824507195055e+00
2.824168196124303254e+00
2.873986256056212163e+00
2.883442040339982082e+00
2.959929222126772785e+00
2.955180028356986899e+00
2.778872253271099879e+00
2.800658672526875392e+00
2.871817020633452344e+00
2.891753447304939328e+00
2.794720200664102094e+00
2.888560368072649709e+00
2.966975732964461265e+00
2.942440143826209553e+00
2.960163846816591171e+00
2.941507606653431584e+00
2.947751855227980666e+00
2.897485289004932962e+00
2.839078195471199439e+00
2.875402406620680473e+00
2.823997698299345771e+00
2.780288294404017257e+00
2.748061680530478945e+00
2.738909454509221408e+00
2.741790291032485172e+00
2.798031629556749333e+00
2.832716187689829912e+00
2.785202865142860862e+00
2.773176698301065723e+00
2.811101207712024319e+00
2.836094145122830756e+00
2.762641670575465724e+00
2.757771020226298386e+00
2.830579092694638366e+00
2.861901640518066614e+00
2.736617254933542576e+00
2.729192737788959988e+00
2.691182268074758355e+00
2.699197843804710839e+00
2.722507667574142864e+00
2.706024390133983548e+00
2.806702513626978313e+00
2.746525077256714464e+00
2.812305993308693797e+00
2.893408543569331304e+00
2.932025409166843843e+00
2.971024739042070095e+00
2.951091662419179862e+00
2.952438144991356150e+00
2.954182966574683267e+00
2.949068327455300231e+00
2.903918215101795486e+00
2.877176741182231101e+00
2.870516329861232396e+00
2.757256244892737573e+00
2.754159944520288672e+00
2.762591536944975612e+00
2.735573797213301184e+00
2.850880039566729973e+00
2.832153597529625255e+00
2.809038625579932891e+00
2.826755383827896928e+00
2.841533564820236446e+00
2.782049244711530811e+00
2.754514294753251047e+00
2.835426246616195023e+00
2.780347280466956672e+00
2.781359739408046927e+00
2.822640076240681584e+00
2.833444899764242741e+00
2.857436963434189181e+00
2.902430188652261656e+00
2.929857505067439138e+00
2.954641433406091089e+00
2.945839438937567056e+00
2.928463419611042617e+00
2.947209866975883052e+00
2.936420950749398351e+00
2.937762754205996529e+00
2.721429955005272738e+00
2.780524051325577339e+00
2.774755304526869359e+00
2.701129208312701202e+00
2.751356937948982395e+00
2.800430324075212418e+00
2.754265056235510212e+00
2.765920280846864809e+00
2.741094854250760715e+00
2.734621363187232923e+00
2.721962710986320477e+00
2.764752791842338020e+00
2.776021973976431134e+00
2.842192287654021321e+00
2.806592596013892216e+00
2.775566788964012765e+00
2.805352740744023077e+00
2.766989880718757178e+00
2.695152871359990598e+00
2.853981429512112200e+00
2.900039482489850329e+00
2.958297483350854407e+00
2.883161285811114194e+00
2.806618249780329588e+00
2.910820846428031405e+00
2.844501010722267242e+00
2.916174548959646895e+00
2.879704498728992590e+00
2.958318779306922330e+00
2.915343376002216491e+00
2.880700262089063823e+00
2.957000169090289621e+00
2.866793504945900573e+00
2.818118166436602845e+00
2.846531398035159643e+00
2.776622768760639293e+00
2.899421494022557333e+00
2.904256187046865723e+00
2.955457663374658761e+00
2.914241582298900735e+00
2.908175029120496635e+00
2.864000698323937222e+00
2.855351817202216314e+00
2.756044992375850100e+00
2.713872694140239350e+00
2.876115957328563955e+00
2.920536594531901731e+00
2.891849581150444326e+00
2.730173987129757673e+00
2.803990370882182503e+00
2.861057496800789579e+00
2.927161252818163195e+00
2.923509705815938720e+00
2.821502259435565207e+00
2.870919713262632733e+00
2.917857261759046139e+00
2.960596730390682829e+00
2.891834193033895328e+00
2.889230001228701106e+00
2.844215357528328880e+00
2.914388615130109716e+00
2.811975106575447469e+00
2.762064445301738669e+00
2.838517570845739968e+00
2.849146187895594817e+00
2.818389078888861032e+00
2.812724302166851320e+00
2.808131229127299733e+00
2.848164496653941669e+00
2.852958814984892566e+00
2.833228900036140807e+00
2.779210679311663768e+00
2.781151200492343101e+00
2.777396082664480126e+00
2.807116848298268241e+00
2.840752893160543913e+00
2.896092022018637469e+00
2.908298471615319070e+00
2.790771577897409816e+00
2.820542501009336345e+00
2.813706096947582669e+00
2.757372118521546511e+00
2.802079584879773044e+00
2.819996631203661508e+00
2.833105892832105344e+00
2.858156748675621639e+00
2.849404674664516079e+00
2.848892767374721746e+00
2.860634544991722539e+00
2.751244263964943038e+00
2.741690172138347315e+00
2.795322700512411274e+00
2.803794749977251755e+00
2.874086463556724702e+00
2.785516289666962297e+00
2.728305518082606795e+00
2.765077394938521227e+00
2.839283360286535718e+00
2.735699362137586910e+00
2.797351783383705826e+00
2.764881371777096586e+00
2.713338533983549627e+00
2.766582368193652552e+00
2.755568543876199428e+00
2.763066774437418438e+00
2.781189673503049686e+00
2.835840968742782131e+00
2.891669068202653126e+00
2.914135549352500743e+00
2.928070183585086195e+00
3.013692253698111223e+00
3.013124126218500454e+00
2.927105396120884162e+00
3.006905884792538952e+00
2.986388119451321543e+00
3.051015240866554290e+00
3.168193965021711911e+00
2.661305130946092667e+00
2.651573495115683965e+00
2.760399608752327261e+00
3.043069174369850138e+00
2.814515233570427544e+00
2.770903823664761845e+00
2.675855190401752903e+00
2.640888486854376715e+00
3.072388810030396655e+00
2.982588473121962291e+00
3.000504790864363613e+00
2.615982798108580809e+00
2.961600580767095980e+00
2.833209134532782780e+00
2.898459935896992690e+00
2.927962089918515254e+00
2.893020912471944150e+00
2.858142578668880773e+00
2.917722570773308099e+00
2.958637693263573620e+00
2.952743808731126407e+00
2.927197465153316358e+00
2.998921972976289041e+00
2.740247069152707216e+00
3.036977938675221811e+00
2.990615488490621754e+00
3.013456653081308279e+00
3.026783771596511130e+00
2.961552464502359427e+00
2.972669843759982555e+00
3.010761033360170202e+00
2.993673662909837052e+00
2.977361751618368579e+00
3.023297868222712736e+00
3.021180232955326339e+00
2.907707344283465112e+00
2.921414212329364712e+00
2.922123371796611746e+00
2.923940149866272709e+00
2.911394339487524796e+00
2.826222567314895517e+00
2.794660802315730219e+00
2.683759489969248513e+00
2.743833996436372935e+00
2.787412240770998917e+00
2.758427631822158332e+00
2.930526403225195420e+00
2.930443993663758739e+00
2.874747641098258200e+00
2.883594458310668962e+00
2.830164306184359990e+00
2.767273387289373332e+00
2.703958949392538003e+00
2.775728553010903266e+00
2.761141973894134960e+00
2.845887207884388204e+00
2.910844722756609215e+00
2.898572924733824774e+00
2.854526755873904698e+00
2.826825251054617016e+00
2.735241488424742684e+00
2.794471148535980554e+00
2.745468083952169902e+00
2.737239119989336888e+00
2.831951623880605506e+00
2.872470713514761353e+00
2.880011284700114249e+00
2.812997511552400631e+00
2.877094715159721705e+00
2.874646760908198928e+00
2.804798210210495579e+00
2.747926309055612304e+00
2.806538259137045799e+00
2.715357435035026690e+00
2.739108066506321659e+00
2.737814456825006015e+00
2.805788659183011458e+00
2.741085368973392722e+00
2.723582016389446192e+00
2.693046416235709728e+00
2.726910339560140173e+00
2.855755766868028012e+00
2.934513588314084043e+00
2.800631000328319242e+00
2.786663417063496073e+00
2.802103495590410720e+00
2.780331994564678055e+00
2.841046462133275163e+00
2.857488932611988108e+00
2.841660957961030132e+00
2.814872998911318369e+00
2.895606326833811917e+00
2.900235507678643909e+00
2.822805873594569803e+00
2.851215354896925458e+00
2.829235939259926447e+00
2.883989771133039337e+00
2.909476585229721302e+00
2.843525628511197834e+00
2.825336971053187707e+00
2.760645033321016850e+00
2.758488172894710377e+00
2.780590045296141621e+00
2.803645127329776443e+00
2.814308618470973578e+00
2.894851982399100354e+00
2.869755912965421540e+00
2.760422069177103754e+00
2.784040768379658637e+00
2.768467807289801019e+00
2.740538998080487065e+00
2.663540688632332731e+00
2.740684950883629512e+00
2.742559023977424015e+00
2.771449079452841247e+00
2.765098732414450478e+00
2.720902423829270500e+00
2.733670426368182138e+00
2.713650861846453211e+00
2.778294440839559787e+00
2.771978715647001490e+00
2.808770193518864922e+00
2.735348423875832768e+00
2.741197730919825215e+00
2.774740708606841633e+00
2.802235714567923530e+00
2.783383911716096559e+00
2.748438465747414572e+00
2.778432291778945018e+00
2.959023318596863739e+00
2.922258544345452069e+00
2.857555073834973758e+00
2.772540351374529699e+00
2.743328088289842537e+00
2.765082819736147002e+00
2.759283421470146713e+00
2.785247924332769465e+00
2.777607063643091845e+00
2.740844577862816323e+00
2.777330732916049261e+00
2.845869111536930784e+00
2.836050422682925287e+00
2.911548385309782105e+00
2.911277039376363174e+00
2.946228266784500338e+00
2.846363820736907080e+00
2.780160067334253249e+00
2.763686306366914813e+00
2.772739800269762078e+00
2.731084216936563003e+00
2.673517159099600971e+00
2.772901007969811982e+00
2.819515206555907483e+00
2.827273952060535667e+00
2.800938057151568295e+00
2.804259795382731735e+00
2.816162282255764815e+00
2.763307619502396673e+00
2.794407629534388260e+00
2.875849439730807866e+00
2.868378810408415802e+00
2.967638960520635916e+00
2.967201543542332232e+00
3.007939494072312314e+00
3.057040398817130189e+00
3.064591489905302168e+00
3.003029470384864563e+00
2.935709965238392005e+00
2.868909374657902855e+00
2.935266427430395897e+00
2.976134573570220709e+00
2.936529414121370696e+00
2.964968465262320496e+00
3.007219479851778399e+00
3.054895415558443794e+00
3.108701014893519687e+00
3.099372517139558081e+00
3.088756869680746142e+00
3.052416256017517426e+00
2.909987800661713919e+00
2.869122862479054348e+00
2.753830241681574531e+00
2.708345989714017410e+00
2.851368268042554721e+00
2.928234621747376032e+00
2.903560745016366962e+00
2.822161228562252600e+00
2.853306152518512828e+00
2.901936594758748544e+00
2.904332969891709748e+00
2.889833732241354980e+00
2.925193326944392158e+00
2.895732204469190663e+00
2.961379577156565635e+00
3.014975455953165628e+00
3.070474067631902226e+00
2.962913599820284904e+00
2.950478944171606610e+00
2.987857091629384065e+00
2.920232182549873823e+00
2.899856030909120808e+00
2.922298239399942155e+00
2.916435324158586528e+00
2.944606425313916365e+00
2.964882628368279871e+00
2.950591296672584019e+00
2.888990308048817290e+00
2.817200028396989797e+00
2.847055672093540046e+00
2.803540796920922062e+00
2.852128503416352157e+00
2.776768445513597250e+00
2.737520228235765796e+00
2.711640831673693075e+00
2.801686099476528025e+00
2.904683459518437427e+00
2.879736967155160254e+00
2.856436416236145970e+00
2.922785315414048846e+00
2.880061284070184691e+00
2.842672861938214446e+00
2.921614279811761250e+00
2.933849007703020817e+00
2.896470610933244316e+00
2.899791199379706974e+00
2.902262737933972492e+00
2.872461836125938639e+00
2.773699515088106970e+00
2.892589670174461336e+00
2.851742099138700137e+00
2.805033511386271883e+00
2.837516695986122439e+00
2.746298599934100526e+00
2.728030425050278041e+00
2.826302531577254751e+00
2.784842904007333697e+00
2.735668656836935053e+00
2.744525459892839248e+00
2.753135666835182072e+00
2.718799919081946737e+00
2.779690990020293295e+00
2.770554818082471726e+00
2.828252110403172814e+00
2.967553874826875493e+00
3.107115221551978390e+00
3.120884169590406376e+00
2.982744541525472304e+00
2.820563596163008224e+00
2.935115840984814817e+00
2.934089637349206914e+00
2.815676295315212574e+00
2.800504597389548600e+00
2.838108877404106778e+00
2.910281429690262822e+00
2.953280548813471906e+00
2.992877378042742009e+00
2.987504811711606312e+00
2.969218752466715738e+00
2.982832881674733816e+00
2.887956543994386394e+00
2.844511557367978227e+00
2.947654152033443609e+00
2.932337804551174099e+00
2.924853158707287903e+00
2.861831930774411781e+00
2.770148010486082057e+00
2.745515980649174903e+00
2.798728818588896328e+00
2.744446392262016587e+00
2.762716054899598372e+00
2.794180559663244523e+00
2.822718902051708056e+00
2.852903082826334202e+00
2.874675981741246833e+00
2.894724511935462097e+00
2.906026324725913490e+00
2.826547894517267956e+00
2.768122107133281773e+00
2.750278894948656294e+00
2.757267669269706456e+00
2.804438803040637307e+00
2.753690977579002386e+00
2.716307235936318065e+00
2.778921193556953106e+00
2.728241008415495550e+00
2.713908067713421968e+00
2.818261343452732604e+00
2.866723216496493087e+00
2.803549892546946865e+00
2.788948547392009480e+00
2.707357567814048682e+00
2.736787167464799886e+00
2.748254173106992937e+00
