4.816912392809319599e+00
4.280491910984062898e+00
3.649651627210465321e+00
2.571719463705168796e+00
2.913933767263765517e+00
2.757863122056639860e+00
3.012470580769213591e+00
2.791579660335703483e+00
2.719088082427636444e+00
2.819753358008462385e+00
2.708991325198366606e+00
2.898607424264279864e+00
2.891308527293481756e+00
2.754596340664090537e+00
2.914881301185349827e+00
2.751758346948364853e+00
2.752664164041810579e+00
3.420971937914720318e+00
2.979133598884078360e+00
3.020293528781598624e+00
3.017851222310337977e+00
2.806159475154610838e+00
2.871509185080208137e+00
2.888849251864832102e+00
2.824721225183115081e+00
2.918678125453370242e+00
2.776971191784315174e+00
2.842290097790863612e+00
2.800934308404964934e+00
2.725683767424240234e+00
2.936441043167731912e+00
2.808484644786223505e+00
2.719365551006337256e+00
2.740988690235696801e+00
2.897989302947821866e+00
2.789177298057618604e+00
2.800726512889111230e+00
2.790594381131016100e+00
2.812443421653135545e+00
2.887062694158199161e+00
2.781400546487326597e+00
2.940978408625265494e+00
3.021254044267049021e+00
2.700857641564990086e+00
3.006243004149864007e+00
2.750505408102299931e+00
2.805503341648339255e+00
3.186001255492533435e+00
2.809663858898427069e+00
2.734240296682060034e+00
2.766172988082994166e+00
2.659869545673246183e+00
3.028452575161116656e+00
2.740374062057952198e+00
2.883941226862988483e+00
2.752385510788777356e+00
2.806385753954719675e+00
2.685966120411797053e+00
2.870912224363538545e+00
2.809094338038507832e+00
2.746647592975844265e+00
2.755013430094307214e+00
2.922368388824379881e+00
2.905508733423460388e+00
2.938032504925702781e+00
2.932801050190755987e+00
2.737341776249359260e+00
2.766435432103919734e+00
2.737386162016604896e+00
2.867188344005325185e+00
2.958599330764475344e+00
3.026227189092054903e+00
2.846756399834732054e+00
2.732851075342380032e+00
3.001557928809636788e+00
2.753239909633738769e+00
2.883679247073086316e+00
2.751117045856100951e+00
2.736083697550204530e+00
2.819545530754912210e+00
2.945285215390863076e+00
2.750938021839095970e+00
2.739190573873969026e+00
2.818366548197731802e+00
2.943518133118938618e+00
2.837294662173810433e+00
2.750551399265245944e+00
2.726961312523520142e+00
3.028646067139572740e+00
2.607614618765586645e+00
2.869941811256806474e+00
2.739898355778914496e+00
3.038065832071451311e+00
2.888275783231234684e+00
2.810115122196954029e+00
2.752243266864322635e+00
3.011692547389258845e+00
2.899087787563529695e+00
2.760601745996694945e+00
2.751872453439657917e+00
2.795900212811608831e+00
2.871260002159330416e+00
2.726635655895374377e+00
2.731014646610303576e+00
2.728721678735301026e+00
2.812239676841218117e+00
2.857710447193697156e+00
2.681304533244965427e+00
2.680548637872478768e+00
3.111052876439100334e+00
3.014264918682497019e+00
2.935181425397755728e+00
2.783185584900870868e+00
2.937250755383339573e+00
2.790478453598952413e+00
2.710935078529177922e+00
2.730664571125497986e+00
2.738906716191699786e+00
2.821240507294619615e+00
2.745880733025380493e+00
2.876622151065377775e+00
2.881953677629118360e+00
2.818079665304017212e+00
2.699040014523682363e+00
2.720429745463021298e+00
2.765681290387596025e+00
2.914018188000892184e+00
2.997616553196888578e+00
3.087806988786701456e+00
3.036243402627661681e+00
2.781723746168911049e+00
2.918524627273170413e+00
2.807183285786662097e+00
2.935235254626109569e+00
2.711446293032557797e+00
2.894180540325706819e+00
2.778431391990812127e+00
2.888255182631894957e+00
3.116411558186755304e+00
2.786358376088761801e+00
2.832237807812048924e+00
2.799584790643069976e+00
2.887512597375117451e+00
2.915763536365732378e+00
2.885166719619509212e+00
2.712895501120527797e+00
2.771161489339803996e+00
2.812232920652199208e+00
2.771074881702044301e+00
2.832647524843145082e+00
2.720871551543732725e+00
2.840723499392364459e+00
2.803832555628099854e+00
2.695730513237552639e+00
2.772734029798026079e+00
2.701819201945237392e+00
2.793852000375109501e+00
2.724784578641034294e+00
2.717430771887298757e+00
2.778161262418004096e+00
2.794887117577380398e+00
2.840236961945252325e+00
2.862539082702627802e+00
2.864472726349475806e+00
2.795793268466035819e+00
2.831639807602654990e+00
2.820384370967900178e+00
2.874981912986584565e+00
2.953526874771922550e+00
2.726389737363314136e+00
2.961653085693866316e+00
2.757636850638604198e+00
2.752534286798259178e+00
2.760846609284913100e+00
2.774476166774549668e+00
2.916146258334790797e+00
2.853797119628513457e+00
2.738714662026696001e+00
2.679864548815854342e+00
2.750294166084784386e+00
2.933118817913792142e+00
5.707210351826888406e+00
2.728582965570224506e+00
5.966500984664294016e+00
3.079530158969059350e+00
2.723540526594014466e+00
2.843316901085772841e+00
3.012172139835304741e+00
2.742612076105551022e+00
2.671678498622167997e+00
2.900780067499086012e+00
2.812124641618859666e+00
3.020857825188070223e+00
2.981734729985213939e+00
2.752010356085165643e+00
2.786365733352317520e+00
3.065790925682963408e+00
2.752237271748204428e+00
3.072004069007721938e+00
3.013197968935994009e+00
2.992982626077204333e+00
2.998416081867224303e+00
2.904320058120316794e+00
2.733217152002379802e+00
2.861726926175871100e+00
2.870944966383020436e+00
3.156855714156097115e+00
2.668547357646103624e+00
2.754763692224798000e+00
2.869000697106921738e+00
2.816307156543831791e+00
2.901778420210612719e+00
2.960492357699982424e+00
2.825497124401297633e+00
2.624632926715657621e+00
2.775558682499795538e+00
2.768174488719957527e+00
2.914862603966094312e+00
2.890933932140269391e+00
2.781675394434081294e+00
2.877716803300839121e+00
2.820062765258958049e+00
3.126640049637949836e+00
2.943901832602439761e+00
2.719704763388850033e+00
2.785259951961396307e+00
2.742494120321865125e+00
2.950673482444304163e+00
2.772641159616584972e+00
2.716301897801494114e+00
2.796940113767186098e+00
2.997812035468534919e+00
2.854925042798847290e+00
2.711829087534832095e+00
2.882074253033741318e+00
2.749912907711806298e+00
2.730110803612189940e+00
2.924661689836963063e+00
2.846503996132800474e+00
2.935844341922779765e+00
2.834256339853542528e+00
2.868218436590909359e+00
2.795840660695812829e+00
2.920642395090505161e+00
3.034658135606051577e+00
2.753764151121151915e+00
2.693045487918835246e+00
2.819256284909195553e+00
2.843899611449039799e+00
3.000568779414996001e+00
2.902837577268146951e+00
2.845542830463108519e+00
2.990804908381688776e+00
2.885012651618706681e+00
2.905228906644018227e+00
2.721115580051681526e+00
2.869350449143499571e+00
2.739735206183254501e+00
2.872908978718260453e+00
2.782582433639657182e+00
2.754988747708418284e+00
2.946518284348494721e+00
2.744129370128165490e+00
2.776341837742608121e+00
2.786725318362038184e+00
2.896467848949821011e+00
2.844364779700380819e+00
2.832411340183484061e+00
2.725982208305843368e+00
2.935714734097984113e+00
2.716202127972069391e+00
2.811835521505481328e+00
2.783334331337146139e+00
2.681694613486032441e+00
2.932311204493819989e+00
2.800401399799678614e+00
2.781375918497892563e+00
2.723307364217267601e+00
2.799025187453660468e+00
2.774135180556275504e+00
2.793837146291816342e+00
2.725692755979660653e+00
2.879030044997794580e+00
2.806500668091849615e+00
2.903513216777220407e+00
2.964272929404443424e+00
3.015130842932027377e+00
2.697347029953691688e+00
2.853274259513094879e+00
2.728549431474533549e+00
2.860330575300694012e+00
2.731021054477611010e+00
2.826311553951545985e+00
2.667224962390687182e+00
2.746528172074701679e+00
2.724489860505999506e+00
3.021314614534540866e+00
2.919938697986654841e+00
2.793645288865428178e+00
2.766102311918342327e+00
2.831158773364715220e+00
2.778284542662971646e+00
2.764153034837253831e+00
2.798055217468018441e+00
2.674580340913317755e+00
2.810442847666538402e+00
2.844854126312981624e+00
2.857282800144221202e+00
2.901480139515002055e+00
2.932318877612050567e+00
2.832660586798213309e+00
2.743686206547680584e+00
2.908404373535427023e+00
2.907177669149239030e+00
2.803498885321697554e+00
2.709823795009557390e+00
2.726882102328591628e+00
2.628591638121068552e+00
2.927621901817241135e+00
2.852849978530241692e+00
2.865347448390858087e+00
2.827123980302243655e+00
2.965660803261222611e+00
2.789679193025607074e+00
2.726473363156148633e+00
3.201670345304150622e+00
2.827995933519000360e+00
2.976378000187476669e+00
2.687694365064599467e+00
2.854879857367031093e+00
2.776809860253308226e+00
2.909273964411052127e+00
2.826519060611479173e+00
2.860773671579070587e+00
2.904963683077638859e+00
2.877318369593465874e+00
2.861707532226170692e+00
2.758260865110477411e+00
2.842164667995153327e+00
2.852536590475221345e+00
2.919885956677075178e+00
2.848910142493090270e+00
3.038210822178078807e+00
2.799931606307554333e+00
2.830260942033437477e+00
2.899799993102972095e+00
2.857806151578515141e+00
2.890595959313579932e+00
2.749430122770899043e+00
2.798033773920537204e+00
2.874213283665636443e+00
2.793494943614539761e+00
2.830209532879147005e+00
2.693518702366850093e+00
2.809266630279155130e+00
2.778440029944861500e+00
2.701530862307517822e+00
2.801098713005309548e+00
2.690256679203677947e+00
2.739607636140620972e+00
2.891899202946050185e+00
2.740508164556347381e+00
2.889183275598832701e+00
2.846655581555309844e+00
2.799637655126105962e+00
2.904335724395510798e+00
2.882615825946981847e+00
2.781151020710669552e+00
2.774926305327764631e+00
2.896507034343262177e+00
2.692533936647780735e+00
2.842973795165899986e+00
2.948701069962840648e+00
2.723321868600919515e+00
2.880219088888899215e+00
2.690313364647323180e+00
2.790855603573928700e+00
2.871298312610516490e+00
2.682882591542164796e+00
2.882599347810930190e+00
2.918560432816150296e+00
2.919272683392218237e+00
2.871049285540044238e+00
2.906711199964661763e+00
2.977828403383915745e+00
2.952752106086794726e+00
2.793656206479243398e+00
2.970190734616213746e+00
2.895700433401217744e+00
2.734461190070175185e+00
2.787205410442509912e+00
2.752684871175776760e+00
2.857333897184576532e+00
2.724953027118082183e+00
2.834571219779104645e+00
2.718341773949699558e+00
2.867877786796362294e+00
2.965299647590441623e+00
2.910452370336955141e+00
2.807250077923233444e+00
2.991907919706085828e+00
2.990745392038579809e+00
2.765563414568539269e+00
2.839059351264076714e+00
2.735892358993679441e+00
2.888984769776400618e+00
2.793454313211511941e+00
2.718356304828342118e+00
2.905389818939964730e+00
2.963620421039105057e+00
2.738235198079230326e+00
2.663042996273248253e+00
2.899220067535406287e+00
2.751596809127383469e+00
2.913279595232836972e+00
2.970918039933111210e+00
2.767188826227802600e+00
2.795674873800599869e+00
2.943504883637871217e+00
2.796492267108922292e+00
2.792594850672041051e+00
2.975055797796068546e+00
2.722484527045103242e+00
2.727269880301544269e+00
2.717076737966743760e+00
2.701663561585712969e+00
2.803345679719146055e+00
2.809605310359446495e+00
2.813137749915563646e+00
2.732966520102286356e+00
2.873236676641866882e+00
2.752888483030142108e+00
2.761111913704331844e+00
2.709690941786534690e+00
2.681137258701986159e+00
2.944881152101048727e+00
2.946155121510066976e+00
2.775350788639158850e+00
2.897355000685970516e+00
2.983394207945037735e+00
2.740140872291057406e+00
2.728185111021611320e+00
2.835921367034001772e+00
2.942425020285138970e+00
2.863009605293002746e+00
2.935713541883812283e+00
2.799082170998200336e+00
3.023382377404485233e+00
3.082248205450040857e+00
2.735495567534336203e+00
2.711109920309392685e+00
2.764596353900511172e+00
2.762897573201004597e+00
2.888588582681860917e+00
2.812822603720326775e+00
2.873478901958390175e+00
2.759480748256816440e+00
2.735093965479065581e+00
2.764517498588135336e+00
2.824329477946933675e+00
2.748733162749705805e+00
2.807834931045626536e+00
3.039789630879083937e+00
2.848705319965545435e+00
2.729445914466890777e+00
2.976671631201533330e+00
2.929823202857128273e+00
2.912218055022666174e+00
2.792267537325175741e+00
3.144492009848331548e+00
2.784001077585998463e+00
2.804555936329315102e+00
2.808017806211349665e+00
2.978839707000025872e+00
2.724210344301628783e+00
2.770074908734418528e+00
2.835448994427514080e+00
2.822458148493967922e+00
2.768572556390747508e+00
2.889745663548956678e+00
2.980806602247117354e+00
2.929796238648687989e+00
2.907091673821106337e+00
2.735814686706685706e+00
2.795776457444335339e+00
2.717872881501266491e+00
2.905724694460918744e+00
2.953060785016116352e+00
2.748288740289127841e+00
2.743746526193699964e+00
2.917547600297208277e+00
2.895674878158802645e+00
2.877205241201954866e+00
2.837256068810145138e+00
2.689033655423449076e+00
3.070036807596938200e+00
2.858186487967501410e+00
2.977773329184072448e+00
2.917900957880510404e+00
2.788387706184346726e+00
2.805464132723852977e+00
2.761677207785152799e+00
2.892943829389019061e+00
2.663330621608965831e+00
2.919389319703694419e+00
2.703074730746450882e+00
2.785242897845715770e+00
2.975651189235728022e+00
2.958097361480855891e+00
2.723270276707767223e+00
2.956870304900098390e+00
2.681254557105683833e+00
2.855270565112875136e+00
2.934132580508249877e+00
2.727578046546056623e+00
2.883175679697649318e+00
2.675265594291527549e+00
2.845447767926868821e+00
2.882993756496881499e+00
2.748929973644290037e+00
2.934381706595104777e+00
2.899053983629832576e+00
2.788293026207969927e+00
2.732617243596329182e+00
2.751436170438994466e+00
2.889817468284112678e+00
2.800094641257684369e+00
3.018076374116466010e+00
2.810830126492883441e+00
2.867913875973265636e+00
2.784906820703342500e+00
2.755943032792949055e+00
2.700337201165810441e+00
2.756981682927907684e+00
2.827614188675675599e+00
2.960829782341429794e+00
2.796585060390619049e+00
2.819945034925326333e+00
2.961009793972320114e+00
2.850910380913437514e+00
2.693110840645071224e+00
3.014549551757277346e+00
3.023367989511035248e+00
2.920126538354117507e+00
2.813522169807801454e+00
2.856778080285551358e+00
3.006145372399678717e+00
2.918803008083965089e+00
2.753957334455274797e+00
2.818385530760473934e+00
3.057620970624057133e+00
3.101013705226082440e+00
2.873734504090452724e+00
2.863303686303637630e+00
2.812288214248319207e+00
2.861931340895514264e+00
2.909787964783688619e+00
3.198721619647448833e+00
2.763142233038321294e+00
2.726863949668189679e+00
2.709317626266806389e+00
2.887254924664602651e+00
2.657642564379190997e+00
2.877300123379554986e+00
2.926651670424753604e+00
2.980425808504549856e+00
2.834187008649923012e+00
2.734049560633457165e+00
2.889297838576009525e+00
2.758371077284563100e+00
2.841983286368869432e+00
2.734565779058898638e+00
2.838741974889581243e+00
2.877743213005635514e+00
2.903077160531562395e+00
3.010949019827469098e+00
2.878736007347669545e+00
2.891670797307328566e+00
2.791351106543209504e+00
2.742410253773129636e+00
2.908645561081652176e+00
2.680136377127104286e+00
2.790546541450259266e+00
2.759124136388213078e+00
2.913788770655827864e+00
2.893927089613696157e+00
2.798681653922074908e+00
2.867203690008786054e+00
2.788840977897449225e+00
2.899342856579745664e+00
2.956747368308628499e+00
2.863019559835384698e+00
2.915967420942833233e+00
2.768788543749774789e+00
2.681907716533140196e+00
2.763894353986779961e+00
3.057442558740883332e+00
2.991778066635291555e+00
3.227005732873741817e+00
2.870380462586798131e+00
2.984130694188845023e+00
2.716997975707748036e+00
2.841231071208393910e+00
2.870340397931924414e+00
2.917555483619805656e+00
2.689512223433832894e+00
2.821695057939464846e+00
3.107484352333893973e+00
2.864141930840718775e+00
2.795634096229333121e+00
3.125851723930615833e+00
2.923052685122182304e+00
2.973963348799040229e+00
2.861276987640309244e+00
2.685809189052715151e+00
2.909441527166338748e+00
2.723722636393067553e+00
2.821483829476965077e+00
2.843134537794508976e+00
2.823130531874146865e+00
2.964061571560212993e+00
2.922311927224744199e+00
2.891554253338505021e+00
2.694156825427948210e+00
2.912834530144134515e+00
2.756850920887816692e+00
3.051827812967172981e+00
2.849472407306307797e+00
2.800353727656561542e+00
3.004116841935413174e+00
2.759389968815571859e+00
2.705234925103547905e+00
2.907331938393000303e+00
