-5.650030158050000182e+02
-5.514622453949999681e+02
-5.971891504599999507e+02
-5.896459478970000418e+02
-5.978352792059999956e+02
-5.932525011620000441e+02
-6.029262652769999704e+02
-6.034242629350000016e+02
-5.899093762300000208e+02
-5.889689823410000145e+02
-5.847226416160000326e+02
-5.787263069739999537e+02
-5.892121667049999587e+02
-5.959661185180000302e+02
-5.875371116879999818e+02
-5.579388288559999864e+02
-5.867093254760000036e+02
-5.906066672240000344e+02
-5.866263119379999580e+02
-6.002979503200000408e+02
-6.047452971999999818e+02
-5.914553276540000297e+02
-5.961808607479999864e+02
-5.957601146279999966e+02
-5.994511563710000246e+02
-5.919649377219999451e+02
-5.902558953239999937e+02
-5.833749470069999461e+02
-5.777886590240000260e+02
-6.028012892389999706e+02
-5.846714933470000233e+02
-5.791224447209999653e+02
-5.984008618190000561e+02
-5.914617025769999827e+02
-5.953431976250000162e+02
-6.006243392559999847e+02
-6.011333586040000228e+02
-6.000277661850000186e+02
-6.029997204720000354e+02
-6.011543065109999588e+02
-5.892857363800000030e+02
-5.944912720910000417e+02
-5.900305432999999766e+02
-6.021059027969999988e+02
-5.703344372779999958e+02
-5.962138234400000556e+02
-5.874433039479999934e+02
-5.915378491339999982e+02
-5.851379071129999829e+02
-5.891458338740000045e+02
-5.914571328289999883e+02
-5.980342556529999456e+02
-6.008768757039999855e+02
-5.967153637820000540e+02
-5.865024423889999525e+02
-5.944131173270000090e+02
-5.877184235070000113e+02
-5.914231238879999637e+02
-5.923622011190000194e+02
-6.047106349209999507e+02
-6.012424725890000445e+02
-5.965100287129999970e+02
-6.028242099599999619e+02
-6.008132971290000341e+02
-5.942405905150000081e+02
-5.853334381150000354e+02
-5.910145995210000365e+02
-6.013531144290000157e+02
-5.958628142999999682e+02
-5.996301303660000031e+02
-5.840364287969999850e+02
-5.843265985210000508e+02
-5.817329781820000107e+02
-5.630122350770000139e+02
-5.791518608439999980e+02
-5.949163858690000097e+02
-6.001617313929999682e+02
-5.930794085019999784e+02
-5.967073051040000564e+02
-5.944974066180000136e+02
-5.964279252060000545e+02
-5.858369404110000005e+02
-6.001017922739999904e+02
-5.972218082550000418e+02
-5.843993802720000303e+02
-5.895890074659999982e+02
-5.887796845650000250e+02
-5.928891841990000557e+02
-5.960223559859999796e+02
-5.833428854860000001e+02
-5.861629304419999471e+02
-5.892110469330000342e+02
-5.793513776549999648e+02
-5.901488561989999653e+02
-5.951401326589999599e+02
-5.906191425360000267e+02
-5.954207450730000346e+02
-5.787811221599999953e+02
-5.967530023919999849e+02
-5.971274901450000243e+02
-5.854203547070000013e+02
-5.908479325880000488e+02
-5.951753173089999791e+02
-5.973843211260000317e+02
-5.803418107669999699e+02
-5.813519855969999526e+02
-5.885321448900000405e+02
-5.838187225740000486e+02
-5.841328935819999515e+02
-5.925154295730000058e+02
-6.004316693130000431e+02
-6.018812157820000266e+02
-5.814796330389999639e+02
-5.977550194980000242e+02
-5.943285624159999543e+02
-6.021629632880000145e+02
-5.953228034229999821e+02
-5.866210128269999586e+02
-5.991232189910000443e+02
-5.856809018919999517e+02
-5.648377093389999573e+02
-5.909671945149999601e+02
-6.009585838629999444e+02
-5.973801780600000484e+02
-5.932905355499999587e+02
-6.020450529649999680e+02
-5.872445397259999709e+02
-6.043097004459999653e+02
-6.024928285519999918e+02
-6.002214081839999835e+02
-5.711046044539999684e+02
-5.984608899090000023e+02
-5.854580873849999989e+02
-5.832328889640000398e+02
-5.873914352340000278e+02
-6.034254569729999957e+02
-5.996131332510000220e+02
-5.941250770660000171e+02
-6.027820516199999474e+02
-5.975821595749999915e+02
-5.809031982589999643e+02
-6.001549856330000239e+02
-6.020747666089999939e+02
-5.774738068499999599e+02
-5.785657678269999451e+02
-5.942224874490000275e+02
-5.920896484889999556e+02
-6.024920180939999454e+02
-5.965554108740000174e+02
-5.888163214019999714e+02
-5.993069571040000483e+02
-5.990907822249999981e+02
-5.969490434069999765e+02
-5.985798740389999466e+02
-5.979653086329999496e+02
-5.917304069550000349e+02
-6.012389272340000161e+02
-5.878512286699999549e+02
-5.817084428220000518e+02
-5.947419086359999483e+02
-6.010912268759999506e+02
-5.865373405560000037e+02
-5.892448360519999824e+02
-5.997495458209999697e+02
-5.926210834800000384e+02
-5.867215349460000198e+02
-6.001803827410000167e+02
-5.746749740420000307e+02
-5.807762099789999866e+02
-5.806908134100000325e+02
-5.891381030579999560e+02
-5.928358209309999438e+02
-5.884940848109999934e+02
-5.794327264869999681e+02
-5.934618864289999465e+02
-5.919652018919999819e+02
-5.984233515849999776e+02
-5.657089804570000524e+02
-6.005221571189999850e+02
-5.878840136640000082e+02
-5.935350234520000186e+02
-5.945734461060000058e+02
-5.869071541800000205e+02
-5.976397595869999577e+02
-5.867757576809999591e+02
-5.780191032169999517e+02
-5.915726074149999931e+02
-5.966563223800000060e+02
-5.950240502179999567e+02
-5.858008579319999853e+02
-5.934325221670000019e+02
-5.936752603679999538e+02
-5.895953666970000313e+02
-5.625103256730000112e+02
-5.828968028000000459e+02
-5.855428675000000567e+02
-6.016659084369999846e+02
-5.968110411520000298e+02
-5.771991173019999906e+02
-5.808786394510000264e+02
-5.868057974979999472e+02
-6.002476069949999555e+02
-5.935804145900000321e+02
-5.758416347889999543e+02
-5.950905129120000083e+02
-5.959962581309999905e+02
-5.965733581790000244e+02
-5.987584800250000399e+02
-5.876634760969999434e+02
-5.964710338520000050e+02
-6.032247481990000324e+02
-6.053140953990000526e+02
-5.948754873110000290e+02
-5.939515968859999475e+02
-5.956641364800000247e+02
-5.935690375320000385e+02
-5.816994905310000377e+02
-5.842289853920000269e+02
-5.920381061589999945e+02
-6.036945915989999776e+02
-5.985713550699999814e+02
-5.951759293750000097e+02
-5.995106768189999684e+02
-5.965079499439999609e+02
-5.826703949909999665e+02
-5.794393534009999485e+02
-5.844829036510000151e+02
-6.015762836610000477e+02
-5.770437833610000098e+02
-5.987068443460000253e+02
-5.986324361880000424e+02
-6.022785477989999663e+02
-5.951597740140000496e+02
-5.915360433130000501e+02
-5.880812302499999760e+02
-6.006256172299999889e+02
-5.956633487279999599e+02
-5.849269666159999588e+02
-5.753069560720000482e+02
-5.948045597110000244e+02
-5.844688609139999471e+02
-5.853169717050000145e+02
-5.923059089470000345e+02
-5.864926324970000451e+02
-5.996434282940000458e+02
-5.833875784900000099e+02
-5.811680606209999951e+02
-5.851851101979999612e+02
-5.947605635439999787e+02
-5.916115804820000221e+02
-6.008659610759999623e+02
-5.684132307630000014e+02
-5.769989237260000436e+02
-5.974803546040000128e+02
-5.940958652230000325e+02
-5.967549451129999625e+02
-5.986347534650000171e+02
-5.929601337379999677e+02
-6.001214985459999980e+02
-5.999352929750000385e+02
-5.923601927549999573e+02
-5.976715961580000567e+02
-5.700788415880000457e+02
-5.850522730479999609e+02
-6.009970667000000049e+02
-5.970836106980000295e+02
-5.860831315140000015e+02
-5.901885335099999566e+02
-5.864970939270000372e+02
-6.000390968780000094e+02
-5.871503851799999438e+02
-5.960782722489999514e+02
-5.638330448589999833e+02
-5.926457818039999665e+02
-5.973834484349999912e+02
-5.939066434310000204e+02
-5.929039065780000328e+02
-5.883598172939999813e+02
-5.665854020189999574e+02
-5.979452778500000250e+02
-5.755324432830000205e+02
-5.951956655230000024e+02
-5.981353889480000134e+02
-5.969724131200000556e+02
-5.944433357399999522e+02
-5.873488170760000457e+02
-5.893806726579999804e+02
-5.811669020870000395e+02
-6.014046864299999697e+02
-5.804292161719999967e+02
-5.864236360359999480e+02
-5.809084482959999605e+02
-5.828513075780000463e+02
-5.638548748770000429e+02
-5.818193375880000531e+02
-5.951878820560000349e+02
-5.916868266200000335e+02
-5.999174354589999894e+02
-5.855524728399999503e+02
-5.929166325200000074e+02
-5.957164091399999961e+02
-5.884635353800000530e+02
-5.922083013950000350e+02
-5.984142089099999566e+02
-5.889490048310000248e+02
-5.919445732340000177e+02
-5.895410556140000153e+02
-5.955472503749999760e+02
-5.828753864420000355e+02
-5.897832548840000300e+02
-5.877800534919999791e+02
-5.906468811700000288e+02
-5.929393418649999603e+02
-6.006279123919999847e+02
-5.970182651650000025e+02
-5.963379908260000093e+02
-5.855907686980000335e+02
-5.874523145910000039e+02
-5.832191718029999947e+02
-5.944957821130000184e+02
-5.963617402400000174e+02
-5.952017080839999608e+02
-5.973041110609999578e+02
-5.868956286019999879e+02
-5.936053824199999553e+02
-5.990457998729999645e+02
-5.976312854389999529e+02
-5.986287476979999838e+02
-5.848740095809999957e+02
-5.856841761230000429e+02
-5.906798407180000368e+02
-5.774058726949999709e+02
-5.869674088919999804e+02
-5.928516981340000029e+02
-5.949557335609999882e+02
-5.961705684070000189e+02
-5.912408845549999796e+02
-5.940428138879999551e+02
-5.981280254299999797e+02
-6.000751634109999486e+02
-5.921526728110000022e+02
-5.964149867060000361e+02
-5.697141029330000492e+02
-5.869710202879999770e+02
-5.884687558289999743e+02
-5.819884455750000143e+02
-5.791521488350000482e+02
-5.745463856129999840e+02
-5.877490354929999512e+02
-5.956729002549999450e+02
-5.916202306889999818e+02
-5.910571507170000132e+02
-5.892219113490000382e+02
-5.964783405499999844e+02
-5.957060135719999607e+02
-5.847734016370000063e+02
-5.950705140549999896e+02
-5.950394776240000283e+02
-6.024969593119999445e+02
-5.902203551110000035e+02
-5.937220433109999931e+02
-5.960311834079999471e+02
-5.832057469930000480e+02
-5.851174121110000215e+02
-5.728084431859999768e+02
-6.015361878500000330e+02
-5.865114118929999449e+02
-6.016290091070000017e+02
-5.881022233940000206e+02
-5.933929777880000529e+02
-5.850613063639999609e+02
-5.949643829980000191e+02
-5.975102619369999957e+02
-5.984935799820000284e+02
-5.971084885689999737e+02
-5.679175749349999478e+02
-5.849489201369999591e+02
-5.919780896299999995e+02
-5.812632182769999645e+02
-5.867190750549999620e+02
-6.012556914360000064e+02
-5.929758569819999821e+02
-6.000230211900000086e+02
-5.826528638490000276e+02
-5.873372411679999914e+02
-5.875961567489999879e+02
-5.915186343049999778e+02
-5.843688080660000423e+02
-5.997236106689999815e+02
-5.997495572579999816e+02
-5.885994177989999798e+02
-5.869012958749999598e+02
-5.952780571439999449e+02
-5.971269793120000031e+02
-5.948375497020000466e+02
-5.968056551250000439e+02
-5.872879338180000559e+02
-5.811093173699999852e+02
-5.659837989630000266e+02
-5.926046552389999533e+02
-5.803906314150000298e+02
-5.928026644420000366e+02
-5.943153812450000260e+02
-5.968014928950000240e+02
-5.935605933790000108e+02
-5.966565119389999836e+02
-6.022800554320000401e+02
-5.761702299790000552e+02
-5.946989041479999969e+02
-5.955976397629999610e+02
-5.983276119690000314e+02
-5.996168420330000117e+02
-5.981071214659999669e+02
-5.707393019690000528e+02
-6.018628907649999746e+02
-5.950494018760000472e+02
-5.992056920400000308e+02
-5.898970136130000128e+02
-6.016443694529999675e+02
-5.933549444149999772e+02
-5.951005473139999822e+02
-6.007297525249999808e+02
-5.984628750519999585e+02
-5.946831452390000550e+02
-5.897305975640000497e+02
-5.888432437389999450e+02
-5.921576095049999822e+02
-5.936822624469999710e+02
-5.921421729380000443e+02
-6.022256106620000082e+02
-6.016597497100000282e+02
-5.984900875409999799e+02
-5.936207250979999799e+02
-5.971554485650000288e+02
-5.939436941110000134e+02
-5.858257129160000432e+02
-5.861803523260000475e+02
-5.856399080259999437e+02
-5.989487751530000423e+02
-5.980573682970000391e+02
-5.958834670449999749e+02
-5.896195042529999455e+02
-5.955165134809999472e+02
-5.870588413110000374e+02
-5.965816327190000266e+02
-5.947456260599999496e+02
-5.925038191830000187e+02
-5.849747392320000472e+02
-5.861411429969999745e+02
-5.908533935650000330e+02
-5.962880561780000335e+02
-5.925994096870000476e+02
-5.930789739959999451e+02
-5.975892817669999886e+02
-5.984922949279999784e+02
-6.019411655879999898e+02
-6.011158977840000261e+02
-5.938187115470000208e+02
-5.938497032770000033e+02
-5.874345357270000250e+02
-6.036836269179999590e+02
-5.843607853349999459e+02
-5.772423336460000201e+02
-5.843450753439999517e+02
-5.979089373699999896e+02
-5.841341980769999509e+02
-5.865912247500000376e+02
-6.022199123359999930e+02
-5.850456338069999447e+02
-5.934254538029999821e+02
-5.996538759149999578e+02
-5.978941196179999906e+02
-5.985065254480000476e+02
-5.769574534690000291e+02
-5.881002119119999634e+02
-5.887755321089999825e+02
-5.894888065869999991e+02
-5.950737635519999458e+02
-5.913649743199999875e+02
-5.903534168520000094e+02
-5.961854195360000404e+02
-5.785124010380000072e+02
-5.755559232059999886e+02
-5.845981703669999661e+02
-5.917728497049999987e+02
-5.959447977260000471e+02
-6.008460551169999917e+02
-5.926827628170000253e+02
-5.898825850489999993e+02
-5.821079863910000540e+02
-5.739151991280000402e+02
-5.979595515349999459e+02
-5.869960926769999787e+02
-5.918193348900000501e+02
-5.870741082880000477e+02
-5.975986883040000066e+02
-5.986523767710000357e+02
-5.860092671039999459e+02
-6.017468648829999438e+02
-5.878594505199999958e+02
-5.924058445629999596e+02
-5.975096520920000103e+02
-5.907214981009999519e+02
-5.756195750120000412e+02
-6.003163727610000251e+02
-5.910530472719999580e+02
-5.616006144389999690e+02
-5.878985350799999878e+02
-5.903916258670000161e+02
-5.896575245589999668e+02
-5.833221812120000322e+02
-6.016046268290000398e+02
-6.002743615059999911e+02
-5.775406682049999745e+02
-5.844630323310000222e+02
-5.956079504619999625e+02
-5.832287832819999949e+02
-6.016027190219999738e+02
-6.008595923880000100e+02
-6.000711591860000453e+02
-5.958474271009999939e+02
-5.807330797910000229e+02
-5.929837718249999625e+02
-5.910837622340000053e+02
-5.932174413100000265e+02
-5.946941681060000064e+02
-5.887437353410000469e+02
-5.946619243400000414e+02
-5.947292398179999964e+02
-5.996392719469999975e+02
-5.920971128480000516e+02
-5.987334370800000443e+02
-6.037304448160000447e+02
-6.002817960800000492e+02
-5.967885719470000367e+02
-5.966798784149999619e+02
-5.978945517790000395e+02
-5.988709780249999994e+02
-6.003930705069999476e+02
-5.793422654620000003e+02
-5.847548363890000473e+02
-5.966969675620000544e+02
-5.986544391930000302e+02
-5.818433190380000042e+02
-6.030229516389999844e+02
-5.907299874719999480e+02
-6.006191688720000457e+02
-5.895938872489999767e+02
-5.829503874910000150e+02
-5.857343856149999510e+02
-5.971507880719999548e+02
-5.902694965480000064e+02
-5.885411644189999834e+02
-5.715457978739999589e+02
-5.899284306250000327e+02
-5.750697390730000507e+02
-5.842883312970000134e+02
-5.866794680850000532e+02
-5.900041603299999906e+02
-5.939852835189999496e+02
-5.889208000400000174e+02
-5.992896148620000076e+02
-5.932685354850000294e+02
-5.990206871770000134e+02
-5.861262181409999812e+02
-5.993474184670000113e+02
-6.000817037690000006e+02
-5.985195966620000263e+02
-5.939805590480000319e+02
-5.965727915810000468e+02
-5.866384200149999515e+02
-5.996594381229999726e+02
-5.905557396039999958e+02
-5.973041015290000360e+02
-5.955099356509999780e+02
-5.920641366710000284e+02
-5.951618905699999686e+02
-6.001329685780000318e+02
-5.953327085170000146e+02
-5.923010176139999885e+02
-5.919802039050000531e+02
-5.935002247730000136e+02
-5.883932658669999682e+02
-5.946437147399999503e+02
-5.981370891190000521e+02
-5.910929050060000236e+02
-5.968263413989999435e+02
-5.924696287719999646e+02
-5.970703227300000435e+02
-6.007448761179999792e+02
-5.998265190539999594e+02
-5.936072174680000444e+02
-5.907208121810000421e+02
-5.885481775030000335e+02
-5.791951615320000428e+02
-6.019470743269999957e+02
-5.985942606380000370e+02
-6.006320071059999464e+02
-5.838764439120000134e+02
-6.020836941400000342e+02
-5.901827694690000499e+02
-5.933402018460000136e+02
-5.943482050180000442e+02
-6.013703553550000152e+02
-5.944753651759999684e+02
-5.998816495629999963e+02
-5.884462167909999835e+02
-5.922233966159999454e+02
-5.949423210989999689e+02
-5.989801764930000445e+02
-5.953388785019999432e+02
-5.889538377760000003e+02
-5.979949056950000568e+02
-6.001747660779999478e+02
-6.035742535179999777e+02
-6.002968442469999673e+02
-5.885254018179999775e+02
-5.600937315410000110e+02
-5.967454480610000473e+02
-5.835601629650000177e+02
-6.001814100750000307e+02
-5.967532557910000151e+02
-5.841854563900000130e+02
-5.967399850629999492e+02
-5.959078722159999870e+02
-5.922528135640000073e+02
-5.963262198090000084e+02
-5.801293032480000420e+02
-5.988970646369999713e+02
-5.885977413870000419e+02
-5.814938519449999603e+02
-5.917138926970000057e+02
-5.947621474500000431e+02
-5.966166376480000508e+02
-5.974346562179999864e+02
-5.904294757269999536e+02
-5.908229026669999939e+02
-5.950969496259999687e+02
-6.019100918809999712e+02
-5.914027950089999877e+02
-5.914150057320000542e+02
-5.852122725790000004e+02
-5.988866318809999711e+02
-5.913025381410000136e+02
-5.925340423029999783e+02
-5.828397994309999604e+02
-5.920740416090000053e+02
-5.702166098369999645e+02
-5.986558973129999686e+02
-5.972457295020000174e+02
-5.941002556580000373e+02
-5.964677761379999765e+02
-6.010202617740000051e+02
-5.959169317759999558e+02
-5.866851765459999797e+02
-5.938107912420000503e+02
-5.959610205840000390e+02
-5.832039988190000486e+02
-5.869905453359999683e+02
-5.900416215579999744e+02
-5.957513165350000008e+02
-5.924908432940000012e+02
-5.883352612099999988e+02
-5.833053495179999572e+02
-5.994584376459999930e+02
-5.824930366569999478e+02
-5.856994517819999828e+02
-5.973542225710000366e+02
-5.960496564180000405e+02
-6.027072185209999589e+02
-6.032460269460000291e+02
-5.980671659949999821e+02
-5.987545551800000112e+02
-5.759892785160000130e+02
-5.993742013539999789e+02
-5.887244533849999470e+02
-5.960088782730000503e+02
-6.056172492489999968e+02
-5.888830352170000424e+02
-6.010841546240000071e+02
-5.882024868299999980e+02
-5.929804360749999432e+02
-5.940229089629999635e+02
-5.910005186289999983e+02
-5.893061837469999773e+02
-5.972007018240000207e+02
-5.890361762669999734e+02
-5.891705235570000241e+02
-5.932445793839999624e+02
-5.942633257730000196e+02
-6.017653307220000443e+02
-5.847200026560000197e+02
-5.968526854179999646e+02
-5.751957250579999936e+02
-5.891023790489999783e+02
-6.021224860050000416e+02
-5.942243249749999450e+02
-5.797732707569999775e+02
-5.698344391809999934e+02
-5.882186470110000300e+02
-5.940879946390000441e+02
-5.893664956919999440e+02
-5.894713006059999998e+02
-6.011314705400000094e+02
-5.893181772870000259e+02
-5.940841210700000374e+02
-5.790070136680000132e+02
-5.840929125879999901e+02
-5.789468597100000125e+02
-5.892015843389999645e+02
-5.933977909000000182e+02
-5.962368726839999908e+02
-5.946928425559999596e+02
-5.816567626339999606e+02
-5.986000587900000482e+02
-5.920167701189999434e+02
-5.976650627139999870e+02
-5.969917039550000482e+02
-5.999521880810000312e+02
-5.845710883890000105e+02
-5.889624948809999978e+02
-5.881466027330000088e+02
-5.955943684000000076e+02
-5.908493788050000148e+02
-5.872195917999999892e+02
-6.001185895779999555e+02
-5.998153815580000128e+02
-5.639379509960000405e+02
-6.028158958379999603e+02
-5.933165545809999912e+02
-6.009761277710000513e+02
-5.957830719400000135e+02
-5.875516291349999847e+02
-5.602129660980000381e+02
-5.963751522259999547e+02
-5.980108119369999713e+02
-5.931047107509999705e+02
-5.746537917020000350e+02
-5.900034175770000502e+02
-5.957946801729999606e+02
-5.828964298449999433e+02
-6.028534664249999651e+02
-5.980705852959999902e+02
-6.000859877399999505e+02
-5.881570305699999608e+02
-5.897471808289999444e+02
-6.037625921229999904e+02
-5.873262602429999788e+02
-6.039695543560000033e+02
-6.003130655270000489e+02
-5.961411970709999650e+02
-6.017792926549999493e+02
-5.989143812549999666e+02
-5.796995230769999807e+02
-5.849591228909999927e+02
-5.799811532840000154e+02
-5.669448112689999562e+02
-5.700378937120000273e+02
-5.758355310040000177e+02
-5.827473655449999796e+02
-5.940822522559999470e+02
-5.920579226639999888e+02
-5.910017453279999700e+02
-5.854375818800000388e+02
-5.980133746609999434e+02
-5.968958095560000174e+02
-5.918278592359999948e+02
-5.776804959160000408e+02
-5.945082149920000347e+02
-5.894659824259999823e+02
-5.985629844930000445e+02
-5.994110925219999899e+02
-5.982971672999999555e+02
-6.034614294970000401e+02
-5.922210393259999819e+02
-5.993659264269999767e+02
-5.992427956239999958e+02
-5.989163046359999498e+02
-6.031204380919999721e+02
-5.960852199659999542e+02
-5.983913926320000201e+02
-5.981131821720000517e+02
-5.884283880609999642e+02
-5.752788058920000367e+02
-5.928816145839999763e+02
-5.935320076790000030e+02
-5.980896698340000057e+02
-5.724802136570000357e+02
-5.886444816509999782e+02
-5.889377203440000130e+02
-5.980585729680000213e+02
-5.942588039680000520e+02
-5.993677334290000545e+02
-5.837536258669999825e+02
-6.009437362730000132e+02
-5.949771924330000274e+02
-5.981195139210000207e+02
-5.821452186899999788e+02
-6.023459800550000409e+02
-5.907063538630000039e+02
-5.918532944329999737e+02
-5.983053442870000254e+02
-5.953699007809999557e+02
-6.043979860560000361e+02
-5.974036423430000013e+02
-5.956814689459999954e+02
-5.934280745879999586e+02
-5.919646258899999793e+02
-6.003707242740000538e+02
-5.893374222249999548e+02
-6.015120449700000336e+02
-5.972332152410000390e+02
-6.009393738219999932e+02
-5.938008395230000360e+02
-5.898562523049999982e+02
-5.777402108100000078e+02
-5.887350160040000446e+02
-6.020671695380000301e+02
-5.810945170170000438e+02
-5.904925922260000561e+02
-5.962447058090000382e+02
-5.887159062580000182e+02
-5.709021007449999843e+02
-5.781794842299999573e+02
-5.818171178210000107e+02
-5.965664969550000478e+02
-5.918742763100000275e+02
-6.014311339670000507e+02
-5.970451281599999902e+02
-5.935045034260000421e+02
-5.867058797559999448e+02
-5.934440166729999646e+02
-5.728629202109999596e+02
-5.798775381709999692e+02
-5.903665814920000230e+02
-5.856181114969999726e+02
-5.855267287960000431e+02
-5.796328565699999444e+02
-5.903364105560000326e+02
-5.879579018340000403e+02
-5.990359779059999710e+02
-5.928802021440000090e+02
-5.912084850080000251e+02
-5.987447005630000376e+02
-5.882609933730000193e+02
-5.950079453099999682e+02
-5.842893255230000022e+02
-5.934514169630000424e+02
-5.923418481280000378e+02
-5.948993146990000014e+02
-6.030716469989999950e+02
-5.830881851220000271e+02
-5.993782212889999528e+02
-5.929167982579999716e+02
-5.882618810789999770e+02
-6.000915472890000046e+02
-5.954470964700000195e+02
-5.988349834250000185e+02
-5.841127447669999810e+02
-5.945563118369999529e+02
-5.773567736300000206e+02
-5.864308644029999869e+02
-6.000970027409999830e+02
-5.874334298799999488e+02
-5.892911202799999728e+02
-5.910610450259999880e+02
-5.755689653499999849e+02
-5.965912343850000070e+02
-5.919955312419999700e+02
-5.834512279069999749e+02
-5.903984431899999663e+02
-5.916243170610000561e+02
-6.029336548410000205e+02
-5.958388240709999764e+02
-5.934895676139999523e+02
-5.888280986459999440e+02
-5.894294128989999990e+02
-6.049758116299999529e+02
-5.975647545560000253e+02
-5.938347851089999949e+02
-5.926104323240000440e+02
-5.834595348279999598e+02
-5.626964202139999998e+02
-5.866418302900000299e+02
-5.888661409930000445e+02
-6.019975948950000202e+02
-5.857449589240000023e+02
-5.984812922639999897e+02
-5.934701880950000259e+02
-5.964206503980000207e+02
-6.013391601350000428e+02
-5.869734374629999820e+02
-5.868223228990000280e+02
-5.717171312279999711e+02
-5.958105117809999456e+02
-6.002635224330000483e+02
-5.910905560180000293e+02
-5.967460335499999928e+02
-5.803057480039999518e+02
-5.966219827290000239e+02
-5.927346629459999576e+02
-5.909056879439999648e+02
-5.993192064590000427e+02
-5.945462907370000494e+02
-5.948442374170000448e+02
-5.912659628110000085e+02
-5.949855103039999449e+02
-5.897128844809999464e+02
-6.038327255740000510e+02
-6.001486541479999914e+02
-5.935909854020000012e+02
-6.002287053520000200e+02
-5.942099603399999523e+02
-6.001862556539999787e+02
-5.814263519630000019e+02
-5.934493133749999743e+02
-5.900281321300000172e+02
-5.957900352660000181e+02
-5.953940506139999798e+02
-5.855560198140000239e+02
-5.949385142200000018e+02
-5.878073559199999636e+02
-5.793535092629999781e+02
-5.950221621519999644e+02
-5.692276531009999871e+02
-5.981122940400000516e+02
-5.970304557270000032e+02
-5.948381804480000028e+02
-5.915906083119999721e+02
-5.977391713130000426e+02
-5.855221771120000085e+02
-6.018603732960000343e+02
-5.894025932319999583e+02
-5.978985145950000515e+02
-5.802776220360000252e+02
-6.000122699969999758e+02
-5.892102442039999914e+02
-5.867414322849999735e+02
-5.836123957710000241e+02
-5.753335858399999552e+02
-5.881292366330000050e+02
-5.947733037899999999e+02
-5.813850646240000515e+02
-5.798650661960000434e+02
-5.628346959650000372e+02
-5.773140133780000269e+02
-5.955709356380000372e+02
-5.870517919899999697e+02
-5.876109315449999713e+02
-5.777157001049999963e+02
-5.890513736990000098e+02
-5.703184610539999539e+02
-5.974330713719999721e+02
-6.016475901039999599e+02
-6.021495146470000464e+02
-5.940591397069999857e+02
-5.891739414099999976e+02
-5.756121715320000476e+02
-5.983707935109999880e+02
-5.896491841399999885e+02
-5.916595893449999721e+02
-5.789487452800000256e+02
-6.018367435889999797e+02
-5.839320749349999460e+02
-5.832892120530000284e+02
-5.947640772830000060e+02
-5.986326735930000496e+02
-5.938444043240000383e+02
-5.797364037239999561e+02
-5.828808732940000255e+02
-5.914385748900000408e+02
-5.946393349200000102e+02
-5.953862774210000453e+02
-5.855521315429999731e+02
-5.934344924550000542e+02
-5.786431732270000339e+02
-6.035846415510000043e+02
-5.899904444109999986e+02
-5.856245313839999653e+02
-5.926578982080000060e+02
-5.850301409679999551e+02
-5.793194250430000238e+02
-5.821538018190000230e+02
-5.563145748809999986e+02
-5.905293995749999567e+02
-5.897931826760000149e+02
-5.888911262450000095e+02
-6.015297262279999586e+02
-6.062283545190000495e+02
-6.038034832450000522e+02
-5.917545178149999856e+02
-5.920548509579999745e+02
-5.935583502499999895e+02
-5.920906427420000000e+02
-5.911440222369999447e+02
-6.037328453559999843e+02
-5.861559707449999905e+02
-5.833975068349999447e+02
-5.858197014559999616e+02
-5.927569676209999443e+02
-5.917841654950000247e+02
-5.859703051870000081e+02
-5.909038946859999442e+02
-5.837047028529999579e+02
-5.821848615919999474e+02
-5.892391164619999699e+02
-5.880006704549999768e+02
-5.847554259710000224e+02
-5.989139489929999627e+02
-6.045848344260000431e+02
-5.897416102680000449e+02
-5.999437338750000208e+02
-5.923632970639999940e+02
-5.988666222529999459e+02
-5.739389275309999903e+02
-5.791852099569999837e+02
-5.984593896979999954e+02
-5.942627758480000466e+02
-6.005630168059999505e+02
-5.974229728389999536e+02
-5.991635193140000410e+02
-6.003190674170000420e+02
-6.007438543959999606e+02
-5.879740184290000116e+02
-5.788253635730000042e+02
-5.989646582350000017e+02
-5.912128542460000062e+02
-5.928791706759999443e+02
-5.857460853559999805e+02
-5.870789535430000115e+02
-5.948860808319999478e+02
-5.713651521660000299e+02
-5.978396745410000221e+02
-5.850693138870000212e+02
-5.964625718419999885e+02
-5.842475101210000048e+02
-5.979784063759999526e+02
-5.951045417560000033e+02
-5.887333835340000405e+02
-5.876307459580000341e+02
-6.006977793989999554e+02
-6.029437167629999976e+02
-5.915589040620000105e+02
-5.944191976690000274e+02
-5.916147811470000306e+02
-5.898016657809999970e+02
-5.955787368600000491e+02
-5.885950321029999941e+02
-6.019005737700000509e+02
-5.977846148659999699e+02
-5.957614561870000216e+02
-5.592660545710000406e+02
-5.836355557990000307e+02
-5.874705280040000162e+02
-5.930955017339999813e+02
-5.981766709219999711e+02
-6.009651174099999480e+02
-6.003167652089999820e+02
-5.911936407189999727e+02
-6.003230165500000339e+02
-5.882746720139999752e+02
-5.930683013889999984e+02
-5.939097787560000370e+02
-5.977646179429999620e+02
-5.981186518299999761e+02
-6.004964675400000260e+02
-6.000553008189999673e+02
-5.867608418480000410e+02
-5.976012508589999470e+02
-5.982239605089999941e+02
-5.872815724849999697e+02
-5.937597942800000510e+02
-6.002819218710000087e+02
-6.055049524700000347e+02
-6.012329047509999782e+02
-5.989600772700000562e+02
-5.840388138480000180e+02
-5.744238399659999459e+02
-5.951562021989999494e+02
-5.948422301169999855e+02
-5.828141225780000241e+02
-5.938284609869999713e+02
-5.909985825459999660e+02
-6.032305409240000245e+02
-5.941629390489999878e+02
-5.974664998990000413e+02
-5.967649936450000041e+02
-5.951629395779999641e+02
-5.847412817079999741e+02
-6.011550524230000292e+02
-5.903605099850000215e+02
-5.997507147989999794e+02
-5.858491069540000353e+02
-5.850918843599999946e+02
-5.821117098759999635e+02
-5.950290959019999946e+02
-5.894428426810000019e+02
-6.015476060940000025e+02
-5.974679844710000225e+02
-5.954161344350000036e+02
-5.901095468900000469e+02
-5.971975749800000131e+02
-5.910942013139999744e+02
-5.903832158660000005e+02
-5.580685138620000316e+02
-5.828275118320000274e+02
-5.674415040720000434e+02
-5.892807088069999963e+02
-5.991887706229999822e+02
-5.880600712709999698e+02
-5.976344605890000139e+02
-6.013234100930000068e+02
-5.793524968310000531e+02
-5.936680478810000068e+02
-5.860541483729999754e+02
-5.918385186530000510e+02
-5.905098725459999969e+02
-5.994313065249999681e+02
-5.890139245609999534e+02
-5.964349150650000411e+02
-5.830114167440000301e+02
-5.883358947990000161e+02
-5.820219965879999791e+02
-5.936999555649999820e+02
-5.920008023970000295e+02
-5.784221642459999657e+02
-5.915741276590000552e+02
-6.013249014939999597e+02
-5.979085113270000420e+02
-6.040123020559999532e+02
-6.043635783429999719e+02
-5.953606482599999481e+02
-5.944798570640000435e+02
-5.844475080859999707e+02
-5.930161865759999955e+02
-5.966127781769999956e+02
-5.823530630440000095e+02
-5.993849043840000377e+02
-5.986038173370000095e+02
-6.025213156099999878e+02
-6.003909846289999450e+02
-6.034581723380000540e+02
-5.863872539679999818e+02
-6.023512742310000476e+02
-5.984176960790000521e+02
-6.064874327019999782e+02
-5.964703087789999927e+02
-5.664809371650000003e+02
-5.909761960549999458e+02
