4.861290157972470105e+00
4.707840906402848802e+00
4.623157903424886861e+00
4.592674275408610285e+00
4.556114243519361118e+00
4.525305846017482203e+00
4.459952466114408764e+00
4.438618366113491476e+00
4.358156720449598787e+00
4.395857254279306403e+00
4.247516921684950653e+00
4.152837343311197138e+00
4.032732200382267429e+00
4.086288536067907096e+00
4.109534888524491336e+00
4.135883581533697395e+00
3.974054101292532781e+00
3.936129316981340942e+00
3.928467131083063890e+00
3.815620788285964071e+00
3.817536902244691888e+00
3.846490088379274752e+00
3.776774285021544664e+00
3.751293910106217933e+00
3.780019312119978547e+00
3.705047638020326328e+00
3.683214357052817522e+00
3.674890066382938691e+00
3.589862950030265676e+00
3.498065036559497187e+00
3.460118061569576131e+00
3.359994940472380787e+00
3.377948637857005831e+00
3.441060011101230387e+00
3.500225135616279015e+00
3.557425614120413471e+00
3.347573748254099257e+00
3.231260435186245061e+00
3.179919653073014718e+00
3.174332370751368426e+00
3.090836294597305134e+00
2.981950536142408570e+00
2.775470590728714715e+00
2.799254365005081180e+00
2.749964727046512181e+00
2.710140402267011694e+00
2.709065890671542576e+00
2.737308714778075469e+00
2.737357484874783253e+00
2.701885637846280108e+00
2.650546358772092770e+00
2.712532580449495967e+00
2.867264026907881735e+00
2.852759015409468635e+00
2.766603332608417176e+00
2.762608368915145274e+00
2.732191245136401658e+00
2.706525632614625643e+00
2.719035674646435918e+00
2.751099598342451991e+00
2.706673419531805624e+00
2.713515432054883991e+00
2.752308303951430890e+00
2.730653767873180815e+00
2.693684094321381117e+00
2.764278205969869173e+00
2.746595164926931787e+00
2.724971559484612449e+00
2.729490795001880965e+00
2.780759968066283339e+00
2.722815821902024869e+00
2.779495277923673680e+00
2.679399372993880757e+00
2.802178616719498194e+00
2.739953466758148881e+00
2.807852916375784602e+00
2.729495374606815350e+00
2.791992299416314438e+00
2.828479096617120270e+00
2.842372248668354917e+00
2.720454006227636778e+00
2.754108567213718217e+00
2.801641840064500677e+00
2.803298592729643435e+00
2.732860223282559620e+00
2.730610920654936269e+00
2.854021373430830177e+00
2.885855332479436264e+00
2.879849648853217481e+00
2.807430319705192634e+00
2.766367654524611197e+00
2.707262270264925608e+00
2.752721017466172704e+00
2.768456248525520635e+00
2.742764663619538634e+00
2.777720468297701029e+00
2.725659002883522586e+00
2.731674028869476967e+00
2.757529510268204032e+00
2.743837640969304825e+00
2.792072348632821388e+00
2.918880093460503922e+00
2.846344497772537618e+00
2.853020329405312694e+00
2.818550159213065953e+00
2.754430794193239773e+00
2.665330373518449925e+00
2.825680272076088961e+00
2.862248242204019189e+00
2.744916392169349795e+00
2.730628682190238798e+00
2.763285906307923145e+00
2.774622496845291497e+00
2.736483144475770235e+00
2.841395959735284915e+00
2.941543472396761505e+00
2.959799148590998463e+00
2.818695797705030870e+00
2.840813615850219964e+00
2.796754190128263318e+00
2.784518988981759424e+00
2.758868246219815301e+00
2.921014549775471814e+00
2.914375576345642926e+00
2.896992578520007466e+00
2.826309431042539178e+00
2.755845605254402031e+00
2.778354908934421719e+00
2.764061685274046276e+00
2.822127566216665606e+00
2.792884709399941823e+00
2.798755794991767409e+00
2.824546866313249804e+00
2.763253517142428617e+00
2.765476812414090713e+00
2.788750437023721940e+00
2.756089621184333094e+00
2.804885202641990816e+00
2.786193640076008560e+00
2.944913071722151887e+00
2.880237663804846360e+00
2.870437074732696381e+00
2.870676052779205900e+00
2.803768000388049408e+00
2.715508976232632765e+00
2.818171215522577100e+00
2.766279450814758345e+00
2.757570307353920835e+00
2.745579355982995295e+00
2.715470677433287960e+00
2.764816449603843207e+00
2.755506124108600297e+00
2.706116959778346320e+00
2.758280805139317060e+00
2.756242732416722685e+00
2.795111804561670521e+00
2.801129236575849557e+00
2.718980875254550345e+00
2.775055675117167997e+00
2.820998759304937931e+00
2.848251920037973228e+00
2.791375288276372491e+00
2.841705297880130043e+00
2.873224843272799145e+00
2.886702963590123350e+00
2.768452636401786293e+00
2.792285981055665278e+00
2.730677754697540038e+00
2.722283967553715822e+00
2.788420879279166265e+00
2.879906248474071173e+00
2.948484695568216907e+00
2.943317346124946887e+00
2.839166426964083723e+00
2.842236619284185917e+00
2.753940812726373366e+00
2.759165272324222151e+00
2.885408983142597972e+00
2.831532977028520914e+00
2.739004381157503776e+00
2.750472141287745753e+00
2.853377297169092941e+00
2.755381824720486872e+00
2.776902230904069846e+00
2.780157369646545362e+00
2.755558201163604615e+00
2.729534942073466031e+00
2.795898960978382863e+00
2.739176883664142359e+00
2.744028061081008829e+00
2.749664343151724033e+00
2.704331525534545033e+00
2.658007148222141236e+00
2.779405152186344541e+00
2.728077344944603855e+00
2.829398169222564707e+00
2.884673638386151762e+00
2.754062635453304431e+00
2.785095150977789924e+00
2.866947854426376008e+00
2.761906949917031895e+00
2.757573389775873185e+00
2.683402690615032782e+00
2.757730044801339986e+00
2.911776262009154070e+00
2.900066378550670176e+00
2.939804925501010135e+00
2.937469148774161987e+00
2.842178389897439317e+00
2.840064259836386107e+00
2.892002766250405976e+00
2.878438639262612675e+00
2.886888116986870756e+00
2.806658155173159308e+00
2.803232776634862145e+00
2.798812784021110556e+00
2.781653644866664443e+00
2.767769679724091603e+00
2.789403161968524003e+00
2.747541628438047834e+00
2.790361087744738455e+00
2.789331461121105082e+00
2.783228880275569139e+00
2.775654697544347016e+00
2.833065301047612561e+00
2.803449482334218867e+00
2.685791875778910764e+00
2.872283760355163640e+00
2.736367299906940609e+00
2.793872044314126946e+00
2.850335769694511079e+00
2.826296870464955369e+00
2.750363794118880101e+00
2.737062293774111144e+00
2.816916931682579506e+00
2.747302131182517204e+00
2.747376566836078560e+00
2.709686882279943809e+00
2.811538724613267703e+00
2.706905244000979316e+00
2.764476984892440647e+00
2.805867067414278271e+00
2.711297290966079299e+00
2.748131910953329982e+00
2.808468265798992558e+00
2.809152541247982526e+00
2.954661401920700481e+00
2.846205544229017281e+00
2.904433507588011221e+00
2.879750857279149923e+00
2.764583693795505503e+00
2.729258690560496969e+00
2.786803365865629267e+00
2.831405834563459400e+00
2.730513687934927880e+00
2.803224393444092133e+00
2.767631117038540811e+00
2.740333921258502059e+00
2.858454652430225895e+00
2.876808127074171217e+00
2.886021656190403739e+00
2.849435909087972174e+00
2.749241349900004128e+00
2.794526435731106595e+00
2.735188658941098083e+00
2.741073877151070093e+00
2.738320105466122811e+00
2.708225987616247554e+00
2.666378442757141976e+00
2.746012745782510311e+00
2.822518910476952136e+00
2.847154895680950037e+00
2.896804446282144063e+00
2.866581413460988603e+00
2.784487565064710513e+00
2.755006170592000370e+00
2.853151415540366997e+00
2.839639061571029632e+00
2.763950976410399551e+00
2.760970300455982684e+00
2.728638121847600573e+00
2.699397895827882365e+00
2.770919342023509646e+00
2.701198437730926827e+00
2.779731102103223161e+00
2.724354785999797190e+00
2.863256013701883873e+00
2.892408857682467804e+00
2.926447846793104990e+00
2.938286745707436864e+00
2.896126551102351065e+00
2.946082483570342525e+00
2.860916811093954237e+00
2.861944443905227065e+00
2.797892421091275672e+00
2.735246241200232298e+00
2.729255026559445962e+00
2.763122509046604058e+00
2.751643872306153149e+00
2.809455107311736644e+00
2.855905460620151715e+00
2.852336235439293155e+00
2.915634064830495920e+00
2.866943145582067309e+00
2.792591627861116255e+00
2.782985626984085137e+00
2.923345001877130755e+00
2.803075097103179480e+00
2.828928772521499546e+00
2.794119181423727394e+00
2.821596179470053478e+00
2.913571691240838479e+00
2.832361029247507211e+00
2.889929583917226985e+00
2.827863327673386440e+00
2.767488934033883741e+00
2.765301249412078111e+00
2.757976794681202382e+00
2.719428064869523265e+00
2.751241719660415530e+00
2.862324405094573088e+00
2.841136040389477646e+00
2.940534985338552509e+00
2.949431809688096262e+00
2.923767603623790290e+00
2.876267546665295605e+00
2.927892928370162018e+00
2.966807374940274578e+00
2.917938484615465455e+00
2.895417241089787819e+00
2.759882243864763218e+00
2.695864610843801135e+00
2.806373638701732176e+00
2.799407615907337110e+00
2.873755382770078359e+00
2.863069855941346109e+00
2.820984579894048050e+00
2.711167460707656129e+00
2.799999642857120108e+00
2.801412857827279002e+00
2.814653264613600658e+00
2.870725692224877612e+00
2.888610392559024298e+00
2.904657466896914730e+00
2.941814576073753962e+00
2.971559018427868626e+00
2.894167583261204602e+00
2.844107241297345823e+00
2.923453266258928984e+00
2.912341669516130160e+00
2.882500650476942816e+00
2.871499434093623737e+00
2.860844980071447274e+00
2.904385305017225249e+00
2.801103354037477011e+00
2.737067591419693358e+00
2.784905923007094941e+00
2.865691365098481658e+00
2.869809924019359304e+00
2.745356078908526953e+00
2.786581597585112480e+00
2.913506821684136661e+00
2.882830206585188293e+00
2.967837765107789849e+00
2.926500128139412737e+00
2.812601820379130313e+00
2.816358109331979165e+00
2.799638012315163405e+00
2.842134585131394164e+00
2.872969543869199782e+00
2.745262646815418872e+00
2.737623969795706103e+00
2.900412556861523328e+00
2.925188711861168134e+00
2.882396572298822068e+00
2.809615098194056859e+00
2.719720941567351336e+00
2.705620261603612242e+00
2.786528485409757838e+00
2.849391864942412589e+00
2.855931021575976558e+00
2.911722170812318655e+00
2.823409463751228365e+00
2.833894493448900764e+00
2.706275300112684246e+00
2.814495514297366885e+00
2.788119258568399150e+00
2.772321229583614155e+00
2.746617920279411429e+00
2.788594269520038971e+00
2.779899458613566576e+00
2.856378301275935172e+00
2.859673757616417955e+00
2.831738865079193701e+00
2.800229454884009872e+00
2.836599548755516675e+00
2.912460986863171897e+00
2.989381541389455776e+00
2.890005709336921136e+00
2.791551719026534428e+00
2.814597129253137098e+00
2.846068867754256715e+00
2.872827352974765880e+00
2.876090749611353914e+00
2.908510959236701776e+00
2.833681351175533880e+00
2.852126399723546424e+00
2.817439085410721411e+00
2.857838518881009371e+00
2.915668362485692722e+00
2.960709881092708162e+00
2.822783201026958011e+00
2.898017425758513621e+00
2.918014564734041638e+00
2.805581936069592164e+00
2.821804741650279613e+00
2.853868252039676534e+00
2.813112688819983997e+00
2.774874952137483142e+00
2.781705412152768009e+00
2.722604267975792247e+00
2.719390740588781608e+00
2.782669761218532045e+00
2.805821982949025184e+00
2.829172847317745543e+00
2.825645766900019673e+00
2.781842734591587263e+00
2.801039985433981361e+00
2.856793657231827321e+00
2.861170739400219709e+00
2.923278638788988193e+00
2.856911969242314164e+00
2.857588143872380915e+00
2.842217620098784536e+00
2.943474307684712965e+00
2.890200858071978463e+00
2.866410473048128793e+00
2.852822637319046617e+00
2.939022116282897112e+00
2.817029996290419280e+00
2.771338665699304205e+00
2.765587098610347461e+00
2.739671695659901207e+00
2.734756113440465430e+00
2.810595844300635360e+00
2.861927147919737013e+00
2.795464362140930970e+00
2.738166357254430583e+00
2.731202299354626994e+00
2.682346174527068694e+00
2.832752371810850711e+00
2.797498346737670172e+00
2.779646200508258946e+00
2.771818717015959610e+00
2.790823713529753114e+00
2.808532891030475209e+00
2.852225972814917299e+00
2.860547325250886175e+00
2.835778729026649625e+00
2.898134227395273488e+00
2.900469789534102283e+00
2.741484634281214028e+00
2.874462210570874809e+00
2.836614355177664581e+00
2.851951086537074076e+00
2.736687230941818871e+00
2.769130549468551195e+00
2.710018634622278544e+00
2.790747211769636138e+00
2.737657575373516394e+00
2.826788106668060685e+00
2.861232077270210450e+00
2.861144351478966730e+00
2.881946217402399757e+00
2.927216596017451877e+00
2.892368752424213429e+00
2.861053127783543815e+00
2.916652361869683130e+00
2.894043883565001973e+00
2.973134709359802841e+00
2.920920574065649422e+00
2.709981734255786812e+00
2.884006934804422606e+00
2.819139052973443249e+00
2.739376023841926244e+00
2.784715604868834404e+00
2.735684557839225928e+00
2.760142387631478567e+00
2.758169139121094293e+00
2.878974122843065864e+00
2.904076617446585296e+00
2.928104847849544168e+00
2.877174134459018262e+00
2.930815074343654292e+00
2.869793372352789973e+00
2.939176415256491204e+00
2.865218141782576389e+00
2.797935846298124307e+00
2.847461325461682069e+00
2.774190512563980082e+00
2.751644780853807593e+00
2.755595942804387022e+00
2.884528731006158697e+00
2.925954203332649772e+00
2.966709119546437456e+00
2.907537102084855718e+00
2.911855937370528391e+00
2.983508002335505616e+00
2.921293377940668012e+00
2.882576104806255035e+00
2.930091124862843177e+00
2.899432703133493661e+00
2.820416458610324195e+00
2.770445812500219596e+00
2.805260237482433805e+00
2.688641478516613059e+00
2.812038939986428954e+00
2.820485419214217693e+00
2.799607651082558490e+00
2.736003289471706346e+00
2.720183817318233999e+00
2.746081936141017810e+00
2.740033211477554520e+00
2.764257043040679651e+00
2.746224681266993262e+00
2.772421324402191356e+00
2.766134667726789953e+00
2.782901723022212614e+00
2.746376703950133447e+00
2.762600767392929146e+00
2.763866313698981614e+00
2.803532771344040775e+00
2.864244053847367244e+00
2.928961249316897497e+00
2.828901730354025368e+00
2.755586870341779182e+00
2.691391833234246800e+00
2.773104758208748688e+00
2.831958509583076822e+00
2.820719411781328123e+00
2.750036545211717698e+00
2.745362817552536416e+00
2.872065981136227020e+00
2.728040505564388152e+00
2.721900806421865049e+00
2.785701527443311676e+00
2.798422948733803928e+00
2.795497808977857268e+00
2.822951292530567091e+00
2.745886013657522273e+00
2.879178528677928561e+00
2.908580753563496657e+00
2.831107910341815082e+00
2.816240934295217713e+00
2.812094415200172115e+00
2.810325959742036694e+00
2.801459798033874904e+00
2.834821687514048616e+00
2.815820129198596256e+00
2.767260558747585808e+00
2.749272449212700309e+00
2.840643941080965629e+00
2.917407924853841816e+00
2.871577092818509591e+00
2.900325154185302345e+00
2.890483869527729954e+00
2.739857478045162775e+00
2.750488320280600973e+00
2.752851975679041274e+00
2.804980926851375234e+00
2.886964322606013766e+00
2.831338022914255070e+00
2.777287525626398246e+00
2.776614485304000457e+00
2.743517085786053578e+00
2.737698668590099249e+00
2.741995076582012913e+00
2.877403864597390726e+00
2.896495296043133383e+00
2.852097123170948212e+00
2.766280354555553433e+00
2.737583788672047103e+00
5.958164314619058821e+00
2.899596696094131065e+00
2.957681693489006669e+00
6.084983155276602496e+00
2.915163974804848124e+00
2.896581951196961935e+00
2.856720497353565147e+00
2.922960143416259982e+00
2.864465569700568537e+00
2.985962323941814489e+00
2.999621976182999195e+00
2.962248301543947360e+00
2.906507354196785631e+00
2.851064362654760487e+00
2.830541467634770214e+00
2.862565283098361224e+00
2.952972400819215082e+00
6.317737807158508190e+00
2.859536675757106128e+00
2.852551664738081527e+00
2.773707266457655418e+00
2.721424075736818882e+00
2.764877754983030123e+00
2.869681863900596763e+00
3.074994959345461520e+00
2.958434383250708510e+00
6.178373977026641484e+00
6.129588077513854927e+00
2.909924569469112487e+00
6.067192431429877963e+00
6.142207420789369543e+00
6.146485255818970650e+00
6.149004065700395927e+00
6.149950487605571503e+00
6.221272297528858353e+00
6.226492270933932538e+00
6.218315366721118842e+00
2.838880236994861139e+00
6.229890047183818780e+00
6.165186290778244427e+00
6.129439941789135204e+00
2.863894900306225288e+00
6.181825377669609267e+00
2.885378831280218215e+00
6.229111493624110985e+00
2.769982129906255697e+00
2.740751904131418559e+00
2.818641694149861543e+00
6.269112377362524136e+00
6.108046659939656564e+00
6.124942938509713386e+00
6.151203947196028921e+00
2.868332791012925931e+00
2.796788336646161000e+00
2.897215904968078348e+00
2.886589856560852319e+00
2.881202873801149256e+00
2.861177729537261794e+00
2.836708832432401461e+00
2.862923331142488426e+00
2.841346687752130062e+00
3.020782183475001492e+00
2.939810538112958227e+00
2.869967595635880553e+00
2.914616441317793960e+00
2.854804721868029915e+00
2.915870710439679492e+00
2.923866276011951815e+00
2.832049611147374968e+00
2.843391988453227714e+00
2.840685480654273398e+00
2.769640048815007916e+00
2.791671363180129095e+00
2.760174088712521456e+00
2.765297994791881209e+00
2.764521839306030682e+00
2.699359183213675184e+00
2.739905290333955801e+00
2.730543169407874782e+00
2.804102886842777753e+00
2.801175824542258219e+00
2.731978220996646556e+00
2.787112843068970669e+00
2.770770831375269250e+00
2.807708852427544421e+00
2.855849785965641541e+00
2.943925270790683779e+00
2.904766599918140901e+00
2.863502924740954025e+00
2.845504876116011772e+00
2.932640107479947744e+00
2.857630311989288963e+00
2.865728005237063947e+00
2.919766257767905770e+00
2.878858454318308446e+00
2.887137509714423178e+00
2.979489217970086923e+00
2.894093986034316668e+00
2.890567072392543846e+00
2.786760305444298425e+00
2.771320804237575430e+00
2.777976601773312293e+00
2.825103714910304209e+00
2.795140425810481499e+00
2.752376427743850940e+00
2.744252357200408721e+00
2.740691518577018204e+00
2.715876469944831673e+00
2.807874106864479469e+00
2.783714425008427362e+00
2.892694764402217622e+00
2.926268784647097387e+00
2.864849908808487999e+00
2.825871546974490389e+00
2.758632632301734944e+00
2.808950159757200193e+00
2.718436867024871528e+00
2.721952424271959714e+00
2.791706288276042613e+00
2.781460407771428223e+00
2.820397844276583577e+00
5.702380380157044293e+00
2.732804603333359506e+00
5.752124564019802655e+00
5.739362421035981043e+00
2.793327943511108913e+00
5.719825696644959656e+00
2.854709967755043376e+00
2.775872295333486672e+00
5.813259670787122246e+00
2.776340216904261027e+00
2.789066689772763397e+00
2.758745729493749188e+00
2.714981767894583786e+00
2.734341054075003274e+00
2.775977485499477204e+00
2.751296058224196539e+00
2.741681600769863447e+00
2.740238310804372190e+00
2.833346078402707136e+00
2.906057810849605350e+00
2.750209628373808002e+00
2.836270438445529951e+00
2.864421232989310173e+00
2.832938050858154533e+00
2.890329738974430462e+00
2.907280172257225015e+00
2.855934347984911081e+00
2.862676544774138687e+00
2.742093360919719114e+00
2.769304966954705183e+00
2.773465161129665457e+00
2.822253355033881306e+00
2.743016405346494047e+00
2.799222927885522960e+00
2.874664154296985075e+00
2.847460271891427031e+00
2.851054717117859738e+00
2.868183048551817826e+00
2.807501558325479873e+00
2.807004987526741324e+00
2.806945136620949022e+00
2.736813292864531455e+00
2.757976432096547637e+00
2.731929903932382775e+00
2.827326298820141304e+00
2.787041621504781297e+00
2.860304529241598281e+00
2.856433265455364801e+00
2.722923979842257758e+00
