4.857825645286170335e+00
4.839870866045911768e+00
4.775454009829850577e+00
4.734702947387512850e+00
4.724152939945954088e+00
4.723363420275852320e+00
4.774204436343295832e+00
4.766861021678731269e+00
4.726764115121464549e+00
4.780074267205479899e+00
4.760852129608732497e+00
4.687895156677461372e+00
4.607654175391204809e+00
4.559680800231524778e+00
4.547850151445185674e+00
4.515531862361287452e+00
4.406092826984016497e+00
4.359814904327934393e+00
4.249113789956678211e+00
4.237524985177078207e+00
4.297293799590621077e+00
4.274192555325508458e+00
4.176927818385182789e+00
4.103213740472216209e+00
4.068184238699127597e+00
4.081720348088536454e+00
4.156002285851151612e+00
4.170860223023543867e+00
4.174450622537054123e+00
4.110638514878193206e+00
4.057827744002941550e+00
4.005225336981678375e+00
3.941473962872265258e+00
3.951577153492008332e+00
3.991522641799743365e+00
4.041109377386363555e+00
4.004788758474035149e+00
4.046125801306726721e+00
4.074432107668503278e+00
3.967074992989166660e+00
3.913564360017604660e+00
3.944407433316188261e+00
3.913577774875567350e+00
3.916535969450555044e+00
3.952297306630663698e+00
3.912419967232557028e+00
3.916960811649766949e+00
3.962381733250848637e+00
3.944516193400656068e+00
3.897636463294133602e+00
3.845568098473878482e+00
3.868720331065558238e+00
3.726968473169581131e+00
3.688305166333176732e+00
3.680298629187582993e+00
3.590895988468616018e+00
3.435214112686427512e+00
3.353954233438494636e+00
3.329688874354479466e+00
3.261025758867905022e+00
3.225630325998315673e+00
3.244167073379544686e+00
3.267295823766192431e+00
3.280224839854732011e+00
3.225320449195707706e+00
3.190750695369350964e+00
3.129721393351171610e+00
3.094526942846030249e+00
3.054829291466218510e+00
2.939446376445741471e+00
2.739558541079201159e+00
2.719572576711274614e+00
2.718396034429126473e+00
2.725858030052188852e+00
2.677776316274382395e+00
2.782103340999395602e+00
2.747665736584419260e+00
2.722017817722727884e+00
2.730383672673128537e+00
2.762741573147948326e+00
2.745774571955971854e+00
2.711237540312541938e+00
2.690470776648577367e+00
2.766560680700858921e+00
2.748034388431119801e+00
2.791677631819261318e+00
2.712167583317815378e+00
2.705742227190166105e+00
2.743046117002045481e+00
2.698722290269971680e+00
2.690887028472209508e+00
2.705866959035495345e+00
2.672831644529823691e+00
2.764838874148003889e+00
2.657949209447012517e+00
2.673042648369083008e+00
2.659689267564915749e+00
2.719017101821906479e+00
2.750108543312427489e+00
2.756717250644324047e+00
2.746023306528915686e+00
2.741905541771999300e+00
2.724426545165056002e+00
2.743657959731860885e+00
2.758759322594126040e+00
2.696749524891030703e+00
2.755228847119600033e+00
2.751033805681057043e+00
2.752818737221904399e+00
2.695297757206057021e+00
2.684925883520809631e+00
2.775824742306329362e+00
2.754151956592083117e+00
2.753103158256152039e+00
2.795895205475340983e+00
2.741783908334134434e+00
2.808914025028177885e+00
2.810446761637729551e+00
2.787461210492443886e+00
2.799128078527311825e+00
2.799659264982079954e+00
2.774820534737336697e+00
2.774137343391635202e+00
2.772355677037129595e+00
2.798469760422649166e+00
2.829856710153360044e+00
2.832982527302277287e+00
2.800854512465793533e+00
2.801997323339192825e+00
2.804195784890919807e+00
2.765816515967753020e+00
2.751103233250253854e+00
3.206970221252451125e+00
2.798264283444293010e+00
2.759847821891634467e+00
2.671220133197561797e+00
2.694405129151887568e+00
2.757594785315638397e+00
2.740903865515899263e+00
2.747676472949462934e+00
2.733201785452365584e+00
2.686217787149805858e+00
2.685700094947311989e+00
2.775957852705980944e+00
2.715403653234634174e+00
2.750081089713537708e+00
2.779639904735863531e+00
2.738114132025909253e+00
2.801528868314585363e+00
2.737920561301952826e+00
2.702674416203327823e+00
2.742792919635020699e+00
2.752146980086637829e+00
2.780553362192497602e+00
2.756869238828711488e+00
2.720519987061297496e+00
2.721615696603765677e+00
2.670707209710566410e+00
2.718358879912658121e+00
2.731929720911575377e+00
2.783893137316876487e+00
2.821415602140174173e+00
2.802882444912736748e+00
2.771042222702497781e+00
2.841946867905872587e+00
2.845678302268195736e+00
2.805977369830341406e+00
2.726422197679589488e+00
2.735304553427277519e+00
2.762879295228077847e+00
2.816303073179447836e+00
2.885639790410438277e+00
2.977565784327862453e+00
2.975111090362845712e+00
2.872174089431210220e+00
2.940653498799203902e+00
2.931026611956978112e+00
2.943737420355287515e+00
2.934014826138409138e+00
2.887041045776799653e+00
2.932085946898555395e+00
2.943625145972224466e+00
2.900414453142860616e+00
2.882843214606024773e+00
2.799501919985053267e+00
2.780634819605048325e+00
2.789194507380222010e+00
2.860420248844564473e+00
2.886419408194173197e+00
2.904220893802674119e+00
2.875788761366175006e+00
2.910524866755135331e+00
2.894421185660442486e+00
2.854129114108189924e+00
2.866024773096003564e+00
2.891226210451198764e+00
2.895660546403876712e+00
2.798914789699750383e+00
2.774906304724539474e+00
2.775778629501999717e+00
2.779032025724065047e+00
2.759857423853630642e+00
2.762198399825761985e+00
2.769768582390954581e+00
2.724873024564630875e+00
2.753439485443615276e+00
2.767022045448860990e+00
2.749784355181329687e+00
2.791837387814698257e+00
2.792911742250370644e+00
2.827874643614882721e+00
2.764472101505095925e+00
2.787666228227475784e+00
2.799858925017472799e+00
2.739824446930861246e+00
2.693286839532692767e+00
2.742717994982350138e+00
2.769765513540812130e+00
2.684911544166771691e+00
2.678400082138589156e+00
2.784518091160479436e+00
2.712041481983636260e+00
2.744673022419974462e+00
2.750192356908876423e+00
2.665162471595305949e+00
2.704845651788656102e+00
2.753813719190170595e+00
2.730395758859875954e+00
2.749498317875462394e+00
2.805171296017410665e+00
2.849539787404275160e+00
2.785995513277076174e+00
2.735349886211999593e+00
2.758350956640579721e+00
2.798400614636867623e+00
2.873786874491565335e+00
2.861316305479000732e+00
2.880577372680692250e+00
2.853508366905554094e+00
2.828521345155450728e+00
2.803434500750820124e+00
2.921387855112703047e+00
2.935550033639351852e+00
2.931689785772021661e+00
2.962786188708189883e+00
2.972256045498099297e+00
3.006684220200052327e+00
2.942431987319332976e+00
2.959604534393066366e+00
3.003732511393116589e+00
2.694242194013003022e+00
2.757292512592742106e+00
2.987434685478495666e+00
2.982831205415418907e+00
2.995196654645567946e+00
2.975358969939593479e+00
3.035049587733288146e+00
2.698546831166729554e+00
2.724539961167756541e+00
2.785823038170228028e+00
2.927200027329871279e+00
2.929997269623301204e+00
2.931622247152589900e+00
2.838672048687555183e+00
2.856148105403499393e+00
2.874539615312337482e+00
2.806624663185300239e+00
2.802102424965939420e+00
2.904322812636363604e+00
2.862438470954441261e+00
2.830207942890415662e+00
2.796321154660172503e+00
2.757272021400862805e+00
2.777954103292565424e+00
2.701847145935535544e+00
2.830135862463143859e+00
2.853850206300254211e+00
2.843900490523534774e+00
2.853954975117862780e+00
2.754889108476056503e+00
2.739303196070125068e+00
2.771672058523519055e+00
2.730480910022994756e+00
2.754541885686256908e+00
2.747950872923313081e+00
2.744384448287083167e+00
2.771338665699303760e+00
2.841550457056851275e+00
2.857163103499693158e+00
2.847741034574597929e+00
2.800221062702014319e+00
2.812494622217081019e+00
2.795030232394633884e+00
2.800065356380097015e+00
2.806065038447969062e+00
2.769590944525924137e+00
2.715202018266780648e+00
2.726342788425549113e+00
2.699085215401692661e+00
2.727691331510953887e+00
2.734968738395377130e+00
2.819463424128782147e+00
2.818362290409095028e+00
2.830767033862023663e+00
2.736833754541915464e+00
2.706575142130733358e+00
2.733922091062582105e+00
2.795181210583671749e+00
2.741175477783208247e+00
2.738642729528625086e+00
2.821660504029498195e+00
2.857568721833299907e+00
2.853826904351418836e+00
2.894541414455837014e+00
2.871170144731935103e+00
2.776591255478558562e+00
2.717392316173725231e+00
2.767402392135989597e+00
2.769739698960897112e+00
2.766021149593762551e+00
2.793684663665533030e+00
2.873585565108510931e+00
2.930237874303039725e+00
2.865126524256826013e+00
2.837179056739282057e+00
2.904777099882192459e+00
2.831437444126216008e+00
2.875474917296271915e+00
2.818793713629998976e+00
2.748480671207276238e+00
2.836839438530139201e+00
2.833597889609603904e+00
2.855651589392515621e+00
2.833495720836719300e+00
2.812301726344454522e+00
2.871915562825619883e+00
2.889308221702904689e+00
2.934427030955106375e+00
2.903443472843926454e+00
2.752716476500985276e+00
2.741468584536397746e+00
2.709778957774969577e+00
2.892201410690479868e+00
2.889499956739919995e+00
2.921425679355886373e+00
2.937680377440677226e+00
2.928879819999448575e+00
2.907979711070900475e+00
2.897060924454299524e+00
2.946360466745371109e+00
2.986453749851150530e+00
2.885046966688757042e+00
2.842729849985749180e+00
2.904414915262624852e+00
2.925223581198538092e+00
2.851516087978463787e+00
2.772686422947968854e+00
2.836776339438835226e+00
2.866967212927276965e+00
2.793934322778543589e+00
2.730709797836452513e+00
2.725291544037077962e+00
2.772811930153214810e+00
2.762083452758080426e+00
2.741099414468581852e+00
2.772310408305678653e+00
2.794627882205428904e+00
2.758855922298226293e+00
2.839344994888785667e+00
2.803311077993307698e+00
2.729187608062149994e+00
2.753337974168809321e+00
2.737341958908312556e+00
2.754775671447676988e+00
2.743472616958296140e+00
2.746538912886544281e+00
2.737880932400092782e+00
2.797576808597040277e+00
2.875593503957052821e+00
2.864269016695184966e+00
2.880219088888899215e+00
2.801239725550100257e+00
2.757710826029444728e+00
2.800400328524477622e+00
2.891833674331910853e+00
2.934398916302962235e+00
2.938699202027999391e+00
2.982728616552301038e+00
2.947369165883364950e+00
2.844823544615728839e+00
2.806331591241491452e+00
2.712071901701722965e+00
2.717030364202800197e+00
2.710620224229133957e+00
2.699723319156984047e+00
2.768000180635832308e+00
2.792261807209345026e+00
2.750081635151945481e+00
2.700490696151349290e+00
2.759626967544707377e+00
2.778160182566872916e+00
2.815876595307400532e+00
2.810183979742251648e+00
2.820777552378066932e+00
2.863762210798933783e+00
2.818603377561305745e+00
2.813714093507014624e+00
2.826630679802369261e+00
2.914550394143152090e+00
2.738416148068075984e+00
2.930182929443143180e+00
2.868761056623573058e+00
2.892791212652582988e+00
2.977711537405864917e+00
2.648039652271091171e+00
2.740205466748798280e+00
2.832857744398755262e+00
2.777540998797317418e+00
2.757691969745714733e+00
2.759371486407729002e+00
2.718041942281244516e+00
2.784319306401476624e+00
2.827574932694092436e+00
2.774376506532594266e+00
2.783914330578439067e+00
2.737713461997072883e+00
2.762385563240584041e+00
2.793102217964820166e+00
2.743987062651717324e+00
2.746892790044780597e+00
2.721436936620064362e+00
2.796485294078979944e+00
2.803856986367172066e+00
2.789760025521909270e+00
2.845650892151037947e+00
2.822036321523874403e+00
2.794920213530254216e+00
2.825619401122521968e+00
2.778411416619216201e+00
2.773027767621521811e+00
2.751344398653138512e+00
2.795081751934994863e+00
2.843154586018846963e+00
2.898522037176878285e+00
2.754750079408293750e+00
2.780016007148159662e+00
2.734501417077709551e+00
2.670839006754245126e+00
2.752733913766458151e+00
2.773753593958915520e+00
2.761249898143954162e+00
2.778194737594900765e+00
2.814511325257015528e+00
2.800750970721959554e+00
2.747361825460927331e+00
2.730020695892249272e+00
2.784574294214467560e+00
2.760109780425408665e+00
2.731571525697249037e+00
2.724171250123603727e+00
2.765215543135833620e+00
2.825664877511131934e+00
2.806722287651559178e+00
2.725623781815824653e+00
2.716339264524959773e+00
2.785834345398161105e+00
2.738549616128946429e+00
2.879612473927698701e+00
2.844704729844558244e+00
2.800050535258247653e+00
2.839613353962119557e+00
2.879216733766321035e+00
2.927561613356754133e+00
2.891928422350733108e+00
2.878599312165553759e+00
2.924518763831068568e+00
2.888946347719182128e+00
2.845989810241772666e+00
2.914056279483977274e+00
2.922414241684432756e+00
2.861285375491231520e+00
2.887960179780878267e+00
2.918732259046725286e+00
2.933697666767999035e+00
2.887956024595941695e+00
2.827697826854913110e+00
2.870484802259019474e+00
2.860886051558153564e+00
2.839462096947236169e+00
2.782895075276823338e+00
2.784265432748824320e+00
2.876353594396905855e+00
2.845907588099093388e+00
2.770021299557099415e+00
2.740835274145456690e+00
2.762186452794234803e+00
2.731183992337389732e+00
2.803859661252681601e+00
2.822313412787459619e+00
2.816125174774728901e+00
2.823818691063574970e+00
2.832522903702633599e+00
2.787682191355392192e+00
2.796619566548156577e+00
2.739893063606680279e+00
2.745269021425769118e+00
2.837542951216773801e+00
6.252724046365710997e+00
2.734420048200349562e+00
6.197099805554207919e+00
2.779157606182132589e+00
6.230102647629491841e+00
6.255170261471704407e+00
2.803881595217601053e+00
2.860667928998401166e+00
2.826054670384138490e+00
2.799896069499724138e+00
2.816031604936279020e+00
2.848858543346791006e+00
2.789157758177188917e+00
2.848089008440571668e+00
2.870860672342006481e+00
2.884903637905433360e+00
2.943800434812116062e+00
2.850705175917004564e+00
2.895188076792249099e+00
2.943715679205449742e+00
2.908493424438157948e+00
2.911011679811676967e+00
2.915340288885673203e+00
2.896886777214462860e+00
2.909331710204252630e+00
2.910611276003719716e+00
2.897631273989152767e+00
2.879274561412996203e+00
2.865968248253982331e+00
2.795137742580855456e+00
2.832238337428543140e+00
2.871998084957578801e+00
2.890032006743178172e+00
2.868589374588144558e+00
2.933804526549102398e+00
2.887213881928389458e+00
2.960107768308444687e+00
6.288932023801816484e+00
6.260605801358203770e+00
2.913448472171765946e+00
2.782782959556853175e+00
2.807649906950651086e+00
2.766371992339425212e+00
2.755781377395528864e+00
6.160928582608306669e+00
2.822426969825791332e+00
6.188280779020939093e+00
6.164752306459684306e+00
6.161412581543294742e+00
6.225801554820069583e+00
6.226445775882096356e+00
6.174572778743482537e+00
2.892636340779808357e+00
2.908402654379203867e+00
2.858287074455608590e+00
2.829299736683973610e+00
2.761162617449396173e+00
2.792495120855182478e+00
2.770207573450047533e+00
2.773133426288753256e+00
2.830546766969236572e+00
2.850626773185153340e+00
2.876033553350864302e+00
2.863313814446471373e+00
2.916126369003922303e+00
2.871751381996707764e+00
2.896869344654673828e+00
2.813441486862664043e+00
2.749070024571945936e+00
2.779388421937459164e+00
2.775475634913770584e+00
2.747222961464904856e+00
2.745132055111374925e+00
2.766877301218830798e+00
2.716535293347023927e+00
2.723813136028240933e+00
2.788626364359342080e+00
2.745758365188021521e+00
2.736205767116208332e+00
2.739347550056399960e+00
2.765309747568977183e+00
5.950682229795168254e+00
5.940547954524061147e+00
6.010186436376162789e+00
6.053527979616514898e+00
6.003797964622060945e+00
5.961202143863266301e+00
5.985241181439557856e+00
6.046565471406061043e+00
6.131193847857038470e+00
6.114859769446884918e+00
6.090103036895188282e+00
6.137923427349025296e+00
2.828534779704856561e+00
2.838825109090026722e+00
2.780473700648866231e+00
2.702967813348875037e+00
2.725586358932697628e+00
2.707270581231214557e+00
2.701284509265915901e+00
6.079674086659580645e+00
6.045105458137186361e+00
6.056843237198729746e+00
6.064562803698218652e+00
2.713840267959778618e+00
2.698987587967013990e+00
2.719713955547531814e+00
2.752873771170774475e+00
2.776481766552771457e+00
2.784856369725376091e+00
6.258388930068184308e+00
2.857302574107264626e+00
6.276566099389060405e+00
2.837968639713976504e+00
2.765029656260489244e+00
2.800570299064103263e+00
2.792493330341184521e+00
2.810904836525064621e+00
6.193149279647633954e+00
6.200386842770376994e+00
6.176973368891920835e+00
2.765703707919559662e+00
2.735391379674945167e+00
2.722898822945869490e+00
2.758587682130114516e+00
2.733230689129624746e+00
2.792136278909036040e+00
2.765696476477489174e+00
2.754986388351129190e+00
2.823942988093067097e+00
2.806049358083353429e+00
2.721402212095816342e+00
2.786056352624619592e+00
2.852630189842349395e+00
2.866398611498407689e+00
2.966513104639856735e+00
2.979784220375697235e+00
2.962733535098962978e+00
2.959870436353591927e+00
2.947677899635576360e+00
2.846774139267110648e+00
2.800244453614720186e+00
2.753586933437911277e+00
2.778349510050885929e+00
2.785675501561515333e+00
5.933166692416453891e+00
5.946583052476438702e+00
2.827517108701554704e+00
5.971702186144248969e+00
5.931694193061539444e+00
5.965090946498636804e+00
5.955372700343782633e+00
6.000103749103010031e+00
6.031148895525627829e+00
6.130556418466435176e+00
6.154662054085504153e+00
6.146788917800903640e+00
6.128776794760924851e+00
6.097770904191138541e+00
6.082465947294732445e+00
6.079045648784025424e+00
6.132121818750830400e+00
6.078074448375899941e+00
6.082065192021539168e+00
6.009886854176208715e+00
6.014996342476027991e+00
6.075981402209852611e+00
6.084656769284526590e+00
6.097009594875179239e+00
6.153701731478378179e+00
6.146558549302203467e+00
6.130348848148855723e+00
6.085336309523081688e+00
6.126362950397242990e+00
6.145672542529418081e+00
6.136339625542249543e+00
6.100738479889135313e+00
5.989407065812107689e+00
5.996475798333551488e+00
5.999959833198885484e+00
5.981367318598649341e+00
5.984158253255005278e+00
5.927941801333748373e+00
5.894096962215670921e+00
5.846129146708957336e+00
5.828648985828533746e+00
5.798583965072852564e+00
5.810808377497918897e+00
5.895521859852611790e+00
5.965501320090374371e+00
6.048013723529403585e+00
6.050379905427427651e+00
5.988761892077526738e+00
5.856206622037852583e+00
5.753563852083332542e+00
5.716549046409030943e+00
5.704182062311827117e+00
5.690512630686272111e+00
5.750578144847699136e+00
5.658394471932830072e+00
5.676808786633560366e+00
5.596445300367011377e+00
5.602821164377817631e+00
5.626259681173630511e+00
5.597830472602756124e+00
5.597599753465765993e+00
5.660449275455085250e+00
5.716552545022218546e+00
5.739287499332996312e+00
5.673892226681786610e+00
5.693379049387103485e+00
5.668515678729309393e+00
5.696959627731269293e+00
5.799366430912949788e+00
5.779855794048844864e+00
5.775009004321984385e+00
5.807740524506926683e+00
5.813629245144550595e+00
5.768593676105121304e+00
5.796495665486173898e+00
5.787674576200704912e+00
5.772542853890302972e+00
5.808589673922577745e+00
5.706103661869454058e+00
5.789780479430977067e+00
5.837020301489451057e+00
5.851778960282078224e+00
5.876497596357885378e+00
5.906890467919647669e+00
5.969769593543791331e+00
5.945538327182829264e+00
5.999399553288645492e+00
5.971450493808015736e+00
5.939124598793999787e+00
6.008566800826964815e+00
5.900831212634369827e+00
6.067212209903325437e+00
2.844158223446790146e+00
2.815522864407249415e+00
2.791920306885567360e+00
2.797759639425802636e+00
2.811268397005166619e+00
6.180096843901396575e+00
6.138542172209946912e+00
6.111812333506322581e+00
6.088988914425776500e+00
6.135265438430516305e+00
6.137294680883425890e+00
6.069566458982057711e+00
6.009591167458896876e+00
6.020065365093638654e+00
6.013861654544440327e+00
6.055170187533955861e+00
6.099984344242204592e+00
6.112340959076153268e+00
6.155275623398191343e+00
6.126627620477679947e+00
6.047834488476019565e+00
6.127516136249663070e+00
6.155140778243825217e+00
6.142967442531337419e+00
6.110843558789571972e+00
6.126629252696788264e+00
6.079211297528652302e+00
6.164449367137344815e+00
6.116076601874766538e+00
6.035994449964313446e+00
6.047429205869216950e+00
6.018774958411388099e+00
6.051887887262949128e+00
6.093176921770776744e+00
6.218436218214351108e+00
6.233668422365758133e+00
2.887962257371103902e+00
2.820270908973107726e+00
2.784479305004797567e+00
2.768264799472767379e+00
6.173336456082723522e+00
2.718617847362883921e+00
2.776941663053078990e+00
2.752200937431712902e+00
2.908422596528915882e+00
2.807166899206386734e+00
2.739228358498064342e+00
2.714135037171142351e+00
2.729160676838210620e+00
2.732677990543342705e+00
2.717014170003535511e+00
2.723864350513806265e+00
2.708992986332744213e+00
2.766776825116185723e+00
2.767284770311866371e+00
2.804031026932476856e+00
2.784833926825798667e+00
2.703616836757753106e+00
2.752998728659350469e+00
2.783190435453528178e+00
2.706984115210135489e+00
2.802248204567182821e+00
2.831051041574489169e+00
2.714561106330081852e+00
2.787513766782148572e+00
2.783104381801013272e+00
2.794059770298409351e+00
2.836694555287897046e+00
2.869265236955273579e+00
2.838947692367719711e+00
2.735062156514911802e+00
2.742241601318162303e+00
2.863538021399401501e+00
2.892392953939695310e+00
2.930575028897912215e+00
2.945087265260572629e+00
2.972467493514437287e+00
2.921821520900960145e+00
2.921287900909460333e+00
2.875132170874932225e+00
2.912566222423105700e+00
2.893906356466981578e+00
2.930796649377093832e+00
2.911429030562139531e+00
2.871175020788527377e+00
2.818956189797918732e+00
2.877998436413751637e+00
2.832712657506934573e+00
2.837415901837444743e+00
2.820739087544255508e+00
2.754176828019581080e+00
2.755170593629367115e+00
2.782805239322363899e+00
2.754079156451390453e+00
2.775721888086053024e+00
2.756567793470714012e+00
2.716053202718974546e+00
2.758071971504731934e+00
2.769013362192389138e+00
2.690554589671058761e+00
2.733555377159936128e+00
2.745778396010865485e+00
2.765870929743468487e+00
2.738600007303001682e+00
2.748119538884726154e+00
2.741114554337341414e+00
2.761429340033889179e+00
2.740113318824606292e+00
2.767983742726824570e+00
2.812204473362490020e+00
2.825795817110641650e+00
2.826809862725117473e+00
2.757841365996239080e+00
2.716785968750575098e+00
2.786793139075808945e+00
2.737223958685149228e+00
2.790688445527375716e+00
2.775337637117329059e+00
2.726194050319969531e+00
2.731017392840990432e+00
2.807802521545986973e+00
2.767292901013551631e+00
2.818143537863179837e+00
2.860606579031796937e+00
2.873893004271383944e+00
2.901177174872296760e+00
2.897112010261253090e+00
2.923990766059290536e+00
2.928861553573333332e+00
2.905887988206015127e+00
2.876392358493534918e+00
2.800290163536629073e+00
2.752657079986535305e+00
2.792420813559446380e+00
2.769719841428010199e+00
2.856960797770945693e+00
2.906961472052906004e+00
2.946791136134354172e+00
2.962342991619977717e+00
2.941312802134448567e+00
2.928046447719024670e+00
2.924625275142099134e+00
2.946194324887617011e+00
2.845830107367619544e+00
2.774156628599041774e+00
2.765588906544138137e+00
2.746553658678453580e+00
2.754901994627032114e+00
2.784253041661263861e+00
2.798493523308567710e+00
2.827043862411759534e+00
2.849053351553810121e+00
2.835541218180402723e+00
2.776964349789172282e+00
2.683945975611282453e+00
2.670358215670698865e+00
2.752022710662104910e+00
2.795907008467914068e+00
2.743419216962657448e+00
2.723071427634611297e+00
2.814085464231674827e+00
2.857522003414846967e+00
2.828992930355253232e+00
2.903371488459580707e+00
2.892093705259219050e+00
2.869904528028763835e+00
2.803264347149587277e+00
2.865206798819240674e+00
2.855678028069691177e+00
2.885837486761858806e+00
2.868840532340548144e+00
2.878335109051758600e+00
2.878412930765841704e+00
2.794220463742973948e+00
2.743277237174543970e+00
2.765647844538418276e+00
2.726498303685516600e+00
2.738780202937066921e+00
2.765008860745295838e+00
2.701290062173997697e+00
2.750057090316490260e+00
2.805830180178408462e+00
2.829872258601083601e+00
2.859678828120388872e+00
2.823363065565603236e+00
2.821889437947560975e+00
2.803388842098077482e+00
2.736413894132245339e+00
2.749121677918240358e+00
2.797056667284379738e+00
2.872241981449334514e+00
2.874112732653331559e+00
2.914549364824689182e+00
2.933484958202444925e+00
2.910330050011510128e+00
2.904235871963570137e+00
2.953411925214632028e+00
2.951513171239457556e+00
2.884019590779507869e+00
2.916188265527450252e+00
2.898535664779717802e+00
2.902862724966511099e+00
2.936581005182727466e+00
2.882318164255986304e+00
2.815949040732094399e+00
2.824424543159190115e+00
2.811229979919821265e+00
2.745970320305738621e+00
2.721983284298417960e+00
2.744224116212085285e+00
2.691005202521912221e+00
2.757650267891126106e+00
2.816190512021514714e+00
2.885192021339308077e+00
2.914180845452114532e+00
2.879320405929149285e+00
2.804729933523012253e+00
2.765723775072268520e+00
2.633892366821393161e+00
2.730637654468274444e+00
2.822259024256986493e+00
2.972317277815408332e+00
2.897956693948341211e+00
2.878536607375351331e+00
2.870107315066808162e+00
2.820554732672280629e+00
2.795426264454134557e+00
2.858899088810236133e+00
2.929564643424002135e+00
2.903288652545592097e+00
2.896717625175087907e+00
2.960978723327812645e+00
2.956568957423452382e+00
2.902683930434038828e+00
2.934722814849811456e+00
2.978908860640083756e+00
2.932518712642768310e+00
2.919488311331285058e+00
2.943801284054343270e+00
2.915148366721666662e+00
2.868581008094420515e+00
2.838659895091343977e+00
2.825724154973376478e+00
2.842165019839629103e+00
2.766150574354187430e+00
2.770225622580225533e+00
2.781548849112666755e+00
2.807444745671765052e+00
2.856445868557638157e+00
2.833248488925741881e+00
2.818182038123158595e+00
2.829856710153360932e+00
2.815659780584294669e+00
2.820338100299324413e+00
2.733328739833538190e+00
2.718761850548885306e+00
2.755285466154097307e+00
2.901584050135373793e+00
6.036740925366930632e+00
6.077714126215546742e+00
2.938485834575351952e+00
2.938319417626340968e+00
2.885184396186836420e+00
2.852333956604660603e+00
2.792660917476376792e+00
2.829855296653876362e+00
6.037297491427765728e+00
5.998024174676191755e+00
6.009264181245487002e+00
6.057243267361811512e+00
2.811437532651223314e+00
2.792788212521672975e+00
2.848144659247489940e+00
2.848597198622508042e+00
2.900610970123363774e+00
2.836111069757318415e+00
2.878984022185604452e+00
2.913916436687915557e+00
2.855956932448386887e+00
2.893086587020858413e+00
2.827768378067764932e+00
2.860424094430754405e+00
2.896638396486520772e+00
2.912953312361871383e+00
2.911291809489389149e+00
2.897188637282702039e+00
2.871695840439930869e+00
2.938315844152905587e+00
2.922498075277381258e+00
2.937270331447209504e+00
2.945033106774862741e+00
2.963561539769336672e+00
2.901758260089906116e+00
2.904292168498204152e+00
2.813823022153312259e+00
2.862632704347520374e+00
2.820203538753896400e+00
2.811160970133158354e+00
2.798009471034720530e+00
2.746835633961376644e+00
2.700890223611466912e+00
2.732011896020952957e+00
2.806021560858005692e+00
2.869492986574457394e+00
2.879024487565188917e+00
2.874201454317355076e+00
2.819476901838353200e+00
2.743275414536426204e+00
2.761952570193775269e+00
2.838667645216678359e+00
2.933518535820082374e+00
2.931954297051712288e+00
2.909338584627096935e+00
2.934872569635690542e+00
2.899228000692598339e+00
2.860270266950310614e+00
2.869393838426506527e+00
2.880348763604852369e+00
2.895938707914931243e+00
2.848671620246882696e+00
2.854495752317736113e+00
2.799698198020636575e+00
2.808501379739736237e+00
2.822276031857975820e+00
2.778074513039562099e+00
2.794762243912709110e+00
2.789576849631499211e+00
2.812488755533077533e+00
2.774777288360275040e+00
2.773775765991187470e+00
2.775734317257327444e+00
2.761411595543119990e+00
5.991499144621487360e+00
5.890271810366648708e+00
5.909247752463929082e+00
5.878467572420555065e+00
5.839124163776619802e+00
5.767231051379855700e+00
5.728538207954974482e+00
5.692929123043778183e+00
5.719087164924135713e+00
5.812302899884004503e+00
2.674762606288640487e+00
2.748779001666012078e+00
2.688706380399318085e+00
2.733775594301770973e+00
2.763888926856504558e+00
2.726814625162480077e+00
2.737515114113526771e+00
2.747458825897123535e+00
2.718839642200326701e+00
2.737670542632914650e+00
2.804799279805954448e+00
2.855232915192734477e+00
2.827678199512809076e+00
2.720742545703286552e+00
2.757994017397427555e+00
2.737694285343050815e+00
2.772309506530611145e+00
2.778232171723594490e+00
2.748240164177796263e+00
2.750363794118880101e+00
2.758769472065398798e+00
2.844370580638184265e+00
2.771745118152100673e+00
2.763236508154883975e+00
2.738833328262237021e+00
2.896491153102318972e+00
2.795669687212707366e+00
2.762781569360849510e+00
2.800300341034868357e+00
2.783948454982599241e+00
2.775779710279618229e+00
2.727712961438574890e+00
2.701333744652815394e+00
2.746500500637128805e+00
2.852912371595034191e+00
2.908927121809688821e+00
2.881670695967878615e+00
2.853147735396819318e+00
2.883494754633689539e+00
2.936506257442677459e+00
2.903706596748369950e+00
2.828997172144221750e+00
2.803341755833562043e+00
2.808116806687356970e+00
2.805995901636351153e+00
2.767941112090356537e+00
2.748512688710023077e+00
2.745888198743714259e+00
2.756262142830394613e+00
2.764202235727335477e+00
2.806213284837772548e+00
2.877720278275843313e+00
2.900282917234109803e+00
2.867283906417360306e+00
2.819833505723343237e+00
2.879269699073013555e+00
2.959702856707072005e+00
2.951477257239160767e+00
5.778876880501954361e+00
5.803273645107561052e+00
5.736339337940181693e+00
3.070645860401358451e+00
3.092304803863940244e+00
5.792339078472529934e+00
5.746326913777182632e+00
2.970222382246824111e+00
2.899824822295305360e+00
2.916823100566779736e+00
2.873830370776953469e+00
2.881651262731144580e+00
2.953960900215167218e+00
2.943124360267503459e+00
2.900335497834690468e+00
2.814663923099878229e+00
2.895837702634593391e+00
2.911921873951977879e+00
2.911252136109133914e+00
2.961768053038589699e+00
2.928400416609723500e+00
2.869106829659711533e+00
2.768225063104515549e+00
2.726100695132151586e+00
2.765694668614017804e+00
2.743045023327178367e+00
2.827203742215972593e+00
2.778471702213287209e+00
2.749267175085026160e+00
2.728487859602823917e+00
2.747790748947233741e+00
2.759597615595433595e+00
2.715243083040632666e+00
2.846403168913356652e+00
2.917385816103177376e+00
2.891171388901045525e+00
2.891400179843668816e+00
2.862539606712892759e+00
2.927759040631588316e+00
2.823754946874816874e+00
2.751652230933262278e+00
2.725318330030456870e+00
2.740383002428675052e+00
2.730590778567890453e+00
2.698364875253159934e+00
2.732806981841198191e+00
2.758221165896600269e+00
2.772449458511371922e+00
2.813137216703088583e+00
2.837108739544538238e+00
2.807154074859447235e+00
2.790155192816342389e+00
2.809558862170358218e+00
2.763790513045444097e+00
2.731055839780651251e+00
2.753895785973027976e+00
2.758856647236314963e+00
2.820145563619012918e+00
2.862378905735577295e+00
2.857688051554962527e+00
2.853474373461237334e+00
2.817115013626529052e+00
2.891873787010767582e+00
2.971457723071287305e+00
2.911228263121941939e+00
2.924817601150540014e+00
2.866404716713953693e+00
2.872260085716472844e+00
2.889123915653325270e+00
2.898964987715443975e+00
2.906745430890018689e+00
2.898655032942002219e+00
2.868050557434439263e+00
2.874037925984972208e+00
2.920293992049430631e+00
2.805551817379247748e+00
2.696978123752582945e+00
2.700714535081410350e+00
2.749674162514533116e+00
2.771568508985480683e+00
2.780410221532067183e+00
2.812970849475692869e+00
2.814243948203495549e+00
2.839566516213346326e+00
2.877219491105952542e+00
2.870369140023631083e+00
2.888218308923340416e+00
2.846037420695659126e+00
2.810115300125601845e+00
2.785655578135962429e+00
2.795281917803640770e+00
2.882741230148831324e+00
2.918446504563686261e+00
2.953804834446582372e+00
2.879357740885978068e+00
2.886099617130358119e+00
2.788553209103244335e+00
2.778709232719393185e+00
2.825931704765704211e+00
2.796867891052417843e+00
2.748440103040268312e+00
2.807367806326773518e+00
2.933463141067226942e+00
2.922211662422829814e+00
2.826759452093509761e+00
2.849864031844326462e+00
2.837732016945926805e+00
2.814049040084411590e+00
2.856954497362532042e+00
2.863470796079471192e+00
2.857493482057308132e+00
2.832155716057999761e+00
2.886908034558773650e+00
2.818298777631640384e+00
2.861262308842025703e+00
2.874236768256922758e+00
2.851581491032651794e+00
2.838310236742981552e+00
2.826387977613830760e+00
2.801033559242016580e+00
2.853142828531372466e+00
2.838890276146649683e+00
2.835283407351018248e+00
2.890676910344703643e+00
2.890676391435056392e+00
2.917436374627560003e+00
2.926421022341112455e+00
2.938891117411463583e+00
2.870123864922906165e+00
2.871160218448284507e+00
2.878691890425232991e+00
2.897868354497836751e+00
2.855089140464794450e+00
2.822316955977835828e+00
2.815034280430702029e+00
2.804338424655626216e+00
2.841225967782217587e+00
2.858897164992123319e+00
2.862793216423428433e+00
2.826679500757027785e+00
2.809425920005722332e+00
2.757736027976571691e+00
2.780335771089528230e+00
2.846348889366867585e+00
2.771349310354073836e+00
2.760885908544574718e+00
2.763043973591444491e+00
2.780362206619849896e+00
2.795949033870252620e+00
2.727171061741452185e+00
2.776939862510529711e+00
2.861585749195714623e+00
2.850505569192945732e+00
2.818717616221958266e+00
2.854010161159206582e+00
2.804870050465796183e+00
2.781565566367257158e+00
2.760074274362919855e+00
2.829460195867755878e+00
2.847447277826228529e+00
2.824170497686002257e+00
2.743140353682253174e+00
2.706064670328482524e+00
2.719880512081366497e+00
2.750630109629427889e+00
2.709208925129252599e+00
2.822543179474850561e+00
2.745580266537476444e+00
2.771316654588572792e+00
2.793224659779445673e+00
2.743519272758986549e+00
2.725705413282954126e+00
2.727602243729829290e+00
2.801546001764025906e+00
2.824317793733559068e+00
2.773768014813062788e+00
2.687087270633389924e+00
2.734495383064304619e+00
2.737893533357350861e+00
2.731079273840289368e+00
2.741269961167633884e+00
2.777171762783137599e+00
2.888773442137683389e+00
2.860044754894579988e+00
2.855752965506645591e+00
2.880627188651804449e+00
2.835279704015108315e+00
2.738201782192101419e+00
2.742167026276845831e+00
2.788137371077687554e+00
2.831079122878765286e+00
2.752378789338415288e+00
2.797663489413978688e+00
2.792564770958768428e+00
2.765966196467339433e+00
2.772004689750722228e+00
2.852485582785651896e+00
2.848128332782776884e+00
2.852217383019744812e+00
2.910976983763355452e+00
2.921321789875261477e+00
2.922487125720146128e+00
2.865657690653229395e+00
2.831686776463809174e+00
2.815147775872520519e+00
2.809063901017561093e+00
2.794669747930871306e+00
2.840170769513692406e+00
2.900377044454737874e+00
2.931965381787445590e+00
2.985030150601497567e+00
2.888474337777644063e+00
2.814290674397369241e+00
2.823748395307202230e+00
2.821932848244267156e+00
2.790315394359569545e+00
2.791706288276043058e+00
2.826960204884391370e+00
2.772772078624566650e+00
2.727457974011698205e+00
2.777872027289954193e+00
2.843593677022087984e+00
2.781348054451294516e+00
2.829797695949305858e+00
2.906744742835187356e+00
2.909460087370163706e+00
2.884941593862863751e+00
