-5.704375629989999652e+02
-5.681111727579999524e+02
-5.613498297630000025e+02
-5.979331410910000386e+02
-5.834007745860000114e+02
-5.554292191219999495e+02
-5.773720241940000051e+02
-5.798388409340000180e+02
-5.875842439609999701e+02
-5.973339870949999977e+02
-5.650941724829999657e+02
-5.922100061690000530e+02
-5.607890326450000202e+02
-5.537669477629999619e+02
-5.740679121340000393e+02
-5.490353984749999654e+02
-5.745375132010000243e+02
-5.945882848799999465e+02
-5.923418907389999504e+02
-5.945294278139999733e+02
-5.726323116400000117e+02
-5.661924917060000553e+02
-5.878590833490000023e+02
-5.960855932169999960e+02
-5.958411263960000497e+02
-5.617076125700000375e+02
-5.536672039850000147e+02
-5.838444915410000249e+02
-5.961800916460000508e+02
-5.497902780179999809e+02
-5.625162518050000244e+02
-5.466887011930000426e+02
-5.627334610020000127e+02
-5.371808296130000144e+02
-5.832436508130000448e+02
-5.942377596100000119e+02
-5.707791823520000207e+02
-5.817958189299999958e+02
-5.861541519400000197e+02
-5.800608563419999655e+02
-5.663185302560000309e+02
-5.646365538899999592e+02
-5.992924231450000434e+02
-5.891045107549999784e+02
-5.945834207090000518e+02
-5.931135199450000073e+02
-5.971163267690000112e+02
-5.924221401910000395e+02
-5.973097799109999642e+02
-5.916889132469999595e+02
-5.640603240699999787e+02
-5.590105096250000543e+02
-5.663496380699999690e+02
-5.760168486659999871e+02
-5.565415190290000282e+02
-5.767936738849999756e+02
-5.779560088700000051e+02
-5.946478928950000409e+02
-5.937760260159999461e+02
-5.865616044009999541e+02
-5.506905504000000064e+02
-5.686642008449999821e+02
-5.833382568340000489e+02
-5.842430547479999632e+02
-5.868774890429999687e+02
-6.021762326289999692e+02
-5.993989287570000215e+02
-5.614798278819999950e+02
-5.802988707969999496e+02
-5.542061217279999710e+02
-5.938286393119999502e+02
-5.882968608099999983e+02
-6.001208405710000306e+02
-5.837928756769999836e+02
-5.879607754180000256e+02
-5.520713369200000216e+02
-5.824286793569999645e+02
-5.858976031930000090e+02
-5.532875142369999821e+02
-5.970183397409999770e+02
-5.755387007159999939e+02
-5.677775898740000002e+02
-5.064926087609999854e+02
-5.444778031700000156e+02
-5.761021852400000398e+02
-5.950140822040000330e+02
-5.650916672380000136e+02
-5.846128281420000121e+02
-5.319646894999999631e+02
-5.775311296659999698e+02
-5.749202754369999866e+02
-5.278891152270000475e+02
-5.601897105790000069e+02
-5.758652345189999551e+02
-5.804350545360000524e+02
-5.967766085179999891e+02
-5.848943474819999437e+02
-5.996626768720000200e+02
-5.884316645290000451e+02
-5.793706594169999562e+02
-5.973353890890000457e+02
-5.822655408489999900e+02
-5.767200643989999662e+02
-5.858328963049999629e+02
-5.812830593109999882e+02
-5.868255252220000102e+02
-5.946259318459999577e+02
-5.938626698499999748e+02
-5.992243674100000135e+02
-5.970796007889999828e+02
-6.014618746329999794e+02
-5.761108688949999532e+02
-5.880622936910000362e+02
-5.985852585879999879e+02
-5.926757869680000113e+02
-5.799458882899999708e+02
-6.000416559289999441e+02
-5.970249822140000333e+02
-5.966037143779999496e+02
-5.793904478130000371e+02
-5.957296236670000553e+02
-5.709468583399999488e+02
-5.724851882010000281e+02
-5.902482095899999877e+02
-5.868130007019999539e+02
-5.831162784709999869e+02
-5.821316597420000107e+02
-5.665296925149999652e+02
-5.950258764620000420e+02
-5.473846187699999746e+02
-5.842308627659999729e+02
-5.972152203069999814e+02
-5.839735360460000493e+02
-5.892400737729999491e+02
-5.779121247169999833e+02
-5.835547708200000443e+02
-5.829676747859999750e+02
-5.854484566840000070e+02
-5.832487039540000069e+02
-5.933819478899999922e+02
-5.893078421620000427e+02
-5.603236875100000134e+02
-5.914400575130000561e+02
-5.971838908280000169e+02
-5.686468498970000383e+02
-5.968465997439999455e+02
-5.696649296389999790e+02
-5.976972738040000195e+02
-5.952008636499999739e+02
-6.029243458649999639e+02
-5.883171926270000540e+02
-5.878026058939999530e+02
-5.940826139890000377e+02
-6.018274500549999857e+02
-5.789341998659999717e+02
-5.786123213490000126e+02
-5.794976436550000471e+02
-5.760315060340000173e+02
-5.673586219139999685e+02
-5.609061495380000224e+02
-5.875471291259999589e+02
-5.838364332730000115e+02
-6.002958568880000030e+02
-5.827720461760000035e+02
-5.956668457859999535e+02
-5.299169585959999722e+02
-5.883863437549999844e+02
-5.921034367649999695e+02
-5.937017620889999989e+02
-5.796362662789999831e+02
-5.835467194450000079e+02
-5.663569882430000462e+02
-5.757320203079999601e+02
-5.778029203889999508e+02
-5.805332395689999885e+02
-5.817741095989999849e+02
-5.870852750999999898e+02
-5.752954949060000445e+02
-5.228834571869999763e+02
-5.915127422970000453e+02
-5.807565025500000502e+02
-5.919781833179999921e+02
-5.817613986740000200e+02
-5.856402723229999765e+02
-5.639927851899999496e+02
-5.675539464309999858e+02
-5.540456585419999556e+02
-5.761484661619999770e+02
-5.845442057239999940e+02
-5.869805771669999785e+02
-5.883639274539999633e+02
-5.986074877900000502e+02
-5.960717576099999633e+02
-5.661536504010000499e+02
-5.646079781519999869e+02
-5.386282500680000567e+02
-5.932152302570000302e+02
-5.783011667880000459e+02
-5.749085542130000022e+02
-6.001905906749999531e+02
-5.866326110410000183e+02
-5.666892234749999488e+02
-5.870471799189999729e+02
-5.623784694299999956e+02
-5.865476526889999604e+02
-5.964863759449999634e+02
-5.686758637970000336e+02
-5.911529000819999737e+02
-5.766816218779999872e+02
-5.811709923170000138e+02
-5.940721377500000244e+02
-5.935465044699999453e+02
-5.643213859510000248e+02
-5.868936836860000312e+02
-5.762526953809999668e+02
-5.899747488809999822e+02
-5.787024942150000015e+02
-5.829689350490000379e+02
-5.772830640380000204e+02
-5.896344933010000204e+02
-5.593682169190000195e+02
-5.409433258999999907e+02
-5.287123526550000179e+02
-5.713712832429999935e+02
-5.893531673979999823e+02
-5.803958995320000440e+02
-5.905206859129999657e+02
-5.973006739530000004e+02
-5.961304337609999493e+02
-5.899094237110000449e+02
-5.963695922619999692e+02
-5.843640222459999904e+02
-5.350102960760000315e+02
-5.735199549510000452e+02
-5.689030235950000360e+02
-5.873286071530000072e+02
-5.850922985879999487e+02
-5.784390778399999817e+02
-5.954539568940000436e+02
-5.826240407730000470e+02
-5.860486223589999781e+02
-5.972458995670000377e+02
-5.865418225079999957e+02
-5.982292167209999434e+02
-5.883734678309999708e+02
-5.871772340170000462e+02
-5.865122992289999502e+02
-5.848180034749999550e+02
-5.757865019370000255e+02
-5.808864225569999462e+02
-5.690099430750000238e+02
-5.933753598409999768e+02
-5.946839873630000284e+02
-5.812446608379999589e+02
-5.721234861570000021e+02
-5.883020709730000135e+02
-5.795327369289999524e+02
-5.918470345389999920e+02
-5.847362820600000077e+02
-5.944272858949999545e+02
-5.804740099189999682e+02
-5.903726627979999648e+02
-5.967258937960000367e+02
-5.885753945679999788e+02
-5.901813617279999562e+02
-5.588153862299999446e+02
-5.886687996319999456e+02
-5.769646596239999781e+02
-5.918975485700000263e+02
-5.949898914059999697e+02
-5.912277334520000522e+02
-5.928108702580000227e+02
-5.885451766830000224e+02
-6.009285432860000356e+02
-5.955925548149999713e+02
-5.908059300749999920e+02
-5.724118479160000561e+02
-5.871829730939999763e+02
-5.783998047280000492e+02
-5.961880267599999570e+02
-5.875573158409999905e+02
-5.916383717620000198e+02
-5.656856589750000239e+02
-5.767097454879999532e+02
-5.918536435250000523e+02
-5.944509358010000142e+02
-5.733453582099999721e+02
-5.621818469300000061e+02
-5.880028974509999671e+02
-5.879443920930000331e+02
-5.265853662360000271e+02
-5.948150281619999760e+02
-5.624918681939999487e+02
-5.855617030600000135e+02
-5.806807085750000397e+02
-5.871904815950000511e+02
-5.850554696189999504e+02
-5.902134645610000234e+02
-5.950860089760000164e+02
-5.914843600919999744e+02
-5.618960656340000241e+02
-5.886240635550000206e+02
-5.924641195369999878e+02
