-5.817062223240000094e+02
-5.949978070670000534e+02
-6.009421652480000375e+02
-6.024247719270000516e+02
-6.014425247069999614e+02
-5.971737030030000142e+02
-5.993169385590000502e+02
-5.982176604789999601e+02
-5.952438793589999477e+02
-5.912931871309999678e+02
-5.936719713270000511e+02
-5.802746913460000542e+02
-5.995081286949999821e+02
-5.995407191079999620e+02
-5.893438626910000266e+02
-5.806224052469999606e+02
-5.897356237699999610e+02
-5.970450684270000465e+02
-5.974157176989999698e+02
-5.924816500560000350e+02
-5.966706113669999922e+02
-6.014135282869999628e+02
-5.935204577680000284e+02
-5.927396903950000251e+02
-5.752181908280000471e+02
-5.910392457330000298e+02
-5.968880374240000037e+02
-5.940223946139999498e+02
-5.970190104069999961e+02
-5.950975988200000302e+02
-5.958392004859999815e+02
-5.989141184080000357e+02
-5.982592731649999678e+02
-6.006770141690000173e+02
-5.942377898710000181e+02
-6.018174691680000024e+02
-5.865607463809999444e+02
-5.906208538099999714e+02
-5.908415177460000223e+02
-5.946279176159999906e+02
-5.991658267970000225e+02
-6.021748497500000212e+02
-5.877898561749999544e+02
-5.975277528599999641e+02
-5.902776121939999712e+02
-5.937519089639999947e+02
-5.950062511249999488e+02
-5.953896902830000499e+02
-5.930649609939999891e+02
-5.897710523819999935e+02
-5.907129999349999707e+02
-5.991696756239999786e+02
-5.887395540869999877e+02
-5.980416788789999600e+02
-5.930651049589999957e+02
-5.953459258899999895e+02
-5.980415771140000061e+02
-5.938135069530000010e+02
-5.914294147729999622e+02
-6.030315052060000198e+02
-6.008409866870000542e+02
-6.051544023239999888e+02
-5.968604257829999824e+02
-5.938073632800000041e+02
-5.897199286229999871e+02
-6.016709795450000229e+02
-5.937516176369999812e+02
-5.896878625580000062e+02
-5.937912255490000462e+02
-5.845578951979999829e+02
-5.906509384419999833e+02
-5.898466926700000386e+02
-5.909066713839999920e+02
-5.927052376709999635e+02
-5.929249756440000283e+02
-6.024742443049999565e+02
-5.990178282240000271e+02
-5.963222004929999684e+02
-5.940115588769999704e+02
-6.050984855819999666e+02
-5.976558665699999437e+02
-5.858474214200000461e+02
-6.024629251820000491e+02
-5.889892185810000456e+02
-5.849136226939999688e+02
-5.946856938869999567e+02
-5.895991119840000465e+02
-5.954586176330000171e+02
-5.935279440640000530e+02
-6.001244317099999535e+02
-6.007099488139999721e+02
-5.998963316199999554e+02
-5.950083513109999558e+02
-6.017471424479999769e+02
-5.934501329610000084e+02
-5.909139120730000059e+02
-6.038780035439999665e+02
-5.879018768989999444e+02
-6.022272096269999793e+02
-6.019054824360000566e+02
-5.948259442679999438e+02
-5.973412888939999448e+02
-5.852244494789999862e+02
-5.842160503239999798e+02
-6.012969746160000568e+02
-5.970788570700000264e+02
-5.958506948039999997e+02
-5.991850731719999885e+02
-6.033004750850000164e+02
-6.010806303150000076e+02
-6.009200909749999937e+02
-5.948626322559999835e+02
-5.952084199260000332e+02
-5.934425312549999489e+02
-5.953001805889999787e+02
-5.911307283070000267e+02
-5.914664960510000355e+02
-6.029324359619999996e+02
-5.940976323019999654e+02
-6.056285681509999677e+02
-6.010892218970000158e+02
-6.007487723819999701e+02
-6.046293591969999852e+02
-5.975510166709999567e+02
-5.916581917820000172e+02
-5.827903935360000105e+02
-6.027999079720000282e+02
-5.886585293289999754e+02
-5.987683237689999487e+02
-5.956403113999999732e+02
-5.972361109339999530e+02
-6.020336123990000488e+02
-5.969019000179999921e+02
-5.810095324280000568e+02
-5.943574097990000382e+02
-5.945843997429999490e+02
-5.930731554249999817e+02
-5.943913943180000388e+02
-6.025107647280000265e+02
-5.979574730110000473e+02
-5.988635747770000535e+02
-5.890802441170000066e+02
-5.915726454089999606e+02
-5.922354283639999721e+02
-5.747153822010000113e+02
-5.872645321070000364e+02
-5.892907721259999789e+02
-6.020314626709999857e+02
-5.859889425080000365e+02
-5.996156413200000088e+02
-6.061131696190000184e+02
-5.945517886300000328e+02
-5.722200415910000402e+02
-5.986404941309999685e+02
-5.959676770080000097e+02
-5.891969737550000445e+02
-5.870349203360000274e+02
-5.983240908520000403e+02
-6.002712093180000466e+02
-5.997601412139999866e+02
-5.944815257420000307e+02
-5.907887696679999863e+02
-6.042757378659999858e+02
-5.958687501900000143e+02
-5.873659588670000176e+02
-6.006645626509999829e+02
-5.834702480370000330e+02
-5.808300418769999851e+02
-6.004367129920000252e+02
-6.000464936790000365e+02
-6.019753151260000550e+02
-5.955837694059999876e+02
-6.002744858949999980e+02
-5.832876181240000051e+02
-5.953881459259999929e+02
-5.944073375689999921e+02
-5.980748668420000058e+02
-5.977495229600000357e+02
-5.896390599960000145e+02
-5.917707604830000037e+02
-6.005219225949999782e+02
-5.999649123049999844e+02
-5.985035743170000160e+02
-6.011497138610000093e+02
-6.014140894140000455e+02
-5.862932819390000532e+02
-5.920283246510000481e+02
-5.922463536730000442e+02
-5.875064444939999930e+02
-5.941016768599999978e+02
-5.787586584099999527e+02
-5.987045164029999569e+02
-5.953994991939999863e+02
-6.028106939340000281e+02
-5.991528623809999772e+02
-6.036760231739999654e+02
-5.953996464880000303e+02
-5.890700530889999982e+02
-5.977640085470000031e+02
-5.996770424259999572e+02
-5.845330689759999814e+02
-5.916859067489999688e+02
-5.998049061110000366e+02
-5.996709001829999579e+02
-5.946763144850000344e+02
-6.018101515700000164e+02
-6.019239758950000123e+02
-5.992282543049999504e+02
-5.994286788849999539e+02
-6.008706914130000314e+02
-5.950784813120000081e+02
-5.989207132220000176e+02
-5.921606247500000109e+02
-5.991111815689999958e+02
-5.995071064459999661e+02
-5.990930541200000334e+02
-6.067286197270000230e+02
-5.985257526460000008e+02
-5.929570414629999959e+02
-5.901803974230000449e+02
-6.041075027739999541e+02
-5.959169002879999653e+02
-5.884635036460000492e+02
-5.961179430299999922e+02
-5.991549632950000159e+02
-6.014952620029999935e+02
-5.932236267189999808e+02
-5.874892068489999701e+02
-5.942140798970000333e+02
-5.992081767189999937e+02
-5.907509483999999702e+02
-6.001198472539999784e+02
-5.913441462869999441e+02
-6.005741437799999858e+02
-5.955436269450000282e+02
-5.989049599979999812e+02
-5.935502875309999808e+02
-5.966756986780000034e+02
-5.982487640279999823e+02
-6.032581303419999585e+02
-5.950172880600000553e+02
-5.960864700749999656e+02
-5.990036640499999976e+02
-5.982505806179999581e+02
-6.042532021719999875e+02
-5.985283339449999858e+02
-6.025384938959999772e+02
-6.009254225009999573e+02
-5.893325390359999574e+02
-6.011502761809999811e+02
-6.008050429119999762e+02
-5.909702721630000042e+02
-5.937515892420000228e+02
-5.851087635379999483e+02
-5.854059908680000035e+02
-5.881616947469999559e+02
-5.979703958589999502e+02
-5.907059298200000512e+02
-5.864767024870000114e+02
-6.014646837080000523e+02
-5.911892616320000116e+02
-6.007980946699999549e+02
-5.904913843760000418e+02
-5.934608952759999738e+02
-6.012961790919999885e+02
-5.983911309119999942e+02
-5.960289342639999859e+02
-5.959406465450000496e+02
-5.938455459130000236e+02
-5.984852772399999594e+02
-5.817049859979999837e+02
-5.886964001070000450e+02
-6.028648588099999870e+02
-5.950790963270000020e+02
-6.028811796129999721e+02
-5.921445856440000171e+02
-5.959712845400000560e+02
-5.890733695190000390e+02
-6.010991457589999527e+02
-5.947350275700000566e+02
-5.990603262990000530e+02
-5.908451904859999786e+02
-5.841826131510000550e+02
-5.863993505849999792e+02
-5.795593576060000487e+02
-5.956224225319999732e+02
-5.843199524729999439e+02
-6.010785110809999878e+02
-6.033290244109999776e+02
-5.918807026340000448e+02
-6.017761072450000484e+02
-6.018821835689999489e+02
-5.963822491250000439e+02
-5.975365533460000051e+02
-5.942145043399999622e+02
-6.002135665230000541e+02
-5.919363973870000564e+02
-5.970915752839999868e+02
-5.915293484400000352e+02
-5.973195672580000064e+02
-5.993278972189999649e+02
-5.966065776450000158e+02
-5.984305925500000285e+02
-6.001577922249999801e+02
-6.031369836569999734e+02
-6.056317086899999822e+02
-6.025028909430000112e+02
-5.875194991649999565e+02
-5.957213122069999827e+02
-5.816172017779999805e+02
-5.908980064300000095e+02
-5.922091355009999916e+02
-5.984207686570000533e+02
-5.899594983739999634e+02
-5.990589785839999877e+02
-5.986938221079999494e+02
-5.954207917549999820e+02
-6.053222868369999787e+02
-6.055753370099999984e+02
-5.898740600630000017e+02
-5.971559504250000145e+02
-6.030373639330000515e+02
-5.996906746060000160e+02
-5.876727009799999450e+02
-5.990435284100000217e+02
-6.022459109149999676e+02
-5.873642752340000470e+02
-6.020417080239999450e+02
-5.911627885179999566e+02
-5.861573521049999727e+02
-5.976960948339999504e+02
-5.810036095949999435e+02
-5.860935950179999736e+02
-5.951968232450000187e+02
-5.913428841219999867e+02
-5.910894401069999731e+02
-6.023233251980000205e+02
-5.918109812029999830e+02
-6.030968794640000397e+02
-5.949186342689999947e+02
-5.981221678319999455e+02
-5.942856305349999957e+02
-5.983484459310000148e+02
-6.035192664820000346e+02
-5.992684136340000123e+02
-6.041381270040000118e+02
-5.961096166590000394e+02
-5.938841888179999842e+02
-5.889317647010000201e+02
-5.907135211180000169e+02
-6.053443834089999882e+02
-6.010967881279999574e+02
-6.044821695570000202e+02
-5.928967087779999474e+02
-5.844421101870000257e+02
-5.781683851249999861e+02
-5.946395232879999639e+02
-6.021142832250000083e+02
-6.009410474960000101e+02
-5.984572292509999443e+02
-5.865474364210000431e+02
-5.980422890879999613e+02
-5.996148449659999642e+02
-5.968019632909999928e+02
-5.969451685049999696e+02
-5.944955030200000010e+02
-6.056886350559999528e+02
-5.931787806410000030e+02
-5.990967622419999543e+02
-5.961018268059999627e+02
-5.967593302899999799e+02
-6.007333111970000346e+02
-6.012901739919999500e+02
-5.933747913229999540e+02
-6.003594211399999949e+02
-5.989147262010000077e+02
-5.811233915220000199e+02
-5.935463939730000220e+02
-5.893420778890000520e+02
-6.025043218949999755e+02
-5.924192890880000277e+02
-5.958441625389999672e+02
-5.940950241949999509e+02
-5.933164693689999467e+02
-5.994950556320000032e+02
-6.027311204239999824e+02
-5.933896216760000470e+02
-5.850337774050000235e+02
-5.949344938899999988e+02
-5.951357833790000313e+02
-6.012354485390000036e+02
-5.863553718540000546e+02
-5.895867785960000447e+02
-5.874273744040000338e+02
-5.961909164009999813e+02
-5.964345019800000500e+02
-5.933651565149999669e+02
-5.900041394849999961e+02
-5.997707562260000032e+02
-5.938672189400000434e+02
-5.853260115580000047e+02
-5.903546406379999780e+02
-5.941184924479999836e+02
-5.871608107329999484e+02
-6.012089184709999472e+02
-6.055027908580000258e+02
-6.022410052650000125e+02
-5.979951659099999688e+02
-6.013011804880000000e+02
-5.994476279550000299e+02
-6.050349257980000175e+02
-5.977025376799999776e+02
-6.046673505439999872e+02
-5.970891258950000520e+02
-5.967563534150000351e+02
-5.746719233090000216e+02
-5.905577246670000022e+02
-5.932383110309999665e+02
-6.036515048659999820e+02
-5.837044823500000348e+02
-5.900034045690000539e+02
-5.916972735260000036e+02
-5.935960252869999749e+02
-5.992955385300000444e+02
-5.901723591060000444e+02
-5.903641180009999516e+02
-5.929590040760000420e+02
-5.865269693970000162e+02
-6.022652916810000079e+02
-5.910261122409999643e+02
-5.987782728299999917e+02
-5.974494064489999801e+02
-6.017485105340000473e+02
-5.983259386549999590e+02
-6.003615334930000245e+02
-6.019562249389999806e+02
-6.048726729669999713e+02
-5.855627825540000231e+02
-5.981547735090000515e+02
-5.977186016949999612e+02
-5.966941034290000516e+02
-5.956936733180000374e+02
-5.803375722580000229e+02
-5.982649060789999567e+02
-5.903128587810000454e+02
-5.890618556580000131e+02
-5.963819778839999799e+02
-5.925221548509999820e+02
-5.942584927310000467e+02
-5.950937499880000132e+02
-6.054403332719999753e+02
-5.968039232070000253e+02
-6.017953473100000110e+02
-6.015604976250000391e+02
-5.906255199119999588e+02
-5.955081744599999638e+02
-6.028347061179999855e+02
-6.038855969429999959e+02
-6.021750156599999855e+02
-6.005291929329999903e+02
-6.027374415159999899e+02
-5.983615275720000000e+02
-5.960599485679999816e+02
-5.987058787239999447e+02
-5.905395049039999549e+02
-5.910468960230000448e+02
-5.965294559440000057e+02
-5.927654242779999549e+02
-5.904817816979999634e+02
-5.935158985110000458e+02
-6.015839183699999921e+02
-5.962450372649999508e+02
-5.923158002180000494e+02
-5.940607204130000127e+02
-6.001836456470000485e+02
-5.962652091830000245e+02
-6.036237842900000032e+02
-5.994544383370000560e+02
-6.025036848720000080e+02
-5.930088100420000501e+02
-5.664508481179999535e+02
-5.951028704789999892e+02
-6.015688929499999631e+02
-6.012245440179999605e+02
-5.963193815009999526e+02
-5.929611183739999660e+02
-5.955750497239999959e+02
-5.995420127090000051e+02
-5.815392762180000545e+02
-5.940286158520000299e+02
-6.014281620740000562e+02
-5.988541095929999756e+02
-6.016030935689999524e+02
-5.989165364970000383e+02
-6.004765577739999571e+02
-5.952873065049999468e+02
-5.981804579319999675e+02
-6.003294745939999757e+02
-5.905917378210000379e+02
-6.037591975059999641e+02
-6.051648170160000291e+02
-6.004322382420000395e+02
-6.001671188679999887e+02
-5.955632073189999574e+02
-5.952326268929999742e+02
-5.907950549350000529e+02
-5.956386657230000310e+02
-5.984983304710000311e+02
-6.073063168180000275e+02
-5.947418762360000528e+02
-5.928236056240000380e+02
-6.075457745989999694e+02
-5.997139498379999623e+02
-5.999572793569999476e+02
-6.002501199380000116e+02
-5.983850277149999783e+02
-6.042272694099999626e+02
-5.986689464370000451e+02
-6.026696411179999586e+02
-5.847586754689999680e+02
-5.985651780660000441e+02
-6.005827138009999544e+02
-6.001976037800000086e+02
-5.907558782920000340e+02
-5.806345607529999597e+02
-5.925209861370000226e+02
-5.974212443190000386e+02
-5.884744350050000321e+02
-6.002767095479999853e+02
-5.986244124050000437e+02
-5.791574238240000341e+02
-5.923460924500000147e+02
-5.872672377149999647e+02
-5.924387472079999952e+02
-5.931311164329999883e+02
-5.946058117420000144e+02
-5.912674534290000565e+02
-5.988992095080000126e+02
-5.827904889769999954e+02
-5.913784441029999925e+02
-5.962899715580000475e+02
-5.975211013000000548e+02
-5.918149072219999880e+02
-6.003436690439999666e+02
-5.977458615970000437e+02
-5.875881678890000330e+02
-5.941770614670000441e+02
-5.831836921149999853e+02
-6.042082759429999896e+02
-5.978795511499999975e+02
-5.984375196050000341e+02
-5.990274896570000465e+02
-5.842420680699999593e+02
-5.886247815360000004e+02
-5.989761027350000404e+02
-5.996043371680000291e+02
-6.000314855579999858e+02
-5.947542013659999611e+02
-5.953049383789999638e+02
-6.001383594659999972e+02
-6.018442918279999958e+02
-5.891874810719999687e+02
-5.990660950510000475e+02
-5.947143661110000039e+02
-5.968079851830000280e+02
-5.878962358830000312e+02
-5.931651231450000523e+02
-5.888479756179999640e+02
-5.916613576129999501e+02
-5.805724962130000222e+02
-5.999716342699999814e+02
-5.916063867809999692e+02
-6.005116015889999517e+02
-5.934446183420000125e+02
-5.971666885390000061e+02
-5.982981188940000266e+02
-5.979877881260000549e+02
-6.038491871969999920e+02
-5.960300190909999856e+02
-6.018507123089999595e+02
-6.042150464459999739e+02
-5.980683126369999627e+02
-5.902066968740000448e+02
-5.968551255580000543e+02
-6.005728078930000038e+02
-5.993101331420000406e+02
-6.021133131909999747e+02
-5.974417571809999572e+02
-5.942373562589999665e+02
-5.955300241730000153e+02
-5.884852139890000444e+02
-5.959847593270000061e+02
-5.789776228690000153e+02
-5.985074801749999551e+02
-5.924732894589999432e+02
-5.999046997570000030e+02
-6.016560686279999572e+02
-5.997341841060000434e+02
-5.936174033449999570e+02
-5.980272768790000555e+02
-5.933529961880000201e+02
-6.015184129379999831e+02
-5.991541641549999895e+02
-5.947928417990000298e+02
-6.031514018630000464e+02
-5.882074949760000209e+02
-5.897892792679999729e+02
-6.012798305869999922e+02
-6.004065110909999703e+02
-6.001893533039999511e+02
-5.974864002980000350e+02
-5.793971793609999850e+02
-5.968385889649999854e+02
-6.044491498789999468e+02
-5.813601435629999514e+02
-5.899585780769999701e+02
-5.934442586500000516e+02
-5.893133007129999896e+02
-5.950717256130000123e+02
-5.960816840359999560e+02
-5.918020743910000192e+02
-5.794308463900000561e+02
-5.987091121019999491e+02
-5.888250025959999903e+02
-5.970274589529999503e+02
-5.952918367949999947e+02
-6.029134401740000158e+02
-6.015521593810000240e+02
-5.873642780349999839e+02
-6.037790785229999528e+02
-5.993657303410000168e+02
-5.936445666419999725e+02
-5.952627607509999734e+02
-5.987393514899999900e+02
-5.976149789559999590e+02
-5.908649747870000510e+02
-5.865054921710000144e+02
-5.999109467939999831e+02
-5.985916721969999799e+02
-5.855533343600000080e+02
-6.028526926790000289e+02
-5.981528274300000021e+02
-6.032463507590000518e+02
-5.987750048660000175e+02
-6.010919318879999764e+02
-5.955382019019999689e+02
-5.945311234609999929e+02
-5.915759478190000209e+02
-5.866143864719999783e+02
-5.976273871910000253e+02
-6.041045454490000566e+02
-5.790729934299999968e+02
-5.915924650169999950e+02
-5.999197430570000051e+02
-6.027856902749999790e+02
-5.861488835390000531e+02
-5.777172584879999704e+02
-5.919654577960000097e+02
-5.957115971959999570e+02
-5.941235411740000245e+02
-5.827847485999999435e+02
-5.992837393769999608e+02
-5.759695210800000496e+02
-6.008042933790000006e+02
-5.927044821619999766e+02
-5.788372927079999499e+02
-5.884262761459999638e+02
-5.984071997180000153e+02
-6.012480494110000109e+02
-6.018704653390000203e+02
-5.950878960420000112e+02
-5.990373304710000184e+02
-5.981300235620000194e+02
-5.906586475459999974e+02
-6.000401369139999588e+02
-5.995107069709999905e+02
-5.896752135809999800e+02
-5.896276902209999662e+02
-5.943467698580000160e+02
-5.937349662699999726e+02
-5.951894729209999468e+02
-5.920290703220000523e+02
-5.895105903859999898e+02
-5.922995445840000457e+02
-5.942406739220000418e+02
-5.977648233539999865e+02
-5.909061518720000095e+02
-5.762265590550000525e+02
-5.957406062640000073e+02
-6.018462011039999879e+02
-5.977263177050000422e+02
-6.031790036459999556e+02
-5.878215826849999530e+02
-5.923571567980000054e+02
-5.952726143459999548e+02
-5.989074067970000215e+02
-6.020114587369999981e+02
-5.909414582639999480e+02
-5.987468262510000159e+02
-5.905638665530000253e+02
-5.983718754520000402e+02
-5.983292827750000242e+02
-5.982677790129999948e+02
-5.969729973199999904e+02
-5.823526538009999740e+02
-5.962119367279999551e+02
-5.907928985680000551e+02
-5.947155893640000386e+02
-5.962494151600000123e+02
-5.986047530670000469e+02
-5.897027894520000473e+02
-5.886252740009999798e+02
-5.854309421460000067e+02
-5.908109904020000158e+02
-5.858956924789999903e+02
-5.955560732279999456e+02
-5.959540535979999731e+02
-6.022534403299999894e+02
-5.945644425350000120e+02
-5.987025290389999554e+02
-6.040023181789999853e+02
-5.960933115220000218e+02
-6.003632221289999507e+02
-5.834502236649999531e+02
-6.046647262550000050e+02
-6.039755641089999472e+02
-5.961478283530000226e+02
-5.959505774750000455e+02
-5.989810603710000123e+02
-5.892735116119999930e+02
-5.815774413100000402e+02
-5.833940012790000083e+02
-5.943353403989999606e+02
-5.975868838420000202e+02
-5.996792928800000482e+02
-5.745445032280000532e+02
-5.922194891210000378e+02
-5.967571017090000396e+02
-5.941307015090000050e+02
-5.962381563479999613e+02
-5.983114203489999454e+02
-5.895157583120000027e+02
-5.927288481619999629e+02
-6.030010699650000561e+02
-5.943552961249999953e+02
-6.023582435130000476e+02
-5.905406915569999455e+02
-5.962162708170000087e+02
-5.959414488180000262e+02
-5.943730801269999802e+02
-5.907618613130000540e+02
-5.974966616860000386e+02
-5.931821259030000419e+02
-6.021162297030000445e+02
-5.920935518479999473e+02
-5.935316898739999942e+02
-5.685505199059999768e+02
-5.881783462180000015e+02
-6.008068010649999451e+02
-5.920092342189999499e+02
-5.867172933000000512e+02
-6.005695061960000203e+02
-5.929826374790000045e+02
-5.868548368489999802e+02
-5.956494800340000211e+02
-6.004541642630000524e+02
-6.040062914180000462e+02
-6.027804649629999858e+02
-6.030912976939999908e+02
-5.940555744490000052e+02
-5.961880440019999696e+02
-5.927278397649999988e+02
-5.956665771450000193e+02
-5.935001851990000432e+02
-5.922150306160000355e+02
-5.838565724669999781e+02
-5.913675095940000119e+02
-5.977701770600000373e+02
-5.920616218520000302e+02
-5.861974023630000374e+02
-5.970934025310000379e+02
-6.008211369900000136e+02
-6.004350271399999883e+02
-5.945079207830000314e+02
-5.909928956479999442e+02
-5.903465010319999919e+02
-5.954061269009999933e+02
-5.949810572500000490e+02
-6.028609445829999913e+02
-5.930841190930000266e+02
-5.941356938049999599e+02
-6.040362879100000555e+02
-5.995001589419999846e+02
-5.980187992209999948e+02
-6.049585225380000111e+02
-5.950237217349999810e+02
-6.007269459000000325e+02
-5.952422839340000564e+02
-5.875159533580000470e+02
-5.848070043950000354e+02
-5.896209807530000262e+02
-5.873840408999999454e+02
-5.985656457720000390e+02
-5.970218583250000393e+02
-5.912546070289999989e+02
-5.884381617520000418e+02
-5.922839531109999598e+02
-6.044519945389999975e+02
-5.875940380839999762e+02
-6.016641047929999786e+02
-5.990819312749999881e+02
-6.003020798469999590e+02
-5.915816400119999798e+02
-5.879293537400000105e+02
-5.995598502520000466e+02
-5.861208492399999841e+02
-6.053593007299999726e+02
-6.043120919110000386e+02
-5.942273144560000446e+02
-5.871152834199999688e+02
-5.966271861129999934e+02
-5.995000510449999638e+02
-5.921111814250000407e+02
-5.971014967329999763e+02
-6.026590687090000529e+02
-5.941584899590000077e+02
-5.888543888689999903e+02
-5.848846764979999762e+02
-5.949009938240000110e+02
-5.802789590370000496e+02
-5.818824274549999700e+02
-5.874669993530000056e+02
-5.905234014520000301e+02
-5.947345947390000447e+02
-6.001057707270000492e+02
-6.034974478340000132e+02
-5.889141958489999524e+02
-5.957651119839999865e+02
-5.955650740280000264e+02
-5.974617956969999568e+02
-5.838199483030000465e+02
-6.007656271570000399e+02
-5.923431127119999928e+02
-5.959637493850000283e+02
-6.038983040320000555e+02
-5.950514339669999799e+02
-6.041678613190000533e+02
-6.016967524899999944e+02
-5.972881413490000568e+02
-5.970105013989999634e+02
-6.036165771759999643e+02
-6.030881729929999437e+02
-6.006666615550000188e+02
-6.002076322750000372e+02
-5.935854902940000102e+02
-5.900378725609999719e+02
-6.006115263039999945e+02
-6.000503835939999817e+02
-6.042207884550000472e+02
-5.636403687729999774e+02
-6.011206760620000296e+02
-5.953175842550000425e+02
-6.015775162139999566e+02
-6.034070827049999934e+02
-5.867117962730000045e+02
-5.982306373019999910e+02
-5.800334459670000342e+02
-6.005096976969999787e+02
-5.944528943499999514e+02
-5.914376816080000481e+02
-5.913017876479999586e+02
-5.801700035740000203e+02
-5.875116957430000184e+02
-5.945359298670000499e+02
-5.964284236620000001e+02
-6.005392958759999829e+02
-5.971160202040000513e+02
-5.868992207380000536e+02
-5.860143260639999880e+02
-6.027339866429999802e+02
-5.974973093739999968e+02
-5.943461434329999520e+02
-5.917845349770000212e+02
-5.970711748689999467e+02
-5.944508386390000396e+02
-5.964568453399999726e+02
-5.918550115230000301e+02
-6.034687015800000154e+02
-6.029409273210000038e+02
-6.030044132829999626e+02
-5.997996570320000274e+02
-5.887033719629999950e+02
-5.963574525880000010e+02
-5.937716292640000120e+02
-5.987049844880000364e+02
-5.863358139599999959e+02
-5.786091060170000446e+02
-5.959229413059999843e+02
-5.997739798920000567e+02
-6.035492751530000533e+02
-5.902259983579999698e+02
-5.963856156479999981e+02
-5.814765639710000187e+02
-5.961829811979999931e+02
-5.988666435290000436e+02
-5.996461613809999562e+02
-5.989904740189999757e+02
-5.867845517480000126e+02
-5.896516482639999595e+02
-5.993969676970000364e+02
-5.987731910999999627e+02
-5.806077878969999801e+02
-5.940724302359999456e+02
-5.955315313930000229e+02
-5.873371750740000152e+02
-5.935646934259999625e+02
-6.039913737099999480e+02
-5.717651089710000178e+02
-6.031955714120000493e+02
-6.020193902439999647e+02
-5.958994029819999696e+02
-5.959427399600000399e+02
-5.997290088160000323e+02
-6.005292563850000533e+02
-5.893622692469999720e+02
-6.008452734180000334e+02
-6.029517562250000537e+02
-6.065557041089999757e+02
-5.946183753410000463e+02
-5.967132294819999743e+02
-5.928894348369999534e+02
-5.962709981250000055e+02
-5.988794879119999450e+02
-6.007023339349999560e+02
-5.997428593580000324e+02
-5.869756615720000354e+02
-5.911883471359999476e+02
-6.006908204820000492e+02
-5.943720816969999987e+02
-5.969175928170000134e+02
-5.987405086679999613e+02
-5.967776760430000422e+02
-5.906951625530000456e+02
-5.977249772999999777e+02
-5.891208155399999669e+02
-6.016490572139999813e+02
-5.999446979419999479e+02
-5.997352798489999941e+02
-5.954600235259999863e+02
-6.028783101379999607e+02
-5.955706625880000047e+02
-5.911438768350000146e+02
-5.840997638789999655e+02
-5.954338358070000368e+02
-5.912939599759999965e+02
-5.881743780199999492e+02
-5.989529052679999950e+02
-5.994157804440000064e+02
-5.949971813939999947e+02
-5.926157453130000476e+02
-6.033030790039999829e+02
-5.978946710400000484e+02
-6.026129927969999471e+02
-5.960857500690000279e+02
-6.000466443520000439e+02
-6.017036814629999526e+02
-6.002277656290000323e+02
-5.904938014309999517e+02
-5.770117517510000198e+02
-5.979064794079999956e+02
-5.858868890019999753e+02
-6.045863353460000553e+02
-5.957637522769999805e+02
-5.837112292010000374e+02
-6.002365733330000239e+02
-5.946870608990000164e+02
-5.922254104580000558e+02
-5.989307931079999889e+02
-6.006803773780000029e+02
-5.865921859549999908e+02
-5.927898590710000235e+02
-5.889403209810000135e+02
-5.891559830840000132e+02
-5.968541676869999719e+02
-6.006540125559999979e+02
-5.794339939290000530e+02
-5.980674854950000281e+02
-5.949804588419999618e+02
-5.864905395839999755e+02
-5.932883166059999667e+02
-5.996831082229999765e+02
-5.977203591579999511e+02
-5.984320062570000118e+02
-5.788979442749999862e+02
-5.720892989740000303e+02
-5.933276610059999712e+02
-6.020328546250000272e+02
-5.951040073479999819e+02
-6.016137090390000139e+02
-5.953843544369999563e+02
-5.973334424350000518e+02
-5.924411745510000173e+02
-5.959761504900000091e+02
-5.876991338340000084e+02
-5.958561100990000341e+02
-5.911081272930000523e+02
-5.765897041609999860e+02
-5.889598154369999747e+02
-5.819668632100000423e+02
-5.852398099140000340e+02
-5.873642416569999796e+02
-5.999631261289999884e+02
-5.961997990439999739e+02
-5.934260583129999986e+02
-5.976490609149999500e+02
-6.006866128010000239e+02
-5.907257287690000567e+02
-5.968279767650000167e+02
-5.943781274010000288e+02
-5.789121563910000532e+02
-5.999806491929999765e+02
-5.857577770679999958e+02
-6.032696496209999850e+02
-5.957368084879999515e+02
-5.970338187419999940e+02
-6.014802269660000320e+02
-6.052036987000000181e+02
-5.961281024720000232e+02
-5.864127529950000053e+02
-5.907203472139999576e+02
-5.981668860700000323e+02
-5.920169459390000384e+02
-5.892023575189999747e+02
-5.989833010669999567e+02
-5.975213638720000517e+02
-6.014478134839999939e+02
-5.961303201099999569e+02
-6.027059453609999764e+02
-5.964615365529999735e+02
-5.876215341089999811e+02
-5.895962916080000014e+02
-5.944575495420000379e+02
-5.898575367380000216e+02
-5.946652578680000261e+02
-5.940711540339999601e+02
-5.983275665339999705e+02
-5.900907526949999919e+02
-5.921964058840000007e+02
-6.030256054899999754e+02
-5.965384427620000451e+02
-5.938903514280000309e+02
-5.884750412109999615e+02
-5.947072220920000518e+02
-5.950626977970000553e+02
-5.920368563439999434e+02
-5.928532158059999801e+02
-5.914325594470000169e+02
-5.968536260070000026e+02
-6.018509616879999840e+02
-6.031221031060000541e+02
-6.016097051489999785e+02
-5.889205767939999987e+02
-5.936990426019999632e+02
-5.898725415750000138e+02
-5.941777032149999513e+02
-5.954388684990000229e+02
-6.023613544700000375e+02
-5.973039222139999538e+02
-5.995939962630000082e+02
-5.943432442219999530e+02
-5.959797716680000121e+02
-5.975854494049999630e+02
-5.940862327390000246e+02
-6.027855357759999606e+02
-6.009384969440000077e+02
-5.860911015049999833e+02
-5.985080778909999708e+02
-5.972369094580000137e+02
-6.023233682379999436e+02
-5.916864350939999895e+02
-6.035517588730000398e+02
-5.998673506740000221e+02
-5.911390449530000524e+02
-5.934615491570000358e+02
-5.956411466409999775e+02
-5.974213314590000437e+02
-5.882342441490000056e+02
-5.981381603129999576e+02
-6.046114135340000075e+02
-6.028777766130000373e+02
-5.960391054240000130e+02
-5.903864021110000522e+02
-5.993030675830000291e+02
-6.004552953200000047e+02
-5.983459980469999664e+02
-5.962713049540000156e+02
-5.994338321339999993e+02
-5.996577151120000053e+02
-5.943933153259999926e+02
-5.991491556390000142e+02
-5.993510268490000499e+02
-6.012606230760000017e+02
-5.995576577880000286e+02
-5.992389391809999779e+02
-6.003806363290000263e+02
-5.948497300230000064e+02
-5.899136075469999696e+02
-5.950471565330000203e+02
-5.920541573570000082e+02
-5.873224373960000548e+02
-5.975984905159999698e+02
-6.025163173189999952e+02
-5.981359998430000360e+02
-5.991470054320000145e+02
-5.907280297219999738e+02
-6.006722550079999792e+02
-6.000602896289999535e+02
-6.033330636240000331e+02
-6.041522952149999810e+02
-5.972175921049999943e+02
-5.933731190009999636e+02
-5.845543634819999852e+02
-5.943416704630000140e+02
-5.963006756749999795e+02
-5.864664592689999836e+02
-5.993714783709999665e+02
-5.986906574519999822e+02
-5.964912824189999583e+02
-5.942635002690000192e+02
-6.038431615370000145e+02
-5.899501957349999657e+02
-5.814529104770000458e+02
-5.824465827520000403e+02
-5.865127403129999948e+02
-5.944663166059999639e+02
-6.020286330899999712e+02
-5.922720756319999964e+02
-5.960465563129999964e+02
-6.001608642940000209e+02
-5.964595990640000309e+02
-5.988639885070000446e+02
-5.811415073429999438e+02
-5.758371837800000321e+02
-5.831513231860000133e+02
-5.879560525749999442e+02
-5.942807740980000517e+02
-5.986230006490000051e+02
-5.980751305920000505e+02
-5.919344602439999790e+02
-6.013519866650000267e+02
-6.005048740820000148e+02
-5.991045699320000040e+02
-5.993010053519999474e+02
-5.950782459710000012e+02
-5.984394815000000563e+02
-5.795236483090000092e+02
-5.938487729879999506e+02
-5.984471895579999909e+02
-5.973919843740000033e+02
-5.958511014519999662e+02
-6.045076481419999936e+02
-5.958726405370000521e+02
-5.938654633520000061e+02
-6.007472898060000261e+02
-6.007196023850000302e+02
-5.843154674549999754e+02
-6.000652023400000417e+02
-5.948057830819999481e+02
-6.001857711549999976e+02
-5.948613248929999600e+02
-5.949622056470000189e+02
-6.031187718920000407e+02
-5.921901258850000431e+02
-6.012635601670000369e+02
-5.947704375609999943e+02
-5.995192689169999767e+02
-6.000624164309999742e+02
-5.961416797739999538e+02
-5.966336102679999840e+02
-5.919837426819999564e+02
-5.872703114949999872e+02
-5.909900910410000279e+02
-6.026825922230000288e+02
-6.011507088070000009e+02
-5.830110928489999651e+02
-6.010633222489999525e+02
-5.964460553909999589e+02
-6.032284703059999629e+02
-5.929304889410000214e+02
-6.007173277260000077e+02
-5.933029189520000273e+02
-5.877843758220000154e+02
-5.959255117530000234e+02
-5.919390342230000215e+02
-5.906183254889999716e+02
-5.978978213210000376e+02
-5.916871115149999696e+02
-5.975956806289999577e+02
-6.056527816660000099e+02
-6.006833987490000482e+02
-6.003929158969999662e+02
-5.959015403879999440e+02
-5.946889763719999564e+02
-5.907080436149999514e+02
-5.949442686439999761e+02
-5.916286589840000261e+02
-5.992748383509999712e+02
-5.842824167080000279e+02
-5.976105715439999813e+02
-5.960723041590000548e+02
-5.889009096040000486e+02
-5.908899907429999985e+02
-5.813260722559999749e+02
-5.901039531659999966e+02
-5.885109082239999907e+02
-5.987819576839999627e+02
-5.974808063069999662e+02
-5.924484167699999944e+02
-5.979834316420000278e+02
-5.988634052690000544e+02
-6.017479874409999638e+02
-5.848761855559999958e+02
-6.014725532280000380e+02
-5.900033317349999606e+02
-5.836584252620000370e+02
-6.030011465019999832e+02
-6.008849734330000274e+02
-5.869999529640000446e+02
-5.932436262180000313e+02
-6.031600173220000443e+02
-5.934422935559999814e+02
-6.024333203850000018e+02
-6.027691685409999991e+02
-5.999513962339999580e+02
-5.919756145320000087e+02
-5.986392968420000216e+02
-5.987808578179999586e+02
-5.917579060570000138e+02
-6.004858964039999591e+02
-6.004228672220000362e+02
-5.976366474290000497e+02
-5.820786697339999591e+02
-5.800115127990000019e+02
-5.942640754269999661e+02
-5.873729188869999689e+02
-5.913583071450000261e+02
-5.899841865030000463e+02
-5.826406581969999934e+02
-5.850311588529999653e+02
-6.001984012420000454e+02
-5.959514000589999796e+02
-6.032346429039999975e+02
-5.969169759789999716e+02
-5.994636725679999927e+02
-5.848151580009999861e+02
-5.939393244269999741e+02
-5.996765224350000381e+02
-5.981456418880000001e+02
-5.958380609460000414e+02
-5.944570051240000339e+02
-5.924521030700000210e+02
-6.022073814530000391e+02
-5.872636023479999494e+02
-6.019087901569999985e+02
-5.845838453449999861e+02
-5.868432165640000449e+02
-5.949576886300000069e+02
-5.952035589869999512e+02
-5.979264913050000132e+02
-5.935372711119999849e+02
-5.965884345450000410e+02
-5.882742569990000447e+02
-5.897357926280000129e+02
-5.917395067630000085e+02
-5.940082474570000386e+02
-5.944625125249999655e+02
-5.870623455370000556e+02
-6.042314732150000509e+02
-5.993125505699999849e+02
-5.895290343750000375e+02
-5.982173688230000153e+02
-5.903977881839999782e+02
-6.019061345170000550e+02
-6.020411096510000561e+02
-6.049645463509999672e+02
-5.948636475429999564e+02
-5.984425962399999435e+02
-6.017424057150000181e+02
-6.002693720559999520e+02
-5.953124503929999491e+02
-5.978376099020000538e+02
-5.961001797090000309e+02
-6.003506501670000262e+02
-5.960246757249999519e+02
-5.960810054040000523e+02
-6.005462304379999523e+02
-5.934491244219999544e+02
-5.986430198409999548e+02
-6.003057134089999636e+02
-5.983118659399999615e+02
-6.002268655410000520e+02
-5.955927265010000156e+02
-6.024365258889999950e+02
-6.000651749769999697e+02
-6.010736787859999595e+02
-5.961200572410000404e+02
-6.022430159949999506e+02
-5.911150455030000330e+02
-5.945902161179999439e+02
-5.821168130190000056e+02
-5.988642720459999964e+02
-5.948316379770000140e+02
-5.973504061290000209e+02
-5.982734913790000064e+02
-5.887206398109999554e+02
-5.993560759920000010e+02
-6.010260406209999928e+02
-5.997169543339999791e+02
-5.821724221919999991e+02
-5.977083298569999670e+02
-5.905286693670000204e+02
-5.899759134900000390e+02
-5.919199657950000528e+02
-5.970744607499999574e+02
-6.013161936520000381e+02
-6.004703256279999550e+02
-6.013976577350000525e+02
-6.016179408120000289e+02
-5.902098461340000313e+02
-5.859799266909999460e+02
-5.983927456359999724e+02
-5.968089201669999966e+02
-5.941425363240000479e+02
-5.912782708160000311e+02
-5.922511544929999445e+02
-5.905115987970000333e+02
-5.947881916940000337e+02
-5.833708250670000552e+02
-5.932907577580000407e+02
-6.029234868519999964e+02
-6.036941536199999518e+02
-5.981872897370000146e+02
-5.938684523690000105e+02
-5.924977188819999583e+02
-5.868551331610000261e+02
-5.827556134989999919e+02
-5.678587647870000410e+02
-5.978042319789999510e+02
-6.037359973500000478e+02
-5.950328768389999823e+02
-5.931886088229999814e+02
-6.026494291660000044e+02
-5.952818968630000427e+02
-5.930928642210000135e+02
-5.928911918530000094e+02
-5.637717492640000501e+02
-5.942306117089999589e+02
-5.828523639170000479e+02
-5.931655223669999941e+02
-5.979194122059999472e+02
-5.935600332029999890e+02
-5.993706016029999546e+02
-5.981241606659999661e+02
-5.940944630909999660e+02
-5.983541624900000215e+02
-6.005783509670000058e+02
-6.018850089490000528e+02
-5.926307209630000443e+02
-6.015549267940000391e+02
-5.968874466009999651e+02
-5.771156610020000244e+02
-6.032421919790000402e+02
-6.018219552159999921e+02
-6.022812060359999577e+02
-5.916017182750000529e+02
-5.714749154150000550e+02
-5.822921680470000183e+02
-5.900378035520000140e+02
-5.971969838930000378e+02
-6.010193315100000291e+02
-5.996847857369999701e+02
-6.006162176399999453e+02
-6.013983478540000078e+02
-5.929772634360000438e+02
-5.953647581699999591e+02
-5.976384476380000024e+02
-5.904350477919999776e+02
-5.886930497600000081e+02
-6.003811875269999518e+02
-5.932686620230000472e+02
-6.045712440810000317e+02
-5.961929836760000398e+02
-5.996327247719999605e+02
-5.987584767800000236e+02
-5.853430113340000389e+02
-5.845545254290000230e+02
-5.880518113729999641e+02
-5.994121889599999804e+02
-5.713261649449999595e+02
-5.925085639239999864e+02
-5.841587796879999814e+02
-5.992711075309999842e+02
-5.949669462990000284e+02
-5.976231407970000191e+02
-5.859201790949999804e+02
-5.993674483889999465e+02
-5.916001032840000562e+02
-5.859233080100000279e+02
-6.043301283030000377e+02
-5.961313584529999616e+02
-5.969460320800000090e+02
-6.017141489099999490e+02
-6.040430745510000179e+02
-5.997406433150000566e+02
-6.009961498730000358e+02
-6.005066081859999940e+02
-5.924557078000000274e+02
-5.971427286929999809e+02
-5.909839631349999536e+02
-5.988815109610000036e+02
-5.935982451039999432e+02
-5.899753819860000021e+02
-6.028315363960000468e+02
-6.016738132519999454e+02
-5.800501069319999488e+02
-5.973264872629999900e+02
-5.945586236310000459e+02
-5.915029669179999701e+02
-5.934361522460000060e+02
-5.909941689419999875e+02
-5.870414310649999834e+02
-5.923248688260000563e+02
-6.004506904849999955e+02
-5.967746371069999896e+02
-5.939832427779999762e+02
-5.985711039069999515e+02
-5.918291008769999735e+02
-6.039540371819999791e+02
-6.011961791459999631e+02
-5.972211154399999486e+02
-5.925831397460000289e+02
-5.949319141309999850e+02
-5.928547376049999684e+02
-5.936474722540000357e+02
-5.927191750429999502e+02
-5.952112052859999949e+02
-5.944275048629999674e+02
-5.932966582889999927e+02
-5.970725673050000069e+02
-5.868510201640000332e+02
-5.997688580239999965e+02
-6.005981177260000550e+02
-6.009299616959999639e+02
-5.888573940280000443e+02
-5.915647068360000276e+02
-5.929054339320000508e+02
-5.982276623530000279e+02
-5.947019153290000304e+02
-5.959786461969999891e+02
-6.030893109359999471e+02
-6.003343452010000192e+02
-5.936451871169999777e+02
-6.041231264120000333e+02
-6.032719205350000493e+02
-6.025663216939999529e+02
