-5.573033935160000283e+02
-5.764365584810000200e+02
-5.968304268130000310e+02
-6.015530325040000434e+02
-5.995449475520000533e+02
-5.982973156860000472e+02
-5.999692454529999850e+02
-5.862338645749999841e+02
-5.863454811579999841e+02
-6.016030655270000125e+02
-5.683820542040000419e+02
-5.921597201340000538e+02
-5.919605490300000383e+02
-5.713894453020000128e+02
-5.855097193340000103e+02
-5.724113715439999623e+02
-5.964799665369999957e+02
-5.949844196970000212e+02
-5.962052409130000115e+02
-5.900215474540000287e+02
-6.007767098430000487e+02
-5.926274021210000456e+02
-5.791680287579999913e+02
-5.559746108220000451e+02
-5.794398807620000298e+02
-6.029172270310000386e+02
-5.792952998829999842e+02
-5.941682679389999748e+02
-5.892612570850000111e+02
-5.975308950290000212e+02
-5.859406220539999595e+02
-6.000029395010000144e+02
-6.000842414659999804e+02
-5.971559034110000539e+02
-5.882825882790000378e+02
-5.909839662919999910e+02
-5.927324287620000405e+02
-5.799251432290000139e+02
-5.842143727799999624e+02
-5.861168343570000161e+02
-5.936342848020000247e+02
-5.965683202449999953e+02
-5.911625625760000275e+02
-5.923758831720000444e+02
-5.928859066840000196e+02
-5.835221045480000157e+02
-5.879296572729999752e+02
-5.723136695360000203e+02
-5.995519266149999567e+02
-5.961029365939999707e+02
-5.928085081499999660e+02
-5.826403589799999736e+02
-5.894736468840000043e+02
-5.962211060229999475e+02
-5.860406334379999862e+02
-5.696219925079999484e+02
-5.991900366070000246e+02
-5.940578017699999691e+02
-5.782578129510000053e+02
-5.877020122709999441e+02
-5.765914094859999750e+02
-5.862883355019999954e+02
-5.864610182149999673e+02
-5.893851500060000035e+02
-5.975095057370000404e+02
-5.811144914850000305e+02
-5.782850018560000080e+02
-6.003988033790000145e+02
-5.952681167660000483e+02
-6.014174566069999628e+02
-5.927620748729999605e+02
-5.980838463950000232e+02
-5.960723074559999759e+02
-5.945805189479999626e+02
-5.871606233320000001e+02
-5.750306922380000287e+02
-5.924734760989999813e+02
-5.959927468859999635e+02
-5.965605024259999709e+02
-5.873868235930000310e+02
-5.899636399570000549e+02
-5.944471806389999529e+02
-5.985491683860000194e+02
-5.820422669529999666e+02
-5.936634870770000134e+02
-6.030733751830000529e+02
-5.905795621160000337e+02
-6.000288171490000195e+02
-6.013776045270000168e+02
-5.924373893380000027e+02
-5.879838636729999735e+02
-5.930664977789999739e+02
-5.771657539650000217e+02
-5.854609670739999956e+02
-5.927293524440000283e+02
-5.792580735010000126e+02
-5.912022717529999909e+02
-5.749567970959999457e+02
-5.838391152379999767e+02
-5.789352195169999504e+02
-5.850145885629999611e+02
-5.919987684830000489e+02
-6.022682670020000160e+02
-5.998569101069999761e+02
-6.031818861299999526e+02
-5.936279991269999528e+02
-5.951754284569999527e+02
-5.864101424890000089e+02
-5.820863490259999935e+02
-5.948842672690000200e+02
-5.917975377239999943e+02
-5.906089091180000423e+02
-5.938219678369999883e+02
-5.862000812920000499e+02
-5.929781032780000487e+02
-6.028676417809999748e+02
-6.033693436270000348e+02
-5.984316528570000173e+02
-5.974487553950000347e+02
-5.876686345470000106e+02
-5.784806771480000407e+02
-5.968609588709999798e+02
-5.904979550760000393e+02
-5.757432122440000057e+02
-5.838227975940000078e+02
-6.007557758210000429e+02
-5.887053273809999610e+02
-6.038923269120000441e+02
-5.865547912700000097e+02
-6.006850502879999567e+02
-6.011632211060000373e+02
-5.916047843329999978e+02
-5.976167011510000293e+02
-5.969050402760000225e+02
-5.879986396430000468e+02
-5.905004060080000272e+02
-5.927401048289999608e+02
-5.865891453770000226e+02
-5.862054963269999917e+02
-5.782694601700000021e+02
-5.887480889350000552e+02
-5.762610910710000098e+02
-6.002445019250000087e+02
-5.889641486389999727e+02
-5.940309812550000288e+02
-5.890049042230000396e+02
-5.888820755269999836e+02
-5.919816415919999599e+02
-5.929873636070000202e+02
-5.977364367239999865e+02
-5.922684065429999691e+02
-6.014641301850000445e+02
-6.010802194350000036e+02
-6.008489897160000055e+02
-5.722241672139999764e+02
-5.981294473799999878e+02
-5.944974521530000402e+02
-5.792590668430000278e+02
-5.844267024729999775e+02
-5.767153377260000298e+02
-5.813032679509999525e+02
-5.948385429420000037e+02
-5.935841295259999697e+02
-5.953380015819999471e+02
-5.900643131010000388e+02
-5.886492182160000084e+02
-5.940229986379999900e+02
-5.897048181129999875e+02
-5.969860887249999450e+02
-5.831464364490000207e+02
-5.970362972440000249e+02
-5.988620840900000530e+02
-6.000547975370000131e+02
-6.014708702000000358e+02
-5.952098527709999871e+02
-5.994281565610000371e+02
-5.999082393689999435e+02
-5.939407419660000187e+02
-6.037083236370000350e+02
-5.936641996140000401e+02
-5.821407504640000070e+02
-5.894776065160000371e+02
-5.827726349109999546e+02
-5.923188831510000227e+02
-5.840869697370000040e+02
-5.973361609249999447e+02
-5.971858935559999964e+02
-5.979070588470000303e+02
-5.827680675540000266e+02
-5.738614363200000525e+02
-5.893599165440000434e+02
-5.819347183480000467e+02
-5.935637824540000338e+02
-5.867522711670000035e+02
-5.895526015030000053e+02
-5.984244814930000302e+02
-5.966781048489999648e+02
-5.927087579010000127e+02
-5.919927532469999960e+02
-5.985982188250000036e+02
-6.000793152799999461e+02
-5.967931770029999825e+02
-5.865426325570000472e+02
-5.958122877609999932e+02
-5.921840493690000358e+02
-6.010866737090000242e+02
-5.915336445789999971e+02
-5.933580516060000036e+02
-6.019097302330000048e+02
-5.913357521540000334e+02
-5.781236711689999765e+02
-5.911114105850000442e+02
-5.943466029899999512e+02
-5.903501608880000049e+02
-5.827508297480000010e+02
-5.994057225100000323e+02
-6.006266039900000351e+02
-5.911432327359999590e+02
-5.971761155340000187e+02
-5.935430202239999744e+02
-6.008736604580000176e+02
-5.925797455440000476e+02
-5.957421381230000179e+02
-5.999007410770000206e+02
-5.927533388919999879e+02
-5.985531241810000438e+02
-5.973448696430000382e+02
-5.918100815220000186e+02
-6.002532531589999962e+02
-5.841449128000000428e+02
-5.919206167270000378e+02
-5.975763627850000148e+02
-5.924038775679999844e+02
-5.829419597539999813e+02
-5.925318235290000075e+02
-5.817843000430000302e+02
-6.000711922570000070e+02
-5.980924954399999933e+02
-5.990906424830000105e+02
-5.971726898240000310e+02
-5.935327609099999790e+02
-5.916341001629999710e+02
-5.935096190049999905e+02
-6.002067551259999618e+02
-5.942797720859999799e+02
-6.030214471599999797e+02
-5.789453704090000201e+02
-5.980668973570000162e+02
-5.956047642109999742e+02
-5.983934204070000078e+02
-5.884741391810000550e+02
-5.921359626949999893e+02
-5.936104820729999574e+02
-5.950769959279999739e+02
-5.995995564029999514e+02
-5.916676121450000210e+02
-5.935759217199999966e+02
-5.765216955209999696e+02
-5.752799358439999651e+02
-6.048596898289999899e+02
-5.927045287969999663e+02
-5.804660627380000051e+02
-6.006926875670000072e+02
-5.984020143440000084e+02
-5.985015418010000303e+02
-6.005675154340000290e+02
-5.987806298279999737e+02
-5.923175320190000548e+02
-5.863543096009999545e+02
-5.989541434989999971e+02
-5.801594258339999897e+02
-5.871654259220000540e+02
-5.812901520520000531e+02
-6.041598966970000220e+02
-5.961163855190000049e+02
-5.896583239279999589e+02
-5.958248230469999953e+02
-5.710893815059999952e+02
-6.021382842570000093e+02
-6.036081821740000350e+02
-5.984302307880000171e+02
-5.973001925009999695e+02
-5.986675306470000351e+02
-5.908747885919999590e+02
-5.895795330250000461e+02
-6.009276887759999681e+02
-5.909412680049999835e+02
-5.982786986070000239e+02
-6.008433446950000416e+02
-5.802976624770000171e+02
-5.885085826389999966e+02
-5.938232573479999701e+02
-6.019728447969999934e+02
-5.898984027889999879e+02
-5.884027739690000089e+02
-5.800402850819999685e+02
-5.810397582350000221e+02
-5.982718959669999776e+02
-6.001775310909999916e+02
-6.001119677039999942e+02
-5.979408795550000377e+02
-5.914790995539999585e+02
-5.902548097699999516e+02
-5.927219552960000328e+02
-5.799420131370000036e+02
-5.893507912920000535e+02
-6.036379063880000331e+02
-5.943641890439999997e+02
-5.981063558199999761e+02
-5.975413403339999832e+02
-5.928113804690000279e+02
-5.800892950319999954e+02
-5.848844848889999639e+02
-5.932780235940000466e+02
-5.762117646049999848e+02
-5.991496963319999622e+02
-6.019072724870000002e+02
-5.719779859929999475e+02
-5.921799064389999785e+02
-5.806265588679999610e+02
-5.988742054000000508e+02
-5.795007520560000103e+02
-5.911285128810000060e+02
-5.767246675049999567e+02
-5.877054390350000403e+02
-5.728283062409999502e+02
-5.972095291379999935e+02
-6.022549137769999561e+02
-5.864964080910000348e+02
-5.918006337719999692e+02
-5.911958352950000517e+02
-5.759010926040000413e+02
-5.999163066830000162e+02
-5.915521939760000123e+02
-5.945741205110000465e+02
-5.837318828170000415e+02
-5.622299272870000095e+02
-5.877535170559999642e+02
-5.734342442519999850e+02
-5.649524012269999957e+02
-5.835756369609999865e+02
-5.837765697659999660e+02
-5.935229203510000389e+02
-5.860169924360000095e+02
-6.022060956269999679e+02
-5.961968211610000026e+02
-5.984627039539999487e+02
-5.885435171459999992e+02
-5.906939995029999864e+02
-6.004565560400000095e+02
-5.716418860090000180e+02
-5.914461683859999539e+02
-6.039304554230000122e+02
-5.939507853349999777e+02
-5.989001654710000366e+02
-5.936585852929999874e+02
-5.979094391580000547e+02
-5.837155107520000001e+02
-6.012582847160000483e+02
-5.924043724460000249e+02
-5.978218673379999473e+02
-6.036583312559999968e+02
-5.991296888120000403e+02
-5.850752629999999499e+02
-6.045717215590000251e+02
-5.952731565660000115e+02
-6.053307371519999833e+02
-5.899875595030000568e+02
-5.988954560439999568e+02
-6.018604536000000280e+02
-5.971366216320000149e+02
-5.898124038700000256e+02
-5.970138701739999760e+02
-6.005309193529999447e+02
-5.987447006170000350e+02
-5.929898142739999685e+02
-5.782020006980000062e+02
-5.888812818950000292e+02
-6.010863041809999459e+02
-6.010648647289999644e+02
-5.901371930950000433e+02
-5.828398426909999444e+02
-5.859238210710000203e+02
-5.866923071600000412e+02
-6.053695068910000145e+02
-5.967372484290000330e+02
-5.910295497739999746e+02
-5.827544759590000467e+02
-5.965997691769999847e+02
-6.030287253669999927e+02
-6.030156250610000370e+02
-6.002445142379999652e+02
-5.903365997790000392e+02
-5.947177820189999693e+02
-5.777542567880000206e+02
-5.904478642669999999e+02
-5.751536742060000051e+02
-5.824126547839999830e+02
-5.860986745029999838e+02
-5.942859171390000483e+02
-5.932711269830000447e+02
-5.850899016419999725e+02
-5.998305630920000340e+02
-5.997439892879999661e+02
-5.907561603609999565e+02
-5.766567346269999916e+02
-5.966145509330000323e+02
-6.003613650129999542e+02
-5.919971317519999729e+02
-5.993232023739999477e+02
-5.725465240160000349e+02
-5.972577074170000060e+02
-5.938562596399999620e+02
-6.031871836440000152e+02
-6.018155972150000252e+02
-5.916300645589999476e+02
-6.011868869830000222e+02
-5.973738381489999938e+02
-5.983355425930000138e+02
-6.060605438159999494e+02
-5.995180087369999455e+02
-5.853550087170000324e+02
-5.961814738890000172e+02
-5.972336779170000227e+02
-5.947127147160000504e+02
-5.962383812409999564e+02
-5.915537449160000278e+02
-5.808676321589999816e+02
-5.847223075970000536e+02
-5.848966213689999449e+02
-5.948309185220000472e+02
-5.978803579350000064e+02
-5.871990102570000545e+02
-5.906888694939999596e+02
-5.976919133259999626e+02
-5.978999156370000492e+02
-5.809258695309999894e+02
-5.802375178940000069e+02
-5.940827234240000507e+02
-5.910805527689999508e+02
-5.970295236330000535e+02
-5.785871546209999678e+02
-5.833420916049999505e+02
-5.942765224029999445e+02
-5.948712471979999918e+02
-5.866693290289999823e+02
-6.010641697749999821e+02
-5.965736821120000286e+02
-5.924207471859999714e+02
-5.825802576830000135e+02
-5.879157807149999826e+02
-5.791999769770000057e+02
-5.960442825970000058e+02
-5.948786652259999528e+02
-5.988103480040000477e+02
-5.974403752230000464e+02
-5.891569010360000220e+02
-5.860435133370000358e+02
-5.967792081659999894e+02
-5.926620859749999681e+02
-5.947502455100000134e+02
-5.924495500499999707e+02
-5.836809758430000556e+02
-5.950438112040000078e+02
-5.814557610639999439e+02
-5.993415820359999771e+02
-5.871030220459999782e+02
-5.685978794850000213e+02
-5.559198262879999675e+02
-5.969893948239999872e+02
-5.925885079820000101e+02
-6.016139151789999460e+02
-5.888302358700000241e+02
-5.967650829499999645e+02
-5.611752256539999735e+02
-5.990776571760000024e+02
-5.939809181330000456e+02
-5.978470742529999598e+02
-6.015191524350000236e+02
-6.013599572460000218e+02
-5.841985280559999865e+02
-5.915582455979999850e+02
-5.673631232669999918e+02
-5.995654435789999752e+02
-5.931641376080000327e+02
-5.989294658699999445e+02
-5.818938557679999803e+02
-5.919879336589999639e+02
-5.932228343040000027e+02
-5.981501507000000402e+02
-5.948563175409999531e+02
-5.688462528139999677e+02
-5.942787344590000203e+02
-5.984900335029999496e+02
-6.002105583410000236e+02
-5.918047237160000122e+02
-5.906947328700000526e+02
-5.946696693090000281e+02
-5.820193858630000250e+02
-5.895455192849999548e+02
-5.905565395400000170e+02
-5.790680492830000503e+02
-5.938893141029999470e+02
-5.864945528949999698e+02
-5.978592022430000270e+02
-5.942631775180000204e+02
-6.013505838410000024e+02
-5.842404943090000415e+02
-5.518463717969999607e+02
-5.932082687549999491e+02
-5.980014761649999855e+02
-5.883613965120000557e+02
-5.963148286949999601e+02
-6.032794919909999862e+02
-5.885946904749999931e+02
-5.850969081050000113e+02
-6.020412905240000327e+02
-5.966785383139999794e+02
-6.006051047820000122e+02
-5.900630850239999745e+02
-5.915114371629999823e+02
-5.920793091159999904e+02
-5.945151559869999573e+02
-5.947174929770000062e+02
-5.879718626850000192e+02
-5.868593328690000135e+02
-5.918237757970000530e+02
-5.959468827580000152e+02
-5.858323023030000058e+02
-5.992981872760000215e+02
-5.894659813309999663e+02
-6.006031072819999963e+02
-5.899187299230000008e+02
-5.911839233580000155e+02
-5.827938733319999756e+02
-5.967049131659999830e+02
-6.018143494400000009e+02
-5.865440451230000463e+02
-5.876522532469999760e+02
-5.844610428690000390e+02
-5.951996761110000307e+02
-5.901062520389999690e+02
-5.924181009129999893e+02
-5.794455055729999913e+02
-5.927099008579999690e+02
-6.029180156789999501e+02
-5.971098040279999850e+02
-5.798438839030000054e+02
-5.876356605099999797e+02
-5.809400249609999491e+02
-5.879182763269999441e+02
-5.757631516999999803e+02
-5.669066355740000063e+02
-5.935492311110000401e+02
-5.945737923049999836e+02
-5.825596072609999965e+02
-5.816074603839999781e+02
-5.713210596510000414e+02
-5.860440167509999583e+02
-5.934407339450000336e+02
-5.877285551390000364e+02
-5.878884630520000201e+02
-5.701513248119999844e+02
-5.966075427099999615e+02
-5.876432584760000282e+02
-5.983216804339999726e+02
-6.032884302590000516e+02
-5.976926505110000107e+02
-5.905488887459999887e+02
-5.804025093149999748e+02
-5.959657532730000185e+02
-5.901700348560000293e+02
-5.897368316370000230e+02
-5.942125283310000441e+02
-5.872269374300000209e+02
-5.947309471390000226e+02
-5.924353459149999708e+02
-5.872515374910000219e+02
-6.018490325400000529e+02
-5.870870487400000002e+02
-5.911399735420000070e+02
-5.903631098170000087e+02
-5.854306158470000128e+02
-5.769578743790000317e+02
-5.719347498710000082e+02
-5.811026529069999924e+02
-5.638595356839999795e+02
-5.764482686699999476e+02
-5.712689514590000499e+02
-5.909289523559999679e+02
-5.993151854689999709e+02
-5.951890130269999872e+02
-5.810980285609999783e+02
-5.903663418569999521e+02
-5.948441273449999471e+02
-5.910507001849999824e+02
-5.874155578370000512e+02
-5.964326147770000262e+02
-5.983699827929999628e+02
-5.951739465880000353e+02
-5.963102991279999969e+02
-5.891698639799999455e+02
-5.872976606400000037e+02
-5.964514695909999773e+02
-5.768488267200000337e+02
-5.865684132620000355e+02
-5.836306313740000178e+02
-5.675214453739999954e+02
-6.021637659059999805e+02
-5.704962651880000521e+02
-5.826885395670000207e+02
-5.914377817140000388e+02
-5.894474833430000444e+02
-5.544821544540000104e+02
-5.901428699499999766e+02
-6.006989848969999457e+02
-5.951503075150000086e+02
-5.698864002379999647e+02
-5.705227560629999743e+02
-5.925621146529999805e+02
-5.915667478530000380e+02
-5.986638178250000237e+02
-5.903435430539999516e+02
-5.928175094380000019e+02
-5.866138636990000350e+02
-5.813231858240000065e+02
-5.850658566969999583e+02
-5.898032026209999685e+02
-5.930810809959999688e+02
-5.990157432820000167e+02
-6.051582120299999588e+02
-6.003116101809999918e+02
-5.920496557589999611e+02
-5.894255110269999705e+02
-5.816330703170000334e+02
-5.987162440270000161e+02
