-5.727656022339999708e+02
-5.891006017109999675e+02
-5.899314522590000252e+02
-5.964230259529999785e+02
-5.940148529049999979e+02
-5.675295628579999629e+02
-5.921292476969999825e+02
-5.847287399529999448e+02
-5.953358224529999916e+02
-5.982728545119999808e+02
-5.862644160930000226e+02
-5.909848471669999981e+02
-5.929553367009999647e+02
-5.905274870309999642e+02
-5.957895954880000318e+02
-5.987757835249999516e+02
-5.913735680209999828e+02
-5.875639251589999503e+02
-6.010848274930000343e+02
-5.881282999420000124e+02
-6.029294109149999485e+02
-6.045134963970000399e+02
-5.967836132219999854e+02
-5.928580803370000467e+02
-5.906204829519999748e+02
-5.928891113839999889e+02
-6.001651334849999557e+02
-5.961957439750000276e+02
-5.932764207960000249e+02
-5.974005522920000431e+02
-5.915446013929999935e+02
-5.922676772669999536e+02
-5.905268074580000075e+02
-5.821846531229999755e+02
-5.973706031799999892e+02
-6.006991887780000070e+02
-6.021169970900000408e+02
-5.988478066799999624e+02
-5.897274911309999652e+02
-5.932930403359999900e+02
-6.023864684359999728e+02
-5.936719507830000566e+02
-6.029136046429999851e+02
-5.961946204470000339e+02
-5.929593792699999995e+02
-6.000598487470000464e+02
-5.923617910960000472e+02
-5.956692081920000419e+02
-5.961270945689999508e+02
-5.960036609159999443e+02
-5.750946618340000214e+02
-5.991431747699999733e+02
-5.856281840860000329e+02
-5.764908748760000208e+02
-5.939139886519999436e+02
-5.918089488189999656e+02
-5.718321476270000403e+02
-5.964731922470000427e+02
-5.940240095279999650e+02
-5.931435677140000280e+02
-5.965394577289999916e+02
-5.936505136179999909e+02
-5.952326204099999813e+02
-5.931407285889999912e+02
-5.964052967750000107e+02
-6.023668786619999764e+02
-5.917280142419999720e+02
-6.011939156710000134e+02
-5.989628296150000324e+02
-5.992615629800000079e+02
-5.946040833609999936e+02
-5.892281044459999748e+02
-5.927649085089999517e+02
-5.914111795520000214e+02
-6.019139841639999986e+02
-5.947381115670000327e+02
-6.016306378179999683e+02
-5.941970689080000056e+02
-5.640299852110000529e+02
-6.061787561700000424e+02
-5.907167546819999870e+02
-5.911328716660000282e+02
-6.041019760289999567e+02
-5.992437478540000484e+02
-6.013490851410000460e+02
-5.731836059490000252e+02
-5.843629655859999730e+02
-5.975901619449999771e+02
-5.925058894750000036e+02
-5.864394857300000012e+02
-5.961006577519999610e+02
-5.966712349670000322e+02
-5.951117075219999606e+02
-5.942705065449999893e+02
-6.030940155849999655e+02
-5.948811921359999815e+02
-5.894466765879999457e+02
-5.954209418709999682e+02
-5.781087122010000030e+02
-5.860367674469999884e+02
-5.841491292160000057e+02
-6.017514537450000489e+02
-5.869454432019999786e+02
-5.940393610979999721e+02
-5.950548072489999640e+02
-6.017055301120000195e+02
-5.981194530190000478e+02
-6.032327118179999843e+02
-5.889531626320000441e+02
-5.974988488540000162e+02
-5.884112009269999817e+02
-5.934745499289999771e+02
-5.961065756030000102e+02
-6.052972407490000251e+02
-5.856085609089999480e+02
-5.648111666839999998e+02
-5.862120222459999468e+02
-5.721911619920000476e+02
-5.814646222989999842e+02
-5.884251054889999750e+02
-6.015399351930000194e+02
-5.980835246699999743e+02
-5.906776578640000253e+02
-5.995677842229999897e+02
-5.951692266510000309e+02
-5.854365183050000496e+02
-6.002944299529999626e+02
-5.990604618260000507e+02
-5.948145658400000002e+02
-6.029774376139999958e+02
-5.988769591669999954e+02
-5.953707646980000163e+02
-5.817803637739999658e+02
-5.918756355210000493e+02
-6.006495293010000296e+02
-5.971848648720000483e+02
-5.864433795610000288e+02
-5.954126923940000324e+02
-5.934615935699999909e+02
-5.994207138140000097e+02
-5.956629010200000494e+02
-5.989046713689999706e+02
-6.015089583720000519e+02
-5.998233845280000196e+02
-5.772819425640000190e+02
-5.959952073489999975e+02
-5.957668877170000314e+02
-5.905891800370000055e+02
-5.989662717090000115e+02
-5.900287740940000276e+02
-6.011877779479999617e+02
-6.059617048349999777e+02
-5.869889577459999828e+02
-6.012408899040000279e+02
-6.021755623039999819e+02
-5.932599768579999591e+02
-5.807880045639999480e+02
-5.922123711839999487e+02
-5.872168947080000407e+02
-5.980972499470000230e+02
-5.957220152329999792e+02
-5.974078758599999901e+02
-5.907952739229999679e+02
-5.647048317869999892e+02
-5.882644134260000328e+02
-6.036226131419999774e+02
-5.910585696839999628e+02
-5.927364627189999737e+02
-5.919303065740000420e+02
-6.008876961280000160e+02
-5.985414439999999558e+02
-6.012854850400000259e+02
-5.960254190140000219e+02
-5.977885238149999623e+02
-6.019676809669999784e+02
-6.015007822989999795e+02
-5.942010631120000426e+02
-5.977826973840000164e+02
-6.001611914479999541e+02
-5.888032877800000051e+02
-5.867252013290000150e+02
-5.752061950109999771e+02
-5.893230906559999767e+02
-5.846019291159999511e+02
-5.914380200839999588e+02
-5.962824421049999728e+02
-5.920975636450000366e+02
-5.856977546330000450e+02
-5.924288744210000459e+02
-5.958727406960000508e+02
-5.823418275210000274e+02
-5.689696779319999678e+02
-5.782223778530000118e+02
-5.826222590009999749e+02
-5.924636922240000558e+02
-5.951944404759999543e+02
-5.967188714699999537e+02
-5.935450784119999526e+02
-5.984318379129999812e+02
-5.933897575629999892e+02
-5.841854397629999767e+02
-5.802787918980000086e+02
-5.992931871360000287e+02
-5.868536215630000470e+02
-5.796131126960000302e+02
-5.938564096920000566e+02
-5.967472850230000176e+02
-5.976468545999999833e+02
-5.936469363160000512e+02
-5.823035864549999587e+02
-5.821245365790000506e+02
-5.766714131569999608e+02
-5.836797432820000040e+02
-5.947399267020000480e+02
-6.021764918019999868e+02
-6.008692032699999572e+02
-5.930398106059999463e+02
-5.999983693430000358e+02
-6.017898752060000334e+02
-5.797536007229999768e+02
-5.923401353970000400e+02
-5.895888051370000085e+02
-5.855056554559999995e+02
-5.809213105100000121e+02
-5.890715285109999968e+02
-5.953431426739999779e+02
-5.808891166810000186e+02
-6.005142044479999868e+02
-5.879184233539999695e+02
-5.945214678249999452e+02
-6.006561088519999885e+02
-6.010319107950000443e+02
-5.794478949550000380e+02
-5.913006853470000124e+02
-5.976857044170000108e+02
-5.891055526379999492e+02
-5.931851195509999570e+02
-5.926052438379999785e+02
-6.021543162819999679e+02
-5.918192914369999471e+02
-5.965417712549999578e+02
-5.744463546690000157e+02
-6.002918133409999655e+02
-5.826638683400000218e+02
-5.982571131549999564e+02
-5.908759066530000155e+02
-5.892417380240000284e+02
-5.968594511019999800e+02
-5.961299718950000397e+02
-5.892593634520000023e+02
-5.925683480550000013e+02
-5.939056522260000293e+02
-5.838749394789999769e+02
-5.840765956599999527e+02
-6.016400172359999488e+02
-6.028327862830000186e+02
-5.898088443860000325e+02
-5.971258415139999443e+02
-5.993395102130000396e+02
-5.927322976540000354e+02
-5.985795716899999661e+02
-5.908684246179999491e+02
-5.832271286349999855e+02
-5.953081238299999995e+02
-6.025168648589999520e+02
-5.995502306560000534e+02
-5.970795151710000255e+02
-5.918118659670000170e+02
-5.939620737760000111e+02
-5.783375523400000020e+02
-5.932194008220000114e+02
-5.890425338789999614e+02
-5.790146799169999667e+02
-5.953709162650000053e+02
-5.833151048439999613e+02
-5.834325793870000325e+02
-5.942014820609999788e+02
-5.962888452619999953e+02
-5.994949785579999570e+02
-5.898410649109999895e+02
-5.954330315079999991e+02
-6.021079054890000180e+02
-6.038575962869999785e+02
-6.031736589700000195e+02
-5.901005976449999935e+02
-5.822781484560000536e+02
-5.894077062669999805e+02
-5.929080812339999511e+02
-5.816997149740000168e+02
-5.947015087040000481e+02
-5.823852749840000342e+02
-6.017146126620000359e+02
-5.826681978190000564e+02
-5.943398479359999556e+02
-5.932309038710000095e+02
-6.017044075210000074e+02
-5.966844890209999903e+02
-5.818689721580000196e+02
-5.922401612300000124e+02
-5.961101179739999907e+02
-6.037448856099999830e+02
-5.950147414739999476e+02
-5.999838320110000041e+02
-5.981451339330000110e+02
-5.742237868360000448e+02
-6.043512469319999809e+02
-5.972208586179999656e+02
-5.935224493189999748e+02
-6.033918498199999476e+02
-5.999307039520000444e+02
-6.005423430519999783e+02
-6.023287704059999896e+02
-5.934477305640000395e+02
-5.866301417270000229e+02
-6.042836212209999758e+02
-5.952352088899999671e+02
-5.913901701940000066e+02
-6.018960218189999978e+02
-5.986735011609999901e+02
-6.019977172029999792e+02
-6.001862144350000108e+02
-6.035223400989999618e+02
-6.025540071750000379e+02
-6.002178437930000428e+02
-5.953718626989999620e+02
-5.997627869110000347e+02
-6.002683958090000260e+02
-5.966592818819999593e+02
-5.903178668880000259e+02
-5.879236557330000323e+02
-5.997129157829999713e+02
-6.062638190080000413e+02
-5.790212150060000340e+02
-5.924025087359999588e+02
-6.015816222759999619e+02
-5.940893312109999442e+02
-5.942179010759999755e+02
-5.895576991699999780e+02
-5.928724190880000151e+02
-5.844414030679999996e+02
-5.914801033100000041e+02
-5.917118487630000345e+02
-5.945008481410000059e+02
-5.870180730460000404e+02
-5.979243886110000403e+02
-5.982415122940000174e+02
-5.982361094840000533e+02
-5.885226488920000065e+02
-5.883426280779999615e+02
-5.959395020980000481e+02
-5.956631688789999544e+02
-5.936749135300000262e+02
-5.833568464710000399e+02
-5.986725989940000545e+02
-6.014274765679999746e+02
-6.004865365900000143e+02
-5.904760190670000384e+02
-5.995614103650000288e+02
-5.866551454829999557e+02
-6.015020659340000293e+02
-5.971287766430000374e+02
-5.916128292539999620e+02
-5.755920995369999673e+02
-6.018109581610000305e+02
-5.945088847440000563e+02
-5.840290863980000040e+02
-5.759532968400000073e+02
-5.740039455610000232e+02
-6.034409062409999933e+02
-5.928002237480000076e+02
-5.968584562940000069e+02
-5.918462925070000438e+02
-5.999941371620000155e+02
-5.957911589110000250e+02
-5.873817662630000314e+02
-5.907284535510000296e+02
-5.989361754799999744e+02
-5.915448782839999922e+02
-6.009435456170000407e+02
-5.956418533060000300e+02
-5.987300134170000092e+02
-5.954682389800000237e+02
-6.034168093839999756e+02
-5.997241014219999897e+02
-5.916516157999999450e+02
-5.821314784229999759e+02
-5.737814862090000361e+02
-5.850744485950000353e+02
-5.841500570550000475e+02
-5.799698596260000159e+02
-5.943171257750000223e+02
-5.862927766990000009e+02
-5.995564180950000264e+02
-5.939232543719999740e+02
-5.794418497980000211e+02
-5.927707655420000492e+02
-5.992878267999999480e+02
-5.956562292449999632e+02
-5.905317531089999648e+02
-6.017176926849999745e+02
-5.965781954599999608e+02
-6.020864165179999645e+02
-5.963132980459999999e+02
-6.017344404780000104e+02
-5.993615991719999556e+02
-5.997344075639999801e+02
-5.968907005190000064e+02
-5.871056767070000433e+02
-5.859707357590000356e+02
-5.917684778779999988e+02
-5.973303950709999981e+02
-5.917686757950000356e+02
-5.909985276710000335e+02
-5.866927513340000360e+02
-6.004812208580000288e+02
-6.007878232000000480e+02
-5.989853790930000059e+02
-5.934878282639999725e+02
-5.961080664470000556e+02
-5.970104454529999884e+02
-5.845490402379999750e+02
-5.894345529449999503e+02
-6.040218035840000539e+02
-5.996796721599999955e+02
-5.913740896919999841e+02
-5.948872248989999889e+02
-5.967237673900000345e+02
-5.607580513489999703e+02
-5.931353294089999508e+02
-5.572890701239999771e+02
-5.939798953340000480e+02
-5.791532023429999754e+02
-5.858638758619999862e+02
-5.590499589529999866e+02
-5.779964080690000401e+02
-5.980924042699999745e+02
-5.877086443109999436e+02
-5.990847145290000526e+02
-5.930235570249999455e+02
-5.864416734190000398e+02
-5.946996489829999746e+02
-5.949171456919999628e+02
-5.788764505960000406e+02
-5.877084201359999724e+02
-6.024184795820000318e+02
-5.905052059130000544e+02
-5.816158847760000299e+02
-6.003508439810000255e+02
-5.994720478399999593e+02
-5.912564327200000207e+02
-5.934405898469999556e+02
-5.683372032510000054e+02
-5.787770382730000165e+02
-6.001588797680000198e+02
-5.857540150580000500e+02
-6.045084685330000411e+02
-6.007338045919999558e+02
-5.857014483540000356e+02
-6.008162586969999666e+02
-6.021389808840000342e+02
-5.878357678319999877e+02
-5.786026053169999841e+02
-5.828729584940000450e+02
-6.004863892580000311e+02
-6.030710508879999452e+02
-6.020961119620000090e+02
-5.954614818649999961e+02
-5.877576178550000350e+02
-5.737929613410000229e+02
-5.932843606310000268e+02
-6.019529296990000375e+02
-5.980217048319999549e+02
-5.960407527319999872e+02
-5.961732746930000530e+02
-6.034287402590000511e+02
-5.936411371640000425e+02
-6.037289140179999549e+02
-6.003128283239999519e+02
-5.943940508379999983e+02
-5.845922667390000242e+02
-5.974915199490000077e+02
-5.974933114169999726e+02
-5.869802019200000132e+02
-5.797677758180000183e+02
-5.938068278949999694e+02
-5.983859146730000020e+02
-5.995005666240000437e+02
-5.965715772060000290e+02
-5.888030178120000073e+02
-5.862816805219999878e+02
-5.942808044939999945e+02
-5.892344232079999529e+02
-5.873300177950000034e+02
-5.981825942250000026e+02
-5.884714335700000447e+02
-5.929097631360000378e+02
-5.884022695400000202e+02
-5.858133222410000371e+02
-5.991938902619999681e+02
-6.020154415109999491e+02
-5.880399232810000285e+02
-5.925169289699999808e+02
-5.961613581479999766e+02
-5.695413486259999445e+02
-5.988794551910000337e+02
-5.901068346219999512e+02
-5.960923855080000067e+02
-5.938481009769999446e+02
-5.944966383129999485e+02
-5.997412931759999992e+02
-5.866145900860000211e+02
-5.954482390560000340e+02
-5.961111597829999482e+02
-5.882129132119999895e+02
-6.021277893180000547e+02
-6.053597726530000500e+02
-5.950255800119999776e+02
-5.997734593559999894e+02
-5.987785312680000516e+02
-5.970252244160000146e+02
-6.010951735849999977e+02
-5.958781280800000104e+02
-5.923869303420000278e+02
-5.987584615649999478e+02
-5.966852862169999980e+02
-5.988128140060000533e+02
-5.919951142740000023e+02
-5.967937477469999976e+02
-5.989524194619999662e+02
-5.850497513039999831e+02
-5.913085323799999742e+02
-5.788882436610000468e+02
-5.881934573639999826e+02
-6.001198432009999806e+02
-6.059292353299999832e+02
-5.928901708140000437e+02
-6.052292038110000476e+02
-5.984595100100000309e+02
-5.992410015650000332e+02
-6.003148622759999853e+02
-6.006111779090000482e+02
-5.844385367139999516e+02
-5.907941390380000257e+02
-5.945673525979999567e+02
-5.962433709489999956e+02
-5.991199462429999585e+02
-6.001216312599999583e+02
-5.896917055259999643e+02
-5.840104575630000454e+02
-5.906454982889999883e+02
-5.999831085829999893e+02
-5.902121441839999534e+02
-5.758545100850000154e+02
-6.020795704670000532e+02
-5.937293504149999990e+02
-5.993887211469999556e+02
-5.926879203080000025e+02
-5.889265647260000378e+02
-6.030809171299999889e+02
-5.849392868090000093e+02
-5.773108945789999780e+02
-5.954943296809999538e+02
-5.958073782660000006e+02
-6.043783394619999854e+02
-6.016597294030000285e+02
-5.927358203569999660e+02
-5.869265225479999799e+02
-5.914681391620000568e+02
-5.949544067340000311e+02
-6.027126680720000422e+02
-5.986262675839999474e+02
-6.011303886760000523e+02
-5.916735032190000538e+02
-5.966584369270000252e+02
-5.938422900309999477e+02
-5.984113628420000168e+02
-5.959407926840000300e+02
-5.876204115460000139e+02
-6.004874518640000360e+02
-5.966544506440000077e+02
-5.994219356720000178e+02
-5.942028047689999539e+02
-6.047456648209999912e+02
-5.966255504179999889e+02
-5.814110644769999681e+02
-5.911200069210000265e+02
-5.974252114829999982e+02
-5.973336740800000371e+02
-5.914236557509999557e+02
-5.912918088569999782e+02
-6.042179958399999578e+02
-5.888843128839999963e+02
-5.999581506670000408e+02
-6.000786771489999865e+02
-5.980695679279999695e+02
-5.786226172090000546e+02
-5.997882494619999534e+02
-5.732661899099999800e+02
-5.738954823540000234e+02
-6.026212604950000014e+02
-5.949125982450000265e+02
-5.979432401139999911e+02
-6.026739967219999699e+02
-6.052537747889999764e+02
-5.922163189630000488e+02
-5.893109952749999820e+02
-5.848798333150000417e+02
-6.003905046820000280e+02
-5.888599952680000342e+02
-5.952960788330000241e+02
-5.874721491010000136e+02
-6.022401109219999853e+02
-5.966417776759999470e+02
-6.005551758780000000e+02
-5.808371723039999779e+02
-6.000077465990000292e+02
-5.936083109759999843e+02
-5.969891664140000103e+02
-5.894125341269999581e+02
-5.879415221179999662e+02
-5.778150449070000150e+02
-5.909208324349999657e+02
-5.935663451560000112e+02
-5.935216158690000157e+02
-5.996059094460000551e+02
-5.766873398349999889e+02
-5.817204871440000034e+02
-5.996399380379999684e+02
-5.883931498529999544e+02
-5.837668758830000115e+02
-5.902428785009999501e+02
-5.751455600919999824e+02
-5.924687820799999827e+02
-5.904515373450000197e+02
-5.959847423029999618e+02
-5.822783200280000528e+02
-5.931338476449999462e+02
-6.017532489300000407e+02
-5.954633336919999920e+02
-6.034243045489999986e+02
-6.018802670840000246e+02
-5.962605804690000468e+02
-5.987045057819999556e+02
-5.911100213319999739e+02
-5.928866618360000302e+02
-5.948656736159999809e+02
-5.944105035789999647e+02
-6.026754586150000250e+02
-5.891062565539999696e+02
-5.984808090819999506e+02
-5.915860983400000350e+02
-5.961711044270000457e+02
-5.767779824740000549e+02
-5.850732757920000040e+02
-5.926733214500000031e+02
-6.006599983319999865e+02
-5.997792048989999785e+02
-5.985803319840000540e+02
-6.029817714749999595e+02
-6.006003686530000323e+02
-5.899250264009999682e+02
-5.893053489320000153e+02
-5.732951310400000011e+02
-5.902183453310000232e+02
-5.995012126960000387e+02
-5.826885630179999680e+02
-5.956513406990000021e+02
-5.904128184569999576e+02
-6.027198338550000472e+02
-5.905793946249999635e+02
-5.924620847999999569e+02
-5.868503611249999494e+02
-5.962307051630000387e+02
-6.002146902130000399e+02
-6.051745274830000199e+02
-5.938449716940000371e+02
-5.992467973940000547e+02
-5.898804112699999678e+02
-5.899692977590000282e+02
-5.760937987659999635e+02
-5.837868037030000323e+02
-5.668887480759999562e+02
-6.017729041569999708e+02
-5.937189112139999452e+02
-6.021213439590000007e+02
-5.883569771859999946e+02
-5.893202452689999973e+02
-5.778052317259999882e+02
-5.564233284890000277e+02
-5.821896091879999631e+02
-6.018491243580000400e+02
-5.986759715460000280e+02
-5.792720207300000084e+02
-5.925436220240000011e+02
-5.911163564470000438e+02
-6.001697745210000221e+02
-5.977922225080000089e+02
-5.910025857120000410e+02
-5.968703736109999909e+02
-6.023666341540000531e+02
-5.933763953379999521e+02
-5.927496202339999627e+02
-5.861094876529999738e+02
-5.883277035950000027e+02
-5.878114575270000159e+02
-5.891723576509999702e+02
-5.955654304519999869e+02
-5.903640299529999993e+02
-5.951719112040000255e+02
-5.953507426749999922e+02
-6.003242295830000330e+02
-5.935047237830000313e+02
-5.920451332940000384e+02
-6.014612881860000471e+02
-6.013013900619999959e+02
-5.963604160400000183e+02
-6.037453562020000390e+02
-5.916005859729999656e+02
-6.027071284749999904e+02
-5.934619786060000024e+02
-5.974137190510000437e+02
-5.874833602310000060e+02
-5.976167388610000444e+02
-5.971062266579999687e+02
-5.955979479569999739e+02
-5.900099372519999861e+02
-5.935224635519999765e+02
-6.004464258880000216e+02
-5.941410787700000355e+02
-5.885270613559999902e+02
-5.677816792370000485e+02
-5.846047837840000057e+02
-5.640335027989999617e+02
-5.777794137380000166e+02
-5.970536121520000279e+02
-5.899876444950000405e+02
-5.794995369629999686e+02
-5.768321373090000179e+02
-5.889065255650000381e+02
-5.863269723610000028e+02
-5.991402682100000447e+02
-5.908474380799999608e+02
-5.910451689389999501e+02
-5.982033140390000199e+02
-6.020496406380000280e+02
-6.009017125960000385e+02
