-5.834808208050000076e+02
-5.878073130669999955e+02
-5.995423137559999986e+02
-5.886948543140000538e+02
-5.862426845879999746e+02
-6.008138821669999743e+02
-5.866995749879999948e+02
-5.773910061650000216e+02
-5.900413389650000227e+02
-6.037048433420000038e+02
-6.037176300859999856e+02
-5.919321824339999694e+02
-6.014425929799999722e+02
-5.965239195359999940e+02
-5.950366730499999903e+02
-5.893865435449999950e+02
-6.030845254020000539e+02
-6.005919529410000450e+02
-6.035680600819999881e+02
-5.837591885709999815e+02
-6.029916291670000419e+02
-5.891592233029999761e+02
-5.993141435229999843e+02
-5.901018378420000090e+02
-5.908645322999999507e+02
-5.841860614360000454e+02
-5.932482195779999756e+02
-5.963126485230000071e+02
-5.920335429609999665e+02
-6.039651473640000177e+02
-5.902642134379999561e+02
-5.845577836999999590e+02
-5.763333484690000432e+02
-5.967888421090000293e+02
-5.966916094360000216e+02
-5.894899966929999664e+02
-6.000079146760000413e+02
-6.028437761029999820e+02
-5.968067296530000476e+02
-5.817213314460000220e+02
-5.964830347930000016e+02
-5.998457879600000524e+02
-5.872412950120000232e+02
-5.963938208179999947e+02
-5.774357555489999640e+02
-5.938084088739999515e+02
-5.958166797019999876e+02
-5.964854877760000136e+02
-5.944613262550000172e+02
-5.896090372009999783e+02
-5.972878479190000007e+02
-5.968140554650000240e+02
-5.899349172779999435e+02
-5.974517626150000069e+02
-5.946197350080000206e+02
-5.911803470679999464e+02
-5.730381594279999717e+02
-5.966664021889999958e+02
-5.896121570970000221e+02
-6.035455425290000449e+02
-5.902611665389999871e+02
-6.000416601409999657e+02
-5.996887036870000429e+02
-5.848896758460000456e+02
-6.003440110459999914e+02
-5.975844354910000220e+02
-5.975370183899999574e+02
-5.925592883320000510e+02
-5.948096186249999846e+02
-5.781283637210000279e+02
-5.971294547490000468e+02
-5.898464355090000026e+02
-5.990506966650000322e+02
-5.985196299799999906e+02
-5.986124516480000466e+02
-5.780899452950000068e+02
-5.812236767660000396e+02
-6.012963443490000373e+02
-5.827108058049999499e+02
-5.927281218660000377e+02
-5.816484321850000470e+02
-5.775415441259999625e+02
-5.926763794080000025e+02
-5.903286492989999488e+02
-5.859519674110000551e+02
-5.893684478239999862e+02
-5.834432284719999871e+02
-5.974647041859999490e+02
-5.982390577810000423e+02
-5.929756837390000328e+02
-6.060324910860000500e+02
-5.962746168099999977e+02
-5.941909566739999491e+02
-5.887963546619999988e+02
-5.997312980000000380e+02
-6.002598115389999975e+02
-5.961379257549999693e+02
-5.942290677830000050e+02
-5.912211065650000137e+02
-5.878690588160000061e+02
-5.968655245219999870e+02
-5.892470328519999612e+02
-6.014756692490000205e+02
-5.976611588429999529e+02
-5.949834458249999898e+02
-6.032640982269999768e+02
-5.794520552479999651e+02
-5.913822889629999509e+02
-5.879768539660000215e+02
-5.961140750199999729e+02
-5.900345186920000060e+02
-6.040209730809999655e+02
-5.880245726230000400e+02
-5.956165081269999746e+02
-5.726990014900000006e+02
-5.910982154560000481e+02
-5.912411616570000206e+02
-5.942604052489999731e+02
-5.962864423989999523e+02
-6.011162354240000241e+02
-5.904093385999999555e+02
-5.915607072410000455e+02
-5.965323016539999799e+02
-5.875030657820000215e+02
-6.025089510169999585e+02
-6.024529417610000337e+02
-5.944601781200000232e+02
-5.998578756590000012e+02
-5.963777558900000031e+02
-5.934920059700000365e+02
-5.945204782079999859e+02
-5.861181901359999529e+02
-5.865898148879999781e+02
-5.830465199069999471e+02
-6.016864494190000414e+02
-5.841830094399999780e+02
-5.949535065860000032e+02
-6.017889230370000178e+02
-6.024956143299999667e+02
-5.879597146590000420e+02
-5.811997845199999801e+02
-5.971572414620000018e+02
-5.973293871399999944e+02
-5.900646112809999977e+02
-5.946027366869999469e+02
-5.867913286560000188e+02
-5.970407190079999964e+02
-6.040587347829999771e+02
-5.814505769690000534e+02
-6.049631576900000027e+02
-5.936994152439999652e+02
-5.975785624940000389e+02
-5.978745213690000355e+02
-6.008731460249999827e+02
-5.994922499900000048e+02
-6.024436170840000386e+02
-5.864335126180000088e+02
-5.943970817729999681e+02
-5.968123833429999650e+02
-5.981627330039999606e+02
-5.885996659610000279e+02
-5.908165022460000273e+02
-5.973832194620000564e+02
-5.932093651120000004e+02
-6.005725452230000201e+02
-5.989887979600000563e+02
-5.907711226540000098e+02
-5.979135138240000060e+02
-5.959453314930000261e+02
-5.962750454319999562e+02
-6.016079861790000223e+02
-5.831559319199999436e+02
-5.876147026810000398e+02
-6.050108601230000431e+02
-5.851080680510000320e+02
-5.967316693510000505e+02
-5.759347588550000410e+02
-5.955512633509999887e+02
-5.946531338910000386e+02
-5.945630708400000231e+02
-5.827603969379999853e+02
-5.837355357459999823e+02
-5.977363762139999608e+02
-5.973747620100000404e+02
-5.913498964929999602e+02
-5.989993227080000224e+02
-6.039816576189999751e+02
-5.903547256189999644e+02
-6.013640626579999662e+02
-5.994929381729999704e+02
-5.905052253339999879e+02
-5.871778506379999953e+02
-5.861073998360000132e+02
-5.777353041420000181e+02
-5.942904987440000468e+02
-5.952403050299999450e+02
-5.952007047009999496e+02
-5.972885157160000063e+02
-6.008044033170000375e+02
-5.945225111250000509e+02
-6.014273722369999859e+02
-5.996585411700000350e+02
-5.869352377709999473e+02
-5.891227097099999810e+02
-5.934692877300000191e+02
-5.987435504459999720e+02
-6.013529316020000124e+02
-5.879118936139999505e+02
-6.020796703190000017e+02
-5.902961193309999999e+02
-6.033207302990000471e+02
-5.836191103209999937e+02
-5.920541809909999529e+02
-5.917255262300000140e+02
-5.867179522129999896e+02
-5.984408109959999820e+02
-6.029295255179999913e+02
-6.013888217139999597e+02
-5.808325327339999831e+02
-5.902181172069999775e+02
-5.980266825749999953e+02
-5.912317383419999715e+02
-5.903901346640000156e+02
-5.986292991499999516e+02
-5.901110447029999477e+02
-5.987248407969999562e+02
-5.941949254099999962e+02
-5.949882963349999727e+02
-5.998282222889999957e+02
-5.865233261869999524e+02
-5.934926760849999710e+02
-5.968851133440000467e+02
-5.921713556729999937e+02
-5.958713992420000523e+02
-5.781416919880000478e+02
-5.844101184899999453e+02
-5.951374217889999727e+02
-5.986066633130000127e+02
-5.863441931009999735e+02
-5.954700678780000089e+02
-6.016563981020000256e+02
-5.937827756809999755e+02
-5.991333912139999711e+02
-5.944668240629999900e+02
-5.975893465169999672e+02
-5.908524046149999549e+02
-5.956263679149999462e+02
-5.969199058950000563e+02
-5.969652264869999954e+02
-5.922165833130000010e+02
-5.941868129010000530e+02
-5.914329908989999467e+02
-5.787398538139999573e+02
-5.961927779229999942e+02
-6.025385983969999870e+02
-5.876081059540000524e+02
-6.005150883759999942e+02
-5.985916775140000254e+02
-5.955191718869999704e+02
-5.874865284559999736e+02
-5.915246579549999524e+02
-5.963438421329999528e+02
-5.923249338450000323e+02
-6.028857869949999895e+02
-5.910490758629999846e+02
-5.961069049860000177e+02
-5.811441768019999472e+02
-5.925242053069999884e+02
-5.962313585000000558e+02
-6.021970797860000175e+02
-5.911054929570000240e+02
-5.875845184549999658e+02
-5.944073131290000447e+02
-5.956328558750000184e+02
-5.960262902470000199e+02
-5.954842695319999848e+02
-5.998519306660000439e+02
-5.996268961959999615e+02
-5.890546802170000547e+02
-5.810141582249999601e+02
-5.930040031759999692e+02
-6.000412249009999641e+02
-5.992223590239999567e+02
-5.832506572700000333e+02
-5.963743323349999628e+02
-5.968237453289999621e+02
-5.901738289889999578e+02
-6.006972689599999740e+02
-6.000353001859999722e+02
-5.928995723120000321e+02
-5.941794390869999916e+02
-5.939897059520000084e+02
-5.992397141249999777e+02
-5.996976286960000380e+02
-5.857355168139999932e+02
-5.806463183820000040e+02
-5.488665608530000100e+02
-5.885511724369999911e+02
-5.863234135210000204e+02
-5.923101245430000290e+02
-5.923264753890000520e+02
-5.938870270999999548e+02
-5.983049955940000473e+02
-5.952570492209999884e+02
-5.987390185140000085e+02
-5.897987751160000016e+02
-5.781387892349999902e+02
-5.898325516009999774e+02
-5.993704409260000148e+02
-5.966704351580000321e+02
-5.943888039800000342e+02
-5.915059058780000214e+02
-5.991633098219999738e+02
-5.926971760669999867e+02
-5.824015335240000013e+02
-6.005490529530000003e+02
-5.857861232190000464e+02
-6.037776627230000486e+02
-5.871611363440000559e+02
-5.839830552470000384e+02
-5.814352332839999917e+02
-5.742651586199999656e+02
-5.937015187660000493e+02
-5.964991896300000462e+02
-5.898657266169999502e+02
-5.929195329640000409e+02
-5.916694555660000105e+02
-5.989183348929999511e+02
-5.951137308309999980e+02
-5.952525899500000151e+02
-6.019164539859999650e+02
-6.052361974890000056e+02
-5.972816609770000014e+02
-5.871454529330000014e+02
-5.814869146529999853e+02
-5.824902825179999581e+02
-5.935065706689999843e+02
-5.898469215200000235e+02
-5.989389417889999550e+02
-5.987434728590000077e+02
-5.938005007149999983e+02
-5.860549827290000167e+02
-5.885039385569999695e+02
-6.004971124319999944e+02
-5.956652281479999829e+02
-5.980493006230000219e+02
-5.952551396569999724e+02
-5.950374708829999690e+02
-5.966838822219999656e+02
-5.974947541850000334e+02
-5.970154048729999658e+02
-5.935696531180000193e+02
-5.944990976410000485e+02
-5.927102217990000099e+02
-5.814316786440000442e+02
-5.968737584279999737e+02
-6.029127687349999860e+02
-5.867967062169999508e+02
-5.939377274209999769e+02
-5.863314916670000230e+02
-5.878940581260000044e+02
-5.973193504710000070e+02
-5.947519954900000130e+02
-5.966671357449999959e+02
-5.946394483919999630e+02
-6.021385530219999964e+02
-5.996267289080000182e+02
-5.822902694240000301e+02
-5.905310578080000141e+02
-5.935709446429999616e+02
-5.866820107349999489e+02
-5.959151100929999529e+02
-5.861965238750000253e+02
-5.919311250030000338e+02
-5.968015093779999916e+02
-5.808958820719999494e+02
-5.872547498169999471e+02
-5.811189596890000075e+02
-5.893680962079999972e+02
-5.990015879149999591e+02
-5.932907011590000366e+02
-5.885165151620000188e+02
-5.761710370770000509e+02
-5.900014481319999504e+02
-5.928564212459999681e+02
-5.944258149849999882e+02
-5.821703129320000016e+02
-5.840471230409999635e+02
-6.036715143769999941e+02
-6.041361324580000201e+02
-5.974259128779999628e+02
-6.005539551990000291e+02
-5.983580283549999876e+02
-5.917560169649999580e+02
-6.018203816190000452e+02
-5.921702726470000471e+02
-5.992496154010000282e+02
-5.819466732260000299e+02
-5.907491615349999847e+02
-5.705481285240000489e+02
-5.952124882179999759e+02
-5.982658834510000361e+02
-5.944770361869999533e+02
-5.989245542510000178e+02
-5.968009811470000159e+02
-5.985711015279999856e+02
-5.921281775910000533e+02
-5.825220351980000260e+02
-6.022704027419999875e+02
-5.991337480339999502e+02
-5.997951382410000178e+02
-5.970340823259999752e+02
-5.861255401829999983e+02
-5.947501228659999697e+02
-5.787993205290000560e+02
-5.956978301430000329e+02
-5.954576081980000026e+02
-5.963095790679999482e+02
-6.047707951200000025e+02
-5.895999688099999503e+02
-5.915252308650000259e+02
-5.866444163879999678e+02
-5.964022295659999600e+02
-5.929299734820000367e+02
-5.972309145130000161e+02
-5.951163883200000555e+02
-5.920358423530000209e+02
-5.972710574579999729e+02
-6.007991083399999752e+02
-5.926809422710000490e+02
-5.861096402800000078e+02
-6.005765535629999476e+02
-5.959756981839999526e+02
-6.000809703649999847e+02
-5.867742438989999982e+02
-5.888692067590000079e+02
-5.974294108120000146e+02
-5.959838394470000367e+02
-6.019872867349999979e+02
-5.861534768430000213e+02
-5.886328201600000511e+02
-5.969743472459999794e+02
-6.044417272809999986e+02
-5.979620935200000531e+02
-5.940257671790000131e+02
-5.992366996150000205e+02
-5.918335398250000026e+02
-5.878186244370000395e+02
-5.827465892550000035e+02
-5.885315299139999752e+02
-5.930791370880000386e+02
-5.893536435549999624e+02
-5.972503769810000449e+02
-5.894119172590000062e+02
-5.960551948109999785e+02
-5.912252710159999651e+02
-5.854395792080000547e+02
-5.921064416619999520e+02
-5.989121958519999680e+02
-5.943152996720000374e+02
-5.924540911640000331e+02
-6.009855161630000566e+02
-5.995323934399999644e+02
-5.770605095619999929e+02
-5.838001785229999996e+02
-5.971934376409999459e+02
-5.960586498310000252e+02
-5.991553724259999854e+02
-5.989276297679999743e+02
-6.025290671689999726e+02
-5.926171837269999969e+02
-5.764480914619999794e+02
-5.844930103450000161e+02
-5.980933541419999528e+02
-5.745707455880000225e+02
-5.886390746199999739e+02
-6.017387960859999794e+02
-5.893126426740000170e+02
-5.996524278299999651e+02
-6.008477378659999886e+02
-6.019581787549999490e+02
-5.961617228960000148e+02
-5.805792391520000137e+02
-5.942597450460000346e+02
-5.870974295339999571e+02
-5.933402023580000559e+02
-5.943888697139999522e+02
-5.918616038110000090e+02
-5.785068833819999554e+02
-5.955661868830000003e+02
-6.031090426450000450e+02
-5.996726257459999943e+02
-5.967902145150000024e+02
-5.989560041729999966e+02
-5.931757675210000116e+02
-6.021763726140000017e+02
-5.922060463929999514e+02
-5.929027757940000356e+02
-6.026880873950000250e+02
-5.849002655560000221e+02
-6.013922669040000528e+02
-5.972861512270000048e+02
-5.994928923530000020e+02
-5.897350988800000096e+02
-5.926174238810000361e+02
-5.880883801239999684e+02
-5.914606906950000393e+02
-5.998587440469999592e+02
-5.997452675120000549e+02
-5.935167279029999463e+02
-5.889634258300000056e+02
-5.996129941450000160e+02
-5.907891364199999771e+02
-6.007872945020000088e+02
-5.959319557329999952e+02
-5.937658679679999523e+02
-6.039168843559999686e+02
-5.983596270799999957e+02
-5.969636787969999432e+02
-5.949866165600000159e+02
-5.936172146530000191e+02
-5.896688689919999433e+02
-6.000015027169999939e+02
-5.979659892619999937e+02
-5.917424440400000094e+02
-5.992144231519999948e+02
-5.972313016010000410e+02
-5.815387476529999731e+02
-5.874072001279999995e+02
-6.030422912179999457e+02
-5.966785885140000119e+02
-5.846220936490000213e+02
-5.864363189790000206e+02
-6.032044924890000175e+02
-5.969154320610000468e+02
-5.924667522490000238e+02
-5.961750114850000273e+02
-5.939770714520000183e+02
-5.896842111920000207e+02
-5.952544748489999620e+02
-5.953603313580000531e+02
-5.968560499190000428e+02
-5.889767316889999620e+02
-5.966520922949999886e+02
-5.852293106040000339e+02
-5.975381066410000130e+02
-5.982779469250000375e+02
-6.006116046890000462e+02
-5.956338813559999608e+02
-5.960201307019999604e+02
-5.984365562120000277e+02
-6.031521206050000501e+02
-5.789646225579999737e+02
-5.907498495370000455e+02
-6.028280971990000126e+02
-5.991208322820000376e+02
-5.964214659750000465e+02
-5.798566993760000514e+02
-5.800416201880000244e+02
-5.912327583969999978e+02
-6.008791660189999675e+02
-5.878679428250000001e+02
-5.982807450830000562e+02
-5.898650598640000453e+02
-6.010127971970000544e+02
-5.855684830430000147e+02
-5.810765787530000352e+02
-6.038160999299999503e+02
-5.997291280509999751e+02
-5.805215392359999669e+02
-5.951990033509999876e+02
-5.947534154720000288e+02
-5.869493985130000056e+02
-6.010117823860000499e+02
-5.941840747820000388e+02
-5.949183217779999495e+02
-5.841407488639999883e+02
-5.946620241289999740e+02
-5.989259464949999483e+02
-6.019955058440000357e+02
-6.000520960710000509e+02
-5.957837952600000335e+02
-6.050107573169999569e+02
-5.942385696799999550e+02
-5.892443610289999469e+02
-5.988200249599999552e+02
-5.994715315280000141e+02
-5.826721262749999823e+02
-6.001198363390000168e+02
-5.907862756890000355e+02
-5.784511606219999749e+02
-5.886240951219999715e+02
-5.937532368820000102e+02
-6.021652277949999643e+02
-5.858525801060000049e+02
-5.991192026799999439e+02
-5.911221139409999523e+02
-5.943099227129999917e+02
-5.854051683220000086e+02
-6.031628925850000087e+02
-5.997525230799999463e+02
-5.968149154520000366e+02
-5.931953937910000150e+02
-5.880608349980000185e+02
-6.011546690339999941e+02
-6.025929448470000125e+02
-5.799195024609999791e+02
-5.963793471080000472e+02
-5.992873292230000288e+02
-5.977531986300000426e+02
-5.987129617240000243e+02
-5.943482505309999624e+02
-5.745586658030000535e+02
-5.715358132210000122e+02
-5.960788212380000459e+02
-5.924663594170000351e+02
-5.816105195979999962e+02
-5.953395954220000021e+02
-5.870123908530000563e+02
-6.023507951499999535e+02
-5.713228308259999721e+02
-5.989916746059999468e+02
-5.951975391580000405e+02
-5.938535436639999716e+02
-5.928191340289999971e+02
-6.032727638989999832e+02
-5.878765377610000087e+02
-5.629374616750000087e+02
-5.756777071789999809e+02
-5.940752802350000366e+02
-5.834239040420000038e+02
-5.912180668360000482e+02
-5.994474671919999764e+02
-5.916233444900000222e+02
-5.910498492589999842e+02
-5.912020086410000204e+02
-5.964734349039999870e+02
-5.932651626279999846e+02
-5.944617039669999485e+02
-5.947057747779999772e+02
-5.987138930339999661e+02
-5.938378383240000176e+02
-5.857666513410000562e+02
-5.999260775349999903e+02
-5.930172867799999494e+02
-5.895192202870000528e+02
-5.868563478429999805e+02
-5.790439530520000062e+02
-6.017427510449999772e+02
-5.965964337599999681e+02
-5.874501577129999532e+02
-5.798692239419999623e+02
-5.902215102599999454e+02
-5.988932932290000508e+02
-5.938447075660000110e+02
-5.932829218529999480e+02
-6.018676819199999954e+02
-5.943953409580000198e+02
-5.960830188789999511e+02
-5.867759171789999755e+02
-5.895150497880000557e+02
-5.950052324829999861e+02
-5.897221057880000217e+02
-5.894038608390000036e+02
-6.028538345440000512e+02
-5.947715085180000187e+02
-5.883468361269999605e+02
-5.977753787860000330e+02
-6.001942169349999858e+02
-5.910145008040000221e+02
-5.856902954879999470e+02
-5.923232766239999592e+02
-5.914377376879999701e+02
-5.942506295939999745e+02
-5.951419491619999462e+02
-5.831603414810000459e+02
-5.944169684129999496e+02
-5.954849465070000178e+02
-5.871819258420000551e+02
-5.909625669230000540e+02
-5.963084619630000134e+02
-5.800973883090000527e+02
-5.856295609119999881e+02
-5.897278263419999575e+02
-5.836820862590000161e+02
-5.759896512320000284e+02
-5.903926803949999567e+02
-5.947677445550000357e+02
-5.971383780329999809e+02
-5.999914446870000120e+02
-5.972329314410000052e+02
-6.018901195930000085e+02
-5.901335960989999876e+02
-5.801980137250000098e+02
-5.968224631399999680e+02
-6.004471530189999839e+02
-6.018195556939999733e+02
-5.909150585099999944e+02
-5.929373103110000329e+02
-5.879139112240000031e+02
-5.908915260679999619e+02
-5.916416037430000188e+02
-5.896881832169999598e+02
-5.835785329420000380e+02
-5.826937999489999811e+02
-5.672423320189999458e+02
-5.845517571029999999e+02
-5.993325688600000376e+02
-5.897653624199999740e+02
-5.973420586949999915e+02
-5.973204556839999668e+02
-5.996154049079999595e+02
-5.892915985439999531e+02
-5.976419234060000463e+02
-5.810891192289999481e+02
-5.889807117130000051e+02
-5.759247751340000150e+02
-5.719808370470000227e+02
-5.736375018449999743e+02
-5.853392856919999758e+02
-5.866185298630000489e+02
-5.862520417939999788e+02
-5.870766796460000023e+02
-6.015117692400000351e+02
-5.895778914439999880e+02
-5.943236533849999432e+02
-5.973784499949999827e+02
-5.978982861929999899e+02
-5.944857072209999842e+02
-6.021450385169999890e+02
-5.937866950439999982e+02
-5.815070568879999655e+02
-5.853178998299999876e+02
-5.902422368180000376e+02
-5.988554748340000060e+02
-5.957071727420000116e+02
-5.996304426489999742e+02
-5.978566768749999483e+02
-5.889162846750000426e+02
-5.860861062110000148e+02
-5.982674817130000520e+02
-5.858655240099999446e+02
-5.731154188680000061e+02
-5.876378003199999966e+02
-6.028939366829999926e+02
-5.947071751549999590e+02
-5.903623105279999663e+02
-5.905656052199999522e+02
-5.868475711759999740e+02
-5.965543521939999891e+02
-5.913497661129999869e+02
-5.966276856509999789e+02
-5.934001381450000281e+02
-5.906799574249999978e+02
-6.027003614540000171e+02
-5.896277440879999858e+02
-5.907529327570000532e+02
-6.022849757499999441e+02
-5.905116074860000026e+02
-5.811329166909999913e+02
-5.934017843149999862e+02
-5.924540932539999858e+02
-5.908711862169999449e+02
-5.985279561759999751e+02
-5.884763843880000422e+02
-5.815519549230000393e+02
-5.828472213200000169e+02
-5.922886097509999672e+02
-5.970643557529999725e+02
-5.870682311909999953e+02
-5.967616532770000504e+02
-5.973092265139999881e+02
-5.889787382370000159e+02
-5.979406938639999680e+02
-5.838969069239999499e+02
-5.839124502380000195e+02
-5.907303313160000471e+02
-5.661586370920000491e+02
-5.703908767499999612e+02
-5.556187052029999904e+02
-5.976374657410000282e+02
-6.048549464059999536e+02
-5.999593210379999846e+02
-6.027431735599999456e+02
-6.009398363950000430e+02
-5.970639150209999571e+02
-5.909143440550000150e+02
-5.842861688430000413e+02
-5.924166969460000018e+02
-5.895195615950000274e+02
-5.925973419509999758e+02
-5.919438127939999958e+02
-5.904837337410000373e+02
-5.955464762999999948e+02
-5.936998698339999692e+02
-5.912378374370000529e+02
-5.899240182190000041e+02
-5.852702771130000201e+02
-6.022337794960000110e+02
-5.863757152599999927e+02
-6.010979409410000471e+02
-5.983819885359999944e+02
-6.017253562879999436e+02
-6.009519903100000420e+02
-5.965131977620000043e+02
-5.923134583500000190e+02
-5.991296615060000477e+02
-5.970792055419999542e+02
-5.791926049449999709e+02
-5.959769446789999847e+02
-5.859595066260000067e+02
-5.775178200980000156e+02
-5.927443888899999820e+02
-6.044741862390000051e+02
-5.975999908420000111e+02
-5.966676371029999473e+02
-5.907077785970000150e+02
-5.948416092789999539e+02
-5.988030412519999572e+02
-5.987303521019999835e+02
-5.932494337570000198e+02
-5.854902939290000177e+02
-5.967812920210000129e+02
-6.017815885129999742e+02
-5.898204751179999903e+02
-5.761954674139999497e+02
-5.887749344759999985e+02
-5.886866269089999832e+02
-6.015330324000000246e+02
-5.965131863939999448e+02
-5.968459642750000285e+02
-5.984329076039999791e+02
-5.777014914799999588e+02
-6.028393510629999810e+02
-5.943785151009999481e+02
-5.748208051249999926e+02
-5.970451285619999453e+02
-5.826526103789999524e+02
-5.861265393620000168e+02
-5.936897864510000318e+02
-5.998492019080000546e+02
-6.015454125579999527e+02
-5.855885197769999877e+02
-5.840933150580000301e+02
-6.008863060930000302e+02
-6.032800248559999545e+02
-5.895714327680000224e+02
-5.989690198900000269e+02
-5.928104265380000015e+02
-5.988624315920000072e+02
-5.967870953899999904e+02
-5.930968003829999589e+02
-5.930154428629999757e+02
-5.863259794079999665e+02
-6.000104555789999949e+02
-5.977213873619999731e+02
-5.940075362830000358e+02
-6.036900268409999626e+02
-5.979458369090000360e+02
-5.946220077660000243e+02
-5.901320288690000098e+02
-5.918631470750000290e+02
-5.852318510349999769e+02
-5.969213383710000471e+02
-5.990619978390000142e+02
-5.978530775919999769e+02
-5.892474848560000282e+02
-6.029861197420000281e+02
-5.929737344899999698e+02
-5.937545518519999632e+02
-5.989008648379999613e+02
-5.929571806889999834e+02
-5.980375699359999544e+02
