-5.870918380000000525e+02
-5.807522091959999671e+02
-5.905013871710000330e+02
-5.926470008960000087e+02
-5.931498770560000366e+02
-5.988218018830000346e+02
-5.999102235760000212e+02
-5.950292141149999452e+02
-5.904094933459999766e+02
-5.918725240100000065e+02
-5.961920429150000018e+02
-5.937128368259999434e+02
-5.848415496679999706e+02
-6.056958498950000376e+02
-5.965266534720000209e+02
-6.026885939860000008e+02
-5.885114886699999488e+02
-5.881289503609999656e+02
-5.932979325789999621e+02
-5.908140214989999777e+02
-6.000140470630000209e+02
-5.921949935809999488e+02
-5.996705018760000030e+02
-5.587826844789999541e+02
-5.905877912070000093e+02
-5.929545381389999648e+02
-5.924042603020000115e+02
-5.875494794329999877e+02
-5.904080477390000397e+02
-5.916243982170000208e+02
-5.926473496370000476e+02
-5.762165370830000484e+02
-5.987309057569999595e+02
-5.888836716170000045e+02
-5.907354055009999456e+02
-5.995281163509999942e+02
-6.004672490650000327e+02
-5.978952210889999606e+02
-5.971454428800000187e+02
-6.020356153559999939e+02
-6.028432682349999823e+02
-6.033629027619999761e+02
-5.975552413010000237e+02
-5.989418408259999751e+02
-5.959882126769999786e+02
-5.951765510120000044e+02
-6.027499757330000421e+02
-5.890228779420000365e+02
-5.916616612829999440e+02
-6.024610119909999639e+02
-6.013035779959999445e+02
-5.840933307569999897e+02
-5.884525689329999523e+02
-5.979914635610000460e+02
-5.814133992069999977e+02
-5.957203929019999578e+02
-5.969846855660000529e+02
-5.927667806209999526e+02
-5.843772628279999708e+02
-5.835374399979999680e+02
-6.038815699570000106e+02
-5.978964908670000113e+02
-5.958453358650000382e+02
-5.993863514549999536e+02
-5.859540597940000453e+02
-5.941931920680000303e+02
-5.927544090589999541e+02
-6.008411348419999740e+02
-5.941274798120000469e+02
-6.049781888390000404e+02
-5.864247110269999439e+02
-5.963532500479999499e+02
-5.983862537789999578e+02
-5.864564825520000113e+02
-5.835628199499999482e+02
-5.888340089030000399e+02
-5.972918021179999641e+02
-6.018742839709999544e+02
-5.955026618480000025e+02
-5.930486709230000315e+02
-6.014157570449999639e+02
-6.002477932839999539e+02
-5.989055573819999836e+02
-6.009013831239999490e+02
-5.786797516960000394e+02
-5.894718276959999912e+02
-6.034819966190000287e+02
-5.960756024119999665e+02
-5.799623232769999959e+02
-5.928498899920000440e+02
-5.764261609889999818e+02
-5.902670745880000140e+02
-5.881386117429999558e+02
-5.862700095980000015e+02
-5.937059859170000209e+02
-5.882881511690000025e+02
-5.847131503220000468e+02
-5.972441678980000006e+02
-5.991168337479999764e+02
-5.926487052219999896e+02
-5.899136445149999872e+02
-5.934487012020000520e+02
-5.960021149870000272e+02
-6.021748594819999880e+02
-5.918167680159999691e+02
-5.958310159100000192e+02
-5.910813333569999486e+02
-5.996428889280000476e+02
-5.758548922359999551e+02
-6.002396509889999834e+02
-6.007609375439999440e+02
-5.927261756870000227e+02
-5.998083842979999645e+02
-5.872227735899999743e+02
-5.979816877340000474e+02
-5.945920183529999576e+02
-5.890838178899999775e+02
-5.972270846779999829e+02
-6.000878300130000298e+02
-5.898493044059999875e+02
-5.914574278249999679e+02
-5.912150912629999766e+02
-5.968343127540000523e+02
-5.817429817129999492e+02
-5.867429308399999854e+02
-5.901147623570000178e+02
-5.801666352070000130e+02
-5.750479435370000374e+02
-5.840020155460000524e+02
-5.758905820390000372e+02
-6.004355126299999483e+02
-5.962422252420000177e+02
-5.994883247239999946e+02
-5.840901717860000417e+02
-6.003867006169999740e+02
-6.053530635790000360e+02
-5.997422070720000420e+02
-5.906909206159999712e+02
-5.881025072270000464e+02
-5.919749858820000554e+02
-5.945731002630000148e+02
-5.860460350710000057e+02
-5.941371518839999908e+02
-5.920510425700000496e+02
-5.918794777870000416e+02
-5.807496336640000436e+02
-5.836610040540000455e+02
-6.018430388790000052e+02
-5.942156969699999536e+02
-5.959994845500000338e+02
-5.956210705409999946e+02
-5.824594553480000059e+02
-6.014732673529999829e+02
-5.968842875330000197e+02
-6.036546140550000246e+02
-5.918665208090000078e+02
-5.783750113180000199e+02
-5.931978217360000372e+02
-6.009748628410000038e+02
-5.893903758799999650e+02
-5.883768498179999824e+02
-6.032984605059999694e+02
-5.871360949950000077e+02
-5.973354637679999541e+02
-5.961135816419999855e+02
-5.999844398870000077e+02
-5.940403450920000523e+02
-5.934896356079999578e+02
-5.964299694420000151e+02
-5.995415997190000326e+02
-5.972054924860000256e+02
-5.986193385510000553e+02
-5.978619045120000237e+02
-5.819346245340000223e+02
-5.947281900340000220e+02
-5.983189416110000138e+02
-6.023673488580000139e+02
-5.905504741979999608e+02
-5.924723155760000282e+02
-5.959106528700000354e+02
-5.746499406259999887e+02
-5.877129257699999698e+02
-5.814323742179999499e+02
-5.948890529210000295e+02
-5.943515090299999883e+02
-5.888136998280000398e+02
-5.853616399600000477e+02
-6.054148530380000466e+02
-5.950442341960000476e+02
-5.823043168709999691e+02
-5.849031311700000515e+02
-5.877345376929999929e+02
-5.928086319929999490e+02
-5.866961694249999937e+02
-5.982434312819999604e+02
-5.985508515400000533e+02
-5.955065925889999789e+02
-5.877922201710000536e+02
-5.987661292989999993e+02
-6.000217682500000365e+02
-5.928528666710000152e+02
-5.894035414259999470e+02
-5.848956244329999663e+02
-5.850596768999999995e+02
-5.908923351250000451e+02
-5.998570238900000504e+02
-5.968436729060000516e+02
-5.988295169530000521e+02
-5.908199486480000360e+02
-5.990001737869999943e+02
-5.914026434859999881e+02
-5.961761103210000101e+02
-5.859078891110000313e+02
-5.991729281860000356e+02
-5.978049374629999875e+02
-6.034221617929999866e+02
-5.913109242909999921e+02
-5.951255086820000315e+02
-5.957092606630000091e+02
-5.975762492689999590e+02
-6.040794542180000235e+02
-5.986564055320000080e+02
-5.957914826700000503e+02
-5.996125081960000216e+02
-5.893617242870000155e+02
-5.914181298989999505e+02
-5.895759777010000562e+02
-5.946973061410000128e+02
-5.915457495990000325e+02
-5.876861215090000314e+02
-5.928541707159999987e+02
-5.999983341399999972e+02
-5.994114109160000226e+02
-5.951226921119999815e+02
-5.866648224770000297e+02
-5.881936387389999936e+02
-5.761671610019999434e+02
-5.920125439370000322e+02
-5.848503885139999738e+02
-5.890248816250000345e+02
-5.828673137360000283e+02
-5.850429863909999995e+02
-5.858476673320000145e+02
-6.006283303740000292e+02
-5.916123907769999732e+02
-5.936150411539999823e+02
-6.021445969080000395e+02
-5.957003573499999902e+02
-5.848613116469999795e+02
-6.023874556910000138e+02
-5.928186823590000358e+02
-5.994114861169999813e+02
-6.056900899080000045e+02
-6.021255043160000469e+02
-6.039117152490000535e+02
-5.906327125080000542e+02
-5.968674598730000298e+02
-5.994479659339999671e+02
-6.023064309540000067e+02
-6.002545794950000300e+02
-5.944873198760000150e+02
-5.841555629189999763e+02
-6.018640102709999837e+02
-5.682930222439999852e+02
-5.933200601089999964e+02
-5.993973137570000063e+02
-5.955991809610000018e+02
-6.052760113159999946e+02
-5.977290909749999628e+02
-5.871515566260000014e+02
-5.944747787009999911e+02
-5.860776054469999963e+02
-5.879476832139999942e+02
-5.853018005190000395e+02
-5.887759881619999760e+02
-5.983717000589999770e+02
-5.962542619629999763e+02
-5.910356729869999981e+02
-6.007710315880000280e+02
-5.972936176959999557e+02
-5.928386530080000512e+02
-5.838936357970000017e+02
-5.987213929240000425e+02
-6.009910728649999783e+02
-5.845507272840000041e+02
-5.863458512989999463e+02
-5.807524873349999552e+02
-5.985668429119999701e+02
-5.862054613120000113e+02
-5.913537139649999972e+02
-5.877624040010000499e+02
-5.870926516020000463e+02
-5.812549468839999918e+02
-5.860703554140000051e+02
-5.915920714710000539e+02
-6.002248131650000005e+02
-5.915821895699999686e+02
-5.905531395020000218e+02
-5.946519660950000343e+02
-5.949739853410000023e+02
-5.980843513910000411e+02
-5.991778556030000118e+02
-5.939283903829999645e+02
-6.002210184680000111e+02
-5.975577261099999760e+02
-5.942340531439999722e+02
-5.871453755930000398e+02
-5.912326065199999903e+02
-6.030905688980000150e+02
-5.891492184979999820e+02
-5.859561727469999823e+02
-5.966994744480000463e+02
-5.995444546669999681e+02
-5.908855871079999815e+02
-5.888429781739999953e+02
-5.684743379010000126e+02
-5.600230551309999782e+02
-5.966329033790000267e+02
-5.845961575329999960e+02
-5.912713100339999528e+02
-5.905687262070000543e+02
-5.805241457700000183e+02
-6.004983327109999891e+02
-5.987104384719999643e+02
-5.955997800310000230e+02
-5.932537179639999749e+02
-5.923613294719999658e+02
-5.904605101390000073e+02
-5.787959526780000488e+02
-5.918770703589999584e+02
-5.760476453439999887e+02
-5.867577113050000435e+02
-5.828164536120000321e+02
-5.852167424389999724e+02
-5.870683021989999588e+02
-5.898733249440000463e+02
-5.813159004560000085e+02
-5.872641839509999500e+02
-5.986375773449999542e+02
-6.043186886619999996e+02
-5.990207833770000434e+02
-6.010652085159999842e+02
-5.924102477699999554e+02
-5.870885480470000175e+02
-5.962742828409999447e+02
-5.798140915139999834e+02
-5.852236661739999590e+02
-5.967485912580000331e+02
-5.820833486579999771e+02
-5.931435403010000300e+02
-6.032257623169999761e+02
-5.914725210829999469e+02
-5.908742797370000517e+02
-5.874127682690000256e+02
-5.782579559550000567e+02
-5.981908970130000398e+02
-5.975899046749999570e+02
-5.903332382529999904e+02
-5.953866213769999831e+02
-5.981019143669999494e+02
-5.979593519190000279e+02
-5.965571786909999901e+02
-6.021927701560000514e+02
-5.931021812359999785e+02
-5.969989120120000052e+02
-5.961825527620000003e+02
-6.006258161690000179e+02
-5.865343851520000271e+02
-5.916956540060000407e+02
-5.868354132859999481e+02
-5.916806098759999486e+02
-5.910857266860000436e+02
-5.975007697229999621e+02
-5.909781678399999691e+02
-5.952169267919999811e+02
-5.934126856039999893e+02
-6.030068540710000207e+02
-5.949665943190000235e+02
-5.926322275539999964e+02
-5.958204448019999973e+02
-5.979822559250000040e+02
-5.997809452080000483e+02
-6.029178237849999960e+02
-5.952964788189999581e+02
-6.034203666030000477e+02
-6.041085796940000137e+02
-6.029446199019999995e+02
-5.982603310069999907e+02
-5.762724108749999914e+02
-6.003143266929999982e+02
-5.998725417269999980e+02
-5.900423764480000273e+02
-5.897190457990000141e+02
-6.035113834439999891e+02
-5.929919457480000347e+02
-5.975095704139999953e+02
-5.895840971869999976e+02
-5.729744042849999914e+02
-5.886603990979999708e+02
-5.897540060110000013e+02
-6.007783535930000198e+02
-5.949595727009999564e+02
-5.917254646459999776e+02
-5.897201575139999932e+02
-5.861690089579999494e+02
-5.827250281730000552e+02
-5.791580499240000108e+02
-5.968792443380000350e+02
-5.955205165229999693e+02
-5.881542527389999577e+02
-5.969628866660000313e+02
-5.952136042270000189e+02
-5.900004169200000206e+02
-5.881152157100000295e+02
-5.837690496110000140e+02
-5.920446801619999633e+02
-5.950965567680000277e+02
-5.703216422230000262e+02
-5.753589335870000241e+02
-5.968842122510000081e+02
-6.001780915189999632e+02
-5.874878384630000028e+02
-5.827150449399999843e+02
-5.953332662379999647e+02
-6.018411521790000052e+02
-5.976674230099999932e+02
-5.951997133710000298e+02
-5.968259578250000459e+02
-5.914679145920000565e+02
-5.873060094559999698e+02
-5.907421638910000183e+02
-5.961094123230000150e+02
-5.971170121669999844e+02
-5.889354022200000145e+02
-5.929206568619999871e+02
-5.965999386519999916e+02
-5.986471373529999482e+02
-5.827216140220000398e+02
-5.764845821870000009e+02
-5.944639366469999686e+02
-5.882325143309999476e+02
-6.012517942380000022e+02
-6.033964835929999708e+02
-5.818697461699999849e+02
-5.898284602019999738e+02
-5.730705298990000074e+02
-5.966163977100000011e+02
-5.961946933350000108e+02
-5.919806618149999622e+02
-5.940238284429999567e+02
-5.997421115170000121e+02
-5.898377251650000517e+02
-5.980601350700000012e+02
-5.976185828879999917e+02
-5.870862120939999613e+02
-5.914085152430000107e+02
-5.952761210579999442e+02
-5.969507464499999969e+02
-5.974884291600000097e+02
-5.960962772829999494e+02
-5.966427016970000068e+02
-5.877529606010000407e+02
-5.891592034599999579e+02
-5.769703359919999457e+02
-5.859764757389999659e+02
-5.942126944560000084e+02
-5.953698667239999622e+02
-5.762787636530000555e+02
-5.787927321700000221e+02
-5.866858618469999556e+02
-5.883953417410000384e+02
-5.659203799489999938e+02
-5.897942118739999842e+02
-6.048361415040000111e+02
-5.954600583989999905e+02
-5.875869967869999755e+02
-5.936666698860000224e+02
-5.977720846720000054e+02
-5.957299389610000162e+02
-5.963787482689999706e+02
-5.928337746490000200e+02
-5.953410360730000548e+02
-6.013534057540000504e+02
-5.990159436449999930e+02
-5.928249533709999923e+02
-5.836114998230000310e+02
-6.030809634460000552e+02
-5.989022493610000311e+02
-5.986525309370000514e+02
-5.846564599690000250e+02
-5.996264079979999906e+02
-5.988997991759999877e+02
-5.925367384249999532e+02
-5.935966984899999943e+02
-5.975552250929999900e+02
-5.867741156719999935e+02
-5.845676961660000188e+02
-5.916281435439999541e+02
-5.919817620110000007e+02
-5.951992947559999720e+02
-5.992104368970000223e+02
-5.884528619469999740e+02
-6.000504861670000309e+02
-5.832914102040000444e+02
-5.879992118789999722e+02
-5.936487124210000275e+02
-5.976692269809999516e+02
-5.916393939770000543e+02
-5.962930702520000068e+02
-5.973860438640000439e+02
-5.950209804600000325e+02
-5.762934914610000305e+02
-5.863646524869999439e+02
-5.898945290670000077e+02
-6.002434441890000016e+02
-5.841475581580000380e+02
-5.941656462989999454e+02
-5.967743179589999727e+02
-5.884424088329999449e+02
-5.758050205710000000e+02
-5.828902428620000364e+02
-5.902372761359999913e+02
-5.976537904919999846e+02
-5.896914888520000204e+02
-5.855523498689999542e+02
-5.998820115419999865e+02
-5.821790484050000032e+02
-5.985404241669999692e+02
-5.934192824990000190e+02
-5.913053909019999992e+02
-5.949104699849999633e+02
-5.885205396019999853e+02
-6.009281227300000410e+02
-5.943955546920000188e+02
-6.003084007590000510e+02
-5.928192304310000509e+02
-6.036241455150000093e+02
-5.979833104870000398e+02
-5.926639920720000418e+02
-5.715563864519999697e+02
-5.827241412920000130e+02
-5.784343573559999641e+02
-5.831674041840000200e+02
-5.844382966240000314e+02
-5.923085977040000216e+02
-5.931263713759999519e+02
-5.891930221750000101e+02
-5.972358341630000496e+02
-5.857966371909999452e+02
-5.938885092340000256e+02
-5.949496848689999524e+02
-5.880298628470000040e+02
-6.036312238299999535e+02
-6.048817329319999772e+02
-5.921552773030000481e+02
-5.967926587120000477e+02
-5.762657273669999540e+02
-5.987054797629999712e+02
-5.955276288549999890e+02
-5.956552650769999673e+02
-5.898071527439999500e+02
-5.981338391970000430e+02
-5.965835482410000168e+02
-5.952911175829999593e+02
-5.904872009440000511e+02
-5.978606228989999636e+02
-5.997337934869999572e+02
-5.885656818200000089e+02
-5.881536141650000218e+02
-5.882885906760000125e+02
-5.813716857709999886e+02
-5.767385643630000231e+02
-6.011566534180000190e+02
-5.840179986010000448e+02
-6.007825815009999815e+02
-6.003630289740000308e+02
-5.902119090720000258e+02
-5.967538810190000049e+02
-6.041029461050000009e+02
-5.957315897920000225e+02
-5.706762756919999902e+02
-5.997162504670000089e+02
-5.994605483970000250e+02
-5.755241746159999821e+02
-5.941814715470000010e+02
-5.990870846149999807e+02
-5.799623129169999629e+02
-5.791459832909999932e+02
-5.903722697010000502e+02
-5.944872049140000172e+02
-5.920317150339999444e+02
-6.006344730780000418e+02
-5.891403670030000512e+02
-5.928205596560000004e+02
-5.965042998440000019e+02
-6.002048239069999909e+02
-5.968363732870000149e+02
-5.952202463300000090e+02
-5.944907475679999607e+02
-5.897731591110000409e+02
-5.930596712039999829e+02
-5.854305371320000404e+02
-5.955939175070000147e+02
-5.966825728759999947e+02
-6.028415524710000000e+02
-5.889559154329999728e+02
-5.989193711230000190e+02
-5.847821121150000181e+02
-5.987405423120000023e+02
-5.945937313489999951e+02
-5.926229782660000183e+02
-5.818293403809999518e+02
-5.909572426109999697e+02
-5.960014445880000267e+02
-6.049729119639999908e+02
-5.902066267459999835e+02
-5.897233246299999792e+02
-5.738144691879999755e+02
-5.613902617630000123e+02
-5.949528042519999644e+02
-5.908787350669999796e+02
-5.936455543880000505e+02
-5.722845000380000329e+02
-5.883008645549999756e+02
-6.022662561820000064e+02
-5.945172163720000071e+02
-5.891835952200000293e+02
-5.935151804119999497e+02
-5.864441065649999700e+02
-5.909335061379999843e+02
-5.985097216789999948e+02
-5.919678809120000551e+02
-5.963098177140000189e+02
-5.964660182439999971e+02
-5.825650434960000439e+02
-5.808422285819999615e+02
-5.838064880330000506e+02
-5.961754190010000229e+02
-5.951061734310000020e+02
-6.031093927919999942e+02
-5.933481605990000389e+02
-5.889785121180000260e+02
-5.962459720729999617e+02
-5.788442022159999851e+02
-5.941175040489999901e+02
-5.781572486989999788e+02
-5.879483939489999784e+02
-5.746684709700000440e+02
-5.961289566970000351e+02
-6.005504893439999705e+02
-5.955402752449999753e+02
-5.972078000290000546e+02
-5.949026477539999860e+02
-5.927117537090000496e+02
-5.950371887400000332e+02
-6.033991617679999990e+02
-6.007042122819999577e+02
-5.968226686550000295e+02
-5.957936278219999622e+02
-5.891891970579999906e+02
-5.934874650799999927e+02
-5.960115994300000466e+02
-5.877877251019999676e+02
-5.981481659779999518e+02
-5.982991634979999844e+02
-5.934912627639999982e+02
-5.932918449180000380e+02
-5.826353805339999781e+02
-5.812428607790000115e+02
-5.889324794929999598e+02
-5.895552152059999571e+02
-5.865732678209999449e+02
-5.983093153459999485e+02
-5.927194650279999451e+02
-5.963613690800000313e+02
-5.930965684569999894e+02
-5.960234584119999681e+02
-5.905988600919999953e+02
-5.852464762880000535e+02
-5.970037483879999627e+02
-6.036524205969999457e+02
-5.889711731959999952e+02
-5.823750497160000350e+02
-5.830333104649999996e+02
-6.020370960770000011e+02
-5.890376448880000453e+02
-5.908432684460000246e+02
-5.993052031140000508e+02
-5.795528267890000507e+02
-5.918418818049999572e+02
-5.846197941299999457e+02
-5.975361304100000552e+02
-5.837840611230000150e+02
-5.973398798590000069e+02
-6.002889323519999607e+02
-5.867063412070000368e+02
-5.928502121039999793e+02
-5.887659110439999495e+02
-5.927031221339999547e+02
-5.894821094090000315e+02
-5.949094612180000468e+02
-5.900345422780000035e+02
-5.856781552400000237e+02
-5.988225027319999754e+02
-6.014895342319999827e+02
-5.966853492650000135e+02
-5.975414011730000539e+02
-5.995842870819999462e+02
-5.995365905109999858e+02
-5.940482740669999657e+02
-5.896245869020000328e+02
-5.968613953300000503e+02
-5.895667565769999783e+02
-5.989041632400000026e+02
-5.970550795310000467e+02
-5.991083845590000010e+02
-5.996080742980000196e+02
-5.928275058760000320e+02
-5.938179823140000053e+02
-6.007072332599999527e+02
-5.964402723590000051e+02
-5.901710193000000118e+02
-5.799930951159999495e+02
-5.929340715600000067e+02
-5.925510428500000444e+02
-5.990598922880000146e+02
-5.881138529190000099e+02
-5.972925242490000528e+02
-5.768247293169999921e+02
-5.873649315039999692e+02
-6.043978578600000446e+02
-5.990478486230000499e+02
-5.910610916829999724e+02
-5.883960706929999560e+02
-6.010097169599999916e+02
-5.868280834590000268e+02
-5.860853349230000049e+02
-5.919664353699999992e+02
-5.968712627310000016e+02
-6.011388792740000326e+02
-5.807422489640000549e+02
-6.002715983780000215e+02
-5.975312305219999871e+02
-5.832145490269999755e+02
-5.927687832489999664e+02
-5.839746777269999711e+02
-5.951480357640000420e+02
-5.985230152780000026e+02
-5.877519377859999850e+02
-5.960684144110000489e+02
-5.925279717800000299e+02
-5.891237185060000456e+02
-5.984403742189999775e+02
-6.049303688210000018e+02
-6.003683006070000374e+02
-5.890008538350000435e+02
-6.032408685679999962e+02
-6.048148166869999613e+02
-5.868031078269999625e+02
-5.896855341699999826e+02
-5.882317273329999807e+02
-5.907056687279999778e+02
-6.019497791170000482e+02
-5.829002390250000190e+02
-5.935184540420000303e+02
-6.019131912340000099e+02
-5.987239791409999725e+02
-5.941794778109999697e+02
-5.964876202450000164e+02
-5.994566052010000021e+02
-6.022675634329999639e+02
-5.879888428880000220e+02
-5.923165799849999757e+02
-5.896690805299999738e+02
-5.673925175489999901e+02
-6.030811406130000023e+02
-5.891442068830000380e+02
-5.796462400760000264e+02
-5.970647759290000067e+02
-5.788543238859999747e+02
-5.756414240909999762e+02
-5.843048555269999724e+02
-5.852426044809999439e+02
-5.893701641750000135e+02
-5.780433625980000443e+02
-5.891903515239999933e+02
-5.823098692170000277e+02
-5.888676971190000131e+02
-5.969388668130000042e+02
-5.962432736490000025e+02
-5.993018864870000471e+02
-6.009338839219999500e+02
-5.857094669099999464e+02
-6.029347256109999762e+02
-5.954295668810000279e+02
-5.897796016639999834e+02
-5.961944628129999728e+02
-5.881423602630000005e+02
-5.863668241789999911e+02
-5.970365393030000405e+02
-5.989583393110000316e+02
-5.979328754199999594e+02
-5.998176801690000275e+02
-5.944190226959999563e+02
-5.979928817490000483e+02
-6.006181057930000406e+02
-5.920909592159999875e+02
-5.965976230530000066e+02
-5.981690289849999544e+02
-5.996830636769999501e+02
-5.972336814999999888e+02
-5.980179265330000362e+02
-5.910035292339999842e+02
-5.895876837329999489e+02
-5.940761281569999710e+02
-5.960399922069999548e+02
-6.034081160309999632e+02
-5.755854755719999503e+02
-5.786528583020000269e+02
-5.858480150850000427e+02
-5.924012456899999961e+02
-5.813467053279999845e+02
-5.930179559550000477e+02
-5.939351178499999833e+02
-6.017293897409999772e+02
-5.809704001650000009e+02
-6.000803987580000012e+02
-5.999524567930000103e+02
-5.916833061639999869e+02
-5.971650576270000101e+02
-5.887843476870000359e+02
-5.975652872250000200e+02
-5.798691447720000269e+02
-5.933807197730000098e+02
-5.639627768159999732e+02
-6.010046117289999756e+02
-5.954372187190000432e+02
-5.914790879700000232e+02
-5.873030383510000547e+02
-5.891597104500000341e+02
-5.945256356129999631e+02
-5.850848760149999634e+02
-5.955787758660000009e+02
-5.927036420770000404e+02
-5.933508604439999772e+02
-5.914142377699999997e+02
-5.988910312069999691e+02
-5.955805906509999659e+02
-5.891751273590000437e+02
-5.988915986800000155e+02
-5.992613144629999624e+02
-5.840550974129999986e+02
-5.964664103369999566e+02
-5.703407417619999933e+02
-5.923198173389999965e+02
-5.748631105069999876e+02
-5.919578624010000567e+02
-6.006663608960000147e+02
-5.959515232889999652e+02
-5.998212212060000184e+02
-5.872193673450000233e+02
-5.927145918459999621e+02
-6.043070052130000249e+02
-5.906777440219999562e+02
-6.020006596560000389e+02
-5.976269521059999761e+02
-5.969846875309999632e+02
-5.979372597880000058e+02
-5.747146055539999452e+02
-5.998073246819999440e+02
-5.914850634470000159e+02
-5.945749569629999769e+02
-6.024432932299999948e+02
-5.919010088620000261e+02
-5.959751040779999585e+02
-5.962713964189999842e+02
-5.918934580549999964e+02
-5.991285292310000159e+02
-6.018996507839999595e+02
-5.969721925019999844e+02
-5.880531174950000377e+02
-5.854711097699999982e+02
-5.956974009880000267e+02
-5.884249052359999723e+02
-5.879683869550000281e+02
-5.986949270699999488e+02
-5.899126733849999482e+02
-5.852059613290000470e+02
-5.977782740750000130e+02
-5.765969511710000006e+02
-5.948066240269999980e+02
-5.969320120070000257e+02
-5.971665146670000013e+02
-5.986973464769999964e+02
-6.020313523239999540e+02
-5.876735831129999497e+02
-5.929488616170000341e+02
-5.952689674590000095e+02
-6.002079981389999830e+02
-5.920534899570000107e+02
-5.942964798120000296e+02
-6.027317934599999489e+02
-6.002245751990000144e+02
-5.974698323960000153e+02
-5.974700262720000410e+02
-6.023944023520000428e+02
-6.008223744919999945e+02
-5.957871752710000237e+02
-5.904727274230000376e+02
-5.922090093599999818e+02
-6.005370579159999807e+02
-5.937047182860000021e+02
-5.900713053629999649e+02
-5.953286837580000110e+02
-6.050254174079999530e+02
-5.909598931530000527e+02
-5.794586740700000291e+02
-5.954206785979999950e+02
-5.886052489390000346e+02
-5.922978157100000089e+02
-5.812650218830000313e+02
-5.911858086219999677e+02
-5.840553888770000412e+02
-5.926728272650000235e+02
-5.835987467910000532e+02
-5.922786747180000475e+02
-5.859913041590000375e+02
-5.951456773260000546e+02
-5.974105017870000438e+02
-5.871886660320000146e+02
-5.963052928460000430e+02
-5.976909524129999909e+02
-5.874820784080000067e+02
-5.983087346400000115e+02
-5.854014607740000429e+02
-5.839865072679999685e+02
-5.912792730400000210e+02
-5.917652832659999831e+02
-5.778866627889999563e+02
-5.907742596860000504e+02
-5.897819902080000247e+02
-5.844182395980000138e+02
-5.793028458789999604e+02
-5.872215390349999780e+02
-5.945335767090000445e+02
-5.941399144629999682e+02
-5.790105018550000295e+02
-5.796867854509999916e+02
-5.923692737300000317e+02
-5.784285671100000172e+02
-6.017753070290000323e+02
-5.920754774299999781e+02
-5.995044481009999799e+02
-5.934197126049999724e+02
-5.884213057279999930e+02
-5.766214353190000566e+02
-5.869921029250000402e+02
-5.925253541419999692e+02
-5.972873344800000268e+02
-5.916759383429999843e+02
-5.934467506119999598e+02
-5.980027547529999765e+02
-5.958603031320000127e+02
-5.970424808029999895e+02
-6.026269950140000446e+02
-5.831955923530000518e+02
-5.980224905679999665e+02
-5.964103300689999969e+02
-5.960468866019999723e+02
-5.912864125859999831e+02
-5.938071585129999903e+02
-5.907783414880000237e+02
-5.950793035689999897e+02
-5.981641263540000182e+02
-5.652697999839999738e+02
-5.928198117709999906e+02
-5.986545820640000102e+02
-6.002169568450000270e+02
-5.995216926670000248e+02
-5.996536366540000245e+02
-5.998192537569999558e+02
-6.000154596080000147e+02
-5.875197154229999796e+02
-5.982076130039999953e+02
-5.878785999760000323e+02
-5.951143104379999613e+02
-5.956273964150000211e+02
-5.951699608549999994e+02
-5.961245333560000290e+02
-5.888258477829999720e+02
-6.011313702810000450e+02
-5.911924514810000346e+02
-5.960873804730000529e+02
-6.006693698240000003e+02
-5.737859015069999487e+02
-5.883906061120000004e+02
-6.055752662219999820e+02
-6.021956148399999620e+02
-5.880418348949999654e+02
-5.968890235999999732e+02
-5.964771793370000523e+02
-5.891639708899999732e+02
-5.794379211100000475e+02
-5.968084114120000550e+02
-6.014582818090000274e+02
-5.995596584219999841e+02
-5.923703653850000137e+02
-5.977392767909999520e+02
-5.863845254929999555e+02
-6.034151291700000002e+02
-5.893249784859999636e+02
-5.944448207130000128e+02
-5.944627685379999775e+02
-5.957295103950000339e+02
-5.911152056240000547e+02
-5.977595180219999520e+02
-5.785435846730000549e+02
-5.931259174150000035e+02
-5.786119001700000126e+02
-6.005607174059999807e+02
-6.041882386300000007e+02
-5.816009396040000183e+02
-5.791620387909999863e+02
-5.992360649519999924e+02
-5.799762043189999758e+02
-5.930451641250000421e+02
-5.950103597060000311e+02
-5.973502240369999754e+02
-5.906555940450000435e+02
-5.909802467929999921e+02
-5.893214137610000307e+02
-5.948733573529999603e+02
-5.861153707270000268e+02
-6.022471474789999775e+02
-6.029881998240000485e+02
-5.977351977130000478e+02
-5.990914967879999722e+02
-5.869574109569999791e+02
-5.996457701629999519e+02
-5.860847902740000563e+02
-5.922034780120000050e+02
-5.971811671949999436e+02
-5.887982509490000211e+02
-6.000026490420000300e+02
-5.858506955589999734e+02
-5.828795056989999921e+02
-5.906474074940000492e+02
-5.959547614089999570e+02
-5.851686347080000132e+02
-5.948873788170000125e+02
-5.983900513319999845e+02
-5.944162153119999630e+02
-5.933566003129999444e+02
-5.897299803500000053e+02
-5.986664901469999904e+02
-5.968416258879999532e+02
-5.941849493790000452e+02
-5.860525638049999770e+02
-5.921257805230000031e+02
-5.967543168480000304e+02
-5.937738584390000369e+02
-5.997490130669999644e+02
-5.988656513639999730e+02
-6.005843497030000435e+02
-5.852589772000000039e+02
-5.970827551979999726e+02
-5.933258810219999759e+02
-5.990304075760000160e+02
-6.005027919589999783e+02
-5.851410644019999836e+02
-5.929806221640000103e+02
-5.835601495260000320e+02
-6.023364753270000165e+02
-6.025766946879999750e+02
-6.013320383269999638e+02
-6.040221640280000202e+02
-5.940754146540000420e+02
-5.970575496019999946e+02
-5.781892437190000464e+02
-6.071735003459999689e+02
-6.043725746659999913e+02
-5.923936111809999829e+02
-6.020752944070000012e+02
-6.062790919379999650e+02
-5.934673643920000359e+02
-6.005296780420000005e+02
-5.864605132140000023e+02
-5.802218189290000510e+02
-5.844332799170000499e+02
-5.849722278899999992e+02
-5.939081998679999970e+02
-5.931747323829999914e+02
-6.012288455269999758e+02
-5.983963662730000124e+02
-5.980842350379999743e+02
-5.866098172890000342e+02
-5.964758735939999497e+02
-5.990285898119999501e+02
-5.908510377090000247e+02
-5.981551313889999619e+02
-5.835317535000000362e+02
-5.882272435720000203e+02
-5.902307757869999705e+02
-5.941612443860000212e+02
-5.874182642199999691e+02
-5.942568695229999776e+02
-5.971495531560000245e+02
-5.997118888669999706e+02
-5.934376001240000278e+02
-5.748037008259999538e+02
-5.940099272649999875e+02
-6.004001941450000004e+02
-5.882072528789999524e+02
-5.988592542300000332e+02
-5.992908841510000002e+02
-5.916854077609999649e+02
-5.855248157800000399e+02
-5.910251549539999587e+02
-6.040940236129999903e+02
-5.987489477760000227e+02
-6.026385145640000474e+02
-5.920404369100000395e+02
-5.916417923980000069e+02
-5.966001043950000167e+02
-5.994302629190000289e+02
-5.957842714500000056e+02
-6.033814536380000391e+02
-5.982577206140000499e+02
-5.962423192640000025e+02
-6.010985073929999771e+02
-5.877955828579999888e+02
-5.937172122499999887e+02
-5.789007446250000157e+02
-5.906264376010000205e+02
-5.745877424609999480e+02
-5.781577867610000112e+02
-5.869801930119999724e+02
-5.816934069860000136e+02
-5.945595027959999470e+02
-5.864419356849999758e+02
-5.918175696509999852e+02
-5.981750788340000327e+02
-5.993165782580000496e+02
-6.025335046679999778e+02
-6.002745588469999802e+02
-6.006968487899999900e+02
-5.919066045319999603e+02
-5.985021672730000546e+02
-5.947888335630000256e+02
-5.961984014610000031e+02
-5.921128413850000243e+02
-5.895397322380000560e+02
-5.731441506840000102e+02
-5.792573593719999963e+02
-5.915335378710000214e+02
-5.971039615780000531e+02
-5.994878196470000375e+02
-5.933021064109999543e+02
-5.902290327189999743e+02
-5.882381986220000272e+02
-5.982254574659999662e+02
-5.797408361320000267e+02
-5.977970152840000537e+02
-5.978020616559999780e+02
-5.948782484910000221e+02
-5.910682763529999875e+02
-5.867352355220000391e+02
-5.936685713939999687e+02
-5.969890211939999745e+02
-6.038609583579999480e+02
-6.016577985369999624e+02
-5.997995352890000049e+02
-5.993351840479999737e+02
-5.880887426259999984e+02
-6.003666119719999870e+02
-5.945882566940000515e+02
-5.950919444229999726e+02
-5.913363329510000312e+02
-5.801412742700000535e+02
-5.940749264679999442e+02
-5.881489866870000469e+02
-5.992379269210000530e+02
-5.936574975199999926e+02
