4.864185132167566650e+00
4.852342114896681657e+00
4.759799575612402300e+00
4.693595636609527944e+00
4.667764025740804179e+00
4.619791120819208174e+00
4.601814750726065384e+00
4.655481285538585645e+00
4.652151867684459319e+00
4.632817932964773178e+00
4.582914793011102716e+00
4.586322055852598112e+00
4.539857817156832454e+00
4.508827009322935453e+00
4.493038504175097536e+00
4.539752966847425242e+00
4.528779195324055706e+00
4.565466022215038500e+00
4.596080612870056648e+00
4.565610692996063591e+00
4.556242969816249655e+00
4.544964906355163592e+00
4.590524479838878236e+00
4.591649594644608534e+00
4.603484115319613323e+00
4.600537903332608813e+00
4.637099308835211708e+00
4.673707842816022584e+00
4.675357847266880640e+00
4.698047892476193255e+00
4.671409316255641819e+00
4.652767885893299038e+00
4.649219934569669199e+00
4.631512711846961672e+00
4.641130573470218401e+00
4.671578534071754163e+00
4.651461490757502482e+00
4.649364042533129293e+00
4.628961546610643296e+00
4.608382471106320821e+00
4.651456116099559779e+00
4.695217673335283948e+00
4.753772922637344855e+00
4.744730129311887978e+00
4.761005986133603152e+00
4.729033516480931176e+00
4.713232542533839720e+00
4.705331656748544589e+00
4.671063690424269943e+00
4.652445163567218600e+00
4.649495779114118044e+00
4.627060946216291271e+00
4.657706087764662328e+00
4.685784779521996235e+00
4.924648007726034393e+00
4.949677363222779292e+00
4.814200764405240029e+00
4.820843287226831642e+00
4.839761461063964099e+00
4.865067419882277200e+00
4.828362248216262920e+00
4.829986956504127349e+00
4.870826726542425433e+00
4.895805245309498233e+00
4.892422099533113133e+00
4.851979389898518846e+00
4.895904615083916944e+00
4.850072267502826051e+00
4.817070582833513193e+00
4.791517087520402285e+00
4.759081108785601977e+00
4.755488303003173378e+00
4.784960814886574987e+00
4.797695384244398120e+00
4.808489263791695834e+00
4.821827558094544663e+00
4.825562765108335483e+00
4.796330889336139158e+00
4.782619156905554725e+00
4.686395309830360567e+00
4.621202116332934651e+00
4.605694301622721198e+00
4.564031989370802123e+00
4.511775814465963208e+00
4.458332535825473286e+00
4.439465733621558385e+00
4.446294974470317740e+00
4.412221435966241501e+00
4.402368567032977964e+00
4.300129300381559716e+00
4.241986916528620810e+00
4.223563779558679343e+00
4.244606106578088678e+00
4.275525230892691653e+00
4.225941906841597984e+00
4.212527269941405805e+00
4.196212578027953555e+00
4.151976156000898754e+00
4.184994743126924988e+00
4.204426952629811254e+00
4.175292325095333545e+00
4.130847612778762112e+00
4.098765301892754565e+00
4.114704606651612195e+00
4.100295964927409997e+00
4.057977575098216327e+00
4.045695984623659314e+00
4.014927770209570923e+00
3.972053121497747252e+00
4.910962125693905556e+00
3.924692217231817715e+00
3.852270629122517942e+00
3.862915479272100772e+00
3.870008397923704990e+00
3.865722312841417985e+00
3.844760070537562413e+00
3.840083072018103838e+00
3.844798174156869752e+00
3.842381292896372980e+00
3.806355212010565925e+00
3.788055569814149592e+00
3.761373153517209467e+00
3.744916955020498595e+00
3.717956562414359123e+00
3.708449136768630527e+00
3.661458998814543619e+00
3.647130652992842670e+00
3.623239710535310465e+00
3.590663169945073285e+00
3.549513910382659621e+00
3.501340600398653358e+00
3.423925232828544551e+00
3.362975616920229616e+00
3.395793574409375459e+00
3.408699752104899172e+00
3.377947009649500121e+00
3.339063042232056855e+00
3.286347060187039482e+00
3.240467558856283681e+00
3.264908421380299686e+00
3.244794446494261297e+00
3.209243212970933623e+00
3.166654543836444624e+00
3.090296587708047493e+00
3.024122021347683820e+00
3.023150178208155126e+00
3.002876953856085329e+00
2.943065748501041856e+00
2.895956318731344847e+00
2.842428011401519683e+00
2.792142188356459886e+00
2.754589806123590723e+00
2.697111788561979306e+00
2.708399896617927460e+00
2.707107127544087000e+00
2.710105901989809940e+00
2.713705584620409894e+00
2.749814721031218934e+00
2.744756637663893439e+00
2.700380899058500983e+00
2.706502355439580398e+00
2.719340728926773920e+00
2.704712554043405159e+00
2.760234953767522814e+00
2.733341727629386764e+00
2.740613252540387013e+00
2.708439587659285497e+00
2.681910140179943003e+00
2.686576632072869231e+00
2.749763989872585412e+00
2.734706017106774745e+00
2.720109924249385802e+00
2.718236560713581440e+00
2.705576463528613917e+00
2.704870791738489100e+00
2.679540818871770647e+00
2.712779755158903683e+00
2.712220676862412194e+00
2.726347556713927034e+00
2.736414259574013741e+00
2.750487411350940548e+00
2.746793221194489210e+00
2.772974035219226696e+00
2.721330189447800141e+00
2.702121018755451853e+00
2.688434674675953762e+00
2.728510399467079406e+00
2.733635491428950459e+00
2.702456845168854649e+00
2.691648008191264374e+00
2.721464679175535917e+00
2.746921549662457718e+00
2.750602297679546560e+00
2.741579107011139715e+00
2.673552505562589054e+00
2.661103154708587937e+00
2.692654081013749590e+00
2.697669549815173262e+00
2.728573620043996950e+00
2.758585325850915204e+00
2.741229468687362836e+00
2.730069779327993551e+00
2.735608341850126912e+00
2.734826319896749958e+00
2.725348234629842548e+00
2.729697785470032834e+00
2.714554475415809076e+00
2.692470055543793706e+00
2.721692488140422306e+00
2.733281178364201480e+00
2.725458860449007314e+00
2.700838943735816677e+00
2.767694708597753017e+00
2.802674615434335159e+00
2.793335819410190268e+00
2.761984974615177446e+00
2.762937024255167628e+00
2.743587614784700257e+00
2.747065525246895401e+00
2.752131719231476037e+00
2.733989392810440400e+00
2.707482409915159760e+00
2.722136109749106581e+00
2.758351137908297446e+00
2.807450979091175913e+00
2.774812786477675264e+00
2.734309967798091545e+00
2.747917939094979722e+00
2.716682719788971134e+00
2.719813228881718725e+00
2.689627855298944326e+00
2.699293611299074414e+00
2.716577994462886725e+00
2.707424237167126879e+00
2.718448454541671389e+00
2.719181126736503362e+00
2.738819636266689006e+00
2.743554081843476489e+00
2.731734430723455009e+00
2.760465540447842869e+00
2.768858609607937282e+00
2.749131681094959756e+00
2.691812400595554156e+00
2.764799088541516348e+00
2.746525077256714020e+00
2.783846978553239371e+00
2.796114625690441891e+00
2.801115849085860532e+00
2.761253519689925273e+00
2.718991540994565081e+00
2.694090013344023316e+00
2.741376661460442232e+00
2.772477051302679740e+00
2.747054786494073308e+00
2.718647090006351075e+00
2.771965728503871684e+00
2.794424806646262471e+00
2.739333860631083972e+00
2.706042497818539339e+00
2.741328692440948789e+00
2.756496689640675068e+00
2.792849978068997263e+00
2.786608153293175238e+00
2.810455123285195089e+00
2.816890129202770154e+00
2.821280205863998081e+00
2.787457084871442170e+00
2.736438926780570657e+00
2.746244890755374701e+00
2.773915283493711748e+00
2.733989209927500941e+00
2.741169276057208393e+00
2.756235294745352782e+00
2.764641025522120099e+00
2.703114130035948026e+00
2.712084438213530291e+00
2.748598370078829678e+00
2.759958514180965050e+00
2.786931287276383173e+00
2.832957818252859195e+00
2.858426140378652391e+00
2.825950636511544101e+00
2.787670353538954870e+00
2.754860976528579641e+00
2.739487178287206337e+00
2.769742587317456817e+00
2.757368310545400991e+00
2.743965196572288878e+00
2.764498869596441200e+00
2.760237308638516129e+00
2.754544971497107753e+00
2.716744743254323247e+00
2.739633552137949568e+00
2.805191615558552343e+00
2.856356245288742102e+00
2.886429108777833985e+00
2.873944153945932278e+00
2.870391088336222030e+00
2.857644834474711626e+00
2.878465216048302633e+00
2.852147611888276479e+00
2.871264007366790327e+00
2.849769990718548751e+00
2.839104612373414938e+00
2.833552893453729293e+00
2.804582500123681488e+00
2.771044027077159022e+00
2.770868095020042610e+00
2.736843802631053091e+00
2.730579059467057590e+00
2.805505123859159955e+00
2.780627626993589896e+00
2.769992960279862970e+00
2.791607601365206470e+00
2.826525428861378586e+00
2.873573037178627665e+00
2.935030153167084155e+00
2.877819487042229341e+00
2.798933010988294168e+00
2.809551921570413224e+00
2.796596860471669999e+00
2.824656616298696132e+00
2.871519806652916174e+00
2.878939388038588287e+00
2.853218007794006805e+00
2.872308827406969467e+00
2.882868363279877499e+00
2.863776003810353910e+00
2.916821900630890418e+00
2.898043995525257710e+00
2.848036516619827374e+00
2.802037116099642233e+00
2.787237700663507844e+00
2.790651536827914114e+00
2.762333976911554245e+00
2.828197482496581205e+00
2.834509834168863929e+00
2.813034838035248786e+00
2.823763092045790124e+00
2.844387631811107209e+00
2.833506308445421507e+00
2.792235126202662787e+00
2.805299271022612118e+00
2.777269522390652057e+00
2.774692775786177013e+00
2.814481302123004181e+00
2.841372203707215771e+00
2.859014340642592966e+00
2.869878743083059014e+00
2.879607438523521967e+00
2.912787153226270132e+00
2.914674767448333981e+00
2.919585929545489567e+00
2.891943809965885404e+00
2.903741207477002373e+00
2.931740268168378627e+00
2.880632222273436849e+00
2.896012603563734800e+00
2.885077815241730903e+00
2.889938926690320375e+00
2.883691731097483668e+00
2.940518661732993699e+00
2.912495321884655208e+00
2.830352628207305266e+00
2.875782502207008040e+00
2.931689103571522903e+00
2.950334387827929117e+00
2.931736857223035564e+00
2.912188524117214516e+00
2.931539868396812576e+00
2.943967560962585939e+00
2.912167749289178431e+00
2.866772401150813554e+00
2.804341990556786346e+00
2.755993650210391888e+00
2.778042116311413512e+00
2.805677814717862262e+00
2.784227900154727209e+00
2.795083898561901758e+00
2.781394254685948031e+00
2.759189192498404886e+00
2.788698262630792790e+00
2.800780248430783548e+00
2.754647164338837939e+00
2.725421251843465065e+00
2.791166960251572071e+00
2.806006414818041694e+00
2.799850888886763478e+00
2.798439207844257925e+00
2.807946402622385929e+00
2.821123712282040064e+00
2.748668404882625982e+00
2.722381677869581740e+00
2.714293646604950094e+00
2.708711501803025001e+00
2.750349795935055131e+00
2.713342403752242671e+00
2.731159094597017223e+00
2.835492373468848193e+00
2.827377760399200302e+00
2.760688319966598581e+00
2.717700130625158028e+00
2.718735367776716760e+00
2.791143493265797471e+00
2.804665042389197449e+00
2.808157759101151285e+00
2.792758671994413522e+00
2.799364749367255989e+00
2.798624126244895205e+00
2.767852777876742554e+00
2.749236985056035198e+00
2.734141364304340183e+00
2.700637887610998877e+00
2.708854001233732323e+00
2.740304362657549397e+00
2.756663563077656587e+00
2.748462297358288176e+00
2.770319115192327430e+00
2.772646028615985969e+00
2.763106404031520746e+00
2.791642348152785669e+00
2.777769788877400892e+00
2.741302245284164663e+00
2.753213940107089197e+00
2.757987309615474114e+00
2.782295095779741434e+00
2.750378155817850168e+00
2.772590665785341191e+00
2.736954511861679151e+00
2.726729359507467088e+00
2.731923498196829225e+00
2.774889006789280188e+00
2.707396535419220651e+00
2.720628420052984886e+00
2.772412306999087139e+00
2.821257521035611227e+00
2.820345546205287324e+00
2.837974806089722968e+00
2.863038595618298210e+00
2.819180909413228964e+00
2.740358735640281651e+00
2.762613979549079168e+00
2.729773067491141791e+00
2.742344617293749121e+00
2.736610494754414091e+00
2.742875498450485505e+00
2.769105270660543017e+00
2.742806227205997427e+00
2.734249439974341556e+00
2.755178941557153927e+00
2.751928414766634301e+00
2.782432568814561247e+00
2.793455924119798706e+00
2.911408765529155396e+00
2.953155261749710547e+00
2.947795956303624898e+00
2.907637013108754331e+00
2.888940636288672703e+00
2.888193379952249895e+00
2.863315735297104592e+00
2.865967375948302642e+00
2.826948885282505319e+00
2.878401466091900396e+00
2.871788989462840114e+00
2.878679732099422406e+00
2.903311557514969721e+00
2.885922729388297192e+00
2.857382368532429773e+00
2.876272240244306388e+00
2.892043222360274335e+00
2.909101063902730822e+00
2.904368261773978332e+00
2.935975817339100846e+00
2.939005273897955739e+00
2.884166777424634009e+00
2.815735427912217759e+00
2.812675061218412154e+00
2.840852864898145036e+00
2.826607153461548894e+00
2.851875698553497873e+00
2.851999649368842427e+00
2.823156389575327996e+00
2.831056516567622250e+00
2.803284145426574892e+00
2.807681962046271629e+00
2.770020397036816018e+00
2.735222842841145585e+00
2.766448264471974117e+00
2.751998909883504929e+00
2.758589494651207286e+00
2.769276620346909024e+00
2.816745817428331744e+00
2.857645534351662242e+00
2.831967690493661038e+00
2.773944844440855206e+00
2.780814808648717218e+00
2.812330883804393000e+00
2.799645334680805675e+00
2.817674750570051234e+00
2.796595430161466833e+00
2.825376789031862845e+00
2.875422403752185829e+00
2.864163054017700105e+00
2.874617365841930727e+00
2.883542439431054927e+00
2.866476931705538522e+00
2.899191266543137413e+00
2.897743259848946540e+00
2.888103010628256584e+00
2.866986048099990469e+00
2.839389723162355939e+00
2.820259917099840585e+00
2.809111959320952145e+00
2.859047918451175896e+00
2.862296630330267266e+00
2.905638311972087440e+00
2.882696827625131686e+00
2.850304194292251125e+00
2.803596261946431412e+00
2.744150323870760300e+00
2.774925764772816272e+00
2.745538562832436913e+00
2.736108367736920677e+00
2.786812516119446581e+00
2.877365809208137559e+00
2.911348484809058501e+00
2.895832868105478131e+00
2.834561165330534926e+00
2.775172066737484400e+00
2.774011715908928810e+00
2.795541807950652213e+00
2.803484617400280765e+00
2.763520580708600516e+00
2.753954611100189798e+00
2.723042966976466861e+00
2.738543225877583254e+00
2.749926180827405364e+00
2.757043706581380871e+00
2.791041740999228082e+00
2.832938756838912386e+00
2.867292276695907027e+00
2.889906745900288954e+00
2.890216081887304167e+00
2.890394090777242297e+00
2.875415448243957339e+00
2.882422765660859643e+00
2.910277649984619686e+00
2.879414871115310692e+00
2.888760460820523068e+00
2.884458354700237148e+00
2.914088193586460207e+00
2.951740164716400550e+00
2.912424591298459653e+00
2.920304264969662000e+00
2.857647633981488688e+00
2.852134639178172115e+00
2.870706010722797519e+00
2.898306056992601576e+00
2.925423217245668894e+00
2.901216469000546194e+00
2.909270183396515996e+00
2.896302988293869785e+00
2.882721457234465490e+00
2.843911918467236788e+00
2.817443876992051344e+00
2.746714946986672956e+00
2.718051875884637703e+00
2.738426555524175576e+00
2.769850176453592550e+00
2.850685882379888181e+00
2.885912507336284349e+00
2.876282496556971324e+00
2.879552916686894282e+00
2.893173344270957958e+00
2.933443539596424454e+00
2.928066256080964713e+00
2.889620909392787595e+00
2.911227576126606653e+00
2.962219606983925502e+00
2.945281480605886681e+00
2.937968005271670346e+00
2.914439397208320237e+00
2.953862217504398036e+00
2.954567650266279433e+00
2.919379899910253595e+00
2.896707268606891983e+00
2.906206806130630316e+00
2.886321880871917323e+00
2.907936897527179987e+00
2.887259427207745865e+00
2.857482983326410153e+00
2.835027513094008800e+00
2.859545768124720944e+00
2.894337575335675705e+00
2.896840520291029009e+00
2.882035565360011375e+00
2.869975958087453982e+00
2.861121633206110459e+00
2.833845620354079831e+00
2.862199154496416487e+00
2.887973337827065556e+00
2.946921274822250858e+00
2.938153331601330631e+00
2.891966459003285195e+00
2.861028136876671901e+00
2.900433415888046262e+00
2.942599361109154099e+00
2.893144655906441098e+00
2.879357393586284175e+00
2.852632643717027516e+00
2.868382645324713209e+00
2.845895641094381201e+00
2.836651018366552535e+00
2.786881770007475723e+00
2.723051413396375686e+00
2.736088631605343213e+00
2.708112811534999498e+00
2.742528213163904827e+00
2.760377148144796511e+00
2.778046975844721267e+00
2.759525321500058137e+00
2.824797691871048233e+00
2.827643718717051780e+00
2.802167910743394774e+00
2.791170005571140145e+00
2.811751589312256439e+00
2.781408635925328721e+00
2.816515045228766390e+00
2.812403420563984735e+00
2.823051894670021600e+00
2.849022990430227775e+00
2.839498019016741814e+00
2.817349641063387811e+00
2.776871621087298347e+00
2.771644998913100011e+00
2.784412325787974929e+00
2.773159569876930242e+00
2.768953954113357874e+00
2.734889577295580576e+00
2.735797324364507510e+00
2.797522117875031356e+00
2.845665827183508245e+00
2.813198180007942639e+00
2.793859158941266241e+00
2.785713732600677339e+00
2.719457666521029271e+00
2.697052094417162316e+00
2.754390313662898215e+00
2.820220026877335862e+00
2.924675195641389891e+00
2.903533881324618093e+00
2.915657730255730495e+00
2.892222156059247151e+00
2.860517785296920579e+00
2.820625462552587948e+00
2.827597213182952540e+00
2.843455819948676133e+00
2.901666590082327080e+00
2.907067766667987385e+00
2.876234517559372872e+00
2.848638446696948101e+00
2.844678540714223214e+00
2.850867587244275914e+00
2.855615520338829150e+00
2.806571752156000077e+00
2.779105251695228596e+00
2.821123535047694197e+00
2.808445299449501498e+00
2.801087467395475539e+00
2.851031567696156177e+00
2.878058720735211296e+00
2.818244311623816500e+00
2.778593529107847626e+00
2.762337778042359471e+00
2.744140849154794726e+00
2.743011848315642709e+00
2.766283427272050233e+00
2.820800772830296843e+00
2.828017326679594490e+00
2.820208857513925249e+00
2.840304385096780404e+00
2.861720636260639328e+00
2.818211134744875945e+00
2.839215032363699098e+00
2.866993198457226555e+00
2.873293232512129425e+00
2.893054441243717800e+00
2.864986387402216117e+00
2.907098553540970354e+00
2.926825242476906119e+00
2.896445235111480887e+00
2.860744833081063199e+00
2.881203220878388205e+00
2.892275401824659919e+00
2.939784005671164824e+00
2.896298845077973194e+00
2.822837933711391578e+00
2.789458011872557375e+00
2.809364874842710691e+00
2.801497635194432956e+00
2.825860223011747330e+00
2.821086670061733415e+00
2.822694103157477929e+00
2.810180421254123484e+00
2.806479823551204511e+00
2.812152734116694308e+00
2.800424432117389006e+00
2.868568284005106328e+00
2.920020719104575058e+00
2.877748251671782498e+00
2.862030223460262146e+00
2.872278712102987797e+00
2.888339488356588269e+00
2.870497169481272426e+00
2.900201027515161734e+00
2.872252948470938261e+00
2.870388475450666554e+00
2.845182243723589632e+00
2.852623529314725737e+00
2.860308374983369095e+00
2.878360297113618849e+00
2.855246749407132967e+00
2.877324104093940793e+00
2.895489250541261939e+00
2.863157697368413857e+00
2.879111147559259898e+00
2.883519204028299754e+00
2.892232528687830317e+00
2.935183980604963772e+00
2.896094957006762005e+00
2.884376189057176187e+00
2.898404561133590018e+00
2.896689489745146950e+00
2.839165194207621479e+00
2.801394474186026162e+00
2.735285359884778167e+00
2.717853932793298899e+00
2.710929360938791000e+00
2.699636457006758139e+00
2.733561961982935884e+00
2.792327344707278058e+00
2.800582439422199865e+00
2.785076300570596519e+00
2.733860823085183966e+00
2.753311460768650853e+00
2.778234151399050056e+00
2.805122813710658303e+00
2.829685141495427825e+00
2.875634538671421492e+00
2.872576195682196243e+00
2.843255000874877592e+00
2.833628239554370154e+00
2.813862292295058687e+00
2.773054994045375921e+00
2.751790326314852209e+00
2.751241174451996230e+00
2.716422647527442447e+00
2.768740688471927225e+00
2.793934859655822667e+00
2.830629258663168724e+00
2.884902771325231097e+00
2.907293070882259745e+00
2.884806579304754148e+00
2.880338521771355964e+00
2.888170528206393861e+00
2.879527391778032630e+00
2.884602745613336516e+00
2.906166375140969205e+00
2.867117716453233101e+00
2.839127682933616281e+00
2.877067604349957008e+00
2.855315219025738482e+00
2.841150119229886695e+00
2.836050951587436142e+00
2.860064684583199845e+00
2.866235859101620154e+00
2.887067197001136787e+00
2.921810739935083667e+00
2.907693759665896938e+00
2.836592674318962004e+00
2.831605198469588913e+00
2.786882487655336860e+00
2.757299584738662546e+00
2.770627907171946180e+00
2.768789446671595655e+00
2.837800028190851975e+00
2.868993028921471122e+00
2.829449416405954931e+00
2.818216812099452628e+00
2.757907358850184565e+00
2.774867384218568489e+00
2.786949945729201517e+00
2.813863891519985838e+00
2.779095896150400868e+00
2.794599255707336916e+00
2.773877610854524001e+00
2.791455713422657858e+00
2.808937521555080696e+00
2.795900033978325094e+00
2.800333015910786205e+00
2.801330041248264457e+00
2.752377336049692147e+00
2.805185555359929861e+00
2.818235973086710811e+00
2.847307675682416050e+00
2.851052086511223216e+00
2.909280667106561857e+00
2.943981997227564484e+00
2.905649841257545773e+00
2.901692092555652192e+00
2.868383691210086184e+00
2.834547759343630791e+00
2.803715213783311455e+00
2.797323006018432867e+00
2.735895831350309226e+00
2.712844448176120693e+00
2.816979588140460677e+00
2.915757191537045934e+00
2.870612478200427198e+00
2.844479038418107564e+00
2.867923813492959439e+00
2.909911510682069213e+00
2.901140120711166670e+00
2.905552271083760463e+00
2.878715859545710742e+00
2.863853871970425402e+00
2.875265726850302350e+00
2.893996717344371916e+00
2.858194884888012766e+00
2.825828374123240838e+00
2.820618549183849133e+00
2.819953545716666454e+00
2.796597039260393380e+00
2.805290359303293179e+00
2.795127725167492638e+00
2.785369095829132391e+00
2.773600187481966461e+00
2.773399358188430863e+00
2.798064688315836435e+00
2.791046219610130219e+00
2.812586709774473892e+00
2.853989138031187256e+00
2.807170995860423179e+00
2.790430970298316105e+00
2.796252313365158670e+00
2.820926443564241826e+00
2.818115327661378622e+00
2.788381071518023280e+00
2.827985325280172102e+00
2.862252784084592161e+00
2.873844289449238865e+00
2.883703868291610739e+00
2.880482077708521604e+00
2.892772718344806204e+00
2.937242924921260379e+00
2.916311368835639239e+00
2.887353978991838765e+00
2.859888284531408420e+00
2.891953837805852245e+00
2.869230907403585107e+00
2.858725939994948284e+00
2.844521049315684280e+00
2.885490079691836574e+00
2.882808699861993951e+00
2.834315084813260555e+00
2.816607356377526905e+00
2.802996254011053789e+00
2.788601620884560539e+00
2.775724229818228750e+00
2.780721129491412924e+00
2.802667300983118448e+00
2.810514721541234273e+00
2.850781121026305875e+00
2.903956439067225226e+00
2.973578652062191630e+00
2.949067310184696478e+00
2.942666477873426611e+00
2.930295718865247867e+00
2.903195653069217563e+00
2.885707885424302788e+00
2.909328960430566546e+00
2.940257471719100568e+00
2.925177772375552543e+00
2.902108716089044194e+00
2.863593197365855048e+00
2.801236334192457988e+00
2.784166122917237196e+00
2.825808556855895937e+00
2.832366325177589239e+00
2.800115890458821699e+00
2.771882753653191589e+00
2.750629746076341586e+00
2.755619168172553923e+00
2.741396359521913517e+00
2.730020146445809814e+00
2.764663813196823305e+00
2.793960808601294588e+00
2.808044515316664658e+00
2.828021746733925035e+00
2.769449945386267764e+00
2.776052052826099459e+00
2.851669861677539775e+00
2.800209635009493159e+00
2.795443077581799329e+00
2.772798225619743651e+00
2.802466056886327550e+00
2.882208528195002284e+00
2.871095957992348513e+00
2.884606385626988789e+00
2.861046836386989867e+00
2.854595593074437776e+00
2.801605432604670209e+00
2.796049713435009743e+00
2.802472301379622888e+00
2.835516531427739739e+00
2.844910543409054249e+00
2.898257062442874510e+00
2.860782060905723956e+00
2.832769316411062999e+00
2.838911411087003067e+00
2.867743538045199880e+00
2.806225578958327027e+00
2.801042663009615463e+00
2.806747940232610539e+00
2.780522612747466926e+00
2.788141675022988597e+00
2.805303013936284007e+00
2.818336211313334339e+00
2.812267057020012118e+00
2.817683268218768688e+00
2.856169987938392829e+00
2.904474479144204757e+00
2.896766645762133496e+00
2.864706616741058198e+00
2.873006091187417343e+00
2.856843187856134669e+00
2.826291740072138570e+00
2.818746175163702183e+00
2.831679890100573971e+00
2.806928214258426646e+00
2.768637571080765358e+00
2.770420545693379033e+00
2.783667365185718445e+00
2.780606049047581241e+00
2.821134700789737604e+00
2.857110078383400253e+00
2.881104996351226077e+00
2.888071155633115339e+00
2.914537012974788510e+00
2.932240440345914134e+00
2.867175264960271086e+00
2.797262947954660461e+00
2.770107579138398446e+00
2.750137814728563779e+00
2.743648301076506701e+00
2.747293941317528354e+00
2.785992462301360995e+00
2.790067561905983595e+00
2.781426971897698497e+00
2.787807920212581170e+00
2.771375651188412448e+00
2.731075429203667859e+00
2.732334898946320756e+00
2.770326695536106332e+00
2.794148528621912320e+00
2.777540278735845636e+00
2.773937454233602384e+00
2.778824391716756104e+00
2.782141800843371371e+00
2.774739267030327472e+00
2.778682241639011341e+00
2.767963330681965761e+00
2.703861128090716104e+00
2.709150051215325039e+00
2.757769388473227501e+00
2.799789992124408933e+00
2.790003942649544211e+00
2.796671771946075413e+00
2.811759947079408573e+00
2.829082183323772259e+00
2.818947498624265080e+00
2.803754090500806040e+00
2.842582980319132258e+00
2.853160703500593254e+00
2.896043853259131939e+00
2.894375580328164776e+00
2.895231078860545981e+00
2.867399693101748692e+00
2.822924193101897572e+00
2.763695714075628640e+00
2.762475882247662273e+00
2.792159379405122710e+00
2.799563537410787006e+00
2.749134227352313609e+00
2.797244537039977885e+00
2.831602196637091229e+00
2.842828521033232914e+00
2.849938069502563565e+00
2.867384173772325795e+00
2.922912246373469802e+00
2.893298118065264379e+00
2.896910423192267103e+00
2.912165688967576660e+00
2.908194800903130872e+00
2.900430657678269686e+00
2.863987779303535763e+00
2.864834550196573293e+00
2.885216976242861442e+00
2.872577414100444759e+00
2.862571745825770897e+00
2.834267101033351999e+00
2.835506833001817828e+00
2.758716549412063124e+00
2.732656765859920345e+00
2.740148536119894285e+00
2.729564067758806001e+00
2.703161667381364541e+00
2.718092897603022973e+00
2.749125133565222256e+00
2.764274588386617104e+00
2.719530474181159008e+00
2.688670117362856882e+00
2.786383677816104409e+00
2.756117559176313847e+00
2.762951501564947510e+00
2.779629651590297623e+00
2.778226232688763453e+00
2.761986603877723212e+00
2.770706769039264827e+00
2.794591383368953075e+00
2.834719386464910951e+00
2.850092103774893637e+00
2.913649429838806260e+00
2.894934368858817830e+00
2.901380361138470754e+00
2.887080359117147665e+00
2.880875734911174657e+00
2.871147157496459545e+00
2.811972617220871662e+00
2.816472439062736477e+00
2.819345491421723970e+00
2.842226416033740488e+00
2.871067745630534684e+00
2.865925679427155259e+00
2.824448618757296803e+00
2.828297898029838109e+00
2.837379248531997078e+00
2.872825786573213414e+00
2.889791341948411585e+00
2.900540811641856731e+00
2.858210279178213131e+00
2.843210333408346724e+00
2.882419296355060112e+00
2.907004987955816855e+00
2.907576826156103689e+00
2.898383860015784741e+00
2.881583765917624884e+00
2.890529536261478682e+00
2.875772244111136189e+00
2.929803747693692006e+00
2.930970828923413318e+00
2.930864889414044772e+00
2.883410654069239243e+00
2.863498035620070326e+00
2.901967952958818930e+00
2.916095163056239947e+00
2.928844311328274941e+00
2.901002585314256699e+00
2.900822469576516571e+00
2.904566921246608757e+00
2.898771808887343315e+00
2.927232822991707284e+00
2.864160260879268449e+00
2.823044810129658799e+00
2.778986325982911509e+00
2.808109862523188838e+00
2.806186201947404868e+00
2.781356863115554745e+00
2.773032635942101365e+00
2.790923861376372273e+00
2.827680498217576055e+00
2.813612268952493611e+00
2.805590668647156782e+00
2.771524851052214355e+00
2.740753546016131637e+00
2.706790350211851770e+00
2.746841640866833689e+00
2.783235886517705815e+00
2.784279619578464704e+00
2.785949568818502531e+00
2.722147865197626970e+00
2.735421356939365278e+00
2.746638672996504660e+00
2.757359969245945397e+00
2.790022580553784159e+00
2.791192755794554614e+00
2.716300609284620027e+00
2.713904567224131537e+00
2.734531952638330488e+00
2.743697687428408916e+00
2.769083061231641274e+00
2.773863911586146980e+00
2.780704586970719649e+00
2.731443025215792186e+00
2.761159901200942901e+00
2.752728464632863137e+00
2.735250262773043062e+00
2.747323242721904091e+00
2.755661263653426563e+00
2.739757653516091462e+00
2.779370252413305042e+00
2.838430023798367507e+00
2.849968596318212199e+00
2.869810620929541312e+00
2.839262404216983171e+00
2.843947608518834880e+00
2.820229423291658488e+00
2.819261428104885780e+00
2.773079335323819894e+00
2.804012482140548546e+00
2.831976518264231579e+00
2.848638973264249863e+00
2.814150848835221819e+00
2.821703917848221277e+00
2.812786874258339509e+00
2.781079826254543530e+00
2.786495648659800484e+00
2.774422642641167780e+00
2.753645946740430173e+00
2.768033778695628389e+00
2.783589409377755342e+00
2.805826972569762656e+00
2.793544343660934182e+00
2.845469029878905598e+00
2.826394346159077475e+00
2.840562796348639285e+00
2.876867393537630324e+00
2.873830370776953469e+00
2.841392792276351109e+00
2.815025754766730781e+00
2.819588799807517976e+00
2.814447903230756332e+00
2.806351724214197763e+00
2.774618712544121735e+00
2.774670791283174953e+00
2.759047118118862496e+00
2.746430592605610066e+00
2.779954496030466071e+00
2.790575567871259377e+00
2.801796923404692219e+00
2.793342979299176410e+00
2.779453543414604599e+00
2.830929352703806856e+00
2.832910164477511206e+00
2.863255839075510067e+00
2.868632775382725875e+00
2.908325291297381820e+00
2.956321024516789020e+00
2.894008638549650403e+00
2.887464112331094679e+00
2.915576443861487288e+00
2.881550450712254907e+00
2.908860086013075996e+00
2.916428295021155304e+00
2.855669973929060301e+00
2.795552181591322238e+00
2.802923652188906711e+00
2.781753943108556282e+00
2.751521942489283390e+00
2.734343614105586351e+00
2.781447464900244970e+00
2.815799176077725896e+00
2.853684285270534193e+00
2.807094405252520186e+00
2.788481486400797404e+00
2.761730435795644478e+00
2.818523194866417558e+00
2.941041142180775836e+00
2.897555176351263029e+00
2.849465914868960503e+00
2.788535099294968234e+00
2.746830355154828318e+00
2.739088351988668624e+00
2.741318113608852691e+00
2.725324384362345587e+00
2.717736006311135100e+00
2.735178421968116780e+00
2.758052573828134957e+00
2.781149582456865943e+00
2.807235472845126978e+00
2.794597287624819959e+00
2.739119201495254341e+00
2.723853703854155039e+00
2.761391859189854081e+00
2.877438444172177423e+00
2.838854346386936900e+00
2.831432676225941858e+00
2.829301503905160331e+00
2.822517316155916944e+00
2.848514349621570574e+00
2.846653298173137170e+00
2.817961319819703103e+00
2.822702782795241561e+00
2.792095628734803991e+00
2.787880915677712235e+00
2.775382676316907826e+00
2.741034111425832087e+00
2.705482396911870868e+00
2.706285276906335469e+00
2.755823833266560552e+00
2.778365346746176190e+00
2.797288687282740938e+00
2.816445454824218597e+00
2.879429631020699265e+00
2.872147106260401372e+00
2.880342167173893575e+00
2.867228801473646005e+00
2.873488472223266310e+00
2.848875392150383323e+00
2.872384027249838656e+00
2.871074537520751591e+00
2.858925322564406901e+00
2.888059209919353165e+00
2.890690056024685539e+00
2.922365138034602516e+00
2.920038527143092644e+00
2.902518389261298015e+00
2.901390701025975183e+00
2.873607314857059336e+00
2.813967661505725193e+00
2.822633699224892379e+00
2.801519230703227059e+00
2.819982446753880101e+00
2.856626856976598017e+00
2.814058101745590790e+00
2.835083949374339163e+00
2.835171247032531650e+00
2.835775202656232619e+00
2.877426801849179760e+00
2.857143503571355492e+00
2.812376041712771890e+00
2.848708128257438688e+00
2.850142803439855932e+00
2.827499425287297807e+00
2.846262285875987175e+00
2.844198481119065924e+00
2.848381996853652787e+00
2.853413920201554266e+00
2.817999822569192681e+00
2.783105100422907263e+00
2.774099673768049890e+00
2.785436770059589673e+00
2.763795035815789891e+00
2.720090255855492689e+00
2.728390367964232510e+00
2.741115466374957510e+00
2.750693912451910528e+00
2.755988026098807442e+00
2.751351667817111490e+00
2.764458898229452899e+00
2.749931635513871875e+00
2.805030302866620140e+00
2.826431849523352469e+00
2.867025113248923063e+00
2.881067336943029744e+00
2.888725151342716568e+00
2.880476523077387885e+00
2.875753466484914256e+00
2.866393727316608242e+00
2.869047751432519888e+00
2.938141589508579177e+00
2.986012223685630129e+00
2.995502628942261492e+00
2.936453302880875249e+00
2.898902206008336702e+00
2.830127028951174406e+00
2.811497287923287569e+00
2.824656793311357550e+00
2.846492929905149349e+00
2.807405920062148841e+00
2.808094727746911712e+00
2.792178361065066117e+00
2.842945479603856462e+00
2.892122231165204393e+00
2.848698123704931806e+00
2.815404944230936124e+00
2.770486960806709753e+00
2.705989837379290552e+00
2.712816617466060620e+00
2.793657459317444580e+00
2.825051857931106802e+00
2.889778711251087984e+00
2.873824977273320425e+00
2.865836527089429264e+00
2.836973915988654227e+00
2.889411012646002863e+00
2.844895252904753313e+00
2.845785304621555323e+00
2.777273843177874735e+00
2.786302388471143310e+00
2.794541286150555415e+00
2.788264872640330960e+00
2.845495036017458901e+00
2.907996389268734827e+00
2.897241964351613852e+00
2.861666647252960161e+00
2.858123160397396223e+00
2.803630146791833866e+00
2.768518737520120343e+00
2.738174026609704104e+00
2.729813546746370889e+00
2.732282562254497282e+00
2.732155193249460989e+00
2.798259637703406799e+00
2.824181474339069187e+00
2.838419454555651367e+00
2.813885214432173321e+00
2.857087678038600309e+00
2.802198244236121294e+00
2.731989202028441532e+00
2.759334158814405136e+00
2.793464873593366260e+00
2.784312302885580070e+00
2.766179676015279920e+00
2.762762928663985207e+00
2.819653524814706991e+00
2.850317350752368473e+00
2.827896214502929606e+00
2.854664078311141662e+00
2.878563878047523783e+00
2.841408981473803941e+00
2.802109740891673528e+00
2.771131898701323149e+00
2.754321876615004605e+00
2.764917720294764791e+00
2.759912498612954401e+00
2.799655157336346178e+00
2.834828566245232828e+00
2.843541805565727998e+00
2.819049662563609449e+00
2.769998194945260561e+00
2.746386899182269303e+00
2.764169495526639597e+00
2.725670743138282948e+00
2.729084278654655193e+00
2.774804317424924172e+00
2.828664349123098276e+00
2.847176496109785848e+00
2.858919376267893497e+00
2.854267331558135723e+00
2.860909820319403440e+00
2.859393467153479751e+00
2.858263458815509583e+00
2.843491164044650521e+00
2.820535587437251301e+00
2.855252353120472986e+00
2.866617170115325575e+00
2.908165916862378797e+00
2.872403349113769266e+00
2.836550193456833568e+00
2.848101472911384935e+00
2.840148235567995449e+00
2.849269731001261352e+00
2.887303759565314376e+00
2.844848677873745846e+00
2.807260942627172629e+00
2.791042457577455060e+00
2.777685907369658036e+00
2.839202881091804187e+00
2.815531566152295717e+00
2.771784443278372922e+00
2.743962827736556420e+00
2.813817513628060762e+00
2.852206163656477500e+00
2.869426423520909708e+00
2.826905905756327275e+00
2.778624839736376195e+00
2.771813305401357841e+00
2.791186306931158878e+00
2.763366968030124049e+00
2.768856984389045817e+00
2.792857318231634967e+00
2.768668452523703305e+00
2.779367553958993486e+00
2.815680557165531894e+00
2.887654411455775172e+00
2.924140386506776323e+00
2.867894175174530158e+00
2.786404493249319714e+00
2.794412997393191489e+00
2.820571573280848288e+00
2.817050407784709609e+00
2.788780378588460618e+00
2.804642044896282549e+00
2.736041118112079396e+00
2.762104089276868457e+00
2.786930390232235766e+00
2.792694935004537804e+00
2.794662412528568840e+00
2.812004623040296192e+00
2.832243810126522821e+00
2.880032117876465847e+00
2.892222328936694620e+00
2.853387110085135348e+00
2.798853515280855131e+00
2.782514869681741665e+00
2.784467812706765688e+00
2.787839486053671934e+00
2.727982771206592272e+00
2.757360694577334570e+00
2.792962047719230956e+00
2.755942307088448562e+00
2.785043267168393566e+00
2.864134947938033360e+00
2.915127784506195585e+00
2.895257156108935526e+00
2.894660256403158716e+00
2.889819544539069973e+00
2.880731504323164049e+00
2.869302877006887353e+00
2.822673378200176941e+00
2.819643417171753264e+00
2.816068536097798614e+00
2.822605356758184580e+00
2.832656703520565422e+00
2.896695185897197433e+00
2.855091241974588634e+00
2.888657819818747807e+00
2.911776605442113919e+00
2.941351730072416792e+00
2.917054336141170268e+00
2.886310101149908824e+00
2.892742124697602168e+00
2.786346173755156030e+00
2.791030813158464685e+00
2.751336766010296753e+00
2.782396988209986155e+00
2.813479696034787647e+00
2.860343685643387701e+00
2.877108444254405040e+00
2.891027671953349198e+00
2.906537114849903514e+00
2.937536382753412223e+00
2.942240472836984200e+00
2.889115608624895692e+00
2.858130507866986747e+00
2.923799240714040515e+00
2.911055650447102128e+00
2.889455485035199445e+00
2.893219659825364776e+00
2.884584198805782762e+00
2.899899481016540381e+00
2.835141266321663078e+00
2.818714955436253611e+00
2.856307756527647346e+00
2.900819539371589428e+00
2.877239996941513223e+00
2.885797116915878924e+00
2.788351663617772314e+00
2.706916511457270413e+00
2.771171232529668238e+00
2.750363794118879657e+00
2.746178071429454803e+00
2.762720579428907808e+00
2.782854290112940721e+00
2.770756936290154293e+00
2.753353228338129899e+00
2.774325503613446209e+00
2.786426026292461611e+00
2.796118917356699818e+00
2.721602836565247596e+00
2.693682052507310853e+00
2.759189373711054216e+00
2.790542241214061914e+00
2.833970712622132737e+00
2.856929295589934803e+00
2.846348889366868029e+00
2.885248862749970833e+00
2.908927981232948934e+00
2.845451809467171689e+00
2.831856281664025143e+00
2.798165291758154982e+00
2.755386179830333848e+00
2.717937821216666272e+00
2.727857950847147439e+00
2.745206367470394593e+00
2.761227625531803120e+00
2.767854945621247786e+00
2.749393569498554069e+00
2.757013238996142590e+00
2.784293267599517563e+00
2.786008793955970120e+00
2.804820136835872280e+00
2.846272825995427525e+00
2.826855850587362440e+00
2.819816483390364059e+00
2.872624932009050003e+00
2.905690451510621664e+00
2.935609817397400345e+00
2.944225025367456450e+00
2.896656866113071160e+00
2.923794965451579131e+00
2.897708404929660642e+00
2.906185300355089485e+00
2.843360160092280875e+00
2.799040728535403311e+00
2.846112436289191638e+00
2.896590236812932151e+00
2.921649705217926662e+00
2.928160343970255042e+00
2.887769727661816610e+00
2.867046563974851026e+00
2.887120711019890873e+00
2.895675050830117225e+00
2.891176577104899614e+00
2.923909369320464524e+00
2.918649345159503472e+00
2.902931104935148277e+00
2.919732008250072397e+00
2.884615398974358591e+00
2.876330127089031130e+00
2.857012775610217492e+00
2.825010619449066951e+00
2.834132142296826640e+00
2.817804464472295489e+00
2.789414633933076981e+00
2.799240968548438513e+00
2.828411921909537163e+00
2.882551127040073435e+00
2.897489948213798350e+00
2.880155551354822485e+00
2.848451158085741231e+00
2.871081329394902681e+00
2.885962750972367985e+00
2.902104925739246610e+00
2.913220554643949356e+00
2.883872570000276525e+00
2.897979641060302480e+00
2.913892585528849111e+00
2.892144705923270553e+00
2.893930717899099836e+00
2.888909136681179657e+00
2.886663471899694411e+00
2.932159272618047652e+00
2.951897525321636628e+00
2.947803249879475729e+00
2.883670750970020347e+00
2.908761076472250018e+00
2.924078145330592182e+00
2.919015244907090079e+00
2.916743732315199900e+00
2.906907291263345350e+00
2.880113018615762410e+00
2.854337751563399195e+00
2.852958464471574196e+00
2.854744296780361346e+00
2.860782760015167625e+00
2.837321624349273375e+00
2.853970742667134797e+00
2.843659965607702400e+00
2.888944616983855962e+00
2.931758687204661040e+00
2.928295408595245952e+00
2.988656219775034373e+00
2.955667606480809617e+00
2.909235982178139057e+00
2.904575700511178304e+00
2.879253028130734027e+00
2.826381609054233746e+00
2.812059209902949330e+00
2.783930674424203389e+00
2.801483892511252627e+00
2.795962982587573364e+00
2.797167317126382002e+00
2.769396143566319246e+00
2.777857807736025642e+00
2.795811688937579920e+00
2.820594795428793766e+00
2.836371978425960894e+00
2.851156607413910749e+00
2.872851893154257485e+00
2.874720856013675885e+00
2.901966574583518366e+00
2.889747566830016101e+00
2.915897460474219383e+00
2.944740905410865306e+00
2.904118799222924263e+00
2.902318555913530496e+00
2.880506205513190920e+00
2.798910323679556278e+00
2.779740095764350105e+00
2.751341127523085017e+00
2.795674158409739096e+00
2.804349122345504597e+00
2.708150845134000395e+00
2.712084991293598701e+00
2.775125762915979788e+00
2.761660913291130282e+00
2.792094912426868358e+00
2.730257130747944849e+00
2.704186569007397622e+00
2.741444327357387412e+00
2.798618230484465563e+00
2.814937654727010408e+00
2.816976748217848048e+00
2.751625519579290469e+00
2.748408266615424367e+00
2.738397158923445929e+00
2.746148939879263118e+00
2.772391566860640921e+00
2.738105549462985788e+00
2.743841649949938066e+00
2.782854290112940721e+00
2.784535867967946388e+00
2.799869461242791679e+00
2.782854829127814789e+00
2.732222538520609145e+00
2.732511848098741591e+00
2.748819019142584086e+00
2.782632566473698166e+00
2.831738865079193701e+00
2.792241572643742398e+00
2.780796109030649443e+00
