4.849503170428905108e+00
4.060932651497682677e+00
4.688944124213893616e+00
3.019229206271031529e+00
2.665866838384843174e+00
2.707359414632641847e+00
2.847573704050520238e+00
3.016091178993101973e+00
2.850071051745903361e+00
2.769283842440135590e+00
2.883846563186051259e+00
3.045391436252489648e+00
2.867635437080522820e+00
2.688706194436275787e+00
2.840021302737006259e+00
2.808480193983927453e+00
2.883649770689915570e+00
2.725693673177527643e+00
2.835141971753795342e+00
2.831081242211180182e+00
2.897528256980421713e+00
2.784378925361991719e+00
2.717444571651830287e+00
2.895217090306011265e+00
2.873916317501259865e+00
3.089901940191630114e+00
3.197784389229517910e+00
2.621518071652377380e+00
2.832842035836096173e+00
2.730913583400251365e+00
2.982413284573416590e+00
2.811170218965760359e+00
2.950212195758128875e+00
2.907887721353765720e+00
2.935589548966272222e+00
2.998523136479022799e+00
2.924840337522716993e+00
2.932434824510171012e+00
2.908947747897854263e+00
3.282367133639989554e+00
3.051326924470729729e+00
2.751053252846988428e+00
2.800905924875021658e+00
2.942026002604327228e+00
2.878990795400360625e+00
2.817105074362686867e+00
2.927423952897837189e+00
2.839885561074601217e+00
2.772472182006521013e+00
3.099732569109793889e+00
2.799803028786132408e+00
2.792109954854930187e+00
2.957242803694008604e+00
2.773182467851691868e+00
2.776137064339583294e+00
2.763491631975750984e+00
2.868487231974373497e+00
2.674965607255540334e+00
2.867588185217674557e+00
2.880365601794327546e+00
2.842791058097656975e+00
2.848335303295593146e+00
2.713289700713876762e+00
2.852200904564754058e+00
2.629662335738183643e+00
2.741165263168202415e+00
2.869903482697632846e+00
2.763699513333531588e+00
2.806160009692961754e+00
2.769651602638858900e+00
2.836016043678173393e+00
2.914294425757288032e+00
2.768314288515666632e+00
2.926614767952898877e+00
2.852454732331435316e+00
2.864355250313759260e+00
2.825118404598292443e+00
2.878005906873715603e+00
2.743597820381114438e+00
2.832731896950362316e+00
2.742472242339017541e+00
5.368313515434805616e+00
3.050301132675264260e+00
2.718123801448344423e+00
2.809769029653505168e+00
5.964123908840258004e+00
5.411734472421942499e+00
5.848072588468784971e+00
6.139448427994163460e+00
2.783819318849555025e+00
5.757485301761525065e+00
2.973328437963085324e+00
2.795383873459957425e+00
2.845174687079863318e+00
2.908776546935154084e+00
2.932526044215123751e+00
2.847209862303795358e+00
2.756125722821801460e+00
2.744156336654309136e+00
2.832703655520640407e+00
3.016902550630364832e+00
2.800971795645218254e+00
2.748131365127948644e+00
6.069357297111450222e+00
5.804319770653577848e+00
2.770597408502361247e+00
2.888272494069768381e+00
5.943565680633133397e+00
2.944409957869318362e+00
2.805176643279349680e+00
2.760315199392996632e+00
2.759169802676160188e+00
3.287637601683007560e+00
2.971906290581855181e+00
2.759591998828812454e+00
2.809021359833349329e+00
2.913229479460895721e+00
2.793556335569411520e+00
2.798176013048500277e+00
2.725080182306568233e+00
2.805062566147143333e+00
6.145046216262331384e+00
2.942342774049278020e+00
2.756832421457640958e+00
2.724838343828858811e+00
2.903604828484757761e+00
2.788598752061687058e+00
2.841158038546958586e+00
2.825222292139151214e+00
2.834976014007879463e+00
2.867939329902221335e+00
2.806301658767282436e+00
2.747865171364854309e+00
2.930353391657736228e+00
5.959354495245269057e+00
5.820567927616685289e+00
2.717701418478490449e+00
2.910833214047139794e+00
3.155923319727524490e+00
3.191631714342994197e+00
2.656930183501253318e+00
2.737928048725897678e+00
2.956554244386529362e+00
2.864503272820612789e+00
2.893716295700046626e+00
2.692073178797337540e+00
2.951055573858275771e+00
3.018158047551519729e+00
2.748819564831420426e+00
2.789040336746674065e+00
2.741688895553249683e+00
2.752908643598621197e+00
2.835410023259422818e+00
2.710834557843765147e+00
2.773709790154694765e+00
2.844581691567320547e+00
2.751301328462588014e+00
2.930470269427758900e+00
2.862659078549173230e+00
2.815269258880933823e+00
2.703381216180951174e+00
2.909092813919830878e+00
2.756062408582215184e+00
2.920622878770896769e+00
2.830920168425806960e+00
2.801869911327076412e+00
2.714885448780481880e+00
3.037391808772783808e+00
3.025374191732321805e+00
2.814570837623384225e+00
2.739206819500856760e+00
2.918793415094668831e+00
2.875341371037532845e+00
2.905622996880358855e+00
2.743364904638098345e+00
2.746743890500168206e+00
2.828061173312911514e+00
2.758743554591474023e+00
2.730404731903312232e+00
2.777694367636583728e+00
2.870821485219866798e+00
2.812737278879774649e+00
2.911285283169617433e+00
2.728127746275822663e+00
2.832015889785931329e+00
3.062168186106047685e+00
2.882707407976050629e+00
2.742732214416857772e+00
2.704855633855529629e+00
2.895253011396413445e+00
2.816997692579814583e+00
2.912695315339385083e+00
2.813879350647429334e+00
2.894016413222288531e+00
3.066686322400776099e+00
2.919008907146396492e+00
2.952126860417756404e+00
2.920684508809536339e+00
2.636275023589154998e+00
2.865664844324960381e+00
3.057281472157903579e+00
2.940343517346229785e+00
2.870472086608752083e+00
2.783489536535030950e+00
3.048001476377595331e+00
2.687931174714114135e+00
2.824386305022738686e+00
2.676545161210623025e+00
2.952428322584647713e+00
2.880801971673859985e+00
2.813518437828335550e+00
2.929082108784251570e+00
3.030889143469289060e+00
2.802844448056295512e+00
2.747895558422845497e+00
2.844124645651100902e+00
2.697671032576062444e+00
2.924298377389010994e+00
2.882897674215996187e+00
2.873271828421390506e+00
2.698302799909602534e+00
3.223531138363642246e+00
3.372755698238460109e+00
2.912268703262114400e+00
3.014428967482896571e+00
2.798813498609723283e+00
2.833966478277398338e+00
2.830390255777460506e+00
2.852075384697956739e+00
2.737211354645453287e+00
2.809237263030660792e+00
2.796234253420124105e+00
2.888553098005989028e+00
2.748444832991923104e+00
2.847217062325948067e+00
2.953311023241541378e+00
3.154928366857162381e+00
2.844296222266590846e+00
2.759206770069978276e+00
2.774547350469982465e+00
2.943408568309876738e+00
2.755929062947738206e+00
2.744503415920628520e+00
2.844933391135898049e+00
2.694229760061305434e+00
2.890091521042196909e+00
2.768573278784579816e+00
2.738858338797390157e+00
2.719002390583722839e+00
2.899018282108617228e+00
3.087832411255507115e+00
3.059497180910614844e+00
3.219624356970856027e+00
3.138611476433488257e+00
2.738355345823474174e+00
2.698413052147502267e+00
2.793538616164093380e+00
2.798222650183505245e+00
2.704774667139575151e+00
3.012716050343941632e+00
2.913134737700952215e+00
2.735514942382877734e+00
2.969056078958428824e+00
5.854631756139749399e+00
2.842698365989610121e+00
2.653753756474025671e+00
6.113836765894228087e+00
5.653591513365641141e+00
5.621794197584966568e+00
6.025782189890370510e+00
2.794607128023543829e+00
2.978452282646140148e+00
2.846106638901642061e+00
2.654058590159606990e+00
2.763346883762514139e+00
2.821415424924163418e+00
2.776949945533768283e+00
6.106376994585250628e+00
5.618510567757260432e+00
2.857326372677787329e+00
3.026108722435465026e+00
2.974599300746236796e+00
5.603694227917864978e+00
5.981196786597143600e+00
3.066944081655222920e+00
5.468384130618478167e+00
5.330190052896800701e+00
2.712947843214093879e+00
2.900911925584781059e+00
2.849097049944069759e+00
2.866921170873033109e+00
2.828408032798662042e+00
2.888242718332377112e+00
2.948264743879016159e+00
2.665304673015826520e+00
2.747934497035910528e+00
2.721517223902873095e+00
2.899302329871792150e+00
2.801965203210061262e+00
2.810512764603640967e+00
2.916083160679749930e+00
2.877412205437378745e+00
2.841145895585089676e+00
2.753153464665564432e+00
2.769265064958571276e+00
2.922282327223022058e+00
2.775732155666320811e+00
2.828356943527460476e+00
2.810827102473576478e+00
2.785034290632702803e+00
2.889661744910639207e+00
2.897827634625634197e+00
2.730951116369533249e+00
2.811505646446402107e+00
2.722301416081621017e+00
2.892184987168006760e+00
2.846938882378755586e+00
2.887401773221038859e+00
2.866028960076991261e+00
2.930459520280053187e+00
2.891999481327754307e+00
2.939542991691054930e+00
2.659546201892345696e+00
2.995834608251930931e+00
2.893925707408537829e+00
2.898013802589629595e+00
3.008994848782563292e+00
2.774286755185916498e+00
2.721464495450932830e+00
2.860292817177989555e+00
2.756701833713613325e+00
2.816809010209957442e+00
2.877671801995494771e+00
2.862134518152491758e+00
2.891944328648115903e+00
2.692642011111020750e+00
2.756666283756523672e+00
2.815036944695397558e+00
2.898056935258519040e+00
2.858663149096094536e+00
2.839719352330436930e+00
2.829646444346007428e+00
2.772149166260718722e+00
2.873470723706786245e+00
2.942239113328486422e+00
2.766307285895766022e+00
2.944336427788101673e+00
2.933910359912177412e+00
2.751956576692299539e+00
2.852295391434765293e+00
2.835591825351456041e+00
3.090111163048992804e+00
2.789401548719724566e+00
2.928472297973808480e+00
2.980607152913647528e+00
2.821016483468326008e+00
3.108727874871005437e+00
2.680406125944350126e+00
2.897102345447947869e+00
2.740498859696898215e+00
2.927283040636829092e+00
2.788318131060371297e+00
2.966636142165061329e+00
2.899592040270493332e+00
2.680125556760354577e+00
2.868955210525252930e+00
2.748097159854432814e+00
3.002138904181483881e+00
2.739794700337965239e+00
2.837372904642602833e+00
3.174325282638815970e+00
2.750792249516492038e+00
2.779799453198017911e+00
2.747315962899061770e+00
2.799664265586143674e+00
2.874960173637193250e+00
2.755916544454856787e+00
2.747825685883294788e+00
2.949422655368334922e+00
2.961050658127955870e+00
2.740981940837991182e+00
2.938356513427191619e+00
2.753752712209286191e+00
2.736381917788524021e+00
2.706492933668957601e+00
2.734822846182180189e+00
2.989740791439952972e+00
2.743591806373535391e+00
2.732088761369219743e+00
2.850512410076476044e+00
2.679445838228494914e+00
3.253274504249525911e+00
2.797039506335225134e+00
2.889780787533891893e+00
2.925466458532724356e+00
2.876429905281892907e+00
2.872240588808674389e+00
2.985909744114848330e+00
2.899173675377175741e+00
2.684548565401639664e+00
2.725123666918622956e+00
2.995728292085249045e+00
2.858783307632812409e+00
2.948758891466034981e+00
2.717555703200948525e+00
3.134669679567529510e+00
3.082721200498027336e+00
2.711572606440772137e+00
2.864190286974662492e+00
2.991222492560524859e+00
2.891116047480625895e+00
2.695899664305034804e+00
2.804806945228138115e+00
2.888679109904733089e+00
2.936805066734937242e+00
2.747327974596407429e+00
2.886694476386443053e+00
2.727672451010201726e+00
2.778801720166446110e+00
2.851437882893470999e+00
2.853444585058556804e+00
2.763212080170467377e+00
2.941781263112537737e+00
2.891571717941646025e+00
2.897017259182278259e+00
2.731318362988833570e+00
2.902538716365381521e+00
2.786174617643338181e+00
2.935211236010110802e+00
2.824293362949394037e+00
2.829909185822047313e+00
2.686974134598246966e+00
3.263134842448286221e+00
2.723724104970985938e+00
2.939428856087522135e+00
2.806084282412058872e+00
2.753001271340062672e+00
2.831030377795335617e+00
2.733758767704276060e+00
2.799527460126083334e+00
2.946184821086416328e+00
2.697624695913054538e+00
2.997935623057974119e+00
2.806566763859359881e+00
2.881193676239068413e+00
2.769908662754062778e+00
3.098054389451547319e+00
2.827395267733182838e+00
2.967746956868121622e+00
2.966997472193058982e+00
2.781341762531170936e+00
6.167588021260823616e+00
2.968076986872139944e+00
2.815290215945773333e+00
2.780160786717199795e+00
2.791414515975727095e+00
2.811984886161374764e+00
3.041252538017847229e+00
2.811230691352099242e+00
2.842385969568523851e+00
2.680909174142235063e+00
2.750678643535082291e+00
2.968214446430715636e+00
2.915286949855880216e+00
3.029233896548762850e+00
2.737486438322572546e+00
2.929077158423792682e+00
2.941190405261107976e+00
