-5.823995860019999782e+02
-5.880036670089999689e+02
-5.903334031919999916e+02
-5.979262874199999942e+02
-5.984763966159999882e+02
-5.940802304940000340e+02
-6.028045423680000567e+02
-5.928023051510000414e+02
-5.908272816789999524e+02
-5.894568713209999942e+02
-6.026243795499999578e+02
-5.825818225839999513e+02
-6.008096394729999474e+02
-5.947039075980000007e+02
-6.013163367749999679e+02
-5.926745825049999894e+02
-6.008839326329999722e+02
-5.850981812180000361e+02
-5.912936467770000490e+02
-6.016196005890000151e+02
-6.015167210829999931e+02
-5.992746383669999659e+02
-5.842617399570000316e+02
-5.951152544210000315e+02
-5.950552662730000293e+02
-5.758790727860000516e+02
-5.852236808599999449e+02
-5.942244988600000397e+02
-5.983639655859999493e+02
-5.985183918400000493e+02
-5.865029199320000544e+02
-5.940890480990000242e+02
-5.790021242039999834e+02
-5.977262079529999710e+02
-6.005180066550000220e+02
-5.869608046030000423e+02
-5.870723583960000269e+02
-5.934650777079999671e+02
-5.944383008830000108e+02
-5.709145818700000063e+02
-5.848409704570000258e+02
-5.839231498880000117e+02
-5.922629616770000212e+02
-5.973721576149999919e+02
-5.929876797189999706e+02
-5.905942672639999955e+02
-5.989795426379999981e+02
-5.830489880630000243e+02
-5.798167494550000356e+02
-5.902000721809999959e+02
-5.942796196299999565e+02
-5.786187738999999510e+02
-5.948996784150000394e+02
-5.833887346220000154e+02
-6.001780460910000556e+02
-5.777196853259999898e+02
-5.959433986349999941e+02
-5.892131866140000511e+02
-6.001606029170000056e+02
-5.975321191880000242e+02
-6.006472857210000029e+02
-5.932904852760000267e+02
-5.931437775709999869e+02
-5.932313289740000073e+02
-5.964067093749999913e+02
-5.967657525319999650e+02
-5.719058345629999849e+02
-5.938845546909999484e+02
-6.039506577920000154e+02
-5.883963389089999509e+02
-6.035570530149999513e+02
-5.991614442750000080e+02
-6.035722648079999999e+02
-5.962955650290000449e+02
-5.776363428949999843e+02
-5.829202081189999944e+02
-5.923956571769999755e+02
-5.842725980239999899e+02
-5.969582179249999854e+02
-5.994976033599999710e+02
-5.982132923149999897e+02
-5.924224680300000045e+02
-5.782892427900000030e+02
-5.886300041350000356e+02
-5.893432049120000329e+02
-5.983664821969999821e+02
-5.967951059179999902e+02
-5.919797325069999943e+02
-5.998888954940000531e+02
-5.953864321150000478e+02
-5.915532501039999715e+02
-5.840330720629999632e+02
-6.028434611410000343e+02
-5.892777500769999506e+02
-5.985184278049999875e+02
-5.751085410550000461e+02
-5.758912586070000543e+02
-5.795378900209999529e+02
-5.882173899340000389e+02
-5.658609565259999954e+02
-5.935064617839999528e+02
-5.892233272879999504e+02
-5.860268500160000258e+02
-5.852222798049999710e+02
-5.893622734739999487e+02
-5.961647102360000190e+02
-5.923619344850000061e+02
-6.007872508000000380e+02
-5.936985399000000143e+02
-6.046033369100000527e+02
-5.947982705809999970e+02
-5.920368632610000077e+02
-5.988399458080000386e+02
-5.789721723339999926e+02
-5.976860622650000323e+02
-5.979987409799999796e+02
-5.948517417640000531e+02
-5.940658998760000031e+02
-5.837006407799999579e+02
-5.756959173290000535e+02
-5.817690051370000219e+02
-5.847324284610000404e+02
-5.789483259669999597e+02
-5.873986686060000011e+02
-5.750076417039999797e+02
-5.834265035969999644e+02
-5.850775603910000200e+02
-5.904065192049999951e+02
-5.934809984400000076e+02
-6.007303304710000020e+02
-5.879435318729999835e+02
-5.726313021390000131e+02
-5.996805569660000401e+02
-6.000492772909999530e+02
-5.918580961479999587e+02
-5.706175124520000281e+02
-5.920366214700000000e+02
-5.925050147729999708e+02
-5.894599580039999864e+02
-5.843259732290000557e+02
-5.830770592999999735e+02
-5.985429408090000152e+02
-5.657315935189999436e+02
-6.016992807149999862e+02
-5.995084662310000567e+02
-5.973661656030000131e+02
-5.729573241210000560e+02
-6.011743864159999475e+02
-6.012666871899999705e+02
-5.907303344130000369e+02
-5.938952456839999741e+02
-5.889588724029999867e+02
-5.960792226510000091e+02
-5.992934202379999533e+02
-5.844685363070000221e+02
-5.916224215339999546e+02
-5.938564904659999684e+02
-5.922534124730000258e+02
-5.812216519800000469e+02
-5.930149210040000298e+02
-5.677339801560000296e+02
-5.744247389309999789e+02
-5.888752946900000325e+02
-5.919155214859999887e+02
-5.884112915130000374e+02
-5.937543898610000497e+02
-5.832271687019999717e+02
-5.948111164480000070e+02
-5.819953242479999744e+02
-5.816024497500000052e+02
-6.001424103059999879e+02
-5.921982936470000141e+02
-5.945439956520000351e+02
-5.905634706490000099e+02
-5.850542127600000413e+02
-5.977267644410000003e+02
-5.893026792859999432e+02
-5.908031763080000474e+02
-5.897186106469999913e+02
-5.881561688150000009e+02
-5.763341924060000565e+02
-5.952543834909999987e+02
-5.809236579619999929e+02
-5.912775241320000532e+02
-5.986770645999999942e+02
-6.046202975449999713e+02
-5.723385581889999685e+02
-5.967240578079999977e+02
-5.907240206569999827e+02
-5.751211551430000100e+02
-5.873269685479999680e+02
-5.980202422679999472e+02
-5.788038743739999745e+02
-5.980936530330000096e+02
-5.900998905679999780e+02
-5.944334168069999578e+02
-5.945831472989999611e+02
-5.743721231819999957e+02
-5.923649823189999779e+02
-5.998472628590000113e+02
-5.915268049180000389e+02
-5.836313992220000273e+02
-5.911869784760000357e+02
-5.890840201549999620e+02
-5.911846345310000288e+02
-5.801113738609999473e+02
-5.873428220429999556e+02
-5.675802754950000235e+02
-5.949451158650000480e+02
-5.968914570749999484e+02
-6.020906247579999899e+02
-5.914701971030000323e+02
-5.962767966919999481e+02
-5.898382680219999656e+02
-5.866542786190000243e+02
-5.644946032840000498e+02
-5.821362158949999639e+02
-5.964852482200000168e+02
-5.972041260470000452e+02
-6.036551591319999943e+02
-5.962448418599999513e+02
-6.027832304700000350e+02
-5.921291132979999929e+02
-5.896878731550000339e+02
-5.954666469329999927e+02
-5.942883826969999745e+02
-5.770158340399999588e+02
-5.902241716910000378e+02
-5.820897975430000315e+02
-5.744022679749999725e+02
-5.800841607300000078e+02
-5.973003650870000456e+02
-5.970297069619999775e+02
-5.857371267219999709e+02
-5.961154900420000331e+02
-5.895479616589999523e+02
-5.944436567340000011e+02
-5.984566146829999980e+02
-5.987556636570000137e+02
-5.952808832409999695e+02
-5.932253548420000016e+02
-5.985305876779999608e+02
-5.880774852089999740e+02
-5.900683092790000046e+02
-5.793238334750000149e+02
-5.965258954250000443e+02
-5.990258920259999513e+02
-5.909033466079999926e+02
-5.863331210850000161e+02
-5.902863719849999597e+02
-5.839690623359999790e+02
-5.838557652539999481e+02
-5.932136226799999577e+02
-5.852602547919999552e+02
-5.910174400959999730e+02
-6.017471001889999798e+02
-5.899529022880000184e+02
-5.986358401689999482e+02
-6.008097063630000321e+02
-5.924770906779999677e+02
-5.876452573110000230e+02
-5.954394834879999507e+02
-5.843011444669999719e+02
-5.911011797649999835e+02
-5.891008743749999894e+02
-5.897134119849999934e+02
-5.975998730009999917e+02
-5.979318507420000515e+02
-5.921347566929999857e+02
-5.977800200489999725e+02
-5.837222766620000129e+02
-6.017924379160000399e+02
-5.876230848980000019e+02
-5.775785868059999757e+02
-6.033718275070000345e+02
-5.955876201109999784e+02
-6.033076409430000240e+02
-5.951022924259999627e+02
-5.951215881509999690e+02
-5.790133486700000276e+02
-5.928240118500000335e+02
-5.656325588019999486e+02
-5.717050235519999433e+02
-5.762464442589999862e+02
-5.732824583130000065e+02
-5.795101996539999618e+02
-5.887692979229999537e+02
-5.962267641140000478e+02
-5.942544390880000265e+02
-5.907210678950000329e+02
-5.966157506270000113e+02
-5.933276700190000383e+02
-5.885337361430000556e+02
-5.919817118570000503e+02
-5.775115814949999731e+02
-5.914504878899999767e+02
-5.846364444499999991e+02
-6.018606512820000489e+02
-5.926430425539999760e+02
-5.848465278370000533e+02
-5.926164079599999468e+02
-5.917387261019999869e+02
-5.852479844670000375e+02
-6.011847263790000397e+02
-5.882291286409999884e+02
-5.859722024139999803e+02
-6.006380178900000146e+02
-5.890916821680000339e+02
-6.026291866929999514e+02
-5.927450753690000056e+02
-6.052422295249999706e+02
-5.943695037940000248e+02
-6.055174270310000111e+02
-6.005978506369999650e+02
-5.960812863080000170e+02
-5.961986102949999804e+02
-5.985086667530000568e+02
-5.814882813519999445e+02
-6.036697926849999476e+02
-6.045038236730000563e+02
-5.945117793990000337e+02
-6.010543856739999455e+02
-5.786412219960000130e+02
-5.879501543620000348e+02
-5.988217283069999439e+02
-5.819639062859999967e+02
-5.795089380939999728e+02
-5.900965860219999968e+02
-5.892482732460000534e+02
-6.055964083500000470e+02
-6.016098314050000226e+02
-5.648952139079999597e+02
-5.982439448139999740e+02
-5.892105145489999813e+02
-6.031201836799999683e+02
-5.899009521630000563e+02
-5.884851715529999865e+02
-6.010300544120000268e+02
-5.988317651290000185e+02
-6.016104962939999723e+02
-5.896827572009999585e+02
-6.005261787220000542e+02
-5.955106357199999820e+02
-6.037592877020000515e+02
-5.806484557349999704e+02
-5.811958009009999842e+02
-5.870168536989999666e+02
-5.817189003360000470e+02
-5.716814193200000318e+02
-5.954888498179999488e+02
-5.913410744120000118e+02
-5.877770959309999625e+02
-5.693347177629999578e+02
-5.763887332069999729e+02
-5.767835349939999787e+02
-5.707789054520000036e+02
-5.962985841180000079e+02
-5.725714972279999984e+02
-5.881324657919999481e+02
-5.771802044500000193e+02
-5.960292693840000311e+02
-5.936678864740000563e+02
-5.820107543450000094e+02
-5.754045499459999746e+02
-5.906724422739999909e+02
-5.895285459750000427e+02
-5.946274828680000155e+02
-5.960185047149999491e+02
-5.811830497360000436e+02
-5.897219040640000003e+02
-6.003793619770000305e+02
-6.029471582820000322e+02
-5.749825901279999698e+02
-5.939415629720000425e+02
-5.802586940850000019e+02
-6.004553674029999684e+02
-5.937122983169999770e+02
-5.944964753619999556e+02
-5.932244823510000060e+02
-5.864512383129999762e+02
-5.818417694610000126e+02
-5.934392256840000073e+02
-5.982904859440000109e+02
-5.471138804380000238e+02
-5.914632200029999467e+02
-6.038479883109999946e+02
-5.997187902690000101e+02
-5.969018479400000388e+02
-5.994069111070000417e+02
-5.801898648459999777e+02
-5.889271425660000432e+02
-5.935390773709999621e+02
-5.950888995779999959e+02
-5.990198669449999898e+02
-5.918360358229999747e+02
-5.742018375669999841e+02
-5.585676545840000244e+02
-5.934931807140000046e+02
-5.957320512290000352e+02
-5.894522001560000035e+02
-5.867196331349999809e+02
-6.017068559020000293e+02
-6.039126737840000487e+02
-5.980275840470000048e+02
-5.986090059580000116e+02
-5.965065803149999510e+02
-6.008990950400000202e+02
-6.001120028440000169e+02
-5.954015243730000293e+02
-5.889198201929999641e+02
-6.017978034479999678e+02
-5.836640740620000543e+02
-5.946643985399999792e+02
-5.987863479689999622e+02
-5.798817164979999461e+02
-5.790096999569999525e+02
-5.805447240989999500e+02
-5.864095929080000360e+02
-5.885926501999999800e+02
-5.864564725159999625e+02
-5.956711687209999582e+02
-5.985098422979999668e+02
-5.972107961079999541e+02
-5.999730995129999656e+02
-6.001801990550000028e+02
-5.781982491740000114e+02
-5.992063886260000345e+02
-5.913035284559999809e+02
-5.890372343699999647e+02
-5.807460794610000221e+02
-5.943328666749999911e+02
-5.852934473479999724e+02
-5.916177960750000011e+02
-5.893113036920000241e+02
-5.932269430070000453e+02
-5.866733278450000171e+02
-5.957791920910000272e+02
-5.958276662140000326e+02
-5.776088265849999743e+02
-5.944995984910000288e+02
-5.757405032090000532e+02
-5.892963159199999836e+02
-5.756761025280000013e+02
-5.964732350040000028e+02
-6.017664830840000150e+02
-6.062045275680000032e+02
-5.876992885610000030e+02
-5.870460981799999445e+02
-5.931860765449999917e+02
-5.903246209630000294e+02
-5.982754208920000565e+02
-6.000524844809999649e+02
-5.651934807659999933e+02
-5.930729735789999495e+02
-5.963620385149999947e+02
-5.942916402360000347e+02
-5.885990872359999457e+02
-5.959737751500000513e+02
-6.001219123859999627e+02
-5.981820919069999718e+02
-5.903638814480000292e+02
-5.827867041079999808e+02
-5.736441677779999964e+02
-6.007088272700000289e+02
-5.939720610379999925e+02
-5.651569430880000482e+02
-5.850708240510000451e+02
-5.898579469229999859e+02
-5.918106010679999827e+02
-5.913127295670000194e+02
-5.933645707970000558e+02
-5.794722365149999632e+02
-5.920337465400000383e+02
-5.889064959739999949e+02
-5.843573863430000301e+02
-5.921358965250000210e+02
-5.790444592100000136e+02
-5.921811735080000290e+02
-5.914504928180000434e+02
-5.858118440639999562e+02
-5.913693675680000297e+02
-5.976107591339999772e+02
-5.800611170500000071e+02
-5.861641619529999616e+02
-5.823825112680000302e+02
-5.982661074439999993e+02
-5.968430375789999971e+02
-5.970075818589999699e+02
-5.703415166839999983e+02
-5.768050793070000282e+02
-5.798351841090000107e+02
-5.942737542300000086e+02
-5.949844741870000462e+02
-5.973790719610000224e+02
-5.965353880339999932e+02
-5.972775597050000442e+02
-5.888787874130000546e+02
-5.951052024570000185e+02
-5.960733277260000023e+02
-5.942335598060000166e+02
-6.042902159569999867e+02
-5.990174762780000037e+02
-5.795773621340000545e+02
-5.959945652989999871e+02
-5.987862286939999876e+02
-5.871767637919999743e+02
-5.776961344019999842e+02
-5.976848507199999858e+02
-5.905384844300000395e+02
-6.024576868269999750e+02
-5.836752614099999619e+02
-5.958556799039999987e+02
-5.863352924499999972e+02
-5.967379920920000131e+02
-6.047127552319999495e+02
-6.035246080260000099e+02
-5.982123979110000391e+02
-5.919155541190000349e+02
-6.001376278699999602e+02
-5.974300463030000401e+02
-5.935177959139999757e+02
-5.985007560950000425e+02
-5.903455968609999900e+02
-5.968278842339999528e+02
-5.806085565450000558e+02
-5.971583194360000562e+02
-5.850877825039999607e+02
-5.868784885420000137e+02
-5.945528714299999820e+02
-5.847374046209999960e+02
-5.962997271650000357e+02
-5.972585310289999825e+02
-5.957344870529999525e+02
-5.984200916569999436e+02
-5.683204541229999904e+02
-5.801919933440000250e+02
-5.798400475240000560e+02
-5.919369024869999976e+02
-5.872653614240000479e+02
-5.959898747959999810e+02
-5.998409529760000396e+02
-5.942649346629999627e+02
-5.924688056930000357e+02
-5.972458630480000465e+02
-5.965559142070000007e+02
-5.956912340740000218e+02
-5.970047660069999438e+02
-5.978717014139999719e+02
-5.771082124060000069e+02
-5.912077397909999945e+02
-5.957922521550000283e+02
-6.016972846749999917e+02
-5.899298842560000367e+02
-5.999030200390000118e+02
-5.930449053690000483e+02
-5.966929753199999595e+02
-5.995091495489999716e+02
-5.922290488989999631e+02
-5.988627049980000265e+02
-5.833008068819999608e+02
-5.839609851070000559e+02
-5.998720724319999817e+02
-5.941223508150000043e+02
-5.986834090260000494e+02
-5.910347429939999984e+02
-5.988780953220000356e+02
-5.869804139980000173e+02
-5.859021480300000349e+02
-6.018814989600000445e+02
-5.968589494079999440e+02
-5.999908791259999816e+02
-5.754500705440000274e+02
-5.982096644380000043e+02
-5.860430666339999561e+02
-5.826222266590000345e+02
-5.896701968520000037e+02
-5.791063291909999862e+02
-5.882860739100000274e+02
-5.891250663280000026e+02
-5.922148961430000327e+02
-5.768176309269999820e+02
-5.831027068319999671e+02
-5.910324056680000240e+02
-5.987005886150000151e+02
-5.902077616699999680e+02
-6.007802455620000046e+02
-5.875518155060000254e+02
-5.673954268009999851e+02
-5.906350618349999877e+02
-5.881030779630000325e+02
-5.932510209869999471e+02
-5.968017213980000406e+02
-5.904045231039999635e+02
-5.917031208700000207e+02
-5.859264757309999823e+02
-5.928895426679999900e+02
-5.990478089709999949e+02
-5.891250056170000562e+02
-5.780296036349999440e+02
-5.764150888740000482e+02
-6.035514085439999690e+02
-5.875951907730000130e+02
-5.943645030699999552e+02
-5.857609415900000158e+02
-5.967057752990000381e+02
-5.951579135870000528e+02
-5.912863811639999767e+02
-5.992855761399999892e+02
-5.938130729020000445e+02
-5.986358356819999926e+02
-5.822040278810000018e+02
-5.978520025239999995e+02
-5.947320036139999502e+02
-5.845707337249999682e+02
-5.842478277339999977e+02
-6.012050864259999798e+02
-5.935443285520000245e+02
-5.967523322759999473e+02
-5.758588774869999725e+02
-5.924127592539999796e+02
-5.934044603920000327e+02
-5.962523087370000212e+02
-5.938422984970000016e+02
-5.770791876609999917e+02
-5.938864388309999640e+02
-6.029120439979999446e+02
-5.993366425020000179e+02
-6.014899075089999769e+02
-5.750683293979999462e+02
-5.965949050039999975e+02
-5.673283116600000540e+02
-5.829864219749999847e+02
-5.892765708289999793e+02
-5.913548800949999986e+02
-5.955224804619999759e+02
-6.010482479239999520e+02
-5.982502242750000505e+02
-6.014679828949999774e+02
-5.979438412859999517e+02
-5.992446432990000176e+02
-5.872601737229999799e+02
-5.790655239530000244e+02
-5.953537218400000484e+02
-5.874547498450000376e+02
-5.996807797059999530e+02
-5.842371122560000458e+02
-5.899954981659999476e+02
-5.962154894909999712e+02
-5.834219039399999929e+02
-5.956954224869999734e+02
-5.977394122809999999e+02
-5.955496583609999561e+02
-5.900186345900000333e+02
-5.939746660030000385e+02
-5.868270482540000330e+02
-5.892359629710000490e+02
-5.804277322320000394e+02
-5.927511831939999638e+02
-5.814459083609999652e+02
-6.023933392210000193e+02
-6.044793105490000471e+02
-5.914858958889999485e+02
-5.713437753050000083e+02
-6.062767017239999632e+02
-5.947744221389999666e+02
-6.012528943319999826e+02
-5.874257140659999550e+02
-5.895144573490000539e+02
-5.897443754710000121e+02
-5.946381856640000478e+02
-6.035061970560000191e+02
-5.971431104069999947e+02
-5.900967316879999771e+02
-5.808157629199999974e+02
-5.857007355260000168e+02
-5.739397441959999924e+02
-5.955528872569999521e+02
-5.834468731870000511e+02
-5.956099355540000033e+02
-5.975689203790000192e+02
-5.916930442609999545e+02
-5.958293997910000144e+02
-5.937918678549999640e+02
-5.991601559800000132e+02
-6.004387521769999694e+02
-6.002518247169999768e+02
-5.908004914919999919e+02
-6.005252815920000558e+02
-6.041510022740000068e+02
-5.908711787949999916e+02
-6.037615451059999714e+02
-5.914023938880000060e+02
-5.935303568719999703e+02
-5.981642341420000548e+02
-5.971349246600000242e+02
-6.010023392629999535e+02
-5.868358984610000562e+02
-5.917361058080000475e+02
-5.983926268420000270e+02
-6.010171939189999648e+02
-5.989434407810000494e+02
-5.889752451299999620e+02
-6.026600864509999838e+02
-5.903679277700000512e+02
-5.815054969689999780e+02
-5.993382573500000490e+02
-5.921341910800000505e+02
-5.950012028119999741e+02
-5.965989719789999981e+02
-5.877767608699999755e+02
-5.849334706490000144e+02
-5.933860995229999844e+02
-5.931074895450000213e+02
-5.951950806690000491e+02
-5.907217010250000158e+02
-5.866161026830000083e+02
-5.904801885099999481e+02
-5.862204184759999634e+02
-5.995727065610000182e+02
-5.880976368819999607e+02
-6.000367113790000531e+02
-6.033119306410000036e+02
-5.956324722599999859e+02
-5.982929888170000368e+02
-5.999491297429999577e+02
-5.981022975549999501e+02
-5.998885837300000503e+02
-5.987155420369999774e+02
-5.798910950839999714e+02
-5.855070082209999782e+02
-5.892065991440000516e+02
-5.898979524410000295e+02
-5.987787944550000248e+02
-5.938096727419999752e+02
-5.934066377909999801e+02
-5.795146246299999575e+02
-5.662842049849999739e+02
-5.839293500789999598e+02
-5.858416707620000352e+02
-5.953601226959999622e+02
-5.886270847050000157e+02
-5.975759019109999599e+02
-6.034901501880000296e+02
-5.913276176430000532e+02
-5.815806087639999760e+02
-5.977507615150000220e+02
-6.017412659389999590e+02
-6.013376124809999510e+02
-5.839339356069999667e+02
-5.808097687289999840e+02
-5.866046696439999550e+02
-5.812546795580000207e+02
-5.940634504019999440e+02
-5.965561913080000522e+02
-5.782186858119999897e+02
-5.922097078409999540e+02
-5.938003441170000087e+02
-5.921840251959999932e+02
-6.004002431110000089e+02
-5.961272871009999790e+02
-5.984733025210000505e+02
-5.922866788999999699e+02
-5.948563274000000547e+02
-5.857388665510000010e+02
-5.801246970140000485e+02
-5.935564219350000030e+02
-5.784133002639999859e+02
-5.965918268719999560e+02
-6.010155758140000444e+02
-6.031213647939999873e+02
-5.991167715660000113e+02
-5.845189496199999439e+02
-5.914659183129999747e+02
-5.773117538789999799e+02
-5.692049392950000311e+02
-5.738625904179999679e+02
-5.759191745959999480e+02
-5.856809019859999808e+02
-5.744912155429999530e+02
-5.882783694299999979e+02
-5.863046439549999604e+02
-5.999981175530000428e+02
-6.001220766379999532e+02
-6.038860925879999968e+02
-5.954323699269999679e+02
-5.964076275280000345e+02
-5.937380679750000354e+02
-5.845715375470000481e+02
-5.928365250419999484e+02
-5.778077116529999557e+02
-5.833546598090000543e+02
-5.871215140509999628e+02
-5.938398911580000004e+02
-5.987141876319999483e+02
-5.957735016479999786e+02
-5.876252092529999800e+02
-5.886681751800000484e+02
-6.016962863899999547e+02
-5.889364771499999733e+02
-5.930257619129999966e+02
-5.894246748379999872e+02
-5.848590169520000472e+02
-5.900278743029999760e+02
-5.992498458249999658e+02
-5.934936443289999488e+02
-5.960370380289999730e+02
-5.836604649619999918e+02
-5.972837183079999477e+02
-5.814744883280000067e+02
-5.797149905449999778e+02
-5.949882214970000405e+02
-5.893237061089999997e+02
-5.929085491639999645e+02
-5.844352031749999696e+02
-5.954301052800000207e+02
-5.819794719540000187e+02
-5.727316209089999575e+02
-5.942030050769999434e+02
-5.986976672289999897e+02
-5.917806104620000269e+02
-5.917629782169999544e+02
-5.983366320390000510e+02
-5.947258823979999534e+02
-5.889165633699999489e+02
-5.930526589879999619e+02
-5.901490101179999783e+02
-6.039474227109999447e+02
-5.868176080279999951e+02
-5.952484639199999492e+02
-5.951659016109999811e+02
-5.835823255010000139e+02
-5.929555273050000324e+02
-5.902963308270000198e+02
-5.869146610389999523e+02
-5.900029003729999886e+02
-5.956797960919999468e+02
-5.985282505779999838e+02
-6.018419530429999895e+02
-5.848165098790000229e+02
-5.934479770899999949e+02
-5.966144322129999864e+02
-5.992112458200000447e+02
-5.898870167400000355e+02
-6.033123026499999924e+02
-6.015227819809999801e+02
-5.848721794069999760e+02
-5.929724346530000503e+02
-5.832309265049999567e+02
-5.684882718809999460e+02
-5.947395412439999518e+02
-5.903076689350000379e+02
-5.999537106269999640e+02
-6.049957164420000026e+02
-5.922565551479999613e+02
-5.942362764499999912e+02
-5.820939009730000180e+02
-6.001497168170000123e+02
-5.875016338709999673e+02
-5.635027992149999818e+02
-5.981373111699999754e+02
-5.970656898739999860e+02
-6.009291221700000278e+02
-5.919791996259999678e+02
-6.011581905870000355e+02
-5.935956850669999767e+02
-5.939805084910000232e+02
-5.730495017890000327e+02
-5.790660758110000188e+02
-5.964835010450000254e+02
-5.699660556830000360e+02
-5.860110667300000387e+02
-5.983491677109999500e+02
-5.997595506010000008e+02
-6.013959952740000290e+02
-6.027309086620000471e+02
-5.864247644020000507e+02
-6.026289129330000378e+02
-5.927009221780000416e+02
-6.044085844439999846e+02
-5.955413356069999509e+02
-5.835357857069999454e+02
-5.738626872930000218e+02
-6.020640711260000444e+02
-5.942605332719999751e+02
-5.994083731550000493e+02
-5.992458179950000385e+02
-5.997960399170000301e+02
-5.926440414700000474e+02
-5.802464959070000532e+02
-5.986769251499999882e+02
-5.987941704840000057e+02
-5.878761858029999985e+02
-5.966528804119999450e+02
-5.986888823000000457e+02
-5.973769760760000054e+02
-5.932919054230000029e+02
-5.886679320590000088e+02
-6.028724001929999758e+02
-5.996920340230000193e+02
-5.982636750039999924e+02
-6.010900348909999593e+02
-5.853904221709999547e+02
-5.950905987229999710e+02
-5.952523462980000204e+02
-5.901992150949999996e+02
-5.968051404819999561e+02
-5.820516602369999646e+02
-5.849109270659999993e+02
-5.947192187379999950e+02
-5.838238091890000305e+02
-5.986102470069999981e+02
-5.877830535399999690e+02
-5.885065550780000194e+02
-6.054455163710000534e+02
-5.930367065679999996e+02
-5.913327763759999698e+02
-5.581312507950000281e+02
-5.966004006519999621e+02
-5.829931914239999742e+02
-5.993428763880000361e+02
-6.013295674969999709e+02
-5.995636069549999547e+02
-5.881515807660000519e+02
-5.829993929500000149e+02
-5.908606760210000175e+02
-5.898620520140000281e+02
-5.801396407280000176e+02
-5.887514175259999547e+02
-5.904860955750000358e+02
-5.639300860219999549e+02
-5.885383458359999622e+02
-5.916983059389999653e+02
-5.812438292140000158e+02
-5.967168306319999829e+02
-5.852568731679999701e+02
-5.919287001850000252e+02
-5.850757062820000556e+02
-5.929480361309999807e+02
-5.850078144149999844e+02
-5.986960669080000343e+02
-5.967635170050000397e+02
-5.798275952420000294e+02
-5.948741817090000268e+02
-5.864951432780000005e+02
-6.007290340719999904e+02
-5.944530912440000066e+02
-6.007621480799999745e+02
-5.771317955939999820e+02
-5.938383915099999513e+02
-5.875081339800000251e+02
-5.931845915730000343e+02
-5.717795341319999807e+02
-5.923743805230000135e+02
-6.003246633290000318e+02
-5.983769040759999598e+02
-5.963173801609999600e+02
-5.962522458720000031e+02
-5.843468059069999754e+02
-5.966831319289999556e+02
-5.980324344609999798e+02
-5.767026890020000565e+02
-5.948030264950000401e+02
-5.817741334129999586e+02
-5.876397899879999613e+02
-5.832586807220000082e+02
-5.940530624609999677e+02
-5.751168830640000351e+02
-5.784077730090000387e+02
-5.991868688729999803e+02
-5.885236901150000222e+02
-6.050353123019999657e+02
-5.840053184030000466e+02
-6.009323226120000072e+02
-5.714995046159999674e+02
-5.996416598040000281e+02
-5.991074912179999501e+02
-5.951212157649999881e+02
-5.964485860300000013e+02
-5.938578336489999856e+02
-5.948588799870000230e+02
-5.815266754860000447e+02
-6.005306839370000489e+02
-5.837337418289999960e+02
-5.766408260849999579e+02
-5.580691028170000436e+02
-5.930012830939999731e+02
-5.952922420920000377e+02
-5.863132135329999528e+02
-5.992838562250000223e+02
-5.945166757010000538e+02
-5.956901672440000084e+02
-5.871288383769999655e+02
-5.892193451440000445e+02
-5.999201467230000162e+02
-5.932114170080000122e+02
-5.946083722409999837e+02
-5.977989143590000367e+02
-5.915839503500000092e+02
-5.941036543970000139e+02
-5.974633891270000277e+02
-5.858259393920000093e+02
-5.961931628229999660e+02
-5.917520927509999638e+02
-5.921435673629999883e+02
-5.964799222340000142e+02
-5.945116461950000257e+02
-5.990494615479999538e+02
-5.917607856020000554e+02
-5.864078350380000302e+02
-5.876083787970000003e+02
-5.921853779340000301e+02
-5.757834529399999610e+02
-5.852656910470000184e+02
-5.933969304839999950e+02
-5.950663205729999845e+02
-6.025646743260000449e+02
-5.945097367390000045e+02
-5.977892518910000490e+02
-5.979820488079999450e+02
-5.998597541350000029e+02
-5.931344983709999497e+02
-6.045249114959999588e+02
-5.743527902890000405e+02
-5.937529797439999584e+02
-5.890385149480000564e+02
-5.863206592320000254e+02
-5.999262900080000236e+02
-5.985169152649999660e+02
-5.871224677159999601e+02
-6.038715556600000127e+02
-5.940322628999999779e+02
-5.952750458259999959e+02
-5.986275978009999790e+02
-5.808528613580000410e+02
-5.945374275550000220e+02
-5.922360341429999835e+02
-5.955623177129999704e+02
-6.013246503010000197e+02
-5.757063411509999469e+02
-5.907475887809999904e+02
-5.721743106500000522e+02
-5.985210125349999544e+02
-5.965012378909999597e+02
-5.942515750049999497e+02
-5.972153011220000280e+02
-5.892977618999999549e+02
-5.895490603690000171e+02
-5.948715362230000210e+02
-5.963731114580000394e+02
-6.022848271149999846e+02
-5.981365875300000425e+02
-6.001185865339999737e+02
-5.954522912700000461e+02
-5.966922285529999499e+02
-5.980912470240000403e+02
-5.958850310579999814e+02
-5.880521101350000208e+02
-5.893484502109999994e+02
-5.918119925190000004e+02
-6.008124746099999811e+02
-5.936219521189999568e+02
-5.887562439050000194e+02
-5.943174482980000448e+02
-5.957328633250000394e+02
-5.904888413080000191e+02
-5.944212269570000444e+02
-5.922528903359999504e+02
-5.625992508240000234e+02
-5.788106097899999440e+02
-5.862051956579999796e+02
-5.777148539649999748e+02
-5.915300266770000235e+02
-5.974027261940000244e+02
-6.022654172769999832e+02
-5.953796536490000335e+02
-5.785875827359999448e+02
-5.973730172389999780e+02
-5.981499249380000265e+02
-5.715069820090000121e+02
-5.995011831299999585e+02
-5.941548612699999694e+02
-5.943355218709999690e+02
-5.840508409860000256e+02
-5.884358690990000014e+02
-5.810902355690000149e+02
-6.009945485729999746e+02
-5.844125985900000160e+02
-5.852497272660000363e+02
-5.772634742940000478e+02
-5.876080692389999740e+02
-5.788278827550000187e+02
-6.024156866409999793e+02
-5.874446940740000400e+02
-5.957946224940000093e+02
-5.918558938959999978e+02
-5.716818577840000444e+02
-5.730114622900000541e+02
-5.817348337549999542e+02
-5.867736958460000096e+02
-5.949972758459999795e+02
-5.924550430379999852e+02
-5.913821968270000298e+02
-5.862332971209999641e+02
-5.809123798540000507e+02
-5.872113744580000230e+02
-5.935807846359999758e+02
-5.913342369099999587e+02
-5.926661169669999936e+02
-5.975532249499999580e+02
-5.924888514739999437e+02
-5.814449998520000236e+02
-5.959973451949999799e+02
-6.019501575560000219e+02
-5.803503250750000007e+02
-5.923458183320000217e+02
-5.972466836830000148e+02
-5.876989809460000060e+02
-5.949881004139999732e+02
-5.724122118440000122e+02
-5.778887626470000214e+02
-5.921088107440000385e+02
-5.937266841260000092e+02
-5.806559747430000016e+02
-5.794780703279999443e+02
-5.910856016489999547e+02
-5.857956358139999793e+02
-5.826601819830000295e+02
-5.868651923139999553e+02
-6.016634713019999481e+02
-5.873661668299999974e+02
-6.031228815330000543e+02
-5.886209645410000348e+02
-5.864179972719999796e+02
-5.910437957189999452e+02
-5.923718125530000407e+02
-5.869543392819999781e+02
-5.721763382079999474e+02
-5.961728569089999610e+02
-5.846150306230000524e+02
-5.932367323839999926e+02
-5.864352679630000011e+02
-5.848356861429999753e+02
-5.886388389180000331e+02
-6.028819339140000011e+02
-5.919929523849999669e+02
-5.859896103360000552e+02
-5.871350226069999962e+02
-5.887839546049999626e+02
-6.030861122799999521e+02
-5.961380210089999991e+02
-5.966938301889999821e+02
-5.891401098769999862e+02
-5.921891686339999978e+02
-5.977039475599999605e+02
-5.963168611559999590e+02
-5.997312980729999481e+02
-5.819743841509999811e+02
-5.939469971529999839e+02
-6.064832362949999833e+02
-5.936830921729999773e+02
-5.894885383250000359e+02
-5.925599624950000361e+02
-5.943939109140000028e+02
-5.816055640680000351e+02
-5.849583017119999795e+02
-5.918306824479999477e+02
-5.987900785739999492e+02
-5.943532539249999900e+02
-5.774816182140000365e+02
-6.033838369029999740e+02
-5.681444265569999743e+02
-5.808910003470000447e+02
-5.903830528449999520e+02
-5.836495047260000320e+02
-5.850858413329999621e+02
-5.774432677009999679e+02
-5.975644518760000210e+02
-5.918813438759999599e+02
-5.971201434360000349e+02
-5.871278073219999669e+02
-5.795867519060000177e+02
-5.900689434290000008e+02
-5.982255768310000121e+02
-5.877917496879999817e+02
-5.768356545660000165e+02
-5.665164645260000498e+02
-5.627194492710000304e+02
-5.752959997489999751e+02
-6.013770767949999936e+02
-5.959709264939999684e+02
-5.851878698450000229e+02
-5.894729736470000034e+02
-5.868173380130000396e+02
-5.918785533090000399e+02
-5.930995414660000051e+02
-5.918377723620000097e+02
-5.970249952169999688e+02
-6.007353320380000241e+02
-5.969317861340000491e+02
-6.054404321910000135e+02
-5.668691429149999976e+02
-5.914009563040000330e+02
-5.971651794729999665e+02
-5.892762890139999854e+02
-5.789770922659999997e+02
-6.027621960430000172e+02
-5.870388070149999749e+02
-5.951722737589999497e+02
-6.011693519729999480e+02
-5.965532014020000133e+02
-5.817534632230000398e+02
-5.980479555910000045e+02
-5.953525653399999555e+02
-5.965360823739999887e+02
-6.026478776479999624e+02
-5.860363025279999647e+02
-5.919943774370000256e+02
-5.939016166530000191e+02
-5.940788215920000539e+02
-5.997807276280000224e+02
-5.894603302509999594e+02
-6.038101194629999782e+02
-6.019154053409999960e+02
-5.849928975760000185e+02
-6.015266195110000353e+02
-5.991064893630000370e+02
-5.640947852450000255e+02
-6.005113634970000476e+02
-5.852475979360000338e+02
-6.020055598999999802e+02
-5.872200931879999644e+02
-5.927208419180000192e+02
-5.872875585250000086e+02
-5.949106985800000302e+02
-5.973194413180000311e+02
-5.891984012660000189e+02
-5.908340650080000387e+02
-5.817297058279999646e+02
-5.766993122070000481e+02
-5.841354079630000342e+02
-5.832148118549999936e+02
-5.876236336780000329e+02
-5.974324174289999974e+02
-5.933953487679999625e+02
-5.865054649930000323e+02
-5.920243551449999586e+02
-5.970894945119999875e+02
-6.022318829739999728e+02
-5.901963118600000371e+02
-5.946867489019999766e+02
-5.984652506300000141e+02
-5.868914992610000354e+02
-5.923579547529999445e+02
-5.882602021110000123e+02
-5.931035628050000241e+02
-6.013185279790000095e+02
-5.959710962609999569e+02
-5.902979123869999967e+02
-5.820571401209999749e+02
-5.794973187760000428e+02
-5.990584557419999783e+02
-5.898230070289999958e+02
-5.921135692159999735e+02
-5.815638834180000458e+02
-5.870134204890000547e+02
-5.976542552150000347e+02
-5.996209448580000299e+02
-5.965393620009999722e+02
-5.941397687170000381e+02
-5.854616242050000210e+02
-6.037216380739999977e+02
-6.040177194509999481e+02
-6.007111240719999614e+02
-5.941546827829999984e+02
-6.035847255370000539e+02
-5.929506545489999780e+02
-6.028170915079999759e+02
-5.912901065849999895e+02
-5.931719271819999904e+02
-5.952094823679999536e+02
-6.002145123340000055e+02
-5.804599809090000235e+02
-5.964690917110000328e+02
-5.848078160109999999e+02
-5.984996116869999696e+02
-5.967801778570000124e+02
-5.825225664480000205e+02
-5.994499051830000553e+02
-5.987746884809999983e+02
-5.964845941879999600e+02
-5.923926188770000181e+02
-5.953690078920000133e+02
-5.966085001469999725e+02
-5.884057573149999598e+02
-5.905329585099999576e+02
-5.945439468230000557e+02
-6.039123171710000406e+02
-5.965650939780000499e+02
-5.904489852179999616e+02
-5.901839515299999448e+02
-5.938809378910000305e+02
-5.865998179539999455e+02
-5.933374265850000029e+02
-5.772586477959999911e+02
-5.801603032320000466e+02
-5.993675159839999651e+02
-5.730753239230000418e+02
-5.840760870719999502e+02
