-5.966552810949999639e+02
-5.935034267580000460e+02
-5.942546431380000058e+02
-5.953758192819999522e+02
-6.002108637000000044e+02
-6.002009229379999624e+02
-5.993312415430000328e+02
-5.929538239319999775e+02
-5.991087831229999665e+02
-5.845560537059999433e+02
-5.968075428380000176e+02
-5.893686964089999947e+02
-5.926637826300000143e+02
-5.849299918689999913e+02
-5.708635068309999951e+02
-5.756777756740000314e+02
-5.915929750870000134e+02
-5.927599234230000320e+02
-5.979338959890000069e+02
-5.920627805000000308e+02
-6.012655159229999526e+02
-5.955125610180000422e+02
-6.038499227160000373e+02
-5.936868913460000385e+02
-6.063662816009999688e+02
-6.040142736179999474e+02
-5.994753759039999750e+02
-5.853773990480000293e+02
-5.906645662329999595e+02
-5.936926048479999736e+02
-5.986691681859999790e+02
-5.925375428559999591e+02
-5.986848080989999517e+02
-5.923659702679999555e+02
-6.045005354639999950e+02
-5.995859652230000165e+02
-5.852076714620000075e+02
-5.845084341739999445e+02
-5.900878109349999932e+02
-5.939477492490000259e+02
-5.986528185920000169e+02
-5.938373840540000401e+02
-6.031341355920000069e+02
-6.043041264969999702e+02
-5.969651886970000305e+02
-5.974528371599999446e+02
-5.939273718609999833e+02
-5.773651686409999684e+02
-5.932122120889999906e+02
-5.906623764370000345e+02
-5.759040702250000550e+02
-5.948168856989999540e+02
-5.863439961100000346e+02
-5.973999583669999538e+02
-5.863064766459999646e+02
-6.022716788730000417e+02
-5.988490918659999807e+02
-5.986370628959999749e+02
-5.890305020020000484e+02
-6.006346109669999578e+02
-5.981088460759999634e+02
-6.018505402490000051e+02
-6.008208206550000341e+02
-5.935699708140000439e+02
-5.802356178200000159e+02
-5.979925463089999766e+02
-5.978513545990000466e+02
-5.948220529019999958e+02
-5.975645327349999434e+02
-5.856837774360000139e+02
-5.797521688690000019e+02
-5.947215426609999440e+02
-5.854667143750000378e+02
-5.954757352120000178e+02
-5.915724984019999511e+02
-5.804349000339999520e+02
-5.936059006130000171e+02
-5.888985814699999537e+02
-5.931694511509999757e+02
-6.039932964189999893e+02
-5.868147171379999918e+02
-5.848792875719999529e+02
-5.986114486980000038e+02
-5.912578843290000350e+02
-5.899351603139999725e+02
-5.830958605160000161e+02
-5.861751332190000312e+02
-5.943709655559999874e+02
-5.976321125050000092e+02
-5.923492377139999689e+02
-5.860268141620000506e+02
-6.005926521210000146e+02
-5.970601912869999524e+02
-5.879762342090000402e+02
-5.967250467129999834e+02
-5.911811520270000528e+02
-6.001044453020000446e+02
-5.854041305690000172e+02
-5.885464239450000150e+02
-5.998516467660000444e+02
-5.934297213109999802e+02
-5.978214265330000217e+02
-5.946526618919999692e+02
-5.875389604910000116e+02
-5.885355304710000155e+02
-5.702841719159999911e+02
-5.925170148920000202e+02
-5.972871067229999653e+02
-5.773842633120000301e+02
-5.595830603040000142e+02
-5.870560645699999895e+02
-6.014464400499999783e+02
-6.004505978509999977e+02
-5.775147766860000047e+02
-5.918398239470000135e+02
-5.992233236280000028e+02
-6.004254756440000165e+02
-5.966896887479999805e+02
-6.031071737810000286e+02
-5.822751497169999766e+02
-5.911881001360000027e+02
-5.979613500020000174e+02
-5.939039402350000501e+02
-5.926115388509999775e+02
-5.750721566629999870e+02
-5.931305781009999691e+02
-6.012703859829999828e+02
-5.918832692299999962e+02
-5.780351591849999977e+02
-5.847793295740000303e+02
-5.755048161129999471e+02
-5.962916499450000174e+02
-5.978947045569999545e+02
-6.059934336380000559e+02
-6.031628370219999624e+02
-5.990369432319999987e+02
-5.857974950249999893e+02
-5.886654716629999484e+02
-5.948708385170000383e+02
-6.042003299689999949e+02
-5.721037273120000464e+02
-5.981388141420000011e+02
-6.001457629210000277e+02
-5.952099090870000282e+02
-5.986028202469999542e+02
-5.920805266490000349e+02
-5.920771534499999689e+02
-5.956736218070000177e+02
-5.955375025199999754e+02
-5.989890102619999652e+02
-5.973267108549999875e+02
-5.958097206009999809e+02
-5.946622132600000441e+02
-5.809409146220000366e+02
-5.997644374410000410e+02
-6.002019892900000286e+02
-5.989839279530000340e+02
-5.980919438140000466e+02
-5.952759796440000173e+02
-5.900725919220000151e+02
-5.850651363900000206e+02
-5.699687810350000063e+02
-5.829881593410000278e+02
-5.949507769069999767e+02
-5.929778538790000084e+02
-5.974003309869999612e+02
-5.880404054729999643e+02
-5.845460029350000468e+02
-5.901077489860000469e+02
-5.932501692549999461e+02
-5.868820608930000162e+02
-5.903595287639999469e+02
-6.021343729899999744e+02
-5.927479210489999559e+02
-5.990268663289999722e+02
-5.909679827170000408e+02
-5.995247749119999980e+02
-6.052469640690000006e+02
-6.033190288069999951e+02
-5.988278737209999463e+02
-5.949479308910000555e+02
-5.916589048030000413e+02
-5.961625446130000228e+02
-6.056391623629999685e+02
-5.961936687419999998e+02
-6.039702266409999538e+02
-5.834069354939999812e+02
-5.911425546729999496e+02
-5.920784229939999932e+02
-5.944825075420000076e+02
-5.836094485950000035e+02
-5.962493627339999875e+02
-5.981246843100000206e+02
-5.979075389160000213e+02
-6.030987556530000120e+02
-5.946971714439999914e+02
-5.901573351570000341e+02
-5.990311384069999576e+02
-5.872566249220000145e+02
-5.951005000769999924e+02
-5.672487781429999814e+02
-5.912176634090000107e+02
-5.967228759460000447e+02
-5.766424985879999667e+02
-5.916769818960000293e+02
-5.936098313999999618e+02
-5.999569655960000318e+02
-5.962730483059999642e+02
-5.955939565400000220e+02
-6.016092524900000171e+02
-5.931880907409999963e+02
-5.936964058840000007e+02
-5.865637397660000261e+02
-5.982022224280000273e+02
-5.881707925790000218e+02
-5.998560647689999996e+02
-5.973572529069999746e+02
-6.021340336350000371e+02
-6.056829372879999482e+02
-5.894372812780000004e+02
-5.995508957450000480e+02
-6.003129523329999984e+02
-5.954648401130000366e+02
-5.989149980659999528e+02
-5.932921585459999960e+02
-5.922454627839999830e+02
-5.921199643700000479e+02
-5.929858303790000491e+02
-5.862600345380000135e+02
-5.983613540259999581e+02
-5.963400469599999951e+02
-5.968108969959999968e+02
-5.953490853429999561e+02
-5.886681330129999878e+02
-6.004960614970000279e+02
-5.945140475250000236e+02
-5.993792106219999596e+02
-5.920630320469999788e+02
-6.005298716270000341e+02
-5.970794006959999933e+02
-5.911320874980000326e+02
-5.895244460830000435e+02
-5.947833665890000248e+02
-5.991417791740000212e+02
-6.009605400990000135e+02
-5.850764862250000533e+02
-6.020419779970000036e+02
-5.970390916589999506e+02
-6.008050177159999521e+02
-6.014898057320000362e+02
-5.835869555320000472e+02
-6.005932622220000212e+02
-5.806546720390000473e+02
-6.009522950750000518e+02
-5.877448316559999739e+02
-5.924378129200000558e+02
-5.996568916270000500e+02
-5.821356045600000471e+02
-6.044266268310000214e+02
-5.942990285759999551e+02
-6.050696771489999719e+02
-5.959418737309999869e+02
-5.954337187710000308e+02
-5.810922451909999609e+02
-5.985394597010000552e+02
-5.789783434070000112e+02
-5.982301701080000385e+02
-6.010048676630000273e+02
-5.933274640759999556e+02
-5.635121676300000217e+02
-5.831509286000000429e+02
-5.958550232840000263e+02
-5.938169672020000007e+02
-5.919327428840000493e+02
-6.010609458830000449e+02
-5.985640213269999776e+02
-5.899087365410000530e+02
-5.949211498089999850e+02
-5.923313025879999714e+02
-5.969313954609999655e+02
-5.879812323219999826e+02
-5.901789437039999484e+02
-5.854776172739999538e+02
-5.904553078879999930e+02
-5.992114547549999770e+02
-6.006149136039999803e+02
-5.886620814299999438e+02
-5.983385373679999475e+02
-5.937840049000000135e+02
-5.925363885149999987e+02
-5.952530076809999855e+02
-5.902052588750000268e+02
-5.970137164330000132e+02
-5.945749574230000007e+02
-5.937163416409999854e+02
-5.949590607300000329e+02
-5.932155574680000427e+02
-5.969137877509999726e+02
-6.015680741420000004e+02
-5.983553426879999506e+02
-5.854023228239999526e+02
-6.007006195359999765e+02
-5.930986923899999965e+02
-5.925704884470000025e+02
-6.003920508370000562e+02
-5.991049222030000010e+02
-6.005864166679999698e+02
-5.977735780760000353e+02
-5.914268585370000437e+02
-5.976949466329999723e+02
-6.007080655170000227e+02
-5.835833719290000090e+02
-6.004958909590000076e+02
-5.875657630350000318e+02
-5.919635176040000033e+02
-5.894371092689999614e+02
-5.944625674950000302e+02
-6.002476402329999701e+02
-5.954434965389999661e+02
-6.030910946389999481e+02
-5.986556679550000126e+02
-5.896509768759999588e+02
-6.042996317810000164e+02
-5.998280180360000031e+02
-6.032644770790000166e+02
-5.935280983640000159e+02
-5.958929197100000010e+02
-5.905261219730000448e+02
-5.969015850839999757e+02
-5.977915788770000063e+02
-6.004023308040000302e+02
-5.971970436889999974e+02
-6.072316512429999875e+02
-6.022739855500000203e+02
-5.854813471850000042e+02
-5.930884579869999698e+02
-5.844857573790000060e+02
-6.007145918310000070e+02
-5.987927902210000184e+02
-5.834134052160000010e+02
-5.909181884910000235e+02
-5.966264107289999856e+02
-5.952558892700000115e+02
-5.942292489689999684e+02
-5.964395906590000322e+02
-6.041954160149999780e+02
-5.926286316370000122e+02
-5.894394112410000162e+02
-5.886531993649999777e+02
-5.982654698479999524e+02
-5.943318855049999456e+02
-5.891879825879999544e+02
-6.006910831779999853e+02
-5.992803644250000161e+02
-6.025183768389999841e+02
-5.918789423800000122e+02
-5.874161767800000007e+02
-5.938606726140000092e+02
-5.978427971280000293e+02
-5.883034720409999636e+02
-5.877938591450000558e+02
-5.960262412230000564e+02
-5.959403591100000313e+02
-6.001008757209999658e+02
-5.877977023119999558e+02
-5.951842609399999446e+02
-6.011621666129999539e+02
-5.975829544020000412e+02
-5.934404500230000394e+02
-5.899628292209999927e+02
-5.877571029340000450e+02
-5.922135331560000395e+02
-5.936458003469999767e+02
-6.000063506459999871e+02
-5.950296816679999665e+02
-5.991787569110000504e+02
-5.858705051919999960e+02
-5.950571882369999912e+02
-6.006097356789999822e+02
-5.922138058589999901e+02
-5.925842574409999770e+02
-6.026149986069999613e+02
-5.981634368080000286e+02
-5.773914134990000093e+02
-5.872941407519999757e+02
-5.971097024450000390e+02
-5.932260303729999578e+02
-6.018680513650000421e+02
-5.969133862359999512e+02
-5.819954603200000065e+02
-5.987798533989999896e+02
-5.978433195459999752e+02
-5.890608979319999889e+02
-5.982732891260000088e+02
-5.969306322270000464e+02
-5.870204850379999471e+02
-5.998391021370000544e+02
-5.978799993009999980e+02
-5.987613809350000338e+02
-6.033083649000000150e+02
-5.992889037630000075e+02
-5.924183970860000272e+02
-5.956557065509999802e+02
-5.777440141900000299e+02
-5.907676690480000161e+02
-5.838579763379999577e+02
-5.894778014209999810e+02
-5.989538490669999646e+02
-5.964673787279999715e+02
-5.947367851909999672e+02
-5.868246719850000090e+02
-5.922157067189999680e+02
-5.891443016120000493e+02
-6.015632660080000278e+02
-6.008239286230000289e+02
-5.981489376700000093e+02
-5.837115718730000253e+02
-5.823835596709999436e+02
-5.904463100740000527e+02
-5.966033951709999883e+02
-6.049185268459999634e+02
-5.998075396530000489e+02
-5.934222941829999627e+02
-5.844258537880000404e+02
-5.921141196779999518e+02
-5.893980341830000498e+02
-6.037545663580000337e+02
-5.919395877040000187e+02
-5.847401848319999544e+02
-5.933554361080000490e+02
-5.904930580919999556e+02
-5.875659723070000382e+02
-5.974239770120000230e+02
-5.923868217259999938e+02
-5.940804071500000418e+02
-5.919841174809999984e+02
-5.893598777930000097e+02
-6.013016631670000152e+02
-6.010255940619999819e+02
-5.969556400210000220e+02
-5.911023090879999700e+02
-5.987807651680000163e+02
-5.863401979100000290e+02
-5.962726870389999476e+02
-5.975509963429999516e+02
-5.981630400110000210e+02
-5.977145177009999770e+02
-5.936487869530000125e+02
-5.854036298239999496e+02
-5.869587598980000394e+02
-5.788190059859999792e+02
-5.746717340070000546e+02
-5.981228839780000044e+02
-5.801976309630000515e+02
-5.828900176790000387e+02
-5.960388525619999882e+02
-5.948769885250000016e+02
-5.831095484259999466e+02
-6.039821837709999954e+02
-5.963421025449999888e+02
-5.952852066570000034e+02
-5.934960042300000396e+02
-5.983336200449999751e+02
-6.030455867650000528e+02
-5.974063548369999808e+02
-5.819946527619999870e+02
-5.901753883610000457e+02
-5.977669066710000152e+02
-5.959504890109999451e+02
-5.961906988920000003e+02
-6.032391517470000508e+02
-5.896194120960000191e+02
-5.973304021799999646e+02
-5.992073275019999983e+02
-5.961368020139999544e+02
-5.951088986349999459e+02
-5.915565500930000553e+02
-5.992730257370000118e+02
-6.005051377019999563e+02
-5.989339178919999540e+02
-6.007102577519999613e+02
-5.903290875300000380e+02
-5.932931939620000321e+02
-5.955738040459999638e+02
-5.972099458899999718e+02
-6.035465143310000258e+02
-5.897622354720000430e+02
-5.986877646650000315e+02
-5.960884131740000385e+02
-5.951364628869999933e+02
-5.934919582429999991e+02
-5.858153653269999950e+02
-5.879483414380000568e+02
-5.892448657969999886e+02
-5.976423232030000463e+02
-5.920849072590000333e+02
-5.904975374860000557e+02
-6.004982451490000130e+02
-5.921419836830000349e+02
-5.893080421050000268e+02
-6.037229244940000399e+02
-5.832559520700000348e+02
-6.067092286539999577e+02
-5.917094390229999590e+02
-5.962114473650000264e+02
-5.972376430350000192e+02
-5.892989466720000564e+02
-5.948153655679999474e+02
-5.770395867779999435e+02
-5.876885769689999961e+02
-5.887281620459999658e+02
-6.006253045030000521e+02
-5.873769391710000036e+02
-5.882951509759999453e+02
-5.948328874300000280e+02
-5.960143084759999965e+02
-5.961127304210000375e+02
-5.828110017550000066e+02
-5.952386350350000157e+02
-6.020325670460000538e+02
-5.920241810769999802e+02
-5.977522806050000099e+02
-6.005815560070000174e+02
-6.042806467169999678e+02
-5.968953234790000124e+02
-6.051211813329999814e+02
-5.774429057789999433e+02
-5.930379660710000280e+02
-5.815424232789999905e+02
-5.990146645480000416e+02
-5.820748938680000037e+02
-5.986243708150000202e+02
-5.914623841799999582e+02
-5.966300555279999571e+02
-5.878735906250000198e+02
-5.997663954060000151e+02
-5.973833723809999583e+02
-6.007348742599999696e+02
-5.953770177760000024e+02
-6.021192462940000496e+02
-6.041272270099999560e+02
-5.998395317739999655e+02
-5.856297514870000214e+02
-5.964808590840000306e+02
-5.940225893309999492e+02
-5.902070386860000326e+02
-5.849339824349999617e+02
-5.991731303889999936e+02
-5.950321163759999763e+02
-5.971162292989999969e+02
-5.910054066039999725e+02
-5.982222452769999563e+02
-5.974200536050000210e+02
-5.982419863159999522e+02
-5.906097642759999644e+02
-5.993148000370000545e+02
-5.974657724039999493e+02
-5.943978653870000244e+02
-5.748941109969999843e+02
-5.990345411629999717e+02
-5.996327707379999765e+02
-5.949943060159999959e+02
-6.013688938989999997e+02
-5.879677508429999762e+02
-5.942179603580000276e+02
-5.771781740730000365e+02
-5.903762812119999808e+02
-5.823034715899999583e+02
-5.919966103689999954e+02
-5.895904799500000308e+02
-5.954018092259999548e+02
-5.977580447090000462e+02
-5.928729626260000032e+02
-5.977506216199999471e+02
-6.044866686770000115e+02
-5.860630469059999541e+02
-5.970773983919999637e+02
-5.888978660139999874e+02
-5.918941966620000130e+02
-5.847613704460000008e+02
-5.859682749510000122e+02
-5.905426403449999952e+02
-5.864354420810000192e+02
-6.021931569600000103e+02
-5.971113634800000227e+02
-6.030427750000000060e+02
-5.627892707360000486e+02
-5.958496824019999849e+02
-5.799647389719999637e+02
-5.774641751299999441e+02
-5.864789018709999482e+02
-6.030279567049999514e+02
-5.922410291029999598e+02
-5.914343472230000316e+02
-5.914698104999999941e+02
-5.938497053659999665e+02
-5.957070074340000474e+02
-5.956244992429999456e+02
-5.896767271180000307e+02
-5.988611563890000298e+02
-5.930771762099999478e+02
-5.927239467189999687e+02
-5.849686934410000276e+02
-5.784825139869999475e+02
-5.875277145630000177e+02
-5.875671794469999440e+02
-5.692458819390000144e+02
-5.984925380829999995e+02
-5.792768350300000293e+02
-5.783400632760000235e+02
-5.879146113809999861e+02
-5.963741616380000323e+02
-5.987201986249999663e+02
-6.022563608240000121e+02
-5.869003733900000270e+02
-6.018759923999999728e+02
-5.996143176770000309e+02
-5.969328446040000244e+02
-5.878539740510000229e+02
-5.996794657509999524e+02
-6.004852911740000536e+02
-5.786604512599999453e+02
-5.910186937419999822e+02
-5.968347833499999524e+02
-5.906313874859999942e+02
-6.004524626449999687e+02
-5.813980267800000092e+02
-5.896858282670000335e+02
-5.842146448339999552e+02
-5.821090864860000238e+02
-5.923558822840000175e+02
-5.987612290360000316e+02
-5.939810411790000444e+02
-5.980154460720000316e+02
-5.940042072669999698e+02
-5.986969753759999548e+02
-5.933218729459999849e+02
-6.045160073260000217e+02
-6.023634373820000292e+02
-5.777961741100000381e+02
-5.939395202389999895e+02
-5.750261742909999612e+02
-5.765208681819999583e+02
-5.967927485459999843e+02
-5.955667763669999886e+02
-5.972778256469999860e+02
-5.984124204209999789e+02
-5.984219492119999586e+02
-5.978162049070000421e+02
-6.014051803040000550e+02
-5.986009052079999719e+02
-6.006702912969999488e+02
-5.982392013190000171e+02
-5.793441110009999875e+02
-5.966698509249999915e+02
-5.932780657700000120e+02
-5.978432071339999538e+02
-6.062417230830000108e+02
-5.930272749980000526e+02
-5.930486651569999594e+02
-6.024279658069999641e+02
-5.850034756549999884e+02
-6.066363363680000020e+02
-5.954959852409999712e+02
-5.988386778459999960e+02
-5.896970606109999835e+02
-5.894820510020000484e+02
-5.966534625470000037e+02
-6.025832994429999871e+02
-5.970696168680000255e+02
-5.924816174699999465e+02
-5.822439690300000166e+02
-6.060768818840000449e+02
-6.038774828860000525e+02
-5.978631234780000341e+02
-5.965581135500000300e+02
-5.961519646479999892e+02
-5.964195967260000089e+02
-6.025772271890000411e+02
-6.005353514529999757e+02
-5.983176038770000105e+02
-5.977011458309999625e+02
-5.983127359669999805e+02
-6.010753029420000075e+02
-6.013854777499999500e+02
-6.036702873729999510e+02
-5.943435827880000488e+02
-5.913855177550000235e+02
-5.948120021239999460e+02
-5.956752056579999817e+02
-5.831142369220000319e+02
-5.943771038410000074e+02
-5.898869215109999686e+02
-5.934506811969999944e+02
-5.956746738479999976e+02
-5.890878786179999906e+02
-5.980988846950000379e+02
-5.860973889839999629e+02
-6.040732822889999625e+02
-5.990031888930000150e+02
-5.936900028280000470e+02
-6.011852749580000363e+02
-6.026214399530000492e+02
-5.913578748659999746e+02
-5.814777878920000376e+02
-5.891446956219999720e+02
-6.012426743920000263e+02
-6.023310297970000420e+02
-6.017761834130000125e+02
-6.047776008680000359e+02
-6.045779176639999832e+02
-6.033850699119999490e+02
-6.047129103900000473e+02
-5.952287739930000043e+02
-5.979075527630000124e+02
-6.063654198159999851e+02
-5.849235442020000164e+02
-5.982950218779999432e+02
-5.954140013119999821e+02
-5.871153107630000250e+02
-5.933753871010000012e+02
-5.991254822790000389e+02
-5.982994555870000113e+02
-5.778864426830000411e+02
-6.009108381290000125e+02
-6.033929592849999608e+02
-5.945225234089999731e+02
-5.959098761059999561e+02
-5.949918208880000066e+02
-5.888425057140000263e+02
-6.003862977810000530e+02
-5.976599897339999643e+02
-5.891942600290000200e+02
-6.003633620409999594e+02
-5.801510651549999693e+02
-5.911380807640000512e+02
-5.973810989930000233e+02
-6.022377999809999665e+02
-6.009289956049999546e+02
-5.986525608980000470e+02
-5.858453046749999658e+02
-5.940386157990000129e+02
-5.930762235739999824e+02
-5.966665452480000340e+02
-5.902489682719999564e+02
-5.977420571430000109e+02
-5.938557959959999835e+02
-5.894611575430000130e+02
-5.980146161269999538e+02
-5.875840235639999491e+02
-5.952024071280000044e+02
-6.020713937980000310e+02
-5.899046492160000525e+02
-6.019492749739999908e+02
-5.944360705139999936e+02
-6.029450753190000114e+02
-5.974882233470000301e+02
-5.988345023540000511e+02
-6.013400317739999537e+02
-5.975569819360000565e+02
-6.020318806450000011e+02
-5.945869748259999596e+02
-5.923771347199999582e+02
-5.870591845889999831e+02
-6.003856648180000093e+02
-5.858135191710000527e+02
-6.002287560040000471e+02
-5.757676310919999878e+02
-5.999002183329999980e+02
-5.969149284889999763e+02
-5.889188322930000368e+02
-5.977108386370000517e+02
-5.978123082780000459e+02
-5.958879425320000109e+02
-5.953983078710000427e+02
-6.016668517189999648e+02
-6.018117057189999741e+02
-5.883914076229999637e+02
-5.778136760869999762e+02
-5.937476054259999501e+02
-5.957696081860000277e+02
-5.919278153230000044e+02
-5.772476789480000434e+02
-5.988964693530000432e+02
-5.916278533329999618e+02
-5.816660812679999708e+02
-5.959774781779999557e+02
-5.947617745759999934e+02
-5.911681706470000108e+02
-5.902622615259999748e+02
-5.906485050979999869e+02
-5.977471286850000070e+02
-5.902609523900000568e+02
-5.991551210540000056e+02
-5.922144998229999828e+02
-5.980775259770000503e+02
-5.959694155729999920e+02
-5.974058945960000528e+02
-5.886969370389999767e+02
-5.985575851239999565e+02
-5.940685269309999512e+02
-5.916141583380000384e+02
-5.939317721270000447e+02
-5.926208658450000257e+02
-5.990857194259999687e+02
-5.945153484349999644e+02
-5.893718974610000032e+02
-5.922219526210000140e+02
-5.908418875249999473e+02
-5.890275140060000467e+02
-5.968191092250000338e+02
-6.037883792249999715e+02
-6.001290657340000507e+02
-5.946216920719999735e+02
-5.933311033109999926e+02
-5.927989315019999594e+02
-5.950101884949999658e+02
-5.703153202439999632e+02
-5.953138081979999470e+02
-5.882498753190000116e+02
-6.007163930399999572e+02
-6.004409264350000512e+02
-5.920421751080000377e+02
-5.917081658130000505e+02
-5.964703633619999437e+02
-5.955075392109999939e+02
-5.911346871880000435e+02
-6.038621244360000446e+02
-5.898632276670000465e+02
-5.934942061140000078e+02
-5.837503490039999861e+02
-5.953492289480000181e+02
-5.933278080229999887e+02
-5.852545407049999540e+02
-5.982629404340000292e+02
-6.032940372680000110e+02
-5.803315445780000346e+02
-5.862458083760000136e+02
-5.942196172369999658e+02
-5.865002574640000148e+02
-5.973083861369999568e+02
-6.014149935189999496e+02
-5.914015486270000110e+02
-6.032025797229999853e+02
-6.001058851139999888e+02
-5.894113496149999492e+02
-5.886009430709999606e+02
-5.826095103239999844e+02
-5.939095300599999518e+02
-6.037546729980000464e+02
-6.004208538499999577e+02
-6.027380888159999586e+02
-5.983572965370000247e+02
-5.905280402250000407e+02
-6.002121851399999741e+02
-5.945454040079999913e+02
-5.734990441180000289e+02
-6.005638903249999885e+02
-5.850867747769999596e+02
-5.894699430040000152e+02
-6.016786112790000516e+02
-6.033512456199999860e+02
-5.944755634680000185e+02
-5.975421032699999841e+02
-5.889375027329999739e+02
-6.036860989540000446e+02
-5.918472715609999568e+02
-6.043308204469999509e+02
-5.924409480269999904e+02
-5.811257333999999446e+02
-5.784608777659999532e+02
-6.006227881779999507e+02
-5.913714302959999713e+02
-5.967427767520000543e+02
-5.913219906839999567e+02
-5.952280714959999841e+02
-5.898980917249999720e+02
-5.995724113310000121e+02
-6.020398818999999548e+02
-5.976829531399999951e+02
-5.887434576350000270e+02
-5.955659641839999949e+02
-5.948075220179999860e+02
-5.912748515089999728e+02
-5.825688343809999878e+02
-5.875177897190000067e+02
-5.877344685309999477e+02
-5.978470367310000029e+02
-5.909480487580000272e+02
-5.860415298760000269e+02
-5.927575552609999932e+02
-5.845957544909999797e+02
-6.010341621740000164e+02
-5.986036800780000249e+02
-5.961083060580000392e+02
-6.002717929870000262e+02
-5.926199285769999960e+02
-6.014513727790000530e+02
-5.942619408419999445e+02
-5.945071182719999570e+02
-5.953175588120000157e+02
-5.973885476039999958e+02
-6.007615620130000025e+02
-5.910791214670000500e+02
-6.049437740119999489e+02
-5.917872368109999570e+02
-5.980952652610000086e+02
-5.795200210420000531e+02
-5.996199185630000557e+02
-5.952866072100000565e+02
-6.042212600789999897e+02
-5.946662208019999980e+02
-6.037736964250000256e+02
-5.948840625499999533e+02
-5.952916432279999981e+02
-5.980987810919999674e+02
-5.954657185759999720e+02
-6.041264505609999560e+02
-6.008104271869999593e+02
-5.952914887939999744e+02
-5.886933072379999885e+02
-5.953613873829999648e+02
-5.884716413039999452e+02
-5.860123017720000007e+02
-5.971709955430000036e+02
-5.916422798270000385e+02
-6.005182404060000181e+02
-5.986922590619999482e+02
-5.907898926300000539e+02
-5.907712408449999657e+02
-6.009225806419999572e+02
-5.877016350620000367e+02
-5.917750817370000505e+02
-5.944379905209999606e+02
-5.889556354159999501e+02
-6.006330154610000136e+02
-6.037984363289999692e+02
-5.970343918360000544e+02
-5.753061835030000566e+02
-5.999997157919999609e+02
-5.996511990699999615e+02
-5.798815976519999822e+02
-5.771121845469999698e+02
-5.962648831830000518e+02
-5.989060739000000240e+02
-5.893551521550000416e+02
-5.847190920919999826e+02
-5.966316713229999777e+02
-5.962202673660000301e+02
-6.019415619119999974e+02
-5.984378122639999447e+02
-5.968963845649999485e+02
-5.928802319279999438e+02
-5.992462793380000221e+02
-5.914089910520000331e+02
-5.983143344420000176e+02
-5.881120704469999509e+02
-5.828545274230000359e+02
-5.904418411560000095e+02
-5.950803157499999543e+02
-5.968508614739999985e+02
-5.943034271210000270e+02
-5.936519258289999925e+02
-6.039260203549999915e+02
-5.973055832080000300e+02
-5.992442044959999521e+02
-5.819429839990000346e+02
-5.769303263330000391e+02
-5.992665000069999905e+02
-5.961991977180000504e+02
-6.011546281780000527e+02
-6.013621912789999442e+02
-5.819614353450000408e+02
-5.889109188569999560e+02
-5.901650498159999643e+02
-5.923547366310000371e+02
-5.974927615440000181e+02
-5.965475067700000409e+02
-5.972565225590000182e+02
-5.969513348850000511e+02
-6.002620825809999587e+02
-5.935604735319999463e+02
-6.019519025969999575e+02
-5.893535417990000269e+02
-5.962653461490000382e+02
-5.913482903259999830e+02
-5.928755640389999826e+02
-5.932158354209999516e+02
-5.773443442230000073e+02
-5.775334659000000102e+02
-5.774221025909999980e+02
-5.767407005200000185e+02
-5.948233129899999767e+02
-5.802599925460000350e+02
-5.764238069589999895e+02
-5.802012511599999698e+02
-5.918724298150000322e+02
-5.979433653800000457e+02
-5.966632714820000274e+02
-5.838426674840000032e+02
-5.830477443409999978e+02
-5.936365952270000435e+02
-5.885559823940000115e+02
-5.827717507510000132e+02
-5.978048103739999988e+02
-6.003751344360000530e+02
-5.947700214980000055e+02
-5.887970277120000446e+02
-5.958822306360000312e+02
-6.014518450489999850e+02
-5.814679761840000083e+02
-5.983589796320000005e+02
-5.972504039540000349e+02
-5.723510813179999559e+02
-5.923781080119999842e+02
-5.943512604400000328e+02
-5.915494254870000077e+02
-5.931186113039999555e+02
-5.906629602949999480e+02
-5.947390025019999484e+02
-5.989811790060000476e+02
-5.955909047779999810e+02
-5.930681229240000221e+02
-5.882229576790000465e+02
-5.924342166889999817e+02
-6.010622048420000283e+02
-5.983597157709999692e+02
-6.040767547550000245e+02
-5.892928207859999929e+02
-5.990955925050000133e+02
-6.005734415089999629e+02
-5.928441469780000261e+02
-5.982804053470000554e+02
-5.991100040799999533e+02
-5.897130511059999662e+02
-6.011910459929999888e+02
-6.003678790279999475e+02
-5.966047226650000539e+02
-5.960168313619999481e+02
-5.987007297789999711e+02
-5.912025961750000533e+02
-5.879338797890000023e+02
-5.763070784630000389e+02
-5.855036715960000038e+02
-5.819625456630000144e+02
-5.835935176540000384e+02
-6.014146527660000174e+02
-5.792855164479999530e+02
-5.805881357969999499e+02
-5.948919181219999928e+02
-5.856276261760000352e+02
-5.900462320520000503e+02
-5.924022139200000083e+02
-5.879663597649999929e+02
-5.938060605800000076e+02
-5.924412536749999845e+02
-5.994019160929999543e+02
-5.905880111930000567e+02
-5.981367366409999704e+02
-5.920640329740000425e+02
-5.950374925840000060e+02
-5.894016302950000181e+02
-5.883741947080000045e+02
-5.864321092899999712e+02
-5.989130475800000113e+02
-5.958371969060000310e+02
-5.922569172119999621e+02
-5.896967087279999760e+02
-5.925031171560000303e+02
-5.823453600300000517e+02
-5.825814490530000285e+02
-5.785325582609999628e+02
-5.989737505550000378e+02
-5.936468715209999800e+02
-6.035579325979999794e+02
-6.001684317589999864e+02
-5.870671508469999935e+02
-5.984069549880000523e+02
-5.716684100590000526e+02
-5.951153831479999781e+02
-5.951086517940000249e+02
-5.945206009790000508e+02
-5.974973381810000319e+02
-5.964725235490000159e+02
-6.006215250850000302e+02
-5.984433873499999663e+02
-6.023930310060000011e+02
-5.942908703430000514e+02
-5.930528010560000212e+02
-6.028474598750000268e+02
-6.029257682149999482e+02
-5.948248299010000437e+02
-5.983083334929999637e+02
-5.936736108979999926e+02
-6.020879892680000012e+02
-6.023757047020000073e+02
-5.844184988370000156e+02
-5.929530483089999962e+02
-5.983938285819999692e+02
-5.924117747049999707e+02
-5.929730159690000164e+02
-5.989421865199999502e+02
-5.980324904459999971e+02
-6.021467838869999696e+02
-6.020229341460000114e+02
-6.012999600399999736e+02
-5.955705712159999621e+02
-5.891314308669999491e+02
-5.978967498050000131e+02
-5.881916132210000114e+02
-5.920922513040000013e+02
-6.050167504409999992e+02
-6.029430862259999913e+02
-5.855994429580000542e+02
-5.898422299579999617e+02
-6.008168574909999506e+02
-6.027531784579999794e+02
-5.888264023159999851e+02
-5.907005763130000560e+02
-5.981677776709999534e+02
-5.873048543329999802e+02
-5.604675246939999624e+02
-6.013970989709999913e+02
-5.897866723109999612e+02
-5.935599557289999666e+02
-5.917939416440000286e+02
-5.812459286700000121e+02
-5.957863422789999959e+02
-5.939125524390000237e+02
-5.931578380089999882e+02
-6.026358752280000317e+02
-6.031875840410000364e+02
-5.957758564829999841e+02
-5.927233008189999737e+02
-5.746419153739999501e+02
-5.929177279990000216e+02
-5.972070747809999602e+02
-5.951018566569999848e+02
-6.022724330459999464e+02
-5.845347554280000395e+02
-5.917468979159999662e+02
-5.956555218910000349e+02
-5.963247761510000373e+02
-6.025301604669999733e+02
-5.856814941259999614e+02
-5.900955556799999613e+02
-5.942952581560000453e+02
-5.862875561060000109e+02
-5.961957197120000274e+02
-6.049877312390000270e+02
-5.940518258880000531e+02
-6.018152192159999458e+02
-5.949749996790000068e+02
-5.917416615509999929e+02
-6.013757932940000046e+02
-5.877680751950000513e+02
-5.926140425889999506e+02
-5.935661676439999610e+02
-5.896155399049999914e+02
-5.923952582619999703e+02
-5.988155787770000416e+02
-5.971673370889999433e+02
-5.840638136390000454e+02
-5.873368281010000373e+02
-5.913121493840000085e+02
-5.990059975530000429e+02
-5.929466195369999468e+02
-5.796340158430000429e+02
-5.904258060500000056e+02
-5.980113552650000202e+02
-6.015667472850000195e+02
-6.047899255720000156e+02
-5.952328376699999808e+02
-5.976758311209999874e+02
-5.861737525700000333e+02
-5.822882276740000407e+02
-6.032670813649999673e+02
-5.982391700580000133e+02
-5.831301752030000216e+02
-5.956889070109999693e+02
-5.809233117210000046e+02
-5.858244703210000353e+02
-6.015146108459999823e+02
-5.837608879910000041e+02
-5.919441137210000079e+02
-5.953647818819999884e+02
-6.051193529209999724e+02
-5.998864596019999453e+02
-5.914380945120000206e+02
-5.992480629870000257e+02
-6.010746324680000043e+02
-5.991047640120000324e+02
-5.946494599699999526e+02
-5.804301623699999482e+02
-5.780036880610000480e+02
-5.971261577489999581e+02
-5.835988570370000161e+02
-5.998472054170000547e+02
-5.997634970379999686e+02
-5.720275853560000314e+02
-6.017060415849999799e+02
-5.951057341140000290e+02
-6.043152880500000492e+02
-6.031520371560000058e+02
-5.981383796410000286e+02
-5.969704039050000119e+02
-5.925897701779999807e+02
-5.776677954900000032e+02
-5.821621926440000152e+02
-5.945749819430000116e+02
-5.854464255340000136e+02
-5.946631808109999611e+02
-5.790635909009999978e+02
-6.015658010260000310e+02
-5.862879963550000184e+02
-5.928325805680000258e+02
-5.962926830860000109e+02
-5.934069724409999935e+02
-5.989237541239999700e+02
-5.919381848530000525e+02
-5.949546720099999675e+02
-6.018615569720000167e+02
-5.902723140959999455e+02
-5.921925203690000217e+02
