4.865909370302738957e+00
4.758643714337100761e+00
4.713745538316636896e+00
4.747232983538936857e+00
4.809640111276517693e+00
4.767421944825105840e+00
4.783148440096752552e+00
4.827896436337465680e+00
4.897656684578860720e+00
5.010774291464344721e+00
4.788564816309788696e+00
4.760488840444855541e+00
4.787704878122710284e+00
4.779281117490370434e+00
4.777648898778561914e+00
4.821276283309223309e+00
4.781570244177115292e+00
4.713185122610823008e+00
4.646421203464016436e+00
4.663426744358702081e+00
4.622286339031800750e+00
4.677175322777626931e+00
4.727494473820144094e+00
4.736978572887996286e+00
4.670276330154352173e+00
4.659737009746365288e+00
4.681011215538796399e+00
4.691778980301608115e+00
4.749917683497262288e+00
4.685060725326833264e+00
4.660160834134376096e+00
4.620468158098267608e+00
4.556265246888069775e+00
4.504107791782963055e+00
4.511680950599233242e+00
4.583127098390355592e+00
4.638153188500784729e+00
4.649810533774467736e+00
3.990139596555489110e+00
3.995957582357450022e+00
4.584641316395427602e+00
4.557560092856703271e+00
4.494293937872777533e+00
4.484199928638330057e+00
4.450566368452446575e+00
4.414578235800108885e+00
4.425779592343026536e+00
4.442905018115961724e+00
4.546295744889459201e+00
3.746779016702212584e+00
3.740833864260747710e+00
3.715126511977755008e+00
3.649043299277222818e+00
3.661732240347456369e+00
3.580938703747943208e+00
3.394327473889342084e+00
3.336760404943693636e+00
3.292227361528969887e+00
3.314026704780756116e+00
3.246247680014573422e+00
3.160808282702384897e+00
3.183969377993450589e+00
3.126200889258398341e+00
2.999748156095774387e+00
2.918695256445934749e+00
2.856164210965468797e+00
2.798554984273134316e+00
2.724631534721713599e+00
2.708220633552591128e+00
2.756099054823683225e+00
2.748865947986550928e+00
2.764948100778746642e+00
2.692136883592659569e+00
2.709456403044713912e+00
2.788454948533327205e+00
2.828658515975373433e+00
2.796429866812325304e+00
2.842451758605588186e+00
2.814428716453838408e+00
2.824116321966926080e+00
2.779239284408594912e+00
2.748290377671180451e+00
2.759308790258893751e+00
2.726368463726060565e+00
2.742623926097050635e+00
2.759397579182818472e+00
2.714132273858442357e+00
2.704606625740608727e+00
2.838733696562606656e+00
2.749873815286803413e+00
2.761415760076703751e+00
2.751500863165410760e+00
2.711309646646800964e+00
2.813419449708841391e+00
2.778267625697711463e+00
2.716194580658756852e+00
2.698674118896166263e+00
2.763621356119539296e+00
2.756066399780672693e+00
2.743373835261975646e+00
2.724499770600100845e+00
2.729626531230966879e+00
2.779834707316246156e+00
2.796300413045780253e+00
2.786288211940752824e+00
2.837389469212853843e+00
2.886221231991754177e+00
2.908334746895549383e+00
2.905856328175913106e+00
2.873179423565468849e+00
2.875414926580162067e+00
2.883965325727755769e+00
2.881016140183876306e+00
2.843970815602719693e+00
2.869465803943305193e+00
2.897183977589272708e+00
2.917313318791795229e+00
2.951087257266379105e+00
2.936430996975750496e+00
2.964404155981434474e+00
2.921454603446715037e+00
2.927077894419620741e+00
2.931685351465945111e+00
2.924459095285827370e+00
2.907152730765963700e+00
2.925315196692486186e+00
2.928025614642057128e+00
2.987542635679028891e+00
3.024748253987428637e+00
2.772909843467688429e+00
2.700678618421673782e+00
2.699730912517023462e+00
3.012829401077996572e+00
2.970123398109917101e+00
3.012463609738713188e+00
2.946378964084559904e+00
2.874885910779765741e+00
2.911060803212464965e+00
2.818729146264323138e+00
2.771399826802332544e+00
2.756530790686003041e+00
2.781880119631325421e+00
2.727270796969013755e+00
2.729620120089973234e+00
2.797568229730956979e+00
2.863045406555753125e+00
2.850949490959108434e+00
2.861437750502359378e+00
2.873343174770462749e+00
2.754216040908918917e+00
2.783959231023328318e+00
2.840640420750222273e+00
2.847878684213918543e+00
2.813854829233377597e+00
2.887707395149307743e+00
2.893866271962130643e+00
2.988966543807407561e+00
2.716268948392261517e+00
2.954734505839737846e+00
2.919385380521044127e+00
2.844156289657795877e+00
2.806549661060712353e+00
2.829265098925867417e+00
2.829913249553773991e+00
2.830266065231323847e+00
2.803390447297700483e+00
2.748714972491691277e+00
2.794549337549795176e+00
2.743817960433964309e+00
2.794744711060386244e+00
2.791771659717176668e+00
2.880752852988259782e+00
2.895068220267011494e+00
2.901986216369747407e+00
2.833871203848191911e+00
2.784494388573983237e+00
2.787954985289396781e+00
2.774155547189089965e+00
2.843250252791688304e+00
2.933671079040729879e+00
2.896758360650746322e+00
2.860239325650915099e+00
2.862653663997794862e+00
2.886021656190403739e+00
2.896445062486081579e+00
2.866704205180576892e+00
2.866273015607549990e+00
2.870837856793727383e+00
2.871987116962748665e+00
2.899137285469592928e+00
2.815136408773116550e+00
2.792931613913953282e+00
2.826136762437373218e+00
2.816299699960925551e+00
2.788180410231734019e+00
2.828421821440358919e+00
2.758537474822482682e+00
2.779706099572398781e+00
2.788355967232304167e+00
2.866570424741035517e+00
2.977005710441281483e+00
2.782132455509622293e+00
2.767857294009212765e+00
2.809020647841521168e+00
2.807960291742032322e+00
2.856395455814898288e+00
2.850825319096208954e+00
2.771515469918939711e+00
2.740928492317886267e+00
2.763110023144210281e+00
2.792499418084093410e+00
2.764599247630657786e+00
2.795593139210353684e+00
2.823208989784496747e+00
2.818227989357852348e+00
2.792729131154684907e+00
2.776404869611058590e+00
2.802607000633517309e+00
2.815270857306629182e+00
2.751825212472623683e+00
2.791214968432205623e+00
2.766407959791902904e+00
2.756630914721809322e+00
2.797441867135043836e+00
2.863339309268114530e+00
2.818750077605320481e+00
2.797027886882788472e+00
2.844515776015313246e+00
2.829788684690077716e+00
2.780006115101188335e+00
2.784218741406645048e+00
2.804748473571204492e+00
2.749981272663506893e+00
2.722400962385959744e+00
2.741155048515132808e+00
2.791319759540278778e+00
2.843735219741810205e+00
2.901994141965141605e+00
2.907449053723899723e+00
2.873063521748170146e+00
2.854715747670860893e+00
2.842327743241443994e+00
2.882001214434164460e+00
2.823831793857417338e+00
2.799617652466136697e+00
2.769670377499820813e+00
2.793013605409039535e+00
2.893765712700322013e+00
2.870559004793316937e+00
2.846685616642624428e+00
2.828958995814538024e+00
2.858191910981486394e+00
2.826533212258437011e+00
2.871759913363232553e+00
2.896166086397670369e+00
2.815270857306628294e+00
2.768173043723964444e+00
2.778830869268585246e+00
2.810143412710461419e+00
2.826580442867317355e+00
2.829576116664826113e+00
2.807351420823549493e+00
2.822165480619448275e+00
2.718243182645732503e+00
2.856032212703491613e+00
2.764482230002573093e+00
2.723613225111084279e+00
2.751051071863261477e+00
2.720802455159139210e+00
2.739670418134268370e+00
2.797773936543122453e+00
2.780649744214469976e+00
2.772585436014550986e+00
2.794037222371957174e+00
2.785265516966021870e+00
2.793827124215096713e+00
2.748054038769979890e+00
2.726459609090147396e+00
2.720342257878592740e+00
2.745294337589323064e+00
2.766555981721678492e+00
2.815283111873475796e+00
2.811988264555881578e+00
2.810509918146527841e+00
2.749252989450043483e+00
2.758383040841136946e+00
2.770738168791847311e+00
2.737335565837700102e+00
2.770346729201960123e+00
2.758489622963987475e+00
2.883985783598802755e+00
2.754386501564368039e+00
2.772854666223961928e+00
2.719035490757706786e+00
2.748843211243594542e+00
2.787697795672981815e+00
2.825832443723442111e+00
2.839026065396371479e+00
2.744523638083665951e+00
2.756184681765719180e+00
2.782005571525693721e+00
2.747345810050128900e+00
2.852935681013506475e+00
2.844308879147973812e+00
2.727220929811151162e+00
2.757510834067565142e+00
2.741577100867309102e+00
2.832713187034648694e+00
2.847556671955801200e+00
2.774957657334612637e+00
2.874754076438539308e+00
2.909535186245390648e+00
2.888773788305342816e+00
2.879578267732967767e+00
2.841243917723362600e+00
2.854509590104751915e+00
2.828568896102762853e+00
2.787102258619155393e+00
2.776140306252549372e+00
2.749178240856711142e+00
2.733334593495643894e+00
2.774930809948240817e+00
2.825143005230000615e+00
2.850950017099563638e+00
2.757354347921209481e+00
2.811976706873653864e+00
2.776024135341765842e+00
2.695087753673338415e+00
2.790190316089567801e+00
2.851096806493950364e+00
2.851450332725436354e+00
2.843318132042209623e+00
2.921317682142769101e+00
2.893534344015981752e+00
2.870068117658533868e+00
2.847101332934955487e+00
2.781124053328078549e+00
2.782473899248651961e+00
2.759058897522848941e+00
2.760187855925752221e+00
2.765012296536852876e+00
2.822561956804491512e+00
2.850371379311825493e+00
2.837330083018188454e+00
2.761493436530313428e+00
2.723639660454371114e+00
2.772245660110229437e+00
2.833621181456688731e+00
2.911609348796640795e+00
2.870681103849746840e+00
2.831667706493825154e+00
2.844812999126656194e+00
2.913254365825270309e+00
2.888921944255331109e+00
2.824184484059070854e+00
2.821123889516375272e+00
2.855276694122655279e+00
2.874767642784369137e+00
2.947885004541391574e+00
2.913977522219415306e+00
2.829618525526011119e+00
2.783612940047520468e+00
2.775948306435118251e+00
2.760547409482402070e+00
2.800121604502204153e+00
2.862692613606986125e+00
2.887411643669810957e+00
2.746627386450517516e+00
2.720315790491978358e+00
2.784108295307494263e+00
2.781389760533391708e+00
2.800842194769280091e+00
2.819197403517532674e+00
2.803159289087939321e+00
2.793051019942171198e+00
2.838798865717682585e+00
2.898769911531440702e+00
2.932252547104358786e+00
2.904570708383598543e+00
2.922258886546501788e+00
2.884549531556011015e+00
2.837343828301391646e+00
2.830883431015837282e+00
2.878765360358499503e+00
2.913942689896285465e+00
2.889486805645597123e+00
2.915768509329916380e+00
2.900102929207858615e+00
2.872772006268510481e+00
2.876108655805618142e+00
2.900857287079114499e+00
2.850611337941390211e+00
2.823111226997618850e+00
2.779133138228537803e+00
2.845457783907538563e+00
2.828390708512527940e+00
2.799633904638247905e+00
2.884736729755420725e+00
2.891072638312639054e+00
2.831471172376649914e+00
2.905408405026735696e+00
2.874545181415661954e+00
2.918234055040822561e+00
2.874128389616581458e+00
2.776539933082180944e+00
2.848649855633366812e+00
2.858729263151723821e+00
2.903826785467756189e+00
2.847241647630211592e+00
2.857471784637601875e+00
2.883775996848575662e+00
2.863935404299475351e+00
2.849137588815254141e+00
2.868862840917983270e+00
2.832284413684472923e+00
2.869605025086205075e+00
2.842903093670271275e+00
2.817048455387305417e+00
2.879434145800177980e+00
2.883379267456849693e+00
2.816129258397064294e+00
2.784061780923692275e+00
2.748217786129767415e+00
2.764049384508171503e+00
2.813467255896183072e+00
2.777118650688155554e+00
2.750737537461544591e+00
2.732004026351352532e+00
2.725359976223324487e+00
2.737704330273815767e+00
2.778385682370250187e+00
2.819462537435104998e+00
2.807917021565986104e+00
2.817713967030720745e+00
2.793050124863497796e+00
2.885203805626216589e+00
2.926066643123495403e+00
2.934459745847607159e+00
2.911886845328986784e+00
2.887284364242635792e+00
2.899554793412257414e+00
2.903287963671533412e+00
2.862409649229124220e+00
2.847767195541095919e+00
2.769440015598820803e+00
2.758665981955771507e+00
2.783397384492555915e+00
2.743853676856693902e+00
2.698719881721702407e+00
2.750344342077915449e+00
2.737008220667230596e+00
2.757243188403953660e+00
2.766791101619347604e+00
2.725810154798019358e+00
2.860655169712000845e+00
2.909442214583406461e+00
2.866828910137470654e+00
2.870886100143995368e+00
2.883917127796844504e+00
2.875886993607363440e+00
2.884161056529263689e+00
2.907308033215607157e+00
2.945209839722799927e+00
2.870580603292651301e+00
2.755079853652159017e+00
2.749811993573378466e+00
2.745047358425715789e+00
2.744107322974084440e+00
2.805741791398488783e+00
2.826347643160691980e+00
2.808497463057426646e+00
2.861022194950608721e+00
2.852516082338538261e+00
2.870836985967680999e+00
2.899891204855796101e+00
2.876515426692511479e+00
2.792152037407705567e+00
2.800864509397053670e+00
2.849829117684075541e+00
2.882991155033258313e+00
2.916861841088809637e+00
2.858175117098320506e+00
2.854568268582834190e+00
2.836297057785027498e+00
2.903644089760313740e+00
2.889404956041987660e+00
2.836372507270510379e+00
2.758308539667018611e+00
2.783901219511927483e+00
2.847756485375811941e+00
2.929306061168753583e+00
2.881260488050325641e+00
2.824796806851777919e+00
2.863656054766354320e+00
2.912317290406386761e+00
2.847812669400850982e+00
2.844508041823752720e+00
2.832127468882712051e+00
2.828546623267857552e+00
2.834774594213796739e+00
2.828308858664484227e+00
2.771420393949644012e+00
2.718594857642455676e+00
2.761449438247964849e+00
2.833853383645668078e+00
2.775738100037537848e+00
2.738902882542570527e+00
2.749118222266914380e+00
2.768990249170263596e+00
2.724252741578871539e+00
2.782792302706042165e+00
2.739252817831899112e+00
2.746366690738874627e+00
2.715539172982043947e+00
2.751330768918924807e+00
2.773179763376330431e+00
2.761931570477444087e+00
2.777795888829847737e+00
2.872850326766084983e+00
2.850361556013552011e+00
2.881389595316814933e+00
2.921358245748028715e+00
2.935113115367106396e+00
2.903010506353706610e+00
2.798991425495976682e+00
2.784887430400015962e+00
2.814725030975494313e+00
2.839662832098205136e+00
2.846238746134976072e+00
2.833326843129821082e+00
2.751716191761061747e+00
2.696740625273405634e+00
2.795900033978324650e+00
2.847460798676603844e+00
2.918455242075848499e+00
2.798630557969378874e+00
2.753911763292353321e+00
2.743967018752229592e+00
2.702640930645430650e+00
2.775879320143438633e+00
2.804316315967227080e+00
2.822211366995746928e+00
2.847360356540773907e+00
2.852967052035476847e+00
2.827868632026600881e+00
2.922080594371072593e+00
2.952799519100475667e+00
2.965583585063822802e+00
2.876113001952461001e+00
2.797633464197910147e+00
2.727183345505028722e+00
2.822898864642514827e+00
2.738522594392823528e+00
2.776561362549007317e+00
2.792196447243638691e+00
2.728547598998411594e+00
2.743128870468903191e+00
2.768939688761747231e+00
2.752585148546725868e+00
2.803576287529911504e+00
2.772761439431816743e+00
2.792218114689466457e+00
2.801322187824884402e+00
2.807248653040909314e+00
2.814826104753186620e+00
2.843055046952134290e+00
2.847595828062683410e+00
2.920940601929454150e+00
2.911463206018581218e+00
2.864243355582761108e+00
2.844910016151653398e+00
2.788018292622915784e+00
2.827013618644240278e+00
2.816471196373220742e+00
2.851606740067781587e+00
2.800176065893000388e+00
2.772706980551676637e+00
2.725958913850317078e+00
2.741754912460265814e+00
2.833367078230422553e+00
2.817239783901966721e+00
2.854565991530060742e+00
2.879287759151557768e+00
2.853460004976414499e+00
2.806841997690642909e+00
2.738071949383361403e+00
2.838860686965811730e+00
2.796050965200741256e+00
2.811039843189705234e+00
2.809287988085237497e+00
2.781334212208233847e+00
2.776680572194071939e+00
2.761635747161453214e+00
2.854699108487618098e+00
2.899551344604885283e+00
2.843562026754471450e+00
2.839967957565718404e+00
2.858573245519520079e+00
2.817604833897045857e+00
2.775778629501999717e+00
2.815675052274321022e+00
2.830022261396541783e+00
2.772838437413907009e+00
2.778265286109301790e+00
2.754188991336650627e+00
2.698467157480334944e+00
2.762123458500723494e+00
2.813623109089061547e+00
2.820669069564879283e+00
2.760205245991682155e+00
2.744838610920503630e+00
2.773886262989165630e+00
2.781592709222541426e+00
2.751980196149673930e+00
2.756518456314051235e+00
2.763896705739923298e+00
2.801407146417671079e+00
2.743853859082149071e+00
2.797902964721971308e+00
2.758206845035375832e+00
2.720841597741404438e+00
2.793471854162844714e+00
2.775724950350808573e+00
2.761468449937459990e+00
2.765248090135856263e+00
2.737905951635300372e+00
2.753204678188673871e+00
2.733169588591239041e+00
2.838120857187022228e+00
2.884136439213651038e+00
2.984270262560011489e+00
2.925164781683247117e+00
2.979947818335079379e+00
2.990940153195980944e+00
2.920593946443085898e+00
2.924271020271548061e+00
2.962579112867706144e+00
2.842408485773991966e+00
2.850941423459977031e+00
2.807651331629338554e+00
2.844575715286903339e+00
2.877308812067276289e+00
2.914887476387382215e+00
2.961601593732688276e+00
2.890764604736954180e+00
2.835635025880446136e+00
2.860812646784126390e+00
2.814209835815374650e+00
2.740209663511169680e+00
2.886114342849221970e+00
2.896759223684287843e+00
2.931397618884207024e+00
2.870889757549042631e+00
2.901339345888378052e+00
2.884240974676006708e+00
2.901261449783525403e+00
2.851257617262950905e+00
2.813810583532587284e+00
2.836294413490955346e+00
2.859547166947942198e+00
2.828965888801064921e+00
2.818042050786325525e+00
2.746247075556020878e+00
2.804826019559857997e+00
2.806205445080597993e+00
2.839099329012635398e+00
2.855883225904028322e+00
2.857100978264506264e+00
2.869768806019048935e+00
2.922704227252562514e+00
2.925170422385676705e+00
2.918783822073844014e+00
2.888230427095455966e+00
2.911975618029793100e+00
2.845525786212453223e+00
2.811611815311637397e+00
2.853937105123375950e+00
2.821985294079329964e+00
2.873635502286258969e+00
2.873427221977267632e+00
2.871819980430528663e+00
2.856042541699965742e+00
2.797155340698832315e+00
2.789460700565613127e+00
2.842925429904906043e+00
2.825395193596817567e+00
2.796234253420124549e+00
2.767175455225057146e+00
2.750718451604962311e+00
2.754080971939641298e+00
2.763658806727053552e+00
2.766123279971448135e+00
2.781891442885577437e+00
2.719712300961261597e+00
2.717853932793298455e+00
2.765449872986310620e+00
2.762801657738028105e+00
2.772212473819422041e+00
2.814362272345193094e+00
2.860416228453474652e+00
2.752833812637442978e+00
2.797438828643086683e+00
2.837458545952698419e+00
2.916171805638343439e+00
2.976618383333677897e+00
2.995965620630516746e+00
2.985909576661691656e+00
2.946364878965265000e+00
2.898678319510462842e+00
2.901688301661637936e+00
2.918835041587652945e+00
2.882413225059862416e+00
2.842874777404027942e+00
2.860050524029252195e+00
2.875372845388924237e+00
2.879146574941956249e+00
2.876345250487153393e+00
2.880913223267927314e+00
2.854040469229544463e+00
2.783871584682023670e+00
2.721611838598589905e+00
2.740879056069421171e+00
2.744767749737671458e+00
2.752479246061629858e+00
2.795165290282490833e+00
2.878677647809841922e+00
2.865116751547831520e+00
2.914502530450093332e+00
2.923396312510501804e+00
2.847717858215592646e+00
2.855453028855491571e+00
2.896944942521345379e+00
2.924042749345501235e+00
2.977746463351102602e+00
2.940904792746612983e+00
2.859830239717036093e+00
2.855599586776829568e+00
2.901778937134942726e+00
2.865648443197454931e+00
2.864353679279149301e+00
2.905455213903666678e+00
2.879829161599694931e+00
2.922880257554181682e+00
2.925387666617878857e+00
2.898405596185599009e+00
2.902519078318004375e+00
2.903225275447980369e+00
2.881093889480175196e+00
2.900348944523744255e+00
2.927541801580294756e+00
2.914505790009688013e+00
2.938764876610580057e+00
2.901442055254593200e+00
2.924126023276014230e+00
2.899363723302062823e+00
2.892720173124251115e+00
2.772108583731885734e+00
2.849376247532080964e+00
2.862947257635040543e+00
2.826804025750635940e+00
2.814498356723627026e+00
2.783452173111655714e+00
2.750620475456400982e+00
2.765370137974300757e+00
2.827946781677477706e+00
2.843893457919969503e+00
2.801612571359572978e+00
2.836675518983445610e+00
2.789846949207070548e+00
2.731497208492075668e+00
2.764803247972629219e+00
2.790246404889718423e+00
2.764486932506645012e+00
2.837444272580520899e+00
2.845393118709610203e+00
2.889742203034727730e+00
2.949656590181304772e+00
2.902813462832221969e+00
2.905937886466261055e+00
2.980393430404784549e+00
2.894392682411977002e+00
2.829422202500008865e+00
2.804093079767503216e+00
2.810166187256547765e+00
2.768635945732122128e+00
2.731555783797944059e+00
2.817870117659790008e+00
2.801069974134884344e+00
2.710276923120587877e+00
2.780966199003505057e+00
2.783416246270040251e+00
2.786888946477774631e+00
2.754123635569035500e+00
2.761175293240181183e+00
2.752677423891146447e+00
2.744541856120981116e+00
2.748880863187781465e+00
2.740855888221779058e+00
2.826476605245478169e+00
2.901685889271958363e+00
2.869950696440619620e+00
2.909808756602399349e+00
2.837427355898297421e+00
2.740522942797596784e+00
2.745405252417208786e+00
2.895435373134755519e+00
2.896081145272003887e+00
2.847781066023159280e+00
2.780843577046360870e+00
2.760930821299222515e+00
2.762542488361038107e+00
2.776139225615314565e+00
2.753046675957383727e+00
2.733307337274753390e+00
2.725205680311121093e+00
2.780247111319423592e+00
2.802958080314438050e+00
2.749922726187046695e+00
2.744277500545453385e+00
2.781076949672554477e+00
2.779871040174346053e+00
2.782710369406057538e+00
2.793885108589828636e+00
2.813243323994567113e+00
2.815143690826455991e+00
2.863711053860008349e+00
2.861451030508822324e+00
2.845595543994261956e+00
2.825475889120273365e+00
2.930743421045247654e+00
2.855115759474560644e+00
2.771809878039978248e+00
2.771560390826799392e+00
2.746882960739317259e+00
2.817417611927631960e+00
2.812366441273256079e+00
2.784702138470109389e+00
2.793519106789857265e+00
2.729203913231842193e+00
2.726319497050923246e+00
2.787980989892147932e+00
2.794305280387237911e+00
2.806380052665711222e+00
2.780721309300880240e+00
2.846661377824907468e+00
2.925534651990982837e+00
2.799036619981953411e+00
2.759197165843716881e+00
2.777255839853433717e+00
2.813381061996401922e+00
2.876487267484423072e+00
2.884644518827232940e+00
2.879334819016364566e+00
2.895428465702442722e+00
2.922077001038815958e+00
2.886893832478084398e+00
2.926855650694102806e+00
2.916207468613987608e+00
2.902937477797273402e+00
2.831818320443597603e+00
2.840752541141167598e+00
2.875668444031752369e+00
2.864998603839101321e+00
2.910085909384807490e+00
2.842138631383064329e+00
2.884160363086629264e+00
2.841777788638654823e+00
2.841177748751387178e+00
2.840614370167130254e+00
2.884847309650893976e+00
2.896155037286504808e+00
2.873400250574221548e+00
2.878285253410439282e+00
2.911802534513629581e+00
2.864244752111802406e+00
2.854734488529537373e+00
2.852695041535285192e+00
2.873905356827187507e+00
2.851036828944866208e+00
2.796143594309849600e+00
2.728278211619921567e+00
2.728531289906714896e+00
2.765207767962472474e+00
2.765518215452575923e+00
2.828723033455202263e+00
2.872410311915761127e+00
2.834874953150491539e+00
2.872006441496954832e+00
2.848619841256464280e+00
2.869132970079985689e+00
2.812349551531601932e+00
2.858874953543789399e+00
2.845321422967887148e+00
2.880544913727261847e+00
2.856591325338645238e+00
2.877670238230920496e+00
2.926127304134253926e+00
2.959617711799954698e+00
2.880972925940123996e+00
2.951814865468361582e+00
2.895839429250178565e+00
2.893459175450726839e+00
2.788445086423615216e+00
2.788208564652221444e+00
2.818228344190725654e+00
2.853441956655155209e+00
2.814853637402840114e+00
2.838467896594921491e+00
2.843836141552462671e+00
2.889922317295051890e+00
2.858172493045162188e+00
2.853663259741765490e+00
2.868376021375161233e+00
2.800253024281913028e+00
2.752609307548022244e+00
2.844251922738209704e+00
2.860670375978330071e+00
2.852848926950040997e+00
2.771669172177660734e+00
2.779635587626550830e+00
2.728172465222827636e+00
2.870169681395161376e+00
2.855229763083875216e+00
2.798141168704681103e+00
2.836156906801878375e+00
2.817160627298344266e+00
2.841054909712236398e+00
2.887408699855287253e+00
2.860807053962220792e+00
2.766200643481958821e+00
2.799029831923911971e+00
2.827334610547537874e+00
2.831815318837018314e+00
2.851339860486645339e+00
2.866573389955330953e+00
2.854937652559158323e+00
2.778034377037117419e+00
2.755399789504238584e+00
2.662921328165742008e+00
2.783935344076798213e+00
2.821762746936744115e+00
2.893100240226736730e+00
2.924594330843168333e+00
2.892410932077252195e+00
2.906530749880344544e+00
2.930598061829701617e+00
2.937634762866208060e+00
2.969040417373936869e+00
2.944860777693913523e+00
3.002175877592783149e+00
3.011920815692205711e+00
3.000228991260500244e+00
2.987058419247939245e+00
2.895909528973582781e+00
2.875119127966700550e+00
2.911636996605174055e+00
2.936045129080953942e+00
3.011923803817088352e+00
2.998207964768287770e+00
2.933778962362366460e+00
2.864110682218827808e+00
2.785575165024272160e+00
2.811703576126046933e+00
2.796897745717565442e+00
2.719277845311140585e+00
2.788411017048956886e+00
2.834545818998168709e+00
2.929689061999583455e+00
2.955232816547623820e+00
2.901865951418156175e+00
2.857770809564685877e+00
2.911700190610290395e+00
2.910598220297675898e+00
2.875682006063952745e+00
2.826668710691084829e+00
2.761841414708672282e+00
2.741360793474656887e+00
2.810494796294773501e+00
2.869603631165809521e+00
2.858934416876329987e+00
2.812737812168066398e+00
2.786789909555436928e+00
2.791853506185451916e+00
2.715525915913895805e+00
2.763045783189268523e+00
2.825960190802411010e+00
2.801497456718459844e+00
2.746675262931532302e+00
2.754476356769104406e+00
2.802489785886828066e+00
2.710615612734494473e+00
2.753975490087012368e+00
2.711447768259606317e+00
