-5.266425130559999843e+02
-5.912633881240000164e+02
-6.006196761129999686e+02
-5.799838592180000205e+02
-5.836683485680000558e+02
-5.967387553940000089e+02
-5.707751403580000442e+02
-5.948452065870000069e+02
-5.962303892229999747e+02
-5.961418435719999707e+02
-6.011875927370000454e+02
-5.953707111799999439e+02
-5.994558485469999596e+02
-5.950987551419999591e+02
-5.869868574539999599e+02
-5.866808453070000269e+02
-5.979430352470000116e+02
-5.945481342409999570e+02
-6.041738086860000294e+02
-5.937216951379999728e+02
-5.826186207299999751e+02
-5.901036396040000227e+02
-5.955551621529999693e+02
-5.907742667510000274e+02
-6.054324093709999488e+02
-5.880333803690000423e+02
-5.924612259309999445e+02
-6.007721548980000534e+02
-5.966294253339999614e+02
-6.011915575990000207e+02
-6.016047964140000204e+02
-5.889998642660000314e+02
-5.958637000149999494e+02
-5.836323654220000208e+02
-5.871428556949999802e+02
-5.925486904399999730e+02
-5.998887677679999797e+02
-5.916833345080000299e+02
-6.022720568170000206e+02
-5.914164376090000133e+02
-5.875774931910000305e+02
-5.988130554309999525e+02
-5.880059853220000150e+02
-5.909858107349999727e+02
-6.041858214170000565e+02
-6.016919585540000526e+02
-5.945729005690000122e+02
-5.980616110610000078e+02
-5.918772790420000547e+02
-5.954560376970000561e+02
-5.940750706810000565e+02
-5.961351580919999833e+02
-6.016096654399999579e+02
-5.839844330790000413e+02
-5.894174387499999739e+02
-5.941268909140000005e+02
-5.716208750319999581e+02
-5.901554744300000266e+02
-6.008067457680000416e+02
-6.030254723750000494e+02
-5.974844660920000479e+02
-6.025627588539999806e+02
-5.954627500139999938e+02
-6.059768088680000346e+02
-5.967556553719999783e+02
-5.941842854230000057e+02
-5.863427288640000370e+02
-5.909714791249999735e+02
-5.886966275720000112e+02
-6.009847396400000434e+02
-5.974259439700000485e+02
-5.964506765789999463e+02
-5.965961174789999859e+02
-6.003335891960000481e+02
-5.975159965220000231e+02
-5.950190345800000387e+02
-5.871298504760000014e+02
-5.904663206830000490e+02
-6.006800743600000487e+02
-5.980038456910000377e+02
-5.693623537339999530e+02
-5.902442448589999913e+02
-5.936490262590000384e+02
-5.956818203709999580e+02
-5.941114872040000137e+02
-5.834115883770000437e+02
-6.008076913959999956e+02
-5.940608380500000294e+02
-5.894944687199999862e+02
-5.901315142229999537e+02
-5.735117667089999713e+02
-5.845067671379999865e+02
-5.874933686000000534e+02
-5.950768435229999795e+02
-5.838312422999999853e+02
-5.903626645110000482e+02
-5.888380888980000236e+02
-5.786604436349999787e+02
-5.717377160600000252e+02
-5.824073938320000252e+02
-5.962320720320000191e+02
-5.806625621970000566e+02
-6.017740210760000537e+02
-5.918486192919999667e+02
-6.022406597609999608e+02
-5.781391386599999578e+02
-5.970557700309999518e+02
-5.908962719869999773e+02
-5.979653207740000198e+02
-6.019795214040000246e+02
-5.881920322839999926e+02
-5.861682859679999638e+02
-5.859181472709999525e+02
-5.796486288959999911e+02
-5.886865416870000445e+02
-5.804333920310000394e+02
-6.043799072279999791e+02
-5.887155668330000253e+02
-5.998385513480000100e+02
-6.041998308290000068e+02
-6.006133596150000358e+02
-5.993692713159999812e+02
-5.916695961090000537e+02
-5.775408424290000085e+02
-5.898705443889999742e+02
-6.039582430579999937e+02
-5.932533541059999607e+02
-5.768098766489999889e+02
-5.950805698550000216e+02
-5.988948174339999468e+02
-5.993974432300000217e+02
-5.994136727830000382e+02
-6.001049923529999433e+02
-5.950185691210000414e+02
-6.029410989479999898e+02
-5.728470468650000385e+02
-6.019421196719999898e+02
-5.948611892500000522e+02
-5.681410844089999728e+02
-6.013167528389999461e+02
-5.965228696340000170e+02
-5.951331175850000363e+02
-6.017608414909999510e+02
-5.934950136639999982e+02
-5.940461452939999845e+02
-5.879776312889999872e+02
-5.945547765720000370e+02
-5.784465271310000389e+02
-5.958744872549999627e+02
-5.930871362699999736e+02
-5.926542776769999818e+02
-5.925885977110000340e+02
-5.948786117759999570e+02
-5.937132634549999466e+02
-5.902633752310000546e+02
-5.954222993209999686e+02
-5.705331704929999432e+02
-5.840745796700000483e+02
-5.879150380720000157e+02
-5.935057754380000006e+02
-5.866220376400000305e+02
-5.994790960770000083e+02
-6.012711269540000103e+02
-5.982363654949999727e+02
-5.964652615149999519e+02
-5.830434317210000472e+02
-5.936459878650000519e+02
-5.952564609160000373e+02
-5.890178931350000084e+02
-5.905536187039999731e+02
-5.854413651690000506e+02
-5.867369487590000290e+02
-5.864973144819999789e+02
-5.874547397049999518e+02
-5.950098062619999837e+02
-5.927559781639999983e+02
-5.975982028399999990e+02
-5.987588827380000112e+02
-5.939248522069999581e+02
-5.995673059150000199e+02
-6.008569033400000308e+02
-5.906851196390000496e+02
-5.974250369970000065e+02
-5.910844864560000360e+02
-5.956286991179999859e+02
-6.017284590900000012e+02
-5.988521745780000174e+02
-5.775393594829999984e+02
-5.924791085499999781e+02
-5.972461169539999446e+02
-5.770375590060000377e+02
-5.959305141759999742e+02
-5.996943075719999570e+02
-5.993857363339999438e+02
-5.938692043519999970e+02
-5.909282747549999613e+02
-6.007983110640000177e+02
-5.890707833359999768e+02
-5.834181837580000547e+02
-5.938200966639999479e+02
-5.960235014319999891e+02
-5.923992558950000102e+02
-5.952509402609999825e+02
-5.971941267989999460e+02
-5.754314791189999596e+02
-5.830443788229999882e+02
-5.914911449960000027e+02
-5.974725116900000330e+02
-5.924795630329999767e+02
-5.932911440459999994e+02
-6.032289893590000247e+02
-5.999892652920000273e+02
-5.828201093049999599e+02
-6.051108963020000147e+02
-6.018953318860000081e+02
-5.832118505580000374e+02
-5.993667852209999864e+02
-6.035151843050000480e+02
-5.934457685060000358e+02
-5.894633625819999452e+02
-5.872152081030000090e+02
-6.030626076490000287e+02
-6.024951928379999799e+02
-5.949113200580000012e+02
-5.922978963770000291e+02
-5.976127762150000535e+02
-6.038668238950000386e+02
-5.927999713000000384e+02
-5.915203545770000346e+02
-5.955065918899999815e+02
-5.886129687950000289e+02
-5.836336805060000188e+02
-5.799836378700000523e+02
-6.036117932019999444e+02
-5.797285749149999674e+02
-5.901152862359999745e+02
-5.994737820719999490e+02
-5.941859937890000083e+02
-5.990616782160000184e+02
-5.893431230649999861e+02
-6.037861038219999728e+02
-6.033786144529999547e+02
-5.860037215070000229e+02
-5.791944749790000060e+02
-5.979995876010000302e+02
-5.778011512939999648e+02
-5.900073116239999536e+02
-5.884063425939999661e+02
-5.702319532059999574e+02
-5.674646613500000285e+02
-5.720154908109999496e+02
-5.779338530500000388e+02
-5.961873206249999839e+02
-6.000999575150000283e+02
-5.852123453939999536e+02
-5.948797647339999912e+02
-6.002361036480000394e+02
-5.969566975059999550e+02
-5.874390751140000475e+02
-5.999745249210000111e+02
-5.980601792649999879e+02
-6.019419423479999978e+02
-5.894037259819999690e+02
-5.936922017189999679e+02
-5.859028288329999441e+02
-5.961838867510000455e+02
-5.996361262740000484e+02
-5.914395876999999473e+02
-5.890345591940000531e+02
-5.817789762439999777e+02
-5.832122697690000450e+02
-6.022189237999999705e+02
-5.970041339629999584e+02
-6.039353244530000211e+02
-6.048974339359999703e+02
-5.945923231059999807e+02
-5.953563316839999970e+02
-5.850473232849999476e+02
-5.837865814420000561e+02
-5.678850995779999948e+02
-5.839472592439999517e+02
-5.832059807130000308e+02
-5.871819990400000506e+02
-5.809739836549999836e+02
-5.929612226000000419e+02
-5.982639775369999597e+02
-6.053938622919999943e+02
-5.935040738809999539e+02
-6.037292247719999523e+02
-5.954022536080000236e+02
-5.953356980500000191e+02
-5.876995184170000357e+02
-5.869022252889999436e+02
-5.941934369570000172e+02
-5.972431095760000517e+02
-5.847689432189999934e+02
-5.805496836720000147e+02
-5.924461958650000497e+02
-5.921132763049999994e+02
-5.931843797620000487e+02
-5.959046018999999887e+02
-5.953183867689999715e+02
-5.898971604119999483e+02
-5.987758424710000327e+02
-5.850809609499999624e+02
-5.997823167620000504e+02
-6.002068911540000045e+02
-5.893791116400000192e+02
-5.966638131070000099e+02
-5.889505478999999468e+02
-5.784700860660000217e+02
-5.925022377499999493e+02
-5.826547041219999983e+02
-5.879244837479999433e+02
-5.804151749190000373e+02
-6.028889157410000053e+02
-5.918899773639999466e+02
-6.028527003509999531e+02
-5.977341936269999678e+02
-5.963004074780000110e+02
-5.825608161300000347e+02
-5.621932679120000103e+02
-5.754169445310000128e+02
-5.954352656879999586e+02
-6.029180586700000504e+02
-5.956957399240000086e+02
-5.998118564049999577e+02
-5.909447167529999660e+02
-5.715649373940000260e+02
-5.746943589530000054e+02
-6.010957715409999764e+02
-5.817733168490000253e+02
-6.035456241870000440e+02
-6.012215510370000402e+02
-5.975632536719999734e+02
-5.938851302299999588e+02
-5.759203413169999521e+02
-5.994615967549999596e+02
-6.008292284130000098e+02
-5.957549095919999900e+02
-5.922938960870000074e+02
-5.960372641699999576e+02
-6.005889622759999611e+02
-5.949780742489999739e+02
-5.999358761600000207e+02
-5.799988484880000215e+02
-5.840566260350000221e+02
-5.888613980650000030e+02
-5.934727096469999879e+02
-5.988289799579999908e+02
-5.899652533360000461e+02
-6.027736817310000106e+02
-5.961295552190000535e+02
-5.945417767410000351e+02
-5.819469360849999475e+02
-5.914512264170000435e+02
-5.980443549679999933e+02
-5.900051672910000207e+02
-5.951791614149999532e+02
-6.014024314770000501e+02
-5.851262853429999495e+02
-5.691225040980000358e+02
-5.848088411850000057e+02
-6.032279373469999655e+02
-5.855423466409999946e+02
-5.787841318739999679e+02
-5.769015614380000443e+02
-5.468220826440000337e+02
-5.833415321689999473e+02
-6.006235247109999591e+02
-5.979397519750000356e+02
-5.968815804549999484e+02
-5.957512840130000313e+02
-6.038226691359999450e+02
-5.941561113449999993e+02
-5.930435323509999535e+02
-5.957409468680000373e+02
-5.800993511169999692e+02
-5.889501342349999504e+02
-5.884615809470000158e+02
-6.015899503749999440e+02
-5.925672381450000330e+02
-6.029046125280000297e+02
-5.922969630610000422e+02
-5.961766917969999895e+02
-5.971027428390000296e+02
-5.894084713710000187e+02
-5.910413191989999859e+02
-5.967092448580000337e+02
-5.947413035800000216e+02
-5.892531648230000201e+02
-5.757824246119999998e+02
-5.965184394100000418e+02
-5.881216786090000141e+02
-5.936618218800000477e+02
-5.985262626459999638e+02
-5.894135054390000050e+02
-5.875826456810000309e+02
-6.006081029839999701e+02
-5.849012794379999605e+02
-5.978066330139999991e+02
-5.982323542440000210e+02
-5.828393490260000362e+02
-5.920378126890000203e+02
-5.964709985949999691e+02
-5.835604233369999747e+02
-6.000017023330000256e+02
-5.923080997929999967e+02
-5.735152932409999949e+02
-5.815736371110000391e+02
-5.867142618279999624e+02
-5.936501849769999808e+02
-5.806230462979999629e+02
-5.787886213369999950e+02
-5.911346508139999969e+02
-5.746459825279999905e+02
-5.906125413759999674e+02
-5.875255706579999924e+02
-6.003790630140000530e+02
-6.003441739539999844e+02
-5.984045469410000351e+02
-5.883669474739999714e+02
-5.868197539080000524e+02
-5.953761301360000289e+02
-5.973857074820000435e+02
-5.966541145749999941e+02
-5.701309597580000172e+02
-5.933290277080000124e+02
-5.775602946249999832e+02
-5.990341447219999509e+02
-5.928307243360000029e+02
-5.964915634430000182e+02
-5.782069057009999824e+02
-5.896427731200000153e+02
-5.910965031619999763e+02
-5.949315677009999490e+02
-5.712775638629999548e+02
-5.903742855650000365e+02
-5.948366963109999688e+02
-5.953588060859999587e+02
-6.002814500120000503e+02
-5.832270596719999958e+02
-5.791441378360000272e+02
-5.917176040519999560e+02
-5.642390098690000286e+02
-5.885757978829999502e+02
-5.866944475970000212e+02
-6.005762500670000463e+02
-5.904534872689999929e+02
-5.896768937739999501e+02
-5.982104896770000551e+02
-5.983971521050000320e+02
-6.006248067909999691e+02
-5.899354474210000490e+02
-5.964040593869999611e+02
-5.743010426079999888e+02
-5.843403206330000330e+02
-5.846087690320000547e+02
-5.849177269430000479e+02
-5.954447007630000144e+02
-5.955258816829999660e+02
-5.763623709309999867e+02
-5.934373656940000501e+02
-5.981093692539999438e+02
-5.771450903180000296e+02
-5.827496058149999953e+02
-5.712658687150000105e+02
-5.898874587609999480e+02
-5.936655184579999514e+02
-6.040525491480000255e+02
-5.927796905679999782e+02
-5.894201197610000236e+02
-5.967534903849999637e+02
-5.957325093030000289e+02
-5.944705606369999487e+02
-5.911499463669999841e+02
-5.803306800249999924e+02
-5.749807548170000473e+02
-5.901598225970000158e+02
-5.633765608039999506e+02
-5.912064036420000548e+02
-5.999694619540000531e+02
-6.036686127640000450e+02
-6.025353736189999836e+02
-5.994292070530000274e+02
-5.954843529659999604e+02
-5.836289197500000228e+02
-5.674154488990000118e+02
-5.948736238259999709e+02
-5.930794536990000552e+02
-5.988663655530000369e+02
-5.988797734769999579e+02
-5.879893625150000389e+02
-5.914161051830000133e+02
-6.012808026559999917e+02
-5.950107003050000003e+02
-6.013101710580000372e+02
-6.006767028450000225e+02
-6.028395705340000177e+02
-5.956403720939999857e+02
-5.692845150629999580e+02
-5.928392217350000237e+02
-5.874180851390000271e+02
-5.875431773120000116e+02
-6.033109544259999666e+02
-5.680063726900000347e+02
-6.040567047680000314e+02
-5.935481825809999918e+02
-5.792517641609999828e+02
-5.794189644409999573e+02
-5.875144289349999553e+02
-5.953781832839999879e+02
-5.794656251359999715e+02
-5.997983796089999942e+02
-6.005433505949999926e+02
-5.719417554350000046e+02
