4.816367510894491666e+00
4.328570433757547242e+00
3.587872071297971921e+00
3.576605234017308010e+00
2.725674045075823226e+00
2.900699570793225046e+00
2.758257420909077773e+00
2.699510696404072263e+00
2.849739637230040312e+00
2.866805539271891412e+00
2.922851005439722982e+00
6.012019045212682045e+00
2.910441031871286999e+00
2.728223048066268142e+00
2.894269165091595042e+00
2.825683103251317885e+00
6.171391010137017297e+00
6.124393276072332526e+00
2.816259043483039015e+00
2.879346800925515204e+00
2.762660131105525441e+00
2.654522555941086548e+00
3.000229324568373546e+00
3.120557161790182388e+00
5.264056800605403375e+00
2.884365094782558980e+00
2.910079552177225359e+00
2.899486506262789920e+00
2.899477539143906046e+00
2.840966384876807638e+00
2.815873754272375074e+00
2.914162658466407763e+00
2.836500661025834980e+00
2.543169086002737167e+00
2.770856907167889016e+00
3.201148856270198184e+00
5.819248576921251193e+00
2.764904699985155201e+00
2.904912563228022826e+00
2.871957694674488248e+00
2.811849747052640680e+00
2.840543081877125786e+00
2.899549102877894136e+00
2.917368334646826877e+00
2.859740197990020327e+00
3.068841149359152531e+00
2.774689351981587393e+00
2.633147736075589496e+00
2.921049640112266310e+00
2.892355614373861794e+00
2.873963813272532697e+00
2.748173757243162374e+00
2.902728888477186242e+00
2.685905992398095687e+00
2.685949180457441354e+00
2.720121688454396836e+00
2.657665893222847853e+00
2.725438313372731791e+00
2.838460674379688964e+00
2.759800717443199769e+00
2.942527485003325616e+00
2.912329136619004277e+00
2.901932114988219347e+00
2.909212436382052847e+00
2.939963605216908249e+00
2.974036146384236634e+00
2.901561820813060244e+00
2.777753588783569150e+00
2.871864377020613368e+00
2.755500136091450170e+00
5.673404004651881216e+00
2.765468495571771435e+00
2.794000894774373300e+00
2.760588524210009886e+00
2.789434351261918188e+00
2.925084614160759156e+00
2.744234319441398728e+00
2.906543307779879459e+00
2.867647293514319351e+00
2.673026187675684007e+00
2.774579427588981684e+00
2.931365552093426974e+00
3.048404500718367771e+00
2.851877627108147628e+00
2.947202571931560211e+00
2.937773646828495622e+00
2.707886629827770175e+00
2.751561193213772238e+00
2.927558197542791341e+00
2.710602516046939581e+00
2.836427682843333020e+00
2.917200884409573813e+00
2.912743552048480566e+00
2.805643598178499509e+00
2.749926726296538781e+00
2.816526051716902401e+00
2.755742368219496807e+00
2.948374806567170658e+00
2.743069995461290045e+00
2.842538654090740913e+00
3.055529086754043888e+00
2.915257107014749050e+00
3.000544283959162062e+00
2.766313431265517764e+00
2.938497234982534678e+00
3.119945191826292596e+00
2.710862962231769036e+00
2.789403161968523115e+00
2.830455793684119037e+00
2.793645825798252602e+00
2.992530367431549099e+00
2.787911942655290964e+00
2.895724089066498141e+00
2.869697022335284675e+00
3.022829469222502841e+00
3.025322627423395527e+00
2.742784169416179640e+00
2.964390493845236119e+00
2.840617714512109870e+00
2.853487164856362668e+00
2.855278270151615061e+00
2.923836691745966387e+00
2.833528718753349551e+00
2.822243433866043816e+00
2.799704627277670888e+00
3.000233490913665868e+00
2.862037386198859501e+00
2.738201234387275473e+00
2.769723090852224345e+00
2.802342056209412569e+00
2.884873827396962298e+00
2.725483443354591806e+00
2.761119519325450078e+00
2.812476666569875938e+00
2.921984428432156999e+00
2.686177581620396104e+00
2.822214910314237102e+00
2.825516766894155207e+00
2.806132213563715894e+00
2.571323589126814024e+00
2.883156603446992872e+00
2.925674623057048063e+00
2.898538424792743484e+00
2.827131938909112741e+00
2.748218513874033153e+00
2.632082825444518548e+00
2.765692860749363824e+00
2.905493245560897719e+00
2.741475515119550010e+00
2.744262378126406166e+00
2.729316031536106468e+00
2.861657212176189624e+00
2.745724858757701448e+00
2.906920879556235793e+00
2.816230281777397426e+00
2.902172117569873144e+00
2.901042915918341958e+00
2.959476473973057242e+00
2.745871264280246749e+00
2.728478513750841383e+00
2.976662728627481158e+00
2.982795500868271166e+00
2.770794470905411533e+00
2.772373351480640569e+00
2.738184800191542756e+00
2.745475368674794581e+00
2.706797000146113685e+00
2.833658059823026765e+00
3.292029617120720619e+00
2.798849227807743034e+00
2.737723324223980459e+00
2.823094401538849940e+00
2.744549689839847151e+00
2.825952228895598495e+00
2.769238342938360464e+00
3.017072753514571826e+00
2.898480981479782059e+00
2.982377742674458876e+00
2.732948956713242783e+00
2.779386083292495702e+00
2.888675475023111616e+00
2.874630758897566807e+00
2.956723017125547415e+00
2.942599191191352492e+00
5.759955381771632688e+00
2.777903526042616811e+00
2.983033523110325991e+00
2.755142646034865805e+00
2.935106471663336158e+00
3.135146089100155464e+00
2.898377132120663280e+00
5.984842019635940424e+00
5.832885392325139584e+00
5.837713079622875334e+00
2.755947387015942329e+00
2.855090016094063099e+00
2.861961215670121739e+00
2.867357145526172602e+00
2.827893562353434476e+00
2.870539496331657059e+00
2.887227389728768578e+00
3.138347813738942893e+00
2.846360658806259103e+00
2.864316672436901356e+00
6.082135644656406548e+00
5.870137391918523129e+00
3.089392335071737161e+00
2.955171907013194321e+00
2.711478194638489825e+00
2.924253579975581108e+00
5.988573118865628153e+00
5.831262984980182473e+00
2.859925523505813416e+00
2.769991516232495954e+00
2.929617893173101617e+00
2.677765112925329039e+00
2.765563414568539269e+00
2.782778647323569832e+00
2.920971071407589381e+00
2.843938114657208693e+00
2.685759482902369211e+00
2.843098485807341813e+00
2.908204600780350813e+00
2.829262448059564949e+00
2.742835211965895414e+00
2.844590128647710880e+00
2.924197325763088884e+00
6.098686825866695749e+00
2.781848306432253892e+00
3.067077273235873314e+00
2.855804790247400859e+00
2.850299984212188331e+00
2.730449413558141636e+00
2.911036585135954979e+00
8.088184839628729250e+00
6.096816956412583366e+00
7.808910871562051881e+00
5.992739356921840788e+00
6.044647384256586875e+00
2.973953933738719080e+00
6.258498941439552432e+00
2.716963930566617336e+00
2.964377843662983292e+00
2.752233093326217350e+00
2.917560110777496440e+00
2.741495577235169900e+00
2.840272170056947321e+00
5.886024804568870117e+00
2.862993014312120277e+00
2.909829204609782671e+00
2.680732922168860721e+00
2.802431265883250866e+00
2.670930549452755987e+00
2.936190388922353289e+00
2.819736867156224402e+00
2.909587084106609378e+00
2.826791998007635254e+00
2.728492257639738572e+00
2.756078554758553789e+00
2.692653709632934156e+00
6.116961418874571343e+00
2.793580856177246829e+00
3.069250559990174487e+00
2.908674268459773504e+00
6.148822082317881410e+00
2.774553657797953043e+00
2.776152373339763280e+00
2.955365628818200641e+00
2.928597445877462846e+00
2.943292544073728312e+00
2.768072795285557941e+00
2.713824975933414763e+00
2.932714101306160615e+00
5.657950954188273762e+00
5.687666920627472145e+00
2.791197950701453934e+00
2.744582664085743584e+00
2.827900104317689234e+00
2.795641071382375831e+00
2.766873325615034851e+00
2.962937056368224908e+00
2.950770746771087971e+00
2.825387407064737566e+00
2.930673983915645930e+00
2.756329624700209813e+00
3.121872995494852532e+00
2.766616887102368860e+00
3.075254461016193375e+00
2.675977952076585620e+00
2.813499955571352018e+00
2.777460350752103402e+00
2.845350944962676820e+00
2.916733275429894245e+00
2.836037552642771242e+00
2.740407816366024374e+00
2.784839851768859287e+00
2.774869005917216302e+00
2.906239150517382797e+00
2.882729435795180262e+00
2.968115395330848560e+00
2.774347851297669809e+00
2.869352540208331082e+00
3.067105638871931550e+00
3.000379309354069157e+00
2.893917932492212852e+00
2.686553368165240485e+00
2.732163977509402653e+00
2.697047459723317608e+00
2.691920875508787780e+00
2.925458938354800864e+00
2.636590601515525378e+00
2.762499411764643309e+00
2.742636687569099063e+00
2.849753322657945453e+00
2.784622954728341426e+00
2.808252125433184698e+00
2.882020471821808538e+00
2.722628693009754297e+00
2.970526384329888359e+00
2.705647981537879332e+00
2.720165619957725767e+00
2.853920986993157882e+00
2.777640185481193846e+00
2.929435440490197440e+00
2.874312091614270148e+00
2.973569908376125781e+00
2.828431013830812635e+00
2.791940006518764950e+00
2.781692650168239300e+00
2.896791328349351158e+00
2.775846717670123809e+00
2.949238715329771221e+00
2.826506147171805150e+00
2.777013683797759036e+00
2.906210247039948680e+00
3.092464389447354911e+00
2.877458774682966514e+00
2.835140384531249502e+00
2.858140829280460871e+00
2.777976781760423730e+00
2.852066969760703063e+00
2.915385909275134413e+00
2.765967823384791746e+00
2.815378127356963578e+00
2.898701260909788413e+00
2.928554080087987899e+00
2.883346319816612713e+00
2.880625279344746215e+00
2.772248726214875614e+00
2.896442818354956206e+00
2.869987630635365328e+00
3.027310852885775283e+00
2.955492683124084863e+00
2.704307859693493299e+00
2.768459138221115445e+00
2.763190366225243721e+00
2.908305520401871735e+00
3.026400006608511717e+00
2.785287238329289483e+00
2.744311571232392222e+00
3.031139884597872314e+00
2.669124388259190628e+00
2.837940978949350601e+00
2.829535297535621829e+00
2.804900532995778129e+00
2.874660501694069392e+00
2.728626211117968658e+00
2.980641877180148835e+00
6.130171694169748164e+00
2.866010118614378044e+00
2.871553760597213678e+00
5.867914280219165057e+00
2.994028389978959925e+00
2.729499771020323706e+00
5.790035751184960056e+00
2.733247336045532716e+00
2.868520524591030796e+00
2.892797435009924811e+00
2.830152292722071916e+00
2.819269940959892917e+00
2.932255957449826589e+00
5.843477218232308701e+00
5.633029202835716731e+00
2.740090874405445742e+00
2.875295115288168279e+00
2.776531289216816578e+00
2.766330602079224210e+00
2.730541521383624826e+00
5.792177915085135353e+00
5.921621821764709637e+00
6.135112794399137925e+00
2.725024954014182654e+00
2.865227565133352083e+00
2.926522509737452538e+00
2.854670208623055760e+00
2.977967259726003402e+00
3.026627330875077959e+00
2.852427212042403681e+00
3.113565801456587234e+00
3.095217278318276311e+00
2.746026583993680159e+00
5.915066694467610908e+00
6.019373887706262138e+00
2.783621561922525078e+00
6.225474198806064230e+00
2.800958050382047926e+00
6.174791980301846728e+00
6.213378549549350538e+00
6.191107655339228799e+00
6.172874694986121291e+00
2.855303136271174047e+00
2.843943389028691815e+00
6.111850865327130400e+00
3.103664447068980259e+00
6.174537229622961476e+00
2.904512695789088550e+00
2.932663124192752768e+00
8.023437168695222610e+00
8.333914446405122689e+00
5.905481352099928749e+00
5.781241129722925365e+00
3.006511267233169971e+00
5.931339899213330824e+00
6.063264549728965669e+00
2.711610038335158901e+00
2.703921966329649429e+00
2.880823840501185895e+00
5.983471734703858402e+00
5.504779287128594767e+00
2.956037212215028909e+00
7.762852890529357452e+00
2.991127880917162862e+00
5.816060694318792912e+00
5.730065357393404391e+00
2.932165411432309021e+00
5.896333182580510091e+00
2.862317417757855864e+00
2.749460674386887682e+00
2.770229954353970570e+00
2.692835494418476028e+00
2.793031507162065719e+00
2.955845395145016763e+00
2.807514202991678864e+00
2.808680473104763653e+00
2.866627984235135873e+00
2.820200524785427376e+00
2.832477890469755621e+00
2.817750166356130403e+00
2.806921623415944200e+00
2.870603769244372661e+00
2.876267372828889002e+00
2.845120384096251342e+00
2.909264683730237611e+00
2.751625337868511600e+00
5.883404626574650464e+00
2.909619390916963422e+00
6.131724227327905119e+00
5.896628358646998080e+00
2.671949288440931713e+00
2.880384349353398488e+00
3.088427107768612956e+00
2.853457201361183859e+00
2.897918563383036439e+00
5.992422381641667961e+00
6.200116773093873768e+00
5.924201296377428427e+00
6.081424668611788320e+00
2.749529777980227685e+00
2.866433847134798096e+00
6.144861755971407824e+00
5.942389081842420318e+00
2.767302115779916249e+00
2.699119486054665007e+00
8.025700903970941269e+00
7.941328981977764379e+00
5.889413722943905860e+00
3.033704336285921066e+00
3.024826110704547766e+00
2.849136535864857489e+00
5.963320970734343085e+00
5.713074566290903711e+00
2.909129594913227201e+00
2.787091853527615903e+00
2.839324743667057227e+00
2.924538596086569076e+00
2.816564219044188633e+00
2.851159939393088649e+00
2.875146778861906505e+00
2.823024796207075138e+00
2.919048817680169883e+00
2.747684479702864557e+00
2.879616120249364197e+00
2.771412816597339734e+00
5.488515373031216171e+00
5.662800102422829163e+00
2.884602225611011317e+00
5.827399848989255560e+00
2.937393742759046411e+00
2.893214820921529817e+00
2.874128911513886830e+00
2.859024134210832457e+00
2.745095080320534286e+00
2.905428711911548945e+00
2.809421470694633882e+00
3.100408521469388390e+00
2.754308806216180461e+00
2.939389222270504032e+00
2.821018787601386801e+00
2.950817005508813207e+00
2.685690600199509337e+00
2.865594702675170247e+00
2.800649567511079852e+00
2.951188404693946499e+00
2.774567894285522307e+00
2.741673576485720076e+00
2.798631629922023301e+00
2.849573476855790766e+00
2.772918678937410952e+00
2.903428662805407789e+00
2.812489822203807055e+00
2.811027214382670891e+00
2.638524208719715158e+00
2.768521988354074814e+00
2.732909621630397190e+00
3.085398353535569349e+00
2.936373443552437124e+00
2.893372081153752884e+00
2.896747313798702539e+00
5.725885171744190316e+00
5.622975102203459308e+00
5.503436562730599668e+00
5.766664980731930790e+00
5.830693011984082297e+00
5.765796215614978237e+00
2.721470558356271940e+00
6.146588159296180187e+00
2.844653405952999314e+00
2.756097603496653559e+00
2.900586664797312864e+00
2.518055996200243563e+00
3.117247824604261197e+00
2.864703475056363136e+00
2.781903125559910706e+00
2.879707103161708748e+00
2.785852293284767800e+00
2.907042139357460364e+00
2.736348844719912687e+00
3.130697366402571902e+00
2.926165579730579669e+00
2.764942856552373929e+00
2.995067611924645323e+00
2.809796789805270034e+00
2.840372686814179204e+00
2.713260768890450869e+00
