-5.817339052029999493e+02
-5.890368999050000411e+02
-5.954087911010000198e+02
-5.979983709690000069e+02
-5.993675269029999981e+02
-6.012217618900000389e+02
-6.008718033899999682e+02
-5.893661321060000091e+02
-5.904633307980000154e+02
-6.011720007620000388e+02
-6.035227438059999940e+02
-5.977374517829999832e+02
-5.905356397279999783e+02
-6.008576052720000007e+02
-5.863994621350000216e+02
-5.989051145989999441e+02
-6.013414386220000551e+02
-5.922154871269999603e+02
-6.004730904440000359e+02
-6.003563873320000539e+02
-5.991156378690000111e+02
-5.995615807110000333e+02
-5.925106193650000250e+02
-6.010444078269999864e+02
-5.964838885719999553e+02
-6.026150282029999516e+02
-5.972152555200000279e+02
-5.707376336549999678e+02
-5.916240922870000531e+02
-5.911359555789999831e+02
-6.038272824309999578e+02
-6.034831219589999591e+02
-5.965974021939999830e+02
-6.050096806049999714e+02
-6.009089952489999860e+02
-5.989553689350000241e+02
-5.975973729050000429e+02
-5.984321234530000311e+02
-5.974044945159999997e+02
-6.008021372990000373e+02
-5.989019100350000144e+02
-5.982609998320000386e+02
-5.938704005170000073e+02
-6.005325195630000508e+02
-5.947845011670000304e+02
-6.019295645429999695e+02
-6.038164647419999937e+02
-5.926530481800000416e+02
-6.027833235709999826e+02
-5.901472778800000469e+02
-6.000861199849999821e+02
-5.954523264509999763e+02
-5.937500189070000260e+02
-6.030043903729999784e+02
-5.953455704550000291e+02
-5.992293098430000100e+02
-6.044831610710000405e+02
-5.779074581789999456e+02
-6.041076462439999659e+02
-6.004634255329999633e+02
-6.046816404180000291e+02
-5.957744631629999503e+02
-5.988973383210000065e+02
-5.925482427440000492e+02
-5.910338721949999581e+02
-6.024106167190000178e+02
-6.001282078240000146e+02
-5.993003068409999514e+02
-5.986539675730000454e+02
-6.023594307439999511e+02
-5.951078358539999726e+02
-6.004730594149999661e+02
-5.991484630390000348e+02
-5.803597969149999471e+02
-5.945592330350000339e+02
-6.023137767739999617e+02
-5.930066674659999535e+02
-6.039951370449999786e+02
-5.989786378109999987e+02
-6.014868266959999801e+02
-5.936264696209999556e+02
-6.039115948539999863e+02
-5.955712079759999824e+02
-5.896085947200000419e+02
-5.784961311020000494e+02
-6.005055458589999944e+02
-5.979533382729999857e+02
-5.978746209079999971e+02
-5.906526357830000507e+02
-5.857994707499999549e+02
-5.990744487360000221e+02
-5.937272390320000568e+02
-5.934946275559999549e+02
-5.958347200609999845e+02
-5.848875563779999993e+02
-5.710624212980000038e+02
-5.862793585319999465e+02
-5.840142541330000086e+02
-5.997858653079999840e+02
-5.904058586139999534e+02
-5.944720456759999934e+02
-5.942958289550000472e+02
-6.002057110460000331e+02
-5.920314794130000564e+02
-5.980983264599999529e+02
-5.950637123269999620e+02
-5.850641116489999831e+02
-6.010594676199999640e+02
-5.995116284150000183e+02
-6.012698104789999434e+02
-5.999081246509999801e+02
-5.962610110550000400e+02
-5.973447098760000245e+02
-5.916063373389999924e+02
-5.861145040720000452e+02
-5.892323584069999924e+02
-5.738226325169999882e+02
-6.036447851299999456e+02
-5.987863963319999812e+02
-5.996706652699999722e+02
-5.785283543279999776e+02
-5.961087937580000471e+02
-5.918367165070000055e+02
-6.032305267230000254e+02
-5.981209278339999855e+02
-5.903809766079999690e+02
-5.923483862010000394e+02
-6.020703077079999730e+02
-5.958350555050000139e+02
-5.944138690989999532e+02
-5.952802963999999974e+02
-5.828732773039999984e+02
-5.969708232469999984e+02
-5.999248923210000157e+02
-5.940822770439999658e+02
-6.044303116830000135e+02
-5.936436965540000301e+02
-5.890929327799999555e+02
-5.971299526489999607e+02
-6.022317556220000370e+02
-5.870617640409999467e+02
-5.884965026090000038e+02
-5.853409803759999477e+02
-6.004202486020000151e+02
-5.832159699979999914e+02
-5.918217087149999998e+02
-5.958981007500000260e+02
-5.980960071409999728e+02
-6.042183101440000428e+02
-6.009060278519999656e+02
-6.019565925160000006e+02
-5.906754633100000547e+02
-6.039466119459999618e+02
-5.943488096280000264e+02
-5.998676350810000031e+02
-6.045951808519999986e+02
-5.969157004190000180e+02
-5.773566112140000541e+02
-5.961568036239999628e+02
-5.974233731450000278e+02
-5.989014823219999926e+02
-6.005768526760000441e+02
-6.020722487040000033e+02
-6.046769888889999720e+02
-5.935211553430000322e+02
-5.993352037350000501e+02
-5.780473427990000346e+02
-5.916553085929999725e+02
-5.974369058600000244e+02
-5.941806465859999662e+02
-5.968074128609999889e+02
-5.990132431529999621e+02
-5.993421707049999441e+02
-5.940959392170000228e+02
-5.861669801629999483e+02
-5.893072770029999674e+02
-6.013000300190000189e+02
-5.988411535190000450e+02
-6.006546147909999718e+02
-5.980558058880000090e+02
-6.024042208429999619e+02
-5.996455436049999435e+02
-6.019224676909999516e+02
-5.955476992909999581e+02
-5.997315926559999752e+02
-5.897677523649999785e+02
-5.961886509969999679e+02
-5.950182013180000240e+02
-5.968500288159999627e+02
-5.982959326400000464e+02
-5.969137261360000366e+02
-5.911028422800000044e+02
-5.955467395570000235e+02
-6.009069590919999655e+02
-6.021259876719999511e+02
-5.935705564150000555e+02
-6.008219263659999569e+02
-6.006393044909999617e+02
-5.869430408050000096e+02
-5.949126136260000521e+02
-5.946274031379999769e+02
-5.915315040860000408e+02
-5.930035951979999709e+02
-5.913022894949999682e+02
-6.031433773210000027e+02
-5.954996008360000133e+02
-6.017177651209999567e+02
-5.975431357149999485e+02
-5.938176047590000053e+02
-5.826754031120000263e+02
-5.987820052419999683e+02
-5.993348037890000342e+02
-5.963303883129999576e+02
-5.942011475670000209e+02
-5.851574407360000123e+02
-5.986910181810000040e+02
-5.956338853529999824e+02
-5.979356490459999804e+02
-5.937830652469999677e+02
-5.904809562550000237e+02
-5.885611325659999693e+02
-6.019487835190000169e+02
-5.959652956769999719e+02
-5.903029408510000167e+02
-5.969817880000000514e+02
-5.955144802920000302e+02
-5.870331780870000102e+02
-5.987050247150000359e+02
-5.795685981870000205e+02
-5.966076231209999605e+02
-5.867462576850000460e+02
-5.957624308370000108e+02
-5.911136998380000023e+02
-6.016419798650000530e+02
-5.958298374930000136e+02
-6.027431965130000435e+02
-6.003139127460000282e+02
-5.976208088219999581e+02
-5.890086860779999824e+02
-5.900417898800000103e+02
-5.979531240510000316e+02
-6.001453004359999568e+02
-5.968231725599999891e+02
-5.903912317919999850e+02
-5.941373063519999960e+02
-5.961853535379999585e+02
-5.994751562940000440e+02
-5.964607512410000254e+02
-5.996196234139999888e+02
-5.993695692530000088e+02
-5.991374637440000015e+02
-6.020432984200000419e+02
-5.953594271509999771e+02
-5.891661365810000461e+02
-5.955652451659999542e+02
-6.036317288469999767e+02
-5.929829538689999708e+02
-5.961672821409999870e+02
-5.967766582740000558e+02
-5.984056778780000059e+02
-6.018899340980000261e+02
-6.024255473230000462e+02
-6.064534412530000509e+02
-5.966492514310000388e+02
-5.961449520529999972e+02
-6.005839108220000071e+02
-5.985706847809999545e+02
-5.922224801349999552e+02
-5.983157589549999784e+02
-5.804292781220000279e+02
-5.922308223270000553e+02
-5.888531196870000031e+02
-6.017139729079999597e+02
-5.937714479610000353e+02
-5.921618628950000129e+02
-5.852460547680000218e+02
-5.871055459829999563e+02
-5.903658087109999997e+02
-5.978206563810000489e+02
-5.954758375280000564e+02
-5.991831298880000531e+02
-5.803985960290000321e+02
-6.011211906510000063e+02
-5.973427308359999870e+02
-5.962564888440000459e+02
-6.022166204850000213e+02
-5.987357487350000156e+02
-5.953872957920000317e+02
-6.066741333449999729e+02
-5.948031643770000301e+02
-6.013325996410000016e+02
-5.955475617329999523e+02
-5.923493206299999656e+02
-5.866620932869999478e+02
-6.046734301000000187e+02
-5.958820152710000002e+02
-5.940014415739999549e+02
-5.897340820629999598e+02
-6.064547640490000049e+02
-6.043592941970000538e+02
-5.915352876800000104e+02
-6.050828102230000241e+02
-5.885278103870000450e+02
-6.016995254659999546e+02
-6.027381598370000120e+02
-6.031044642499999782e+02
-6.033320719250000366e+02
-5.889628471800000398e+02
-5.986443262289999439e+02
-5.971498285220000071e+02
-5.886429598429999714e+02
-5.984383164749999651e+02
-6.031509063559999504e+02
-6.033058660010000267e+02
-6.035397315259999687e+02
-5.873730017340000131e+02
-5.983488880710000331e+02
-5.938811931139999842e+02
-5.842521049189999758e+02
-5.959878894080000009e+02
-5.994222450099999833e+02
-5.834112462199999527e+02
-5.850294228620000467e+02
-5.989620567859999483e+02
-5.950019106549999606e+02
-6.031700841020000325e+02
-5.990090019470000016e+02
-6.020020241449999503e+02
-5.957879395510000222e+02
-5.918622521839999990e+02
-5.959481566099999554e+02
-5.886229447499999878e+02
-6.024742267120000179e+02
-5.918039949630000365e+02
-5.995994028840000283e+02
-5.879459350270000186e+02
-5.713988805989999946e+02
-5.999912776510000185e+02
-5.890772664679999480e+02
-6.043013859129999901e+02
-5.888462879429999930e+02
-5.907712829639999654e+02
-6.027588266049999675e+02
-5.926919370399999707e+02
-5.984674017109999795e+02
-5.991430486719999635e+02
-5.972666848850000179e+02
-5.982734400309999501e+02
-5.975407330760000377e+02
-6.046016350139999531e+02
-5.966620407750000368e+02
-6.011115456710000444e+02
-5.940133908300000485e+02
-5.992595529860000170e+02
-5.970253449959999443e+02
-5.943073815159999640e+02
-5.992076640559999987e+02
-5.987355896059999623e+02
-5.873586280619999798e+02
-6.034944462570000496e+02
-5.908536686989999680e+02
-6.000786377859999448e+02
-5.929733927280000216e+02
-6.007545062369999869e+02
-5.922505083999999442e+02
-5.948174438910000390e+02
-5.955776321749999624e+02
-5.880899438760000066e+02
-5.879320987769999647e+02
-5.977027326579999453e+02
-5.889690228829999796e+02
-5.946215805030000183e+02
-5.996296132610000313e+02
-6.006567000270000563e+02
-6.034149223409999649e+02
-6.008985351180000407e+02
-5.983313692599999740e+02
-5.995539541230000395e+02
-5.975824160339999480e+02
-6.016496419909999531e+02
-5.963254388430000290e+02
-5.981782987029999958e+02
-5.878437510679999605e+02
-5.942379208800000470e+02
-5.913550496819999580e+02
-5.892184428269999898e+02
-5.837986214259999542e+02
-5.932565425679999862e+02
-5.948170856509999567e+02
-6.002812564539999585e+02
-5.992413739739999983e+02
-5.958676606760000141e+02
-5.906959812779999766e+02
-6.012522437530000161e+02
-6.045710997940000198e+02
-5.983863225950000242e+02
-5.894257171699999844e+02
-5.965294734459999972e+02
-5.805342141390000279e+02
-5.894062473459999865e+02
-5.869101916289999963e+02
-5.869257348060000368e+02
-5.692749124780000329e+02
-5.887481092199999466e+02
-5.988656032390000519e+02
-5.907570480199999565e+02
-6.002191039260000025e+02
-6.002527070989999629e+02
-5.982567716089999976e+02
-5.908266069569999672e+02
-6.017454867290000493e+02
-6.013387953120000020e+02
-5.825457716009999558e+02
-6.003535642499999767e+02
-6.012538632619999817e+02
-6.027952909099999488e+02
-5.945275513240000009e+02
-5.996824802239999599e+02
-5.886336161699999820e+02
-5.952443208580000373e+02
-6.006013038070000221e+02
-5.853458542920000127e+02
-5.994453337039999496e+02
-6.019872820330000422e+02
-5.898297762270000248e+02
-6.003965223799999649e+02
-5.890619883819999814e+02
-5.975017367579999927e+02
-5.959810289980000562e+02
-5.887479542739999943e+02
-5.844404851179999696e+02
-5.799657674659999884e+02
-5.833844242950000307e+02
-5.996667055410000557e+02
-5.943297234460000027e+02
-5.795295817480000551e+02
-5.912524282360000143e+02
-5.888186186289999569e+02
-5.954536133340000106e+02
-5.865930950429999484e+02
-5.906075963490000049e+02
-5.789807249890000094e+02
-5.986406561960000090e+02
-5.974306898510000110e+02
-5.770462888629999725e+02
-5.996736468259999810e+02
-5.991038294160000532e+02
-5.959065217500000244e+02
-5.967576519960000496e+02
-5.876239838620000455e+02
-5.880912957330000381e+02
-5.966966719849999663e+02
-5.981842947799999592e+02
-5.834841248139999834e+02
-5.899086841710000044e+02
-5.719594551559999900e+02
-5.930608209969999507e+02
-5.967420647100000224e+02
-5.947303618309999820e+02
-5.978399531459999707e+02
-5.919679637130000174e+02
-5.945020679259999952e+02
-5.940611177499999940e+02
-5.932463438979999637e+02
-5.798825264150000294e+02
-5.978448760710000442e+02
-5.942992689229999996e+02
-5.981837110599999505e+02
-6.019445912740000040e+02
-5.963683495080000512e+02
-6.025818197060000330e+02
-6.000843503480000436e+02
-5.979544630640000378e+02
-5.876099516990000211e+02
-5.797797618839999814e+02
-5.988154163660000222e+02
-5.892689311899999893e+02
-6.010191176609999957e+02
-6.008189722020000545e+02
-5.970562429399999473e+02
-6.019210261560000390e+02
-6.013141706820000536e+02
-5.950818848930000513e+02
-5.958433688750000101e+02
-5.843013325110000551e+02
-5.975334239210000078e+02
-6.032811986000000388e+02
-5.991178188019999880e+02
-5.938226982520000092e+02
-5.953537021959999720e+02
-5.988717272320000120e+02
-5.961029553710000073e+02
-5.979069090479999886e+02
-5.960581381529999589e+02
-5.979646563520000200e+02
-6.011424891030000026e+02
-5.976619933660000470e+02
-5.781492869380000457e+02
-5.978125062540000272e+02
-5.984567104770000014e+02
-5.951630734049999774e+02
-5.992087034500000300e+02
-6.027812176730000147e+02
-6.000123116869999649e+02
-5.972298603790000016e+02
-5.941040774990000273e+02
-5.981848764520000259e+02
-6.008944015360000321e+02
-5.821580078069999900e+02
-5.918655174499999703e+02
-6.049182252990000279e+02
-5.898054187320000210e+02
-6.012409129190000385e+02
-5.929877417950000336e+02
-6.012969807309999624e+02
-5.938760732499999904e+02
-5.982261542380000492e+02
-5.958920594979999805e+02
-6.001633694289999994e+02
-5.981869289290000324e+02
-5.942896226630000456e+02
-5.893850844710000274e+02
-5.965577012249999598e+02
-5.998846158220000007e+02
-5.926807441780000545e+02
-5.979724830249999741e+02
-5.988465037759999632e+02
-5.945611071370000218e+02
-6.041715180899999496e+02
-5.913271271429999842e+02
-6.010823150119999809e+02
-5.935213224609999543e+02
-5.939381153379999887e+02
-6.025415709269999525e+02
-6.028263350390000141e+02
-5.963226687520000269e+02
-5.999865037289999918e+02
-5.997309299109999756e+02
-5.971218923469999709e+02
-5.961992061590000276e+02
-5.999487472700000126e+02
-5.950333411670000032e+02
-5.972512562890000254e+02
-5.940474318259999791e+02
-5.951175103750000517e+02
-5.955893844070000114e+02
-5.921601851950000537e+02
-5.951586664999999812e+02
-5.960920528399999512e+02
-5.997989752250000492e+02
-5.965684880159999466e+02
-5.996773369129999764e+02
-5.997086822139999640e+02
-6.012368058069999961e+02
-6.020299030769999717e+02
-5.911323071680000112e+02
-5.828284207970000352e+02
-6.014384221450000041e+02
-6.019205651959999841e+02
-5.945687551519999943e+02
-5.954593437920000270e+02
-6.004064385499999617e+02
-6.018984077720000414e+02
-5.958744456010000476e+02
-5.905668728609999789e+02
-5.976652151680000316e+02
-5.951090153689999624e+02
-5.992545175850000305e+02
-5.977334697219999953e+02
-5.968045456659999672e+02
-5.971010969879999948e+02
-5.868119762430000037e+02
-5.914672997830000440e+02
-6.025226714670000092e+02
-6.044018700719999515e+02
-5.986057973629999651e+02
-5.913683223299999554e+02
-5.924820266049999873e+02
-6.045945151019999457e+02
-6.030217620099999749e+02
-5.999393665710000505e+02
-6.033651263259999951e+02
-5.969494244039999558e+02
-6.008202072819999557e+02
-5.959151803849999851e+02
-5.995471706130000484e+02
-6.029712338509999654e+02
-5.907173642640000253e+02
-5.875723692650000203e+02
-5.967917446779999864e+02
-5.994603498960000252e+02
-6.019498562109999966e+02
-5.996633791609999662e+02
-5.948064414089999445e+02
-5.923761702799999966e+02
-5.886041173749999871e+02
-5.978001018610000301e+02
-5.955282811959999663e+02
-5.971435393750000458e+02
-5.980795042720000083e+02
-5.923960396620000211e+02
-5.842545368380000355e+02
-5.839087066539999569e+02
-5.893148597729999665e+02
-5.892294879569999466e+02
-5.875514609719999726e+02
-6.020481719340000382e+02
-5.836291279099999656e+02
-6.001723618370000395e+02
-5.864493795920000139e+02
-5.944116467249999687e+02
-6.017575428200000260e+02
-6.021709007140000267e+02
-5.987287215290000404e+02
-5.939321189229999618e+02
-6.039365007059999471e+02
-5.902438840139999456e+02
-5.878861522019999484e+02
-5.982296305610000218e+02
-6.002975365849999889e+02
-6.010539061949999677e+02
-5.984172527639999544e+02
-5.918565903930000331e+02
-5.995994774099999631e+02
-5.985221276669999497e+02
-5.927279841859999578e+02
-5.896470449429999690e+02
-6.013308782110000266e+02
-6.004600563210000246e+02
-5.854612962749999951e+02
-5.985783254079999551e+02
-5.976738703920000262e+02
-6.024435415799999873e+02
-5.980197387040000194e+02
-6.019502548799999886e+02
-5.948525044990000197e+02
-5.921640102070000466e+02
-5.934687445719999914e+02
-6.031149715340000057e+02
-6.054914538499999708e+02
-5.989705604490000042e+02
-6.053797482920000448e+02
-5.970772880870000563e+02
-6.040247092609999982e+02
-6.048785945549999497e+02
-5.950963587850000067e+02
-5.980402347440000312e+02
-5.998965983000000506e+02
-5.989678638750000346e+02
-6.041057934850000493e+02
-5.975125751640000544e+02
-5.809051616499999682e+02
-5.969492680580000297e+02
-5.979868323409999675e+02
-6.017806571779999558e+02
-5.961447046739999678e+02
-5.941733353619999889e+02
-5.999098708450000004e+02
-6.049988384160000123e+02
-6.003505334520000360e+02
-5.941932283009999765e+02
-6.051357042040000351e+02
-5.989855511780000370e+02
-6.000586785049999889e+02
-5.916481762549999530e+02
-5.923431269799999654e+02
-5.816611460950000492e+02
-5.898794998319999650e+02
-5.894833021220000546e+02
-5.946558007410000073e+02
-5.970606561570000395e+02
-5.886673399439999912e+02
-5.927447740369999565e+02
-5.984982792109999536e+02
-6.033112399840000535e+02
-5.952298727989999634e+02
-6.014476490340000510e+02
-5.982134850190000179e+02
-5.939851224450000018e+02
-5.974684162300000025e+02
-6.032451904869999453e+02
-6.018927820410000322e+02
-5.925855212699999583e+02
-6.051340819329999476e+02
-5.956148769190000394e+02
-5.941051558540000315e+02
-5.959028118119999817e+02
-6.000505035899999484e+02
-6.012117527460000019e+02
-6.018150125769999477e+02
-6.006660647449999715e+02
-5.866521535430000540e+02
-6.006873995729999933e+02
-6.034583761249999725e+02
-5.922052190790000168e+02
-6.036422534739999719e+02
-6.050543370619999450e+02
-5.994700482849999617e+02
-5.946936064880000004e+02
-5.837630031940000208e+02
-5.990557862250000198e+02
-5.976781850969999823e+02
-5.940779645820000496e+02
-5.861647969980000425e+02
-5.911026392789999591e+02
-5.920782771000000366e+02
-5.876172251210000468e+02
-5.910229610059999459e+02
-6.050706451910000396e+02
-5.962630375459999641e+02
-5.945678912280000077e+02
-5.925789187310000443e+02
-6.005820022719999542e+02
-5.987831079239999781e+02
-5.926375109739999516e+02
-6.014659514999999601e+02
-5.860916259870000431e+02
-5.926703027190000057e+02
-5.917488585969999804e+02
-5.940269707960000005e+02
-5.884985028959999909e+02
-5.892305209270000432e+02
-5.889414665849999437e+02
-5.963810799909999787e+02
-5.993488987790000238e+02
-5.892736371519999921e+02
-6.028895889259999876e+02
-5.953351054119999617e+02
-5.969617677109999931e+02
-5.816523742269999957e+02
-5.914462517969999453e+02
-5.991714265870000418e+02
-5.987417415539999865e+02
-6.031476177619999817e+02
-5.994516714400000410e+02
-6.038031277339999860e+02
-6.010855740880000440e+02
-5.899391455369999449e+02
-5.965100036320000072e+02
-5.982786557919999950e+02
-5.909463695120000466e+02
-6.006001714320000247e+02
-5.789591382879999628e+02
-5.891637110760000269e+02
-6.061526974370000289e+02
-5.993962166070000421e+02
-5.892291896279999719e+02
-6.019155610589999696e+02
-5.994347291789999872e+02
-5.892673278309999887e+02
-6.009552125070000557e+02
-6.037066714009999941e+02
-6.018892017350000287e+02
-5.916082407510000394e+02
-6.014028281619999916e+02
-5.957108300930000269e+02
-5.947274659580000389e+02
-5.994521309179999662e+02
-5.981780165919999490e+02
-6.004149863330000017e+02
-6.021459528929999578e+02
-5.977937963330000457e+02
-5.963677033489999531e+02
-6.023867474579999453e+02
-5.957937682399999630e+02
-5.992947941280000350e+02
-5.966837367619999668e+02
-5.888845649490000369e+02
-5.900774277929999698e+02
-5.903627492699999948e+02
-6.018433775150000429e+02
-5.960478361120000272e+02
-5.976703718779999690e+02
-5.960827484190000405e+02
-5.838073665690000098e+02
-6.001867363009999963e+02
-5.978009310219999861e+02
-5.993564677020000317e+02
-5.941020725040000343e+02
-5.962621957769999881e+02
-5.802825141560000475e+02
-6.058499652970000398e+02
-5.962460096910000402e+02
-5.984868036159999747e+02
-6.013755123129999447e+02
-6.041323005709999734e+02
-5.948417326589999448e+02
-5.790167667150000170e+02
-5.923300647800000434e+02
-5.985355656799999906e+02
-5.825976048810000520e+02
-5.761863275010000507e+02
-5.991696891249999908e+02
-6.004821946509999862e+02
-5.948277896170000076e+02
-6.021043639959999609e+02
-6.003169431989999794e+02
-5.990150804359999483e+02
-5.996130724460000465e+02
-5.896369298790000357e+02
-5.879499117069999556e+02
-5.967693348740000374e+02
-5.956100318779999725e+02
-5.964073406850000083e+02
-5.910091717579999795e+02
-5.871000864039999669e+02
-5.985553789929999766e+02
-5.930434168210000507e+02
-5.835637183469999627e+02
-5.969993981249999706e+02
-5.948198538730000564e+02
-6.026418771830000196e+02
-5.961865413420000550e+02
-5.982095254790000354e+02
-5.926627507900000182e+02
-6.006224648200000047e+02
-6.012891800380000404e+02
-5.879369721399999662e+02
-5.950852103820000139e+02
-5.976441175549999798e+02
-5.965264445010000145e+02
-5.996182910439999887e+02
-5.974791975560000310e+02
-5.970595633870000256e+02
-5.936684260590000122e+02
-5.937756047459999991e+02
-5.856626644310000529e+02
-5.800176873469999919e+02
-5.892612393309999561e+02
-5.867613597030000392e+02
-5.968830181900000298e+02
-5.838324361369999451e+02
-5.913853219190000345e+02
-5.874280469650000214e+02
-5.919517030069999919e+02
-5.933765832289999480e+02
-5.942648047999999790e+02
-5.927713286519999656e+02
-5.926976075039999614e+02
-5.890784212129999560e+02
-5.997656760630000008e+02
-5.950011017230000334e+02
-5.999518552209999598e+02
-5.946374289679999947e+02
-5.975852251459999707e+02
-5.955021962360000316e+02
-6.003193838800000321e+02
-5.940699633179999637e+02
-6.023862895140000546e+02
-5.968815907580000157e+02
-5.911912607000000435e+02
-5.909861271949999946e+02
-5.988725054310000360e+02
