4.858402515230700658e+00
4.783531227033017252e+00
4.677414991210422812e+00
4.521910879263323579e+00
4.493306688842861440e+00
4.465554612811269308e+00
4.455701964898460155e+00
4.490835668336128350e+00
4.504042406549920052e+00
4.504933517822433231e+00
4.500453754900720860e+00
4.497361226319273264e+00
4.401967401060575824e+00
4.390060250156027521e+00
4.334397074565273122e+00
4.346704153723830011e+00
4.270809759284531104e+00
4.315084471942583377e+00
4.312457536022818338e+00
4.286755066480939291e+00
4.166999880009597312e+00
4.091171592588117356e+00
4.006280194894011437e+00
3.965488872762096051e+00
3.897050294774241141e+00
3.910052429316005718e+00
3.862964405738163798e+00
3.722209155864296903e+00
3.727667501266710648e+00
3.771444948557515442e+00
3.726414630714086851e+00
3.749475429976838914e+00
3.711513303222824689e+00
3.665931941539559258e+00
3.551707899025481563e+00
3.504224450573906857e+00
3.466469529651169612e+00
3.454041980057567685e+00
3.419128690178244501e+00
3.308185303153376999e+00
3.263977481539969361e+00
3.208634288914832933e+00
3.176455099635440593e+00
3.146842544519824258e+00
3.080097076392236399e+00
3.023085509872322607e+00
2.943505053503390645e+00
2.885533746120464649e+00
2.920567410624175686e+00
2.896757497616947674e+00
2.921189654918009637e+00
2.965615450458808589e+00
2.825429347904491628e+00
2.816453088549497163e+00
2.739905472822009802e+00
2.792482229128772975e+00
2.725499954136855418e+00
2.680805289460612695e+00
2.733232518466001348e+00
2.827185172570060079e+00
2.944900847227287954e+00
3.001970686066071536e+00
2.954571034854298617e+00
2.743928206057877350e+00
2.765469580378709935e+00
2.718936924608586825e+00
2.693799732719565299e+00
2.736974241749454251e+00
2.721154718129786598e+00
2.797130136407671941e+00
2.736070357282502474e+00
2.730522477475694210e+00
2.772135999549805163e+00
2.744276225163932104e+00
2.696813490028555638e+00
2.807609303304147375e+00
2.840188902168304885e+00
2.859381226769176276e+00
2.870455364571969703e+00
2.902898895931444567e+00
2.832048375293049425e+00
2.806549126596574961e+00
2.813536919963909089e+00
2.840709946474648362e+00
2.822982465407817720e+00
2.840889121384360116e+00
2.899979827516046882e+00
2.788255906476305057e+00
2.738820731628852201e+00
2.757423072363035299e+00
2.828269789111356847e+00
2.788265589932207966e+00
2.738756834770110782e+00
2.757607840139711275e+00
2.751864277176474083e+00
2.792532005188122834e+00
2.774452919045482524e+00
2.720333435445000614e+00
2.755198903890606843e+00
2.816790017022923198e+00
2.858130332927453665e+00
2.848042661197335068e+00
2.839825522809455993e+00
2.813352804040048394e+00
2.785305728281906035e+00
2.761354015695922648e+00
2.738935194560105035e+00
2.766554716610535092e+00
2.834584449262360195e+00
2.828723740487925298e+00
2.792801818962455496e+00
2.761362888140565186e+00
2.760684516564687385e+00
2.813470810227111318e+00
2.832608338616548149e+00
2.750885857319420147e+00
2.748423911990288016e+00
2.798356839289799947e+00
2.816552147573340825e+00
2.820298743041239842e+00
2.787806664745602792e+00
2.741532600572168743e+00
2.830901093291674719e+00
2.745246983424260545e+00
2.715492404703058416e+00
2.768212961460876809e+00
2.762276778311688830e+00
2.844237156075421158e+00
2.916917893942165829e+00
2.933227914772393419e+00
2.971427266483230412e+00
2.986589024288410332e+00
2.864909248126370045e+00
2.944779448447710557e+00
2.876115957328563510e+00
2.832381683318828447e+00
2.796845365764793367e+00
2.830538111384476530e+00
2.742926539300678979e+00
2.710237074501048227e+00
2.758054024126431081e+00
2.692697717902995613e+00
2.807559260282852520e+00
2.895797126871976879e+00
2.748382979135186144e+00
2.733029454652840418e+00
2.888035491471668159e+00
2.753397174401107428e+00
2.719823891357673773e+00
2.763589875506132554e+00
2.791496552030827694e+00
2.784403885933217637e+00
2.772050504590419795e+00
2.749526686540794351e+00
2.729172218823868956e+00
2.756308400741832809e+00
2.743621147316079867e+00
2.827630103107547477e+00
2.877465203959901352e+00
2.917658993097033804e+00
2.730861219469052692e+00
2.710190583704400691e+00
2.756578495163886977e+00
2.738901239548443556e+00
2.808396695625460016e+00
2.851404916878695683e+00
2.800164816577767279e+00
2.783534623459892110e+00
2.880192528286954268e+00
2.857294349555187019e+00
2.922511591080521498e+00
2.937379444334694778e+00
2.865889390747661469e+00
2.802198065804771154e+00
2.829790274914380177e+00
2.788264872640330516e+00
2.845524731925554551e+00
2.890512238341156337e+00
2.827248839419692850e+00
2.737364060551683131e+00
2.785694527402457599e+00
2.878342752348997280e+00
2.904650753533030372e+00
2.823123978857464689e+00
2.728865881643874669e+00
2.767619193458521920e+00
2.784178873563981860e+00
2.780212042273034978e+00
2.779349024501960752e+00
2.806256224937416111e+00
2.809931849707391294e+00
2.789558029509334069e+00
2.798263926079882946e+00
2.784510010755931741e+00
2.757328598480783377e+00
2.764439364500512752e+00
2.778224972891864653e+00
2.735586591574099558e+00
2.861903737025409011e+00
2.866254350192948497e+00
2.828637834718329636e+00
2.848316520332668134e+00
2.818174763920789694e+00
2.859336111757412979e+00
2.885084574150297509e+00
2.937628635481346784e+00
2.862131198949481981e+00
2.870113935020698559e+00
2.923867473056875443e+00
3.007253231771477964e+00
2.959354152513686387e+00
2.925577720724575226e+00
2.781061847568299328e+00
2.792526275614967357e+00
2.880582753541373275e+00
2.867755394032064142e+00
2.889638385680810551e+00
2.896992233334428679e+00
2.826060685831074171e+00
2.784460629996409420e+00
2.750324708102662719e+00
2.724084066250525904e+00
2.766071221064273278e+00
2.688331452778841779e+00
2.785293341822365765e+00
2.885500649800654571e+00
2.841846406827785998e+00
2.784523657647749229e+00
2.796080828588472844e+00
2.844086672378322689e+00
2.914910633278489094e+00
2.842176982525894680e+00
2.865159855924273025e+00
2.862511834036673530e+00
2.854074105555075125e+00
2.766421876720902784e+00
2.734698520861120752e+00
2.760190754277682235e+00
2.792121236622794100e+00
2.818559561194334595e+00
2.927648373695174833e+00
2.911328562701227973e+00
2.918773372497426521e+00
2.903041508487262501e+00
2.843458633425146154e+00
2.894325828237035214e+00
2.848061972640342443e+00
2.802760781800687440e+00
2.832999294034504789e+00
2.805350245513026586e+00
2.830030035176305692e+00
2.849224982341689305e+00
2.836661946725411276e+00
2.783130252072295363e+00
2.718132815003711400e+00
2.761933561836706907e+00
2.776580810997583804e+00
2.825136102916105951e+00
2.851363708824252718e+00
2.863641388162979862e+00
2.853957603048791203e+00
2.815691389339393336e+00
2.768693012957557986e+00
2.729295330300478994e+00
2.746123085369626793e+00
2.710655640246470099e+00
2.937747776784112919e+00
2.881305953903542161e+00
2.818470862010108213e+00
2.806104417159133835e+00
2.768379309271039812e+00
2.764278205969869173e+00
2.762539049497762633e+00
2.776410992630594432e+00
2.771944083130104985e+00
2.861673636178660995e+00
2.844659206302224685e+00
2.794125265624288090e+00
2.828481748217584357e+00
2.779717071933760053e+00
2.734584977652001925e+00
2.713993551945177440e+00
2.781859989287743140e+00
2.758077228795452918e+00
2.771693706021644221e+00
2.974567195408433840e+00
2.958013691651882660e+00
2.904750075307684920e+00
2.892457432703201992e+00
2.863674911717459803e+00
2.937023323026223043e+00
2.869266282518930566e+00
2.880817939405404982e+00
2.829129017913464050e+00
2.876196446698313203e+00
2.837814123581739345e+00
2.858951730967139060e+00
2.875402580509379469e+00
2.902120087108733149e+00
2.907229953065288974e+00
2.869106829659711533e+00
2.766035610761365060e+00
2.787111228494478343e+00
2.741181679495177104e+00
2.759927897608921654e+00
2.722555233599494695e+00
2.723819744403069176e+00
2.814397981807121862e+00
2.812100460509901367e+00
2.802909381339325101e+00
2.805851385943311183e+00
2.806911826189059322e+00
2.754500862225313984e+00
2.744158523117787851e+00
2.803541510304422335e+00
2.748171210095906591e+00
2.875595764359100581e+00
2.839651034898478699e+00
2.921770867128357985e+00
2.734880070496693794e+00
2.854733787938903422e+00
2.841804532335044264e+00
2.750762803296569192e+00
2.747107023761542699e+00
2.765891718777146568e+00
2.805993228787268645e+00
2.845173808399058313e+00
2.946540683581341913e+00
2.858892967566292409e+00
2.852264013025442413e+00
2.708319589708718222e+00
2.767474661130612912e+00
2.773104217298729690e+00
2.763458340558076820e+00
2.723718781372262310e+00
2.777059956140666586e+00
2.823416370286182087e+00
2.805898251897242179e+00
2.784044539873598900e+00
2.792987110603985634e+00
2.791351464792636961e+00
2.874657196954099714e+00
2.910277134569833279e+00
2.871215944508528572e+00
2.779604468265224337e+00
2.750327616848581957e+00
2.804576438608867406e+00
2.857541950698187172e+00
2.899921550663052461e+00
2.875131127444451096e+00
2.830725172106963949e+00
2.762535248643897656e+00
2.742196747135405843e+00
2.838465430474713447e+00
2.819987765930909163e+00
2.745974144088032087e+00
2.805279665202740080e+00
2.849869295248467882e+00
2.852438430536231362e+00
2.808455981495882714e+00
2.793043322256208327e+00
2.718258633758016796e+00
2.746175158288342022e+00
2.784227900154726765e+00
2.833232959006371843e+00
2.780978784528929548e+00
2.750779162346552287e+00
2.752875950710456543e+00
2.781118120468816013e+00
2.865981507267624462e+00
2.825570738806586935e+00
2.742954793648630485e+00
2.855236592648672911e+00
2.800837553304368122e+00
2.853621383435441139e+00
2.830467982507486546e+00
2.850750427519041619e+00
2.850352083515297785e+00
2.778514351231607282e+00
2.699514030339534632e+00
2.769614774657298550e+00
2.790478274418204840e+00
2.813655984657684073e+00
2.802014453924176252e+00
2.831102435448070942e+00
2.826420174001027963e+00
2.794323352799386040e+00
2.833409783282326622e+00
2.833344843113876799e+00
2.814303643887773987e+00
2.891790621742867717e+00
2.822076717596458284e+00
2.843928796577016804e+00
2.779632169910256412e+00
2.788587814647406571e+00
2.731366141695397154e+00
2.751125951315206652e+00
2.740560891496483187e+00
2.776152193234369570e+00
2.829646621046522093e+00
2.745890748008740889e+00
2.789195045169842402e+00
2.735301811500880920e+00
2.717044534047979187e+00
2.763986070876624623e+00
2.777346935476372902e+00
2.823973618856946644e+00
2.857793204554871291e+00
2.882529965152140772e+00
2.805933178106705839e+00
2.890955724323705400e+00
2.911127101313166321e+00
2.885788280522325611e+00
2.836521813771224920e+00
2.797380560452939147e+00
2.790253572706251184e+00
2.838301076348314300e+00
2.919070742548046216e+00
2.766658815249903647e+00
2.742029540322277192e+00
2.783726279647479984e+00
2.821679110033598725e+00
2.851615857719969949e+00
2.805688150882061027e+00
2.742715078166159337e+00
2.733867955845710185e+00
2.725462346098364463e+00
2.768372987875730828e+00
2.773531142785312653e+00
2.768214767679704202e+00
2.778201936504975933e+00
2.803306797337744349e+00
2.773630472864040630e+00
2.835311975779737814e+00
2.899122798365050269e+00
2.879159078620005197e+00
2.888746960188794510e+00
2.865655596892271451e+00
2.919388463360092612e+00
2.932648291220752768e+00
2.959492355117681939e+00
2.949498940498199051e+00
2.954698969438341205e+00
2.909694829359258161e+00
2.911646441448549005e+00
2.900291881862926413e+00
2.850702369592447827e+00
2.738166357254430583e+00
2.757181350582511126e+00
2.795242207752308694e+00
2.806457731732298733e+00
2.786374526154012710e+00
2.820647620671536515e+00
2.763238317626621310e+00
2.715674870082941172e+00
2.770704062147380853e+00
2.789880642608209893e+00
2.759003080824666387e+00
2.783456304668711745e+00
2.761468268874368359e+00
2.757988216073447685e+00
2.785575165024272160e+00
2.807665400292563174e+00
2.830742835370249288e+00
2.890507740864915576e+00
2.835391507358375307e+00
2.781301493905325994e+00
2.813855184617715999e+00
2.763444589638084370e+00
2.716166600192263747e+00
2.752589144787140452e+00
2.842272506287882194e+00
2.876574699186516870e+00
2.880246170034776565e+00
2.756841127087304333e+00
2.745617963227950931e+00
2.710480769162548320e+00
2.752741360898258716e+00
2.802084402725942613e+00
2.864572219372379713e+00
2.866956748888967788e+00
2.871235448374096499e+00
2.816414919716198284e+00
2.754094043419722748e+00
2.732118225846019932e+00
2.837135527252795608e+00
2.750784978874212250e+00
2.797931557418801507e+00
2.762778854704082132e+00
2.881104128628467542e+00
2.738933551585360338e+00
2.850772000704370424e+00
2.725738432058365746e+00
2.741388152013501056e+00
2.831926023045093999e+00
2.824382056308954780e+00
2.802343840430720601e+00
2.799125756374657659e+00
2.868136328698481119e+00
2.881708694507479240e+00
2.753163634802697324e+00
2.745605397721967211e+00
2.737340680295384576e+00
2.822859897338158675e+00
2.821397880484069365e+00
2.732242485578467051e+00
2.788880958377392361e+00
2.822085930654841146e+00
2.794505501873274067e+00
2.711708502033358226e+00
2.746613551266359199e+00
2.742457656920158193e+00
2.783037908473401156e+00
2.734943875109689060e+00
2.794446456813942881e+00
2.869091493835635553e+00
2.922110880853086456e+00
2.870152260769452734e+00
2.835056436828021997e+00
2.855386838941442296e+00
2.854983712738130563e+00
2.865344656406974000e+00
2.850758846342496877e+00
2.856434665802808581e+00
2.725607088338303008e+00
2.685133143812425516e+00
2.796325624815536148e+00
2.854129289292971716e+00
2.695794873502062039e+00
2.869454652020135832e+00
2.699120041791398528e+00
2.911602651461905999e+00
2.870188321347572735e+00
2.745070490898184445e+00
2.859860660941368149e+00
2.896902138492082557e+00
2.756753525435308383e+00
2.752371704548642217e+00
2.791943050995131070e+00
2.777765108859998833e+00
2.782071350630677120e+00
2.734809316936008816e+00
2.817916606289121439e+00
2.877907225745819808e+00
2.829376786502638907e+00
2.830149819355858298e+00
2.716805845105608963e+00
2.772677226075909385e+00
2.766938741642105626e+00
2.775245214390972937e+00
2.820078013105311143e+00
2.738366483873186930e+00
2.730357668877834154e+00
2.755277481488933589e+00
2.902025671836829357e+00
2.867264026907881735e+00
2.937737905259759863e+00
2.973847507859136652e+00
2.910000859106402160e+00
2.920010445186797643e+00
2.916532358812430559e+00
2.918330344563479617e+00
2.873190038963660875e+00
2.814852216369449600e+00
2.781197403997062612e+00
2.850818303575308299e+00
2.889211311067433563e+00
2.897159643512935201e+00
2.869103169981867207e+00
2.836116006090018793e+00
2.757787156399130080e+00
2.723229332979504758e+00
2.739783385598211662e+00
2.702468686220063532e+00
2.776194157475301516e+00
2.754351647847456341e+00
2.785253130327654869e+00
2.807536286497469558e+00
2.752934797629613239e+00
2.807785960503399902e+00
2.728087058728148939e+00
2.750064362883167135e+00
2.737447533743797567e+00
2.753477800891084293e+00
2.733666402471230494e+00
2.754399753122266592e+00
2.846986652585501876e+00
2.826710101867540459e+00
2.816172935030801572e+00
2.778979129104786505e+00
2.769020404402971813e+00
2.889672126729951440e+00
2.994351682752044663e+00
2.975098317703130935e+00
2.946688140947392398e+00
2.977604909990578363e+00
2.970317996444151287e+00
3.028579204841768568e+00
3.001139283672119351e+00
3.050030491650862263e+00
2.998210466261499452e+00
2.974209306689763022e+00
2.863535926088583761e+00
2.910386056865995830e+00
2.839239510854975279e+00
2.811640268597674019e+00
2.752463987048694882e+00
2.778901401633386836e+00
2.834484432837831136e+00
2.814221917333457057e+00
2.790070070804673730e+00
2.815804680726275322e+00
2.831565468075919689e+00
2.824041430290993748e+00
2.801678247051220261e+00
2.821771961020238084e+00
2.881016834383305358e+00
2.833624710507726352e+00
2.915405632154812299e+00
2.955621423660344860e+00
2.949759651225841051e+00
2.929785316367054193e+00
2.953956837870181040e+00
2.907720069057542656e+00
2.742378529670913334e+00
2.885319393065524096e+00
2.770099095700368164e+00
2.806377736513742782e+00
2.877267801230882327e+00
2.923565802235345235e+00
2.866954830477801863e+00
2.814855768951581627e+00
2.888423445411008927e+00
2.880194611480272116e+00
2.823624266789050097e+00
2.698076907725203810e+00
2.723031766248788621e+00
2.760800608519202726e+00
2.846910079366750335e+00
2.696552613986977320e+00
2.729114508407443296e+00
2.853237809927521518e+00
2.762137397017027318e+00
2.868458122406530642e+00
2.830852345142713666e+00
2.841054029757266619e+00
2.761575275092098991e+00
2.731394515627503239e+00
2.925543026516615353e+00
2.761649688139319103e+00
2.799734630281948800e+00
2.879673766245058442e+00
2.775498693928714733e+00
2.869215397979036464e+00
2.877618112258817362e+00
2.896723839098232389e+00
2.921864644366675812e+00
2.952206971064190277e+00
2.881720493038837372e+00
2.859351849633060105e+00
2.852100103432556377e+00
2.874977217301034393e+00
2.902961935678798344e+00
2.827926095215361091e+00
2.749047471398047282e+00
2.771096172997248974e+00
2.788259313622031055e+00
2.747567105640915663e+00
2.752293225657469478e+00
2.853803602212317436e+00
2.834584272869656640e+00
2.804448965483237188e+00
2.805727713089778863e+00
2.825428286118761623e+00
2.828511622744372289e+00
2.794567766220744431e+00
2.775135672359100969e+00
2.799747488613928859e+00
2.817838533344307894e+00
2.771862911473077062e+00
2.826716292803365338e+00
2.701089780070259128e+00
2.805911438374347533e+00
2.716750448605834034e+00
2.724063508804448031e+00
2.762478597202157715e+00
2.715112888997435636e+00
2.727455407518150299e+00
2.712406496084242669e+00
2.739486448223462212e+00
2.759755061595140724e+00
2.775839152400585430e+00
2.775240530116263482e+00
2.735474730279919608e+00
2.756942690735518564e+00
2.765289315785963264e+00
2.780209524478326255e+00
2.713416481117486345e+00
2.729744493537810790e+00
2.740164228654917267e+00
2.794250167755206515e+00
2.824859111531051070e+00
2.752245083563598982e+00
2.865461568403945503e+00
2.837510528614827443e+00
2.763830313170474007e+00
2.746419123149268948e+00
2.729234874465735761e+00
2.766749175476519440e+00
2.851742975795679591e+00
2.849545928740226053e+00
2.814499777935681291e+00
2.746732786420987171e+00
2.752827092281678656e+00
2.775264491899826158e+00
2.761504843377972307e+00
2.743873357135857116e+00
2.752458174069135399e+00
2.756175974062613943e+00
2.721037669713523233e+00
2.795613886072252363e+00
2.876703147702244667e+00
2.913268611027826527e+00
2.834861901398372908e+00
2.890246183286123038e+00
2.897785706362705049e+00
2.805900033857229303e+00
2.829279767007851110e+00
2.859162464778802981e+00
2.831887179956150913e+00
2.887565756827019658e+00
2.839111656839159892e+00
2.735264155433621003e+00
2.751035441429281470e+00
2.817138264267481595e+00
2.849632958821187945e+00
2.833727403968137715e+00
2.811413523478892618e+00
2.796092273155519337e+00
2.740047627323291657e+00
2.748243984801931106e+00
2.732843939927781296e+00
2.736915234346872783e+00
2.756247811790514479e+00
2.759862858911652062e+00
2.702448149363832375e+00
2.744049015597206598e+00
2.769547616489017816e+00
2.739549050482578796e+00
2.836808065414365920e+00
2.882157178226059546e+00
2.863573466841736082e+00
2.877844679617021839e+00
2.810526107332931289e+00
2.821203998295763071e+00
2.822904886814290304e+00
2.840386065308728281e+00
2.960429867434795081e+00
2.906964224066061586e+00
2.869477130070912541e+00
2.839471077507217611e+00
2.857329872450851127e+00
2.884249989165293737e+00
2.804067402898867911e+00
2.753185427827192555e+00
2.772675963757755380e+00
2.871400006965243445e+00
2.887996364263639482e+00
2.909708576472908259e+00
2.857227502317587930e+00
2.870447177705940600e+00
2.749096397000294179e+00
2.776985595929514883e+00
2.852095896003498332e+00
2.883175679697648874e+00
2.906389684815165797e+00
2.911743807411634410e+00
2.866140610647007758e+00
2.810359585533495519e+00
2.906185988542370868e+00
2.843206992112955689e+00
2.785425281711932932e+00
2.780230386137091170e+00
2.755725312871367905e+00
2.807625865388762687e+00
2.843407111196002646e+00
2.802529928475340881e+00
2.866925356544882231e+00
2.948410419192009080e+00
2.908604648280683769e+00
2.879066862717849506e+00
2.849954034717051332e+00
2.899625148187261470e+00
2.869673500592009763e+00
2.870691031790081116e+00
2.820540373758191777e+00
2.881755714837744620e+00
2.899133318769593792e+00
2.868938828208088765e+00
2.810092347237008958e+00
2.776524986381357696e+00
2.798776518409427982e+00
2.711870572132822232e+00
2.764700887980469979e+00
2.823196946725467171e+00
2.847654122255721010e+00
2.866334593169471479e+00
2.882677401305945963e+00
2.834409462304273930e+00
2.888083966923399526e+00
2.891280166293125120e+00
2.900374113799804032e+00
2.903356161410445946e+00
2.904625449175848306e+00
2.884230573307203560e+00
2.873915447608018869e+00
2.909718027575867616e+00
2.843155641184632820e+00
2.872260782032160620e+00
2.861851673305239707e+00
2.902758860119110995e+00
2.927764676335856464e+00
2.853035050608387024e+00
2.770405205019655259e+00
2.775893729954372446e+00
2.805311034448764840e+00
2.767073725074920887e+00
2.810679099434867823e+00
2.869778040197534352e+00
2.917482647763307568e+00
2.896335961175775076e+00
2.842247878000791150e+00
2.769384227585619751e+00
2.755677956510883764e+00
2.719069142188186294e+00
2.774623037459323260e+00
2.780881335116620612e+00
2.821154550888695933e+00
2.785420794063259819e+00
2.698089323947597151e+00
2.743971391979151075e+00
2.743365451411823752e+00
2.816877881627103619e+00
2.854943256879197921e+00
2.871826770541705098e+00
2.912983693740835101e+00
2.889688218476173187e+00
2.914803252365415265e+00
2.870834373487958668e+00
2.729780210932740925e+00
2.779231908279696128e+00
2.712261971122996496e+00
2.739256103397416986e+00
2.933322518919458943e+00
2.889914531608157588e+00
2.816156423212318405e+00
2.814245724879048449e+00
2.789059518905970148e+00
2.728915169073601099e+00
2.733785287838091715e+00
2.774646103559875954e+00
2.833394783647347204e+00
2.828568719334922044e+00
2.883327591516441135e+00
2.915798861375729079e+00
2.902976059150333299e+00
2.915764222292330565e+00
2.930548924689706958e+00
2.855022766984529614e+00
2.896558993012225969e+00
2.868684890328667692e+00
2.857131778549949708e+00
2.867105334653751392e+00
2.924851107321532862e+00
2.884915423370328025e+00
2.832950052507103855e+00
2.799764811551141541e+00
2.727763919403583426e+00
2.761117346292982333e+00
2.770892635956867966e+00
2.729504167426751060e+00
2.817466947454752457e+00
2.733724382596021574e+00
2.799785884670468850e+00
2.813564465229115630e+00
2.879079366742084201e+00
2.870590357400372827e+00
2.882750249327888259e+00
2.918395449557855237e+00
2.907836652908825315e+00
2.891365940174297933e+00
2.879843224899577336e+00
2.864022695440802124e+00
2.847045134872294270e+00
2.921148746640608529e+00
2.902173840416869322e+00
2.922062456553589538e+00
2.876079623376237571e+00
2.827401810850378450e+00
2.798154570426730103e+00
2.754425166890543508e+00
2.775425372803239199e+00
2.669355540200668120e+00
2.775787455840233786e+00
2.817991483308635026e+00
2.891834193033895328e+00
2.866318370314086206e+00
2.847189667022553827e+00
2.879125735357870752e+00
2.827594560753008857e+00
2.771249718087491321e+00
2.705651492709288064e+00
2.788434865654924710e+00
2.757318625041364157e+00
2.727784448962197406e+00
2.753175984204423887e+00
2.838712560299122778e+00
2.886147778614255088e+00
5.943748564668596579e+00
5.983855696789487588e+00
2.768592060958060319e+00
2.798726317452279844e+00
2.780105393685642579e+00
5.909006261631476242e+00
5.891194191333366525e+00
2.827782346645512757e+00
2.863049772532779702e+00
2.877695953362689796e+00
2.837243380466328624e+00
2.855519217235282348e+00
2.801789785119504383e+00
2.849625589441532103e+00
2.858583565334412047e+00
2.887960699178574231e+00
2.870347191543211274e+00
2.768365221570304513e+00
2.733300568909318162e+00
2.771916485033414368e+00
2.861885567244085493e+00
2.932076056312318713e+00
2.883674565550003344e+00
2.939725327305257263e+00
2.860814569314131361e+00
2.857150503561196597e+00
2.751880993066379233e+00
2.707804645833964408e+00
2.731756577735285685e+00
2.720757431304746454e+00
2.747278471505937514e+00
2.778353469233171946e+00
2.768645336622226338e+00
2.713175630142656392e+00
2.770385352256974354e+00
2.766339458562524278e+00
2.825401564379831587e+00
2.807857902387512095e+00
2.758146660350026202e+00
2.830387605964949760e+00
2.930478459228116783e+00
2.933197743078362674e+00
2.897754475451638001e+00
2.858327133132245290e+00
2.801144408987155554e+00
2.739552153181246119e+00
2.704368502996586709e+00
2.785237871349590666e+00
2.782730134238676101e+00
2.772585255677451510e+00
2.818313147966350130e+00
2.770673925239128366e+00
2.800304626286218568e+00
2.790336538842582037e+00
2.759062521944727564e+00
2.760174632156451313e+00
2.725514263400578674e+00
2.841842184217836298e+00
2.823063761235300451e+00
2.793995884034190524e+00
2.789502106111411361e+00
2.783678681169936553e+00
2.771826293258651930e+00
2.751339673686257647e+00
2.806382190650446695e+00
2.942160770590213303e+00
2.841307093575067722e+00
2.772973854907399005e+00
2.762262478476655847e+00
2.769117187841640959e+00
2.728749347228506483e+00
2.787869078705095927e+00
2.839927815984061521e+00
2.811354477827369358e+00
2.933646365873023854e+00
2.938822553336625454e+00
2.957946246976100202e+00
2.923465409407130178e+00
2.837492026420514790e+00
2.824914157987814090e+00
2.758688094004105196e+00
2.714504374651107721e+00
2.755085661100213912e+00
2.763351226319231468e+00
2.778517050514536457e+00
2.742925992439460448e+00
2.782950233115928818e+00
2.761518603956888196e+00
2.745277763724465636e+00
2.807732893278846120e+00
2.857281225220926757e+00
2.884432353167603935e+00
2.862422924726533147e+00
2.808959059865415497e+00
2.766473748294025814e+00
2.752750079465987820e+00
2.746300238502702218e+00
2.756255975050212914e+00
2.847359127331850370e+00
2.893210327646436930e+00
2.871786551956813316e+00
2.715333128733931289e+00
2.758841423496464884e+00
2.778409796988197566e+00
2.773983597644369414e+00
2.803638528769355709e+00
2.784650965561033864e+00
2.767094685767004680e+00
2.793516243017033496e+00
2.814940496706813011e+00
2.933231323983841676e+00
2.878597922600514725e+00
2.871522418509038665e+00
2.896963410193508448e+00
2.881224913122888864e+00
