4.862457403412394186e+00
4.836802352794664195e+00
4.818451722285904459e+00
4.841096569993207588e+00
4.793725273730233383e+00
4.809734504107269437e+00
4.780840302708301515e+00
4.785847260412726456e+00
4.821236978203829793e+00
4.702116651041316153e+00
4.666013930540714227e+00
4.663874569496911704e+00
4.629450183337110225e+00
4.648302270722075136e+00
4.564649493663232249e+00
4.492229513281795761e+00
4.503246606616164271e+00
4.532716404100304075e+00
4.463714596611212393e+00
4.388761328666666017e+00
4.355643924840505221e+00
4.333750569656727336e+00
4.241022754006396944e+00
4.195048748226890112e+00
4.065764626733820108e+00
3.984003137548965956e+00
3.996216460603704057e+00
4.024056286882677469e+00
3.968018523142249343e+00
3.902891876544877903e+00
3.872877612318777807e+00
3.817673244268031674e+00
3.816401577402462220e+00
3.753750924075810680e+00
3.716723826167340761e+00
3.626267226777419861e+00
3.598429796452891960e+00
3.678648393092224023e+00
3.670255168241031374e+00
3.664605981548357150e+00
3.604823712749348985e+00
3.593976349393523950e+00
3.476571443246923465e+00
3.479502406954189553e+00
3.527931263502734449e+00
3.559180523659905671e+00
3.599109612112417977e+00
3.622824726646322269e+00
3.594605541641530344e+00
3.561647652421558341e+00
3.555015189840966094e+00
3.511988183351419046e+00
3.508411891440342156e+00
3.516327203205070973e+00
3.486003012046891669e+00
3.493568090076390575e+00
3.453770548255920225e+00
3.456068575708531654e+00
3.464130915540000188e+00
3.434802759984916243e+00
3.459917484565202539e+00
3.480031465374989974e+00
3.480186201915064004e+00
3.486994264405951505e+00
3.442428212759127693e+00
3.409950879411608238e+00
3.428261804471764762e+00
3.362830504203267346e+00
3.206110416064923641e+00
3.169325164762997193e+00
3.232699336467900419e+00
3.225223248086866779e+00
3.156328880202441400e+00
3.165276607186171542e+00
3.104454863579111379e+00
3.155048335604385024e+00
3.078654413863303407e+00
2.974271507445142682e+00
2.958266553236878149e+00
2.875891166230044149e+00
2.731669269878767459e+00
2.733141416026620085e+00
2.745863252239630015e+00
2.698622796909564858e+00
2.689922675468572333e+00
2.662313279837668301e+00
2.652459047751727361e+00
2.712128684262602896e+00
2.731851752932431765e+00
2.750180721334508860e+00
2.725519400041027218e+00
2.721398537517060845e+00
2.691885027262494567e+00
2.759877714682301253e+00
2.822611910978907179e+00
2.736840879554381267e+00
2.694801291375673813e+00
2.677563444626476219e+00
2.757773558506933842e+00
2.722759996767985413e+00
2.782557277038516297e+00
2.756272482901500176e+00
2.748372063604198168e+00
2.684488778147526400e+00
2.700787662886514617e+00
2.690170626558843647e+00
2.702436308222637695e+00
2.689865795908784385e+00
2.737159841879900135e+00
4.017367421583442955e+00
3.976384035779240822e+00
3.915363201543376359e+00
3.857596401906243866e+00
3.830492135483376526e+00
3.870009560711704655e+00
3.815173259499495373e+00
3.747755194779937238e+00
3.767788741423807597e+00
3.674687605770046606e+00
3.642306274875851457e+00
3.623130552436662821e+00
3.623167260836849923e+00
3.648353190139353774e+00
3.712031653959863675e+00
3.700832609021921460e+00
3.716005113021240369e+00
3.662295181986291226e+00
3.589070771104966528e+00
3.586941175988254571e+00
3.595521241767318354e+00
3.540845520493657528e+00
3.534263572514082075e+00
3.508862778736153487e+00
3.466769533730212682e+00
3.516788591883225124e+00
3.422760727833600747e+00
3.380246884474564784e+00
3.412442820033765756e+00
3.384767495707792673e+00
3.345616385660495684e+00
3.334212500726370987e+00
3.358848165666319829e+00
3.376622424850015847e+00
3.349639682115077566e+00
3.304993948557243488e+00
3.237822416378019597e+00
3.226253709800269487e+00
3.177243616721890263e+00
3.184515975780306540e+00
3.295947511717988387e+00
3.355499962747726883e+00
3.351887975455027036e+00
3.320332814643736974e+00
3.279692363621930173e+00
3.222678078865464091e+00
3.241135294923678689e+00
3.290197106557599227e+00
3.290667105618555688e+00
3.378977508063644386e+00
3.412375418971364649e+00
3.388670093119128257e+00
3.381424699738262873e+00
3.315654686483500591e+00
3.294167421367650839e+00
3.278641334455478340e+00
3.336452607186261687e+00
3.428084596389068484e+00
3.403844444154286109e+00
3.365343518869953421e+00
3.367603747473862263e+00
3.332743614501421980e+00
3.349503097475803326e+00
3.297063693652277916e+00
3.157673510672057482e+00
3.070316107504241998e+00
3.058599352644933322e+00
3.043965341458407359e+00
3.112742520672083568e+00
3.114126683357631542e+00
3.062578325528998224e+00
3.029348774901959196e+00
2.937751010552119624e+00
2.867000697593218295e+00
2.948173163163927857e+00
3.001682361609902205e+00
3.021349036440510449e+00
3.036741674887740494e+00
2.996666481275485516e+00
3.051047852787629022e+00
3.084196005444530542e+00
3.144171751033967066e+00
3.077316038368500095e+00
3.041400335371849284e+00
3.018370752574971672e+00
3.049396661636528005e+00
3.096775419690617426e+00
3.087552590645218586e+00
3.062961638675874898e+00
3.071689274650025503e+00
3.004755064892976613e+00
2.968179745231072975e+00
2.961292623163067184e+00
2.909184421792471831e+00
2.923258969027547671e+00
2.908271479762506662e+00
2.906888886765367719e+00
2.944522711748034371e+00
2.983291303242108672e+00
2.893016073235681329e+00
2.850612916549701836e+00
2.812539066395344900e+00
2.743995991250715694e+00
2.723967327263672633e+00
2.826926245942755322e+00
2.794450214263978882e+00
2.830589337929470872e+00
2.822751317420647332e+00
2.860288272185165681e+00
2.930201016995249930e+00
2.921460764754509665e+00
2.923545450305160109e+00
2.957114471913456555e+00
2.905893322198872752e+00
2.822028702901513419e+00
2.850073683258031565e+00
2.849934385209595966e+00
2.849063530355194107e+00
2.791918516002929618e+00
2.860003146851415767e+00
2.853906971153755023e+00
2.865193187203962211e+00
2.850613442752279347e+00
2.777315610441132065e+00
2.786546249391888441e+00
2.769567836323926890e+00
2.701831045790983321e+00
2.755549491480782542e+00
2.810826746706384771e+00
2.862388862471344719e+00
2.886267659105786976e+00
2.829652275457180011e+00
2.854278542819533637e+00
2.877560251324027263e+00
2.875797802349810528e+00
2.881239143146573145e+00
2.867563948720237565e+00
2.869336334416026091e+00
2.911869845992433703e+00
2.875957058093879137e+00
2.849229194010197475e+00
2.836991540346922136e+00
2.916393834858385326e+00
2.939430386996773503e+00
2.928122435964725323e+00
2.923747424111734272e+00
2.834940740121387304e+00
2.777738648613292671e+00
2.762065531445624611e+00
2.766958980541634805e+00
2.721125686182099823e+00
2.733844362797560823e+00
2.796875756983137506e+00
2.821833800917410873e+00
2.783168518074319309e+00
2.844083683719591527e+00
2.901806850912031610e+00
2.909071845107989329e+00
2.905234241846946119e+00
2.898984822312804077e+00
2.955714126907404538e+00
2.975640435267674633e+00
2.961303429235173645e+00
2.924558770139523034e+00
2.927351362580174143e+00
2.943661835197786125e+00
2.942649486432252104e+00
2.929486303091379362e+00
2.866667228682115542e+00
2.878415188953810766e+00
2.886724268093508350e+00
2.914562574384018667e+00
2.978927659410345541e+00
2.944920712005673291e+00
2.873406688932145681e+00
2.822042877066186506e+00
2.830684369547407542e+00
2.751972020206600700e+00
2.733674816067192648e+00
2.698135282004963109e+00
2.728028775508058779e+00
2.743760011371256802e+00
2.809341025934729785e+00
2.817927429867561173e+00
2.779921042044180002e+00
2.766308189627467939e+00
2.816081319848558362e+00
2.737208431961293265e+00
2.744384812667494788e+00
2.757554895192478206e+00
2.790899675731823848e+00
2.786484164677775155e+00
2.722310232137402863e+00
2.725583240335910151e+00
2.755324481798831826e+00
2.727712044919698098e+00
2.785500673128620708e+00
2.770093680726339880e+00
2.733997988294797565e+00
2.746344115365006555e+00
2.763563098610198221e+00
2.750721178164009739e+00
2.725121098226645611e+00
2.757086324364907970e+00
2.817304562875657226e+00
2.766616344923885862e+00
2.759179044571047790e+00
2.815218108779495854e+00
2.759342131740824655e+00
2.741291848745769588e+00
2.755244635236588024e+00
2.739703816108595813e+00
2.713984893104601781e+00
2.713380548319751728e+00
2.795357758856637176e+00
2.838071352168581196e+00
2.885109529983220344e+00
2.847970856592461519e+00
2.839419130737834696e+00
2.895228833788445311e+00
2.882083274300033082e+00
2.885492332341224930e+00
2.883977981885437636e+00
2.896935967535354983e+00
2.909574023804859522e+00
2.900899343307175027e+00
2.899783440189974026e+00
2.865276775461666148e+00
2.828510738887162645e+00
2.810405842578612479e+00
2.868393278474901997e+00
2.826911565648986269e+00
2.796494412653098838e+00
2.786945639943485098e+00
2.837571144482549101e+00
2.810870683613886811e+00
2.787825676042173129e+00
2.701612481463616433e+00
2.725674595398357436e+00
2.750836418255364180e+00
2.698135282004962665e+00
2.726340587674254134e+00
2.775119637060715849e+00
2.788703282889737789e+00
2.751010359849631826e+00
2.756111391072574079e+00
2.823409286660365947e+00
2.855172499167081490e+00
2.844396245251353150e+00
2.824158104639327149e+00
2.766221610789707075e+00
2.773179763376330431e+00
2.817563663877002522e+00
2.816015802512479294e+00
2.768576890750914732e+00
2.768115785150614183e+00
2.799061628474800223e+00
2.841831979551218801e+00
2.778233971428612392e+00
2.720511165204068771e+00
2.720831674323128890e+00
2.753967501623793446e+00
2.805791510429811453e+00
2.782287368335628841e+00
2.796172204997395827e+00
2.752514123487833864e+00
2.705765880485596853e+00
2.804458949601508877e+00
2.829545899963454847e+00
2.783057491321370147e+00
2.806671159933062487e+00
2.713266113008453218e+00
2.743733587650229566e+00
2.793330091485787925e+00
2.817338815265214347e+00
2.768913324753955241e+00
2.791849028869577420e+00
2.814126685136971506e+00
2.772540531714550394e+00
2.717633713361681469e+00
2.765355854135232327e+00
2.787066020028948099e+00
2.809261290802264277e+00
2.801022848889312300e+00
2.779408210392996459e+00
2.789047507662786085e+00
2.788943527574554437e+00
2.779730382609076234e+00
2.781021934469413814e+00
2.876727481010322940e+00
2.927326937668561335e+00
2.901568196682614786e+00
2.840908481454480050e+00
2.794541107230308352e+00
2.788295178061318325e+00
2.795182641617538266e+00
2.819263378969762091e+00
2.872338072024251954e+00
2.856081406402835920e+00
2.795203928159804452e+00
2.787958751488263331e+00
2.738605849697980599e+00
2.827932990719546513e+00
2.898127153870237116e+00
2.896351498005723890e+00
2.896693459791698011e+00
2.907412079496128232e+00
2.902600385860927279e+00
2.901878874108980266e+00
2.909049329248302396e+00
2.919239284471213391e+00
2.917975325461132030e+00
2.881911518419675300e+00
2.941463751263985849e+00
2.906030626129049832e+00
2.896671365550465449e+00
2.905652594512978304e+00
2.906733733935738417e+00
2.918791188146216076e+00
2.954774610693681858e+00
2.928198251485031989e+00
2.941216415022872344e+00
2.954261498242834794e+00
2.986207460977887251e+00
2.932897031946399391e+00
2.862403360814125275e+00
2.847393896179451822e+00
2.919463991899882593e+00
2.931092970207530346e+00
2.909327585542748729e+00
2.864541499088466558e+00
2.872885135190755168e+00
2.837111383079628180e+00
2.842141622087118957e+00
2.830465156118336711e+00
2.776694797776666501e+00
2.799436193236060078e+00
2.799253829148045991e+00
2.779872299225271792e+00
2.828378687516931667e+00
2.831550282089301263e+00
2.803913515071390528e+00
2.837406209903685639e+00
2.893326459285229468e+00
2.867819031947448138e+00
2.844244187829167103e+00
2.826574074741364129e+00
2.813383016938859615e+00
2.767039031166708796e+00
2.774188530002962061e+00
2.761230884949680942e+00
2.738935742218133296e+00
2.754697261043398182e+00
2.790018100299709758e+00
2.804818888983743541e+00
2.839448538008745526e+00
2.883568275591892327e+00
2.893106634744043060e+00
2.887614067011032848e+00
2.879311028701136976e+00
2.770935040739858302e+00
2.798615550589255818e+00
2.765483321229762481e+00
2.763674003930275624e+00
2.785524905650638594e+00
2.772347200478323614e+00
2.764577725440180433e+00
2.738869292244520359e+00
2.765123143731576860e+00
2.743010936908564901e+00
2.747360005532583749e+00
2.787499775784744838e+00
2.775404114719152382e+00
2.833466251784199308e+00
2.856244212247965208e+00
2.906562574588753112e+00
2.893156407801003027e+00
2.776128239112884089e+00
2.697763147498311920e+00
2.786189153664912599e+00
2.785639423902526168e+00
2.820163293144565042e+00
2.751983466520103061e+00
2.788194577141272834e+00
2.801882224505519936e+00
2.763892364040250182e+00
2.757966279706842272e+00
2.774403179063921865e+00
2.752147161762975358e+00
2.781016720553833199e+00
2.707887922348338083e+00
2.764441715790007859e+00
2.819757081735942972e+00
2.827909828831181027e+00
2.785338938082760230e+00
2.895567301928933190e+00
2.918339939074953371e+00
2.892386903579810209e+00
2.902357317767748857e+00
2.900693193014387550e+00
2.908174341403899188e+00
2.911478318655318365e+00
2.831857341039622167e+00
2.740709032349110785e+00
2.774436699584259536e+00
2.800358548471963527e+00
2.777457290400699996e+00
2.862269379356177534e+00
2.884027392380315025e+00
2.880872610859424920e+00
2.853032421827694787e+00
2.876690633349369808e+00
2.906223666547362861e+00
2.871732926300772704e+00
2.875018608635429462e+00
2.868932379823546874e+00
2.875537167208936928e+00
2.892166488983648254e+00
2.919074510868128414e+00
2.935421775486446005e+00
2.872094880048359666e+00
2.779881472293378231e+00
2.774300812817529049e+00
2.780130212777812027e+00
2.735520060244486462e+00
2.763288077635047468e+00
2.714379855510278272e+00
2.734135512369495036e+00
2.737626892036239656e+00
2.745955025123316684e+00
2.756519907419498594e+00
2.737190165114582463e+00
2.716373685633108881e+00
2.763718147713329909e+00
2.776642756999899042e+00
2.833578126680116771e+00
2.818182747800432875e+00
2.865712651331252747e+00
2.897171206539233879e+00
2.907071722541430425e+00
2.873502392551639861e+00
2.938525310423580894e+00
2.965806467050741357e+00
2.909804976282774458e+00
2.875182428994724315e+00
2.888358357268017151e+00
2.902376612364425679e+00
2.871040403756102144e+00
2.801445519727270739e+00
2.810512230893151830e+00
2.872438337023094590e+00
2.941431794211791129e+00
2.831541982736614838e+00
2.703157413100464979e+00
2.731562556486671234e+00
2.879262058236450539e+00
3.021251561853134149e+00
3.060443595297910324e+00
2.896558993012225525e+00
2.714652463944510874e+00
2.760185138718053821e+00
2.845340225702367665e+00
2.857367669726806891e+00
2.902177286107793908e+00
2.918392708324224039e+00
2.909044001042266903e+00
2.950092540921386064e+00
2.897706334327203148e+00
2.899097963160266023e+00
2.955449711972781390e+00
2.886678887579981367e+00
2.850716576582105866e+00
2.843391988453227270e+00
2.791289845214932619e+00
2.752185131854323785e+00
2.700722495925858890e+00
2.732282928248829457e+00
2.763241031832003980e+00
2.757686167786320031e+00
2.758739386023986384e+00
2.749295364270634590e+00
2.783637548245101456e+00
2.809825617364892558e+00
2.834490959590451720e+00
2.872374279233122607e+00
2.912912116765625559e+00
2.891308008497192716e+00
2.958412243079047599e+00
2.894497192950789444e+00
2.852608805987950635e+00
2.821099431072927821e+00
2.829310339994536072e+00
2.823129115006962842e+00
2.862970136064991955e+00
2.917896159906997244e+00
2.912447424418164399e+00
2.884927035472474088e+00
2.934816007861480447e+00
2.932210940570272317e+00
2.993112426889440680e+00
2.947063962658428515e+00
2.925140338513692928e+00
2.999247572308760823e+00
3.040035197164664638e+00
2.915398772037884001e+00
2.855099647998297296e+00
2.884158629479314673e+00
2.862544497470738136e+00
2.790898242501865134e+00
2.810119392481394307e+00
2.697332942000301603e+00
2.672557015294529048e+00
2.739578982252564909e+00
2.716146535075013357e+00
2.678057878388739876e+00
2.722993389635750994e+00
2.773323096936236798e+00
2.762472262304184856e+00
2.772047799010687985e+00
2.798567312036642551e+00
2.798532829894979201e+00
2.723848013381069855e+00
2.780623131601979381e+00
2.739248072008082957e+00
2.738817445541049889e+00
2.820058687332588132e+00
2.817050407784709609e+00
2.769488400409000128e+00
2.756759873474655453e+00
2.745132601533121441e+00
2.747883003331837770e+00
2.741165810380685297e+00
2.746017115751465454e+00
2.793446079665759196e+00
2.891291234033679824e+00
2.861051904457519779e+00
2.905256959375539516e+00
2.943158337568673399e+00
2.941951733118679080e+00
2.831713438891725332e+00
2.833813861212482799e+00
2.742677888487818905e+00
2.745285595343406104e+00
2.723863799825534393e+00
2.769685180665845792e+00
2.782784756318748887e+00
2.830508964833003294e+00
2.811847257587083426e+00
2.855826675412918014e+00
2.894848182547748117e+00
2.919602370186734408e+00
2.886573574326488423e+00
2.871264878063325199e+00
2.826898477130015408e+00
2.886742454740291119e+00
2.879341765056728786e+00
2.835752633781727372e+00
2.901807367831297224e+00
2.940113263124398468e+00
2.936733219071831602e+00
2.883031217312777894e+00
2.893249557158870111e+00
2.894742302865662253e+00
2.855132921599273121e+00
2.830303340633296916e+00
2.826551786187544213e+00
2.844264579816723426e+00
2.788944782529765298e+00
2.769083061231641718e+00
2.774486799391915781e+00
2.830282141412760577e+00
2.905092597491515161e+00
2.904526983865015399e+00
2.830976333352152707e+00
2.725375020066045817e+00
2.716876331377636067e+00
2.722689479173120652e+00
2.750475049877748379e+00
2.749419029540604686e+00
2.761711788003954116e+00
2.739954196697455657e+00
2.702896779383185955e+00
2.735070200195965917e+00
2.732715133342660696e+00
2.800142317811721515e+00
2.858325034001556908e+00
2.880539012060069570e+00
2.842734598938142287e+00
2.792601296282732903e+00
2.806094438895455401e+00
2.769295036647413610e+00
2.766344157909495838e+00
2.834600677344165209e+00
2.855793584977738053e+00
2.870914836772418433e+00
2.813367732807071420e+00
2.803197281676764074e+00
2.805836238984734887e+00
2.795384946657615721e+00
2.845806739748852898e+00
2.873604878893408099e+00
2.907656444630279946e+00
2.785353657975949027e+00
2.725036880484372315e+00
2.731975658749542735e+00
2.745908410708558289e+00
2.774272697483071592e+00
2.767098480358080703e+00
2.788868049944277949e+00
2.826969048291826603e+00
2.855701840178697548e+00
2.858254887164543678e+00
2.812973337946877539e+00
2.836282602280667753e+00
2.868014992987310219e+00
2.921902975801900393e+00
2.912577380946298700e+00
2.929669947280751696e+00
2.951418133711318337e+00
3.004808313353782179e+00
3.004294592745524906e+00
3.011451809343792529e+00
3.010863829534640157e+00
2.994873453086122517e+00
3.008872878670682649e+00
3.048674958076049268e+00
3.038995557746012377e+00
3.032375966136125367e+00
2.993734290146672805e+00
2.938861854528042272e+00
2.929096959815430612e+00
2.995705759917017375e+00
3.020095528290454467e+00
3.021526269950337351e+00
2.987888217453926298e+00
2.883264469312518230e+00
2.851728247922651338e+00
2.812694793254326697e+00
2.879543019300111695e+00
2.823000177116537834e+00
2.860682610846579266e+00
2.858829830542559680e+00
2.908269760527726344e+00
2.927318226636796972e+00
2.953154415197416949e+00
2.928153855247364046e+00
2.931844811718383070e+00
2.918200301555737397e+00
2.821669895646902848e+00
2.772023268300610965e+00
2.720195948824275511e+00
2.808612824865684754e+00
2.832565974518510998e+00
2.802638221390695072e+00
2.747194387006496541e+00
2.797421312566271023e+00
2.795741046663656970e+00
2.707821449061957431e+00
2.784196293367262154e+00
2.799774633787512013e+00
2.785000897665923070e+00
2.814438132203300302e+00
2.813976012690939665e+00
2.811582650394613303e+00
2.767214664604103369e+00
2.802613601622599759e+00
2.801795317292110621e+00
2.781951293606701459e+00
2.737119836616584312e+00
2.700999444650071801e+00
2.702422061780876295e+00
2.749848359455480562e+00
2.713277906886797375e+00
2.750642288630057219e+00
2.759616096488784809e+00
2.828138080080250027e+00
2.849333255342379356e+00
2.781051959241322979e+00
2.814679022553015830e+00
2.813718891431765012e+00
2.791571958592506064e+00
2.790931564908032847e+00
2.733701702819823609e+00
2.710818695523550037e+00
2.734384391412444160e+00
2.756065492690622509e+00
2.836773343078364373e+00
2.857940517225647792e+00
2.832506134150463151e+00
2.849258500031192298e+00
2.821257343809670637e+00
2.865289339665367585e+00
2.815723175313936455e+00
2.865675662038535521e+00
2.843354708790305274e+00
2.874005567148401052e+00
2.980234218983468075e+00
2.936158715056118584e+00
2.898512377065173951e+00
2.925623865092708442e+00
2.878079568045330827e+00
2.862248940955345766e+00
2.839629201145811521e+00
2.889568479894533137e+00
2.890882564200766058e+00
2.942794760087763972e+00
2.980141104041887257e+00
2.909738648057588417e+00
2.926930986545463576e+00
2.907390754611427042e+00
2.914356875881880971e+00
2.860147898273794009e+00
2.877510208496226962e+00
2.864026536189914651e+00
2.857787605823777888e+00
2.797832911379805498e+00
2.837334136121440142e+00
2.793118687059324312e+00
2.728553096423084412e+00
2.811094804520118284e+00
2.885662662197367112e+00
2.841520895576873595e+00
2.856218654094955234e+00
2.905641925633645428e+00
2.866489141790004691e+00
2.862640214906511549e+00
2.895340739878469183e+00
2.911505967708120757e+00
2.887526450095306174e+00
2.886013686731232042e+00
2.894395619123274255e+00
2.894020905245847874e+00
2.838281346167077945e+00
2.791548136787184831e+00
2.817563841335276820e+00
2.939124189278159882e+00
2.907553438889816544e+00
2.924023255721472481e+00
2.895955973422247531e+00
2.880350846685174826e+00
2.883294816698424246e+00
2.812564843696941708e+00
2.771873554114617555e+00
2.812652484755270521e+00
2.840832448420708811e+00
2.847704163005700728e+00
2.878993053135071367e+00
2.871204973525923521e+00
2.920716692868378317e+00
2.900018275804482126e+00
2.924943418256154448e+00
2.907946526330908554e+00
2.898526177214896027e+00
2.879908505491103110e+00
2.841183732179247912e+00
2.846771329067369738e+00
2.880698699968463838e+00
3.009696994715581386e+00
2.962747036113613230e+00
2.880244954860610829e+00
2.941720754932392268e+00
2.936666988270886680e+00
2.901723970332119151e+00
2.813726710254569330e+00
2.798331824498303089e+00
2.754464376244499135e+00
2.718585109942302847e+00
2.753691522302379457e+00
2.741529135354938695e+00
2.811194763797058460e+00
2.832054554559287229e+00
2.857276500445835143e+00
2.917722570773308099e+00
2.883236202602901699e+00
2.891152019524396710e+00
2.813406120701381852e+00
2.787608831956162270e+00
2.795129692876521688e+00
2.781095287831756302e+00
2.835921190724453478e+00
2.853477527509197476e+00
2.886905090230713178e+00
2.789544407246459023e+00
2.717558095055191636e+00
2.753272598200186216e+00
2.770525942849119350e+00
2.743280153393013787e+00
2.757503581140013260e+00
2.789413737687545414e+00
2.795929541315374856e+00
2.802653920840031176e+00
2.870258002340556391e+00
2.908290563200313983e+00
2.970089729284285163e+00
2.867034356264326345e+00
2.893829642532539381e+00
2.905304459088582369e+00
2.918870500724552564e+00
2.912089456043546409e+00
2.865614070317215933e+00
2.830714044194503565e+00
2.831395062508939020e+00
2.784989766588020998e+00
2.775395647470825011e+00
2.735443839672092370e+00
2.718892789353783979e+00
2.790084228119287690e+00
2.790181714512515398e+00
2.757695233342509766e+00
2.768416334296559533e+00
2.715482645866108324e+00
2.744137205024559378e+00
2.732836804494553462e+00
2.749450490552611814e+00
2.796142700221146082e+00
2.786583930191229630e+00
2.773274238152440674e+00
2.776588014092116197e+00
2.720753755855167544e+00
2.788541733594819050e+00
2.815543641998823787e+00
2.784828360958714999e+00
2.754237462529329772e+00
2.751861551750014900e+00
2.796708958758490127e+00
2.921505947281298532e+00
2.910613337425636882e+00
2.832410457543186322e+00
2.812192205379994370e+00
2.749271903613755175e+00
2.677853804822063033e+00
2.732325200264419163e+00
2.812245544044829515e+00
2.857448687203324234e+00
2.896346836965490112e+00
2.890059687964938284e+00
2.954273007018816344e+00
2.925175721217445179e+00
2.910776700470167899e+00
2.927774239930394984e+00
2.960147800364029358e+00
2.943462756686416437e+00
2.923802147888943548e+00
2.873101460094996451e+00
2.830453320583118160e+00
2.948536077445890413e+00
2.965638548441128286e+00
2.941462391396497456e+00
2.910661436855891182e+00
2.944068952996855337e+00
2.985941225141580002e+00
2.995489442478474373e+00
2.966689400661956633e+00
2.983276051591605693e+00
2.848674253051759475e+00
2.796363710249437418e+00
2.722962724680600743e+00
2.665951424913814538e+00
2.781857832456576141e+00
2.727667318424297882e+00
2.760877577872659305e+00
2.795774311349183083e+00
2.748551072838195886e+00
2.717514673373448097e+00
2.788190452605417313e+00
2.826357726827940287e+00
2.823775663893999699e+00
2.880702865621513897e+00
2.859492612335272632e+00
2.885341227654018681e+00
2.874800514818375952e+00
2.952477942339282180e+00
2.977006550211134694e+00
3.022666703425966439e+00
2.939375613969742673e+00
2.901277821926055545e+00
2.926345502499662299e+00
2.910127316802479491e+00
2.942748545152982675e+00
2.980209891937143585e+00
2.941525794549488815e+00
3.006704840851525784e+00
2.929979692762391785e+00
2.918105035806627612e+00
2.932556734319048175e+00
2.910596158865052629e+00
2.872609440909084100e+00
2.819174879286490576e+00
2.798448498722104549e+00
2.749959636067409452e+00
2.750559397649866789e+00
2.715809087546471989e+00
2.854825738990034889e+00
2.882996704819483558e+00
2.858646707797240172e+00
2.875346413912591270e+00
2.849956140013385930e+00
2.838728060241065165e+00
2.804692853058958324e+00
2.780942825733747625e+00
2.735985562827406348e+00
2.698035211037839609e+00
2.695706586407355942e+00
2.689824901364398890e+00
2.697583177586930336e+00
2.659260235479032897e+00
2.674945980762975850e+00
2.750382700643676070e+00
2.753702416747314086e+00
2.792250705076462225e+00
2.755209610900775097e+00
2.769440557224509103e+00
2.780415076926464835e+00
2.785865215691527563e+00
2.795065831067311546e+00
2.786633273324640392e+00
2.783485225396391538e+00
2.789050196751575061e+00
2.826045470264057613e+00
2.820799354792892455e+00
2.860854592599910262e+00
2.854804721868029915e+00
2.826147554534263584e+00
2.763864685544500599e+00
2.717474746892783344e+00
2.748381705658804464e+00
2.829708465549057195e+00
2.929033287622385462e+00
2.955516536918715520e+00
2.914580758874250055e+00
2.899447706029546268e+00
2.909283588789515207e+00
2.950252362087013136e+00
2.881541427777848607e+00
2.923981703089128192e+00
2.908332340018932705e+00
2.809187426997351800e+00
2.795329139833089727e+00
2.845031282780560389e+00
2.917566280309669136e+00
2.905398767811399718e+00
2.867653047354229656e+00
2.929962115796039157e+00
2.893358774849741799e+00
2.863083128377518882e+00
2.892959211603232994e+00
2.817643696424372290e+00
2.801861167153005372e+00
2.825617985503348528e+00
2.776297174295287995e+00
2.794853305631621154e+00
2.786130291282157501e+00
2.814940851954086387e+00
2.816174355397762064e+00
2.728774450188216072e+00
2.747813858324468672e+00
2.751196285254834173e+00
2.727755304274927184e+00
2.738849028332887237e+00
2.770411341299338304e+00
2.770942258510631806e+00
2.745721216729768432e+00
2.701626732174524648e+00
2.773509329351534713e+00
2.748341136030969523e+00
2.749870906060864595e+00
2.746024399017605422e+00
2.771974927736541083e+00
2.738166174650471962e+00
2.787134011848013238e+00
2.721948934127897957e+00
2.689163066829529658e+00
2.758620851077581371e+00
2.806370075382075946e+00
2.802554192161143654e+00
2.783347265434193307e+00
2.740454524344456466e+00
2.785161575205287843e+00
2.726891637010902425e+00
2.705009057286130503e+00
2.726752830749424650e+00
2.751797230902015556e+00
2.732982619776422872e+00
2.751074153853363402e+00
2.792126429802203713e+00
2.745185239651415809e+00
2.705393501877314755e+00
2.749183697027174134e+00
2.853920461400421882e+00
2.831145527873832446e+00
2.800402471074470601e+00
2.731754381345438354e+00
2.707157549903588478e+00
2.727971040902010369e+00
2.740700275477053971e+00
2.775094052460204797e+00
2.826162238796633641e+00
2.809036311620054516e+00
2.818687283116025011e+00
2.775173868426985546e+00
2.787995337155354747e+00
2.780221214220192749e+00
2.830806245577397018e+00
2.820272681851880403e+00
2.809916724744703220e+00
2.777072019231765942e+00
2.841009855667523176e+00
2.860727355061995603e+00
2.868740664472827273e+00
2.870708274973268637e+00
2.957097732574965221e+00
2.947786627284952665e+00
2.874116385952385055e+00
2.897358452107712257e+00
2.875533167953379543e+00
2.871126782292972912e+00
2.856563144759800110e+00
2.869879788423201905e+00
2.927682189036235005e+00
2.922785486483741035e+00
2.881077055547109023e+00
2.862454541123753859e+00
2.893719578673787041e+00
2.862091717607945451e+00
2.916986972888291785e+00
2.955394051560637614e+00
2.948969311471382859e+00
2.902426054182948079e+00
2.928084868988602540e+00
2.875291637382197951e+00
2.913473185049074488e+00
2.907340537329605734e+00
2.960919620658419404e+00
2.930893890948630176e+00
2.918770117703687994e+00
2.897150324025317136e+00
2.903902374392086649e+00
2.842993316910892965e+00
2.829583891670292672e+00
2.857906576499658513e+00
2.882562401752996273e+00
2.847048296042762772e+00
2.803160180938649049e+00
2.842528100124957380e+00
2.797515147412074299e+00
2.817497116236323595e+00
2.863292859628578046e+00
2.851712117307776406e+00
2.884398897517470584e+00
2.867729066700688279e+00
2.812168380449506344e+00
2.752746991643074903e+00
2.763045602229539988e+00
2.773339863774362257e+00
2.827590847346906688e+00
2.838117157553577741e+00
2.762299585490321174e+00
2.782169297508690686e+00
2.732918037556194335e+00
2.733153672957304270e+00
2.810190207085634384e+00
2.782315222975283220e+00
2.793019333982491581e+00
2.770483531804511568e+00
2.823326229821838673e+00
2.854162223840824186e+00
2.826210537097333830e+00
2.839366302540057951e+00
2.848948051474438525e+00
2.835271768279012949e+00
2.882118838632439228e+00
2.888141790148122556e+00
2.909261246433533898e+00
2.974224941056073046e+00
2.893095746773687083e+00
2.883699880362032175e+00
2.899361826333512138e+00
2.902447243275922073e+00
2.908815222732444639e+00
2.883598099597098674e+00
2.918469975860638943e+00
2.943875167190348030e+00
2.872952836368880991e+00
2.814848663782832716e+00
2.784983482895365015e+00
2.791786882983728013e+00
2.794292218075983492e+00
2.797576451144811571e+00
2.830581035759266229e+00
2.773163175869750585e+00
2.761610761856203577e+00
2.772616453821191929e+00
2.750082180590245340e+00
2.737694285343050815e+00
2.756423951426921093e+00
2.778922453038227935e+00
2.814859676786748643e+00
2.787892035212268027e+00
2.757325697120309282e+00
2.778546742453687823e+00
2.741922865435860501e+00
2.787339412414642226e+00
2.820667474198261804e+00
2.837412377501726368e+00
2.855775551404556634e+00
2.890189267158813635e+00
2.909356629909781500e+00
2.913387890412123316e+00
2.821897765688898829e+00
2.732048498837456041e+00
2.787115175230475028e+00
2.786778247367379002e+00
2.793519285775560412e+00
2.753728563239304261e+00
2.739057137045519674e+00
2.741673394115353268e+00
2.786471065702997851e+00
2.836331609667670506e+00
2.829486525855883894e+00
2.751809768134418022e+00
2.790907379330242133e+00
2.797726398345627974e+00
2.850311386497973221e+00
2.832353261865475869e+00
2.787462286740396422e+00
2.774602313846076029e+00
2.842827817508475352e+00
2.867121204274419632e+00
2.919063548468926239e+00
2.971457554803702994e+00
2.950249650453331096e+00
2.867130272589649920e+00
2.750892400658375259e+00
2.749901089130298182e+00
2.756002358489557214e+00
2.782871358866592981e+00
2.764910486796996025e+00
2.732909621630397190e+00
2.764321978352015208e+00
2.788962172565272013e+00
2.720583944670702969e+00
2.762108795829736785e+00
2.755735836396515204e+00
2.719162738785599220e+00
2.794735407869588961e+00
2.804996613188686094e+00
2.785237153277975164e+00
2.809784867209586867e+00
2.818617214167258744e+00
2.837271400483218464e+00
2.794266630083822367e+00
2.739796707786911423e+00
2.769233287392017573e+00
2.795603333808285296e+00
2.743560095933748499e+00
2.702012953336826673e+00
2.762448189559398415e+00
2.736793744511996973e+00
2.695243959273446066e+00
2.730253101820415473e+00
2.767460026811588758e+00
2.799013218975573647e+00
2.736373329792555875e+00
2.713965548786498427e+00
2.697295868087147941e+00
2.709816414445819888e+00
2.739902553011694497e+00
2.842464775507341557e+00
2.856024684767272781e+00
2.806256403110734432e+00
2.791516075540315001e+00
2.795528930274197688e+00
2.735506900009576192e+00
2.743629712625229367e+00
2.770948213157366169e+00
2.744247255624026494e+00
2.727019801908303176e+00
2.704355006281534468e+00
2.720632647014292971e+00
2.741766948520606206e+00
2.763060983764202394e+00
2.783676705366483262e+00
2.799730165569532137e+00
2.756542943616151931e+00
2.763226556039153348e+00
2.728414924457055246e+00
2.719456195639120555e+00
2.742674060109950851e+00
2.796868606137943303e+00
2.809990925252250804e+00
2.795440931230706472e+00
2.884914383478303535e+00
2.934461790516277979e+00
2.864807323363999458e+00
2.887136643804723235e+00
2.905363660542342963e+00
2.870137627362145061e+00
2.914036375888263031e+00
2.900725771251050134e+00
2.902335094367981316e+00
2.860569698504128677e+00
2.872758082400952873e+00
2.826055555009491016e+00
2.799092174259361077e+00
2.720218005969374353e+00
2.712872647213650179e+00
2.726431000410610039e+00
2.781151560055655114e+00
2.780588786570211468e+00
2.734242308208985062e+00
2.815274586963054659e+00
2.887947021674739823e+00
2.875019999930435333e+00
2.805539342087364663e+00
2.751692933450242240e+00
2.704051035021343807e+00
2.761549383950973269e+00
2.848149399171328700e+00
2.891571890857981053e+00
2.903219764330629893e+00
2.885396506548103535e+00
2.808753460166983018e+00
2.810348910722652693e+00
2.840316179582829115e+00
2.799953035320414063e+00
2.851613578309656116e+00
2.899759472783906666e+00
2.923084158897926610e+00
2.871454335349946430e+00
2.868958870391836946e+00
2.920221224496527768e+00
2.842909776971475289e+00
2.801478359723665434e+00
2.730543718749069537e+00
2.760505750763798005e+00
2.895418967956105316e+00
2.930964346422521682e+00
2.844142049898352287e+00
2.917773294826039532e+00
2.985869052721502825e+00
2.949088842337579397e+00
2.862257500645250641e+00
2.839333196368471590e+00
2.836715177806894861e+00
2.846068165030485986e+00
2.835360470910180730e+00
2.825102829986901654e+00
2.856349593449653668e+00
2.920098286017099642e+00
2.933777087646572301e+00
2.896243256358139284e+00
2.945468723310434633e+00
2.965252265828322020e+00
2.939863602278173449e+00
2.918528567617593605e+00
2.848905052822926720e+00
2.842000879662073931e+00
2.808462034637464022e+00
2.743857503588697622e+00
2.747015107348337981e+00
2.748286011316872113e+00
2.775061080408861791e+00
2.776058716958270445e+00
2.825306001126250077e+00
2.822335380496088675e+00
2.881043040289401613e+00
2.901187687827177175e+00
2.893209117917333817e+00
2.887774575689729950e+00
2.930878707828080465e+00
2.915483664848767642e+00
2.953408031410491574e+00
2.961760625033698080e+00
2.861776021983550855e+00
2.831623739129194295e+00
2.940220910067813609e+00
2.926156010878436131e+00
2.870561965887516553e+00
2.924461488889877891e+00
2.931250074626865043e+00
2.869899301369300382e+00
2.897273891091417308e+00
2.882092295538086990e+00
2.769452292421734629e+00
2.704266259080270629e+00
2.755401422660589184e+00
2.846946083086225432e+00
2.975278474361685799e+00
2.868225583875857243e+00
2.853913979082060681e+00
2.879809715936107128e+00
2.898829763887489808e+00
2.898320893206961735e+00
2.948294591793703567e+00
2.979360669673948525e+00
2.926510891830064409e+00
2.920988873652208717e+00
2.933944955175539437e+00
2.917883650867525880e+00
2.947451441499927771e+00
2.865666240161265144e+00
2.873739027817244107e+00
2.958868195780271382e+00
2.951014910162265359e+00
2.959249229112006052e+00
3.026204553562101385e+00
2.988459636669031472e+00
2.894374371086090303e+00
2.752900470412978695e+00
2.759869018631138093e+00
2.763395556195312519e+00
2.746344479485412382e+00
2.794892842310774395e+00
2.808936809542001978e+00
2.770840666656962270e+00
2.731180880132255240e+00
2.695249710138190480e+00
2.710264562731838023e+00
2.748162477001677928e+00
2.756399281671652712e+00
2.776083212009322843e+00
2.762067703732115298e+00
2.737512739696383424e+00
2.813448240149443613e+00
2.780097300455507625e+00
2.773853997599729393e+00
2.794325321074838442e+00
2.761440566081406978e+00
2.759415517822569441e+00
2.712002396754102929e+00
2.757079795725905225e+00
2.745018397023961221e+00
2.816939651465753425e+00
2.863449318566682500e+00
2.935751011240564701e+00
2.856310207242903854e+00
2.840969024822340483e+00
2.926465103157732894e+00
2.929368874006822665e+00
2.873094847024720178e+00
2.861813760537187612e+00
2.847271852141975756e+00
2.855018213602147359e+00
2.907486887330706260e+00
2.880440417713929335e+00
2.802166304843451083e+00
2.743917090584188756e+00
2.770704964444969498e+00
2.777729648471931156e+00
2.714618573575300786e+00
2.765109943564631134e+00
2.772939775761457337e+00
2.792890438237776163e+00
2.827024053664913605e+00
2.815890978003232625e+00
2.846305148784999961e+00
2.860991436547827949e+00
2.874209630489745759e+00
2.910915663498342631e+00
2.887172665428931140e+00
2.934489052629094541e+00
2.851350907903129617e+00
2.828644551724377010e+00
2.792833865449214859e+00
2.854299563815963836e+00
2.904465699573675508e+00
2.895203965181037287e+00
2.909299915787301849e+00
2.843918599397668778e+00
2.782539307898452385e+00
2.824679273829154624e+00
2.820101771213230801e+00
2.770988451798383156e+00
2.769403004259221035e+00
