-5.889877899949999573e+02
-5.879773878380000269e+02
-5.944266587219999565e+02
-5.888800262099999827e+02
-5.920167624240000350e+02
-6.011328608940000322e+02
-5.991371570119999888e+02
-5.893034133630000042e+02
-5.914388274259999889e+02
-5.800802118799999789e+02
-6.012270848189999697e+02
-5.890404199969999581e+02
-5.939661096080000107e+02
-5.949087413790000483e+02
-5.740919464710000284e+02
-5.939175221629999442e+02
-6.008332251320000523e+02
-5.911245452269999987e+02
-5.933096517200000335e+02
-5.828551077759999544e+02
-5.861447885300000280e+02
-5.775041909779999969e+02
-5.968949689940000098e+02
-5.884737064590000273e+02
-5.774538381690000506e+02
-6.020887189090000220e+02
-5.849637096010000050e+02
-5.712868325279999908e+02
-5.930301242919999822e+02
-5.852487460950000013e+02
-5.874732961439999599e+02
-5.917265774210000018e+02
-5.757636967559999448e+02
-5.902979094390000228e+02
-5.934874754920000441e+02
-5.814683657519999542e+02
-5.873722502419999500e+02
-5.852285858300000427e+02
-5.828656320269999469e+02
-5.925149871920000351e+02
-5.975836057860000210e+02
-5.753116469450000068e+02
-5.952464706839999735e+02
-5.829405442959999846e+02
-5.872654234039999892e+02
-5.987167721209999627e+02
-5.997088553549999688e+02
-5.971965687719999778e+02
-5.816911231840000482e+02
-5.895255017020000423e+02
-6.006654199590000189e+02
-5.977878587100000232e+02
-5.856414375519999567e+02
-5.930376460710000401e+02
-5.999796191379999755e+02
-5.942504792830000042e+02
-5.964241508249999697e+02
-5.902207790300000170e+02
-5.916514450429999670e+02
-5.882243147689999887e+02
-5.935252045779999435e+02
-5.901745899689999533e+02
-5.838817182559999992e+02
-5.811349487649999901e+02
-5.975441248109999606e+02
-5.954059941479999907e+02
-5.956775038929999937e+02
-6.029477676579999752e+02
-5.970840958640000053e+02
-5.889143348899999637e+02
-5.954481901809999727e+02
-5.966823864570000069e+02
-5.820475402179999946e+02
-5.821860302280000496e+02
-5.766643931410000050e+02
-5.837886845670000184e+02
-5.956411702200000491e+02
-6.014857911779999995e+02
-5.919300541039999644e+02
-5.933570613419999518e+02
-5.910273890549999578e+02
-5.951779198680000036e+02
-5.895620655660000011e+02
-5.990429746199999954e+02
-5.812521766239999579e+02
-5.856806470279999530e+02
-5.950162604109999620e+02
-6.010469337189999806e+02
-5.840156353529999933e+02
-5.773751774830000159e+02
-5.924172764420000021e+02
-5.996330018529999961e+02
-5.927326854679999997e+02
-5.943720945889999712e+02
-6.002978908080000338e+02
-6.009277188180000167e+02
-5.962892122609999888e+02
-5.859287562429999525e+02
-5.924307549999999765e+02
-5.880592700659999537e+02
-5.937243127839999488e+02
-6.018952591959999836e+02
-5.892157671789999540e+02
-5.800046199529999740e+02
-5.889134548660000519e+02
-5.939751349309999569e+02
-5.937726607179999974e+02
-5.933952653920000557e+02
-6.063833948459999874e+02
-5.962837172710000004e+02
-5.867913687960000289e+02
-6.030610188980000430e+02
-5.924455691429999433e+02
-5.917090270270000474e+02
-5.917655283750000308e+02
-5.952010396099999525e+02
-5.936476790619999520e+02
-5.982532435230000374e+02
-5.988598335740000493e+02
-5.998357885120000219e+02
-5.976543711000000485e+02
-5.801677082969999901e+02
-5.751306495119999909e+02
-5.934991579270000557e+02
-5.935876449639999919e+02
-5.851799546409999948e+02
-5.956781360019999738e+02
-5.976944453659999681e+02
-6.037792373300000008e+02
-5.938651167169999781e+02
-5.969677595199999587e+02
-5.935344588479999857e+02
-5.754946371239999507e+02
-5.942573372629999540e+02
-5.864353617990000203e+02
-5.894089606520000189e+02
-5.900144168099999433e+02
-5.849156909570000380e+02
-5.960960447349999640e+02
-5.877421161040000470e+02
-6.019580566849999741e+02
-5.707609602979999863e+02
-6.043556294119999848e+02
-5.944758992030000400e+02
-5.993333871090000002e+02
-5.947580915089999962e+02
-5.957152591860000257e+02
-5.999459065559999544e+02
-5.977632387019999669e+02
-5.961942931710000266e+02
-6.017569544299999507e+02
-5.974867542330000560e+02
-5.965637346869999647e+02
-5.883077523370000108e+02
-6.004241923619999852e+02
-5.991788792869999725e+02
-6.015816336039999896e+02
-5.907779820299999756e+02
-5.837018408279999448e+02
-6.005211327929999925e+02
-5.995518093409999665e+02
-5.853226392029999943e+02
-5.856268518939999694e+02
-6.005373123360000136e+02
-5.984030775180000319e+02
-5.891551237690000562e+02
-5.892132738609999478e+02
-5.827452955210000027e+02
-5.883752216599999656e+02
-5.999220830210000486e+02
-5.897831145860000106e+02
-6.011419677640000145e+02
-5.955354300940000485e+02
-5.995071606330000122e+02
-5.863518126730000404e+02
-5.903411269279999942e+02
-5.926314687760000197e+02
-5.980889602419999846e+02
-5.900921932530000049e+02
-6.004555438060000370e+02
-5.997887191989999565e+02
-5.964819263379999938e+02
-5.966793641049999906e+02
-5.871107852000000094e+02
-5.909981289500000230e+02
-5.931379696699999613e+02
-5.924906789509999498e+02
-5.936894544890000134e+02
-5.979139065279999841e+02
-5.933975221489999967e+02
-5.909899121180000066e+02
-5.992368574270000181e+02
-5.950066259210000226e+02
-5.978649296730000060e+02
-6.017093915929999639e+02
-5.991721351029999596e+02
-6.016054418689999466e+02
-5.952493050230000335e+02
-5.937898206029999528e+02
-5.893739494220000097e+02
-5.882957030100000111e+02
-5.916457108020000533e+02
-5.819731801919999725e+02
-5.802757517759999928e+02
-5.913796239869999454e+02
-5.979469534510000130e+02
-5.838618000339999980e+02
-5.962927363349999723e+02
-5.930927862559999539e+02
-5.933918480679999448e+02
-5.969659709750000047e+02
-5.847567471060000344e+02
-5.991258682049999607e+02
-5.910748955520000436e+02
-5.949361006469999893e+02
-6.037108139919999985e+02
-5.978956159560000287e+02
-5.914745788010000069e+02
-5.834913501869999664e+02
-5.925235150539999722e+02
-5.846544467720000284e+02
-6.030224220149999610e+02
-5.948952367389999836e+02
-5.884498391710000078e+02
-5.884661545249999790e+02
-5.928514227939999728e+02
-5.858153086429999803e+02
-5.881674676530000170e+02
-5.849964552820000563e+02
-5.946830037099999799e+02
-5.985749057880000237e+02
-5.934769096479999462e+02
-5.894832632059999469e+02
-5.915544312810000065e+02
-5.827629438139999820e+02
-5.887724332469999808e+02
-5.909048703070000101e+02
-5.945621632529999943e+02
-5.964322896239999636e+02
-5.928818278840000175e+02
-5.879756893730000229e+02
-5.955482715790000157e+02
-5.896399387010000055e+02
-5.912893617830000039e+02
-5.974449066009999569e+02
-5.983986672849999877e+02
-5.944293525000000500e+02
-5.949842403970000078e+02
-5.928917192010000008e+02
-5.960670163600000251e+02
-5.955043955690000530e+02
-5.879671723129999918e+02
-5.905198350240000309e+02
-6.005917470209999465e+02
-6.003751268519999940e+02
-5.822759708270000374e+02
-5.910724841210000022e+02
-5.989452633229999492e+02
-5.841372292639999841e+02
-5.786151057869999477e+02
-5.973628780220000181e+02
-5.871363267420000511e+02
-5.891313138650000383e+02
-5.989292130200000202e+02
-6.002017198370000415e+02
-5.816144407650000403e+02
-5.919109447160000173e+02
-6.048971642080000493e+02
-5.962741900839999971e+02
-6.032486211430000367e+02
-5.892033233009999549e+02
-5.936285968480000292e+02
-5.880411788410000327e+02
-5.883024326409999958e+02
-6.016509040099999766e+02
-6.027036792129999867e+02
-5.861265284959999917e+02
-5.994984452490000422e+02
-5.994470740049999904e+02
-5.984956619140000385e+02
-5.985658360129999664e+02
-5.879828061030000299e+02
-6.023687848470000290e+02
-5.994629085069999519e+02
-5.948917508619999808e+02
-5.903872658809999621e+02
-5.966054967190000298e+02
-5.967566185169999926e+02
-5.951695916139999554e+02
-5.835832332940000242e+02
-6.027698425900000530e+02
-5.937772623099999691e+02
-5.962190662980000297e+02
-6.038195948940000335e+02
-6.025453527219999614e+02
-5.893780230290000191e+02
-6.018617925659999628e+02
-5.852544932670000435e+02
-5.902794852470000251e+02
-5.949484762629999750e+02
-5.839809797450000133e+02
-5.897516566360000070e+02
-5.844260508959999925e+02
-5.932596559879999631e+02
-6.003194870249999440e+02
-5.913576521879999746e+02
-5.970658524460000081e+02
-5.971136837440000136e+02
-5.953103372589999935e+02
-5.971827709530000448e+02
-5.877564222160000327e+02
-5.875992532709999523e+02
-5.978129413340000156e+02
-5.928512021010000126e+02
-5.931212464830000499e+02
-5.966635038680000207e+02
-5.988331168409999918e+02
-5.967484583030000067e+02
-5.995256478469999593e+02
-5.894242591189999985e+02
-5.898057094929999948e+02
-5.915729584069999873e+02
-5.797713748840000108e+02
-5.805391880339999489e+02
-5.909205131259999462e+02
-5.820965749920000007e+02
-5.952195670229999678e+02
-5.949726124610000397e+02
-5.956200208420000308e+02
-5.947544387200000529e+02
-5.881799881309999591e+02
-5.846483039199999894e+02
-5.964413429649999898e+02
-5.924790741519999528e+02
-5.845990131280000242e+02
-5.938052861380000422e+02
-5.827676689439999791e+02
-5.973394915259999607e+02
-5.790309021470000062e+02
-5.977975789089999807e+02
-5.951006925899999942e+02
-5.955278669430000491e+02
-5.940620486740000388e+02
-5.830175277759999517e+02
-5.989711363930000516e+02
-5.969695146589999695e+02
-5.944584172610000223e+02
-5.932991181139999526e+02
-5.979387851479999654e+02
-5.879874416889999793e+02
-5.976176938510000127e+02
-5.930279859119999628e+02
-5.885728647759999603e+02
-5.845926099629999726e+02
-5.953281705370000054e+02
-5.866432510560000537e+02
-6.008652014960000542e+02
-5.954353030250000529e+02
-5.945373371580000139e+02
-5.976011691950000113e+02
-5.877188143030000447e+02
-5.782819257300000118e+02
-5.839598018829999546e+02
-5.911580692689999523e+02
-5.960202021689999583e+02
-5.859357380659999990e+02
-5.975500818470000013e+02
-5.905505093890000126e+02
-5.990823848459999681e+02
-5.906891316859999961e+02
-5.999282248409999738e+02
-5.967023213349999651e+02
-6.010851999139999862e+02
-5.987924635540000509e+02
-5.871568994089999478e+02
-5.936434030310000480e+02
-5.951766617619999806e+02
-5.947659444749999693e+02
-5.884635916219999672e+02
-5.997289767869999650e+02
-5.982434699540000338e+02
-5.984333634539999593e+02
-5.977071310540000013e+02
-6.008358909700000368e+02
-6.021182293220000474e+02
-5.971586015880000105e+02
-5.892417520059999561e+02
-5.801806455360000427e+02
-5.860425914009999815e+02
-5.866084546009999485e+02
-5.822888934269999481e+02
-5.840432524000000285e+02
-5.852928630520000297e+02
-5.877680466780000188e+02
-5.846582401079999727e+02
-5.935254557399999840e+02
-5.942935451990000502e+02
-5.860489317899999833e+02
-5.907964112690000320e+02
-5.861205680680000114e+02
-5.930802583649999633e+02
-6.032251399650000394e+02
-5.989010353710000345e+02
-5.994545856140000524e+02
-5.880702112489999536e+02
-5.885517755150000312e+02
-5.835569242210000311e+02
-5.989921549599999935e+02
-5.935528175700000020e+02
-5.933527241320000485e+02
-5.981344895590000306e+02
-5.932085990650000440e+02
-5.928667534119999800e+02
-5.958308345149999923e+02
-5.990145589380000501e+02
-5.973174231330000339e+02
-5.939615817119999974e+02
-5.869810018099999525e+02
-6.006356447749999461e+02
-5.933883496470000409e+02
-5.954516933109999854e+02
-5.928475276140000005e+02
-5.860765505589999975e+02
-5.884364283070000283e+02
-5.963467028339999843e+02
-5.870068716849999646e+02
-5.885705656510000381e+02
-5.959100190120000207e+02
-6.000399921340000446e+02
-5.983835937840000270e+02
-5.992124609710000414e+02
-5.966297736640000267e+02
-5.960518863730000021e+02
-5.941264334259999487e+02
-5.981925975000000335e+02
-6.008572042079999846e+02
-5.982574055620000308e+02
-5.974817245320000438e+02
-5.959650123809999513e+02
-5.712690591279999808e+02
-5.908949154680000220e+02
-5.935555033529999491e+02
-5.973531569609999679e+02
-5.949832930649999980e+02
-5.910116894850000335e+02
-5.905629585269999779e+02
-5.914612219780000260e+02
-5.814754618609999852e+02
-6.002041415649999863e+02
-5.935213208860000123e+02
-5.969033201649999683e+02
-5.964084907110000131e+02
-5.884961294949999910e+02
-5.963692266079999627e+02
-5.971660136330000341e+02
-6.041476615760000186e+02
-5.930314714639999920e+02
-5.794240571719999480e+02
-5.912201465939999707e+02
-5.997370302110000466e+02
-6.012769526140000380e+02
-5.926320307419999835e+02
-5.823043276289999994e+02
-6.000007853480000222e+02
-5.940699766349999891e+02
-5.977155349869999554e+02
-5.970549711849999994e+02
-5.877631783269999914e+02
-5.767499320910000051e+02
-5.850655034489999480e+02
-5.974932572760000085e+02
-5.975724997439999697e+02
-5.929968577170000117e+02
-5.942176690339999823e+02
-5.875729070730000103e+02
-5.823156945900000210e+02
-5.890980988610000395e+02
-5.852582127370000080e+02
-5.949384794459999739e+02
-5.878001892019999559e+02
-5.904756792529999530e+02
-6.009578793450000376e+02
-5.828226825120000285e+02
-5.968231282750000446e+02
-5.889609116159999758e+02
-5.941504441939999879e+02
-5.712585006929999736e+02
-5.925562115850000282e+02
-5.998019000589999905e+02
-5.950852413149999620e+02
-5.944838760549999961e+02
-6.000730559239999593e+02
-6.001952475350000213e+02
-5.848851047919999928e+02
-5.994722755740000366e+02
-6.014377830519999861e+02
-5.981018138240000326e+02
-5.999185715109999819e+02
-5.915751763450000453e+02
-5.863297430200000235e+02
-5.953670659289999776e+02
-5.950169566340000529e+02
-6.013144587210000509e+02
-6.018326043939999863e+02
-5.872063247639999872e+02
-5.932186734890000253e+02
-5.854962021600000526e+02
-5.956038463359999469e+02
-5.778696687000000338e+02
-5.816557883049999873e+02
-5.961047969049999438e+02
-5.913736740350000218e+02
-5.986273745810000264e+02
-5.991470176420000371e+02
-5.997977577410000549e+02
-5.992267762809999567e+02
-5.990464160919999586e+02
-5.907733485700000529e+02
-5.913600569049999649e+02
-5.945712269480000032e+02
-5.858741716480000150e+02
-5.801083798560000560e+02
-5.999295593099999451e+02
-5.931481868859999622e+02
-5.938241420509999671e+02
-5.958220892079999658e+02
-6.053675625260000288e+02
-5.940662801680000484e+02
-5.993418708430000379e+02
-5.952230656519999457e+02
-5.928679491540000299e+02
-5.952874951569999666e+02
-5.823984469859999535e+02
-5.914931158010000445e+02
-5.932222487220000176e+02
-5.756401455850000275e+02
-5.750556307309999511e+02
-5.877098902819999466e+02
-5.945865777550000075e+02
-5.746751054000000067e+02
-5.853107711010000003e+02
-5.873614487190000091e+02
-5.900585705009999629e+02
-5.900687977930000443e+02
-5.863935470090000308e+02
-5.878894863640000494e+02
-5.837160598460000074e+02
-5.900540554240000120e+02
-5.942873786200000268e+02
-5.808116744720000497e+02
-5.940238894320000327e+02
-5.913349388300000555e+02
-6.062824836060000280e+02
-6.046294242889999850e+02
-5.978581320900000264e+02
-5.863144457939999938e+02
-5.973422498559999667e+02
-5.883882917639999732e+02
-5.944040798519999953e+02
-5.946018732439999894e+02
-5.920569365329999982e+02
-5.826605630259999771e+02
-5.888623426650000283e+02
-5.972162936700000273e+02
-5.953871345339999834e+02
-6.005072153859999844e+02
-6.013743874799999958e+02
-5.947492599060000202e+02
-5.888031423600000380e+02
-5.895623310439999614e+02
-5.726154361579999659e+02
-5.913633468709999761e+02
-5.830958771220000472e+02
-5.856724215829999594e+02
-5.973668180360000406e+02
-5.888266779580000048e+02
-5.927869466869999542e+02
-5.931917782250000073e+02
-5.914691751340000110e+02
-5.957292780530000300e+02
-5.906656991400000152e+02
-5.991218464720000156e+02
-5.845034850680000318e+02
-5.987674238299999843e+02
-5.949995381029999635e+02
-5.901078540170000224e+02
-5.942054562670000450e+02
-5.841803256140000258e+02
-5.934326517240000385e+02
-5.851110924780000460e+02
-5.993375053739999885e+02
-5.981547763559999566e+02
-5.776579850489999899e+02
-5.993516135449999638e+02
-5.975725935870000285e+02
-5.914055217600000560e+02
-5.967661841059999688e+02
-5.987439488290000327e+02
-5.913781085110000504e+02
-5.926022977080000373e+02
-6.039519096400000535e+02
-5.973942180830000552e+02
-5.983463145700000041e+02
-5.846551714739999852e+02
-5.930846503530000291e+02
-5.952887931090000393e+02
-5.924948664979999648e+02
-6.028696407999999565e+02
-5.769282128789999433e+02
-5.840386331329999621e+02
-5.888639769310000247e+02
-5.961214171530000385e+02
-5.969528787809999812e+02
-6.044035632200000236e+02
-5.846273456279999436e+02
-5.851677046439999685e+02
-5.890206025400000271e+02
-5.957778489410000020e+02
-5.949378871200000276e+02
-5.947249747179999986e+02
-5.979643816340000058e+02
-5.975897751479999442e+02
-6.016154147370000373e+02
-5.998070281950000435e+02
-6.020672222550000470e+02
-6.005068912560000172e+02
-5.973026706650000506e+02
-5.973732423779999863e+02
-5.943093811969999933e+02
-5.920308213739999701e+02
-5.958006756720000112e+02
-5.928904106229999798e+02
-5.946158566960000371e+02
-5.962931544189999613e+02
-6.037132534749999877e+02
-5.904380676619999804e+02
-5.978369991649999520e+02
-5.867331893970000465e+02
-5.956265386600000511e+02
-6.024902900790000331e+02
-5.890142844340000465e+02
-5.827801870020000479e+02
-5.979693460949999917e+02
-6.009506029450000142e+02
-5.714130235430000084e+02
-5.782849536129999706e+02
-5.897211119520000011e+02
-5.983836932670000124e+02
-5.940522617960000389e+02
-5.958774657479999632e+02
-5.987769600039999887e+02
-5.970075716589999502e+02
-5.966416919600000028e+02
-5.961781149429999687e+02
-5.953998619689999714e+02
-5.966067031410000254e+02
-5.869220458459999463e+02
-5.790586549729999888e+02
-5.928166562909999584e+02
-5.992049074489999612e+02
-5.996474014479999823e+02
-5.903314392419999876e+02
-6.007737746589999688e+02
-5.890447143879999885e+02
-5.991958531000000221e+02
-5.937256068719999575e+02
-5.815023467900000469e+02
-5.699812331269999959e+02
-5.919785173709999526e+02
-5.754489899500000547e+02
-5.934968286370000214e+02
-5.936837013900000102e+02
-5.780604281659999515e+02
-5.980150629119999621e+02
-5.790353035639999462e+02
-6.010551754860000528e+02
-5.966917824590000237e+02
-5.992205734960000427e+02
-5.875332161909999513e+02
-5.800558775010000545e+02
-6.042316158090000044e+02
-5.896841038679999656e+02
-5.868121715180000137e+02
-5.942636846770000147e+02
-5.796130201539999689e+02
-5.959424720160000106e+02
-5.903051078349999443e+02
-5.839487449649999462e+02
-5.967527368590000378e+02
-5.956540863510000463e+02
-5.872252628549999827e+02
-5.954057844569999816e+02
-5.938729852090000350e+02
-5.951129285790000267e+02
-5.998298793940000451e+02
-5.920493685290000485e+02
-5.872860638729999891e+02
-5.942095766249999542e+02
-5.906549621059999708e+02
-5.783997797199999695e+02
-6.007750229829999853e+02
-5.873879933409999694e+02
-5.929541520940000510e+02
-5.784050833210000064e+02
-5.789438930369999525e+02
-5.945582131569999547e+02
-5.845016488229999823e+02
-5.881617164159999902e+02
-5.860929126810000298e+02
-5.994068699609999840e+02
-5.859551884060000475e+02
-5.960428805069999498e+02
-5.914399453390000190e+02
-5.964449378750000506e+02
-5.951349499509999532e+02
-5.962327360089999502e+02
-5.913156950579999602e+02
-6.041078040539999847e+02
-5.995426915629999485e+02
-6.004844668649999448e+02
-5.996922677649999969e+02
-5.962964400770000566e+02
-5.919335541939999530e+02
-5.939491457579999860e+02
-5.932808429990000150e+02
-5.950875948550000203e+02
-5.892097085569999990e+02
-6.014068732440000531e+02
-5.992157374869999558e+02
-5.867403693400000293e+02
-5.912114608900000121e+02
-5.790746956699999828e+02
-5.854749672499999633e+02
-6.056699664809999604e+02
-6.018372694979999551e+02
-5.954973053280000386e+02
-5.977135586130000320e+02
-5.970718154300000151e+02
-5.850914641409999604e+02
-5.887346140570000443e+02
-5.916200740079999605e+02
-5.840324117349999824e+02
-5.906450908279999794e+02
-5.850468157029999929e+02
-5.972131298399999650e+02
-5.960378614569999627e+02
-5.979020947069999465e+02
-6.012581889609999735e+02
-6.033960712970000486e+02
-5.908628308720000177e+02
-5.985242923539999538e+02
-6.029743471949999503e+02
-5.870727717510000048e+02
-5.925914174040000262e+02
-5.842126673159999655e+02
-5.991742972849999660e+02
-5.716966793569999936e+02
-5.981014026630000444e+02
-5.885559305540000423e+02
-6.003265682060000472e+02
-5.898585789999999633e+02
-5.924234252339999784e+02
-6.018592181210000263e+02
-5.856178672089999964e+02
-5.961027816590000157e+02
-5.972466410270000097e+02
-5.836851239879999866e+02
-5.854345642660000522e+02
-5.846938168179999593e+02
-6.016020563800000218e+02
-5.901897701530000404e+02
-5.787745780689999719e+02
-6.003221718879999571e+02
-5.979552976249999574e+02
-5.958959356870000192e+02
-5.969692374300000210e+02
-5.966254136390000440e+02
-5.999151921010000024e+02
-5.886069465040000068e+02
-5.773079487090000157e+02
-6.006108144080000102e+02
-5.964058361009999771e+02
-5.858765033529999755e+02
-5.714259312789999967e+02
-5.931630533799999512e+02
-5.954595283029999564e+02
-5.868703173339999921e+02
-5.891378124579999849e+02
-5.967034272260000307e+02
-5.982352778470000203e+02
-5.832046211709999852e+02
-6.019369753370000353e+02
-5.990517692260000331e+02
-5.893813333430000512e+02
-5.909889458220000051e+02
-5.973672180219999746e+02
-5.847876751239999749e+02
-5.998878911560000233e+02
-5.953662098910000395e+02
-5.805427409909999596e+02
-5.945883987570000500e+02
-5.912415932200000270e+02
-5.956249047789999622e+02
-5.830082149979999713e+02
-6.018039085479999812e+02
-5.977641481639999483e+02
-5.843288305170000285e+02
-5.941110290640000358e+02
-5.962814712570000211e+02
-6.045526171550000072e+02
-5.950694143519999670e+02
-5.892427034820000245e+02
-5.945560916470000166e+02
-5.924097017479999749e+02
-5.952205312559999584e+02
-5.892511856710000302e+02
-5.895938887060000297e+02
-5.619005489459999581e+02
-5.999918073960000129e+02
-5.856096403579999787e+02
-5.892385504139999739e+02
-5.881382341390000192e+02
-5.622694189530000131e+02
-5.867051680780000424e+02
-5.915423048889999791e+02
-5.936413018099999590e+02
-5.916799663960000544e+02
-6.034568861620000462e+02
-5.823504459929999939e+02
-5.932164359040000363e+02
-5.878052358170000389e+02
-5.840287861169999815e+02
-5.957205587060000198e+02
-5.844057109929999569e+02
-5.930914228809999713e+02
-5.955566016599999557e+02
-5.848499226760000056e+02
-5.936119493119999788e+02
-6.050806525780000129e+02
-6.033065241960000549e+02
-6.002790590590000193e+02
-5.988605070779999551e+02
-5.923594534339999882e+02
-5.905591353250000566e+02
-5.992068432040000516e+02
-6.012286155259999987e+02
-5.825081653610000103e+02
-5.922430426790000411e+02
-6.010121799040000496e+02
-5.882543108749999874e+02
-5.919641453740000543e+02
-5.885199435309999672e+02
-5.724843422029999829e+02
-5.839784400869999672e+02
-5.941247513079999862e+02
-5.988671093030000065e+02
-5.844029945390000194e+02
-5.923614639300000135e+02
-5.972054410719999851e+02
-5.903042904090000320e+02
-5.764649600870000086e+02
-5.970081722019999688e+02
-5.918000716970000212e+02
-5.829645889539999644e+02
-5.947957285170000432e+02
-5.877595485780000217e+02
-5.922140763329999800e+02
-5.991245918609999990e+02
-5.912580592499999739e+02
-5.616620497159999559e+02
-5.714143793429999505e+02
-5.969835768090000556e+02
-6.043785697880000498e+02
-5.932588223830000516e+02
-5.846970384610000337e+02
-5.912364305070000228e+02
-5.956196848360000331e+02
-5.986706547710000450e+02
-6.015204933899999560e+02
-5.919789699729999484e+02
-5.958834432380000408e+02
-6.038262293269999645e+02
-6.030817727150000565e+02
-6.018079832700000225e+02
-5.962477235720000408e+02
-5.918939281320000418e+02
-5.909536423570000352e+02
-5.890698837639999965e+02
-6.048754739190000009e+02
-5.954259740239999701e+02
-5.999939337549999436e+02
-6.003390553159999854e+02
-5.813974629959999447e+02
-5.791601447739999458e+02
-5.998472034129999884e+02
-5.962817455900000141e+02
-6.004961763640000072e+02
-5.966965219319999960e+02
-6.040809448200000134e+02
-6.034549096849999614e+02
-5.905896439120000423e+02
-5.886372365500000114e+02
-5.929541931700000532e+02
-5.981819894400000521e+02
-5.932846942339999714e+02
-5.997007196680000334e+02
-5.832891934919999812e+02
-6.006091136579999556e+02
-5.933162529830000267e+02
-5.981567679810000300e+02
-5.900725184469999931e+02
-5.816646241729999929e+02
-5.905866689639999549e+02
-6.008831412439999440e+02
-5.875927786419999848e+02
-5.955627149839999674e+02
-5.918175571460000128e+02
-5.977864372599999570e+02
-5.955803805309999461e+02
-5.937981222290000005e+02
-5.810775157120000358e+02
-6.008234501419999560e+02
-5.959388411060000408e+02
-5.741345305620000090e+02
-5.829372959229999651e+02
-5.850615596489999461e+02
-5.903047024100000044e+02
-5.835586135419999891e+02
-5.887397814079999989e+02
-5.966024501089999603e+02
-5.926541328230000545e+02
-5.961990728250000302e+02
-5.964801427559999638e+02
-5.921450219529999686e+02
-6.016335924779999687e+02
-5.901711104590000332e+02
-5.807307800280000265e+02
-5.918632548980000365e+02
-5.852573163920000070e+02
-5.987536140930000101e+02
-5.874845740870000554e+02
-5.989065538610000203e+02
-5.992420339679999870e+02
-5.897969728650000434e+02
-6.002941881670000157e+02
-6.001399418900000455e+02
-5.929334560019999572e+02
-5.849682972739999514e+02
-5.907867333619999499e+02
-6.026683186169999544e+02
-5.972068539509999709e+02
-5.829893979580000405e+02
-5.943581281570000101e+02
-5.986601651050000328e+02
-6.045448192940000354e+02
-5.995145962249999911e+02
-6.033068509769999537e+02
-5.803132589020000296e+02
-5.987021237269999574e+02
-5.957899030739999944e+02
-6.019087882559999798e+02
-6.031632088559999829e+02
-5.985497503740000411e+02
-5.997267566760000364e+02
-5.980840663059999542e+02
-6.007312659570000051e+02
-5.906157664359999444e+02
-6.012245087439999907e+02
-5.961361506680000275e+02
-5.944509736229999817e+02
-5.707535032609999917e+02
-5.843314659479999591e+02
-5.877164802749999808e+02
-5.874458165820000204e+02
-5.885740789479999648e+02
-5.908917731569999887e+02
-5.770739423229999829e+02
-5.971552773549999529e+02
-6.047774389219999875e+02
-5.823869204899999659e+02
-5.971792020020000109e+02
-5.957056711159999622e+02
-5.915321085560000256e+02
-5.979913340660000358e+02
-5.967828937689999975e+02
-6.019297729190000155e+02
-6.021455161339999904e+02
-5.978246197229999552e+02
-5.920406917579999799e+02
-5.980420201209999504e+02
-5.989414366810000274e+02
-5.956730522569999948e+02
-5.870138060169999790e+02
-5.916022313089999898e+02
-5.961794512410000380e+02
-5.915827145550000523e+02
-5.870774464800000487e+02
-5.991635964659999445e+02
-5.893524327510000376e+02
-5.793689099299999725e+02
-5.947704979760000015e+02
-6.032010054239999590e+02
-5.903353411699999924e+02
-5.879660392480000155e+02
-5.966331422209999573e+02
-5.849365532130000247e+02
-5.889104687450000029e+02
-5.837892903700000033e+02
-5.972793795269999464e+02
-5.915817920150000191e+02
-6.023182137810000540e+02
-5.899151288169999816e+02
-5.796193000700000084e+02
-6.022234379830000535e+02
-5.880413614059999645e+02
-6.017606723850000208e+02
-5.965366297430000486e+02
-5.988572872129999496e+02
-5.900743592329999956e+02
-5.937292026339999893e+02
-6.026168946020000021e+02
-5.922932862080000405e+02
-5.715213668559999860e+02
-5.898131405840000525e+02
-5.808971490840000342e+02
-5.895632502549999572e+02
-5.820745281959999602e+02
-6.007896666860000323e+02
-5.978167985759999965e+02
-5.882050274780000336e+02
-5.860504626570000255e+02
-6.041503786240000409e+02
-5.983539729230000148e+02
-5.899965230719999454e+02
-5.965487719840000409e+02
-5.933870863949999830e+02
-5.933722454909999442e+02
-5.989585838000000422e+02
-5.938605204039999990e+02
-5.909460932849999608e+02
-5.957600965499999575e+02
-5.860078761580000446e+02
-5.755593633140000520e+02
-5.710704880639999601e+02
-5.649887632600000416e+02
-5.875557677949999515e+02
-5.971398207839999941e+02
-5.960657980729999963e+02
-5.910073160910000070e+02
-5.910890047189999450e+02
-5.913042995739999697e+02
-6.038649690790000477e+02
-6.021782526260000168e+02
-6.019844557249999752e+02
-5.923773919330000126e+02
-6.015226959149999857e+02
-5.913769331119999606e+02
-5.984550279530000125e+02
-6.002665276589999621e+02
-6.010633123290000412e+02
-5.938052067529999931e+02
-6.001628364429999465e+02
-5.871818520409999564e+02
-5.971328939799999489e+02
-5.972131715909999912e+02
-5.958623625139999831e+02
-6.022913965440000084e+02
-5.942362337360000311e+02
-5.878415716949999705e+02
-5.930611047469999448e+02
-5.945558900019999555e+02
-5.873867741230000092e+02
-5.944990567930000225e+02
-5.951315698460000476e+02
-5.824316283619999695e+02
-5.804080050239999764e+02
-5.915702955230000271e+02
-5.944462594829999489e+02
-5.838758905140000479e+02
-5.933280671999999640e+02
-5.888507539959999804e+02
-5.984902237329999934e+02
-5.884298248139999714e+02
-5.895879549649999944e+02
-5.878626153159999603e+02
-5.938621409549999726e+02
-5.939085164059999897e+02
-5.904325445050000098e+02
-5.970913223720000360e+02
-5.920269324539999616e+02
-6.042924679730000435e+02
-5.981549355390000073e+02
-6.017872526419999986e+02
-6.005679690590000064e+02
-5.857053979690000460e+02
-6.000422804849999920e+02
-6.015875125469999603e+02
-5.925887813370000003e+02
-5.870993887820000054e+02
-5.889794898740000235e+02
-5.868999759619999850e+02
-5.968782939699999588e+02
-6.005260415940000485e+02
-5.950853356530000156e+02
-6.040658060709999972e+02
-6.019812708360000215e+02
-5.895005599979999715e+02
-5.954240245099999811e+02
-5.912197478419999470e+02
-5.997793319869999777e+02
-5.983954227880000190e+02
-5.931766680399999814e+02
-5.975208445409999740e+02
-5.983899459040000011e+02
-6.012439047789999904e+02
-5.854423446099999637e+02
-5.853212481130000242e+02
-6.022317467970000280e+02
-5.978217564190000530e+02
-5.881337813039999673e+02
-5.960421480160000556e+02
-5.979674050959999931e+02
-5.936948305910000272e+02
-5.973128651170000012e+02
-5.930857434250000324e+02
-5.960845020259999956e+02
-5.972438040990000445e+02
-5.878730512419999741e+02
-5.794285545180000554e+02
-5.704644850219999626e+02
-5.722082826910000222e+02
-5.875160021709999683e+02
-5.793091392950000227e+02
-5.993680050509999546e+02
-6.014736006130000305e+02
-5.977059592460000204e+02
-5.953839925270000322e+02
-5.841497126970000409e+02
-5.871434393089999730e+02
-5.818868516170000476e+02
-5.865596997220000048e+02
-5.780301461950000430e+02
-5.701200299969999605e+02
-5.937583559429999696e+02
-6.068159556130000283e+02
-5.994603187159999607e+02
-5.926951505629999701e+02
-5.957678798489999963e+02
-5.925293163249999679e+02
-5.796059302899999466e+02
-5.909194006499999432e+02
-5.970786603520000426e+02
-6.013538562649999903e+02
-6.006964364420000493e+02
-5.958155295249999881e+02
-6.011704663680000067e+02
-6.005906455460000188e+02
-5.899766064950000555e+02
-5.887453687920000220e+02
-5.827758937150000520e+02
-5.974420442970000522e+02
-5.878966904269999532e+02
-5.815669249540000010e+02
-5.830879406980000113e+02
-5.802337934690000338e+02
-5.887030704439999909e+02
-5.942943010640000239e+02
-5.881193909510000140e+02
-5.922764907869999433e+02
-5.968534089250000534e+02
-5.967265628720000450e+02
-5.983197507529999939e+02
-5.877945239309999579e+02
-5.821009829810000156e+02
-6.026159108699999933e+02
-5.914739269489999742e+02
-5.888182179289999567e+02
-5.764428863660000388e+02
-5.721146224919999668e+02
-5.931804519840000012e+02
-5.840980058970000073e+02
-5.842133856699999797e+02
-5.927529338990000269e+02
-5.989605878580000535e+02
-5.803987257439999894e+02
-6.008780162269999892e+02
-5.913037156670000059e+02
-5.970297444699999687e+02
-5.955401698099999521e+02
-6.015651426529999526e+02
-6.011489808149999590e+02
-6.036348286940000207e+02
-5.906705548759999829e+02
-5.917603284860000485e+02
-5.844126003789999686e+02
-5.922494805049999513e+02
-5.902934390110000322e+02
-5.968414888419999897e+02
-5.992861268310000469e+02
-5.957184803119999970e+02
-5.907619611469999654e+02
-5.857156735759999719e+02
-5.969561909520000427e+02
-6.014934801770000377e+02
-5.999106419150000420e+02
-5.929453944279999860e+02
-5.876493229149999706e+02
-5.966116747900000519e+02
-6.034886366060000000e+02
-5.974273896570000488e+02
-5.913445689720000473e+02
-5.824789694800000461e+02
-5.872217369280000412e+02
-5.905590769740000496e+02
-5.859454316459999745e+02
-5.877756759559999864e+02
-5.832349564879999662e+02
-5.860116870819999804e+02
-5.795424720639999805e+02
-5.724562388739999506e+02
-5.822529856889999564e+02
-5.919511341769999717e+02
-5.923921971260000419e+02
-5.838324519430000237e+02
-5.803735450149999906e+02
-5.901496496590000334e+02
-5.910577278759999444e+02
-5.863818944539999620e+02
-5.752982606049999958e+02
-5.974594746909999685e+02
-5.905212686280000298e+02
-5.888860734359999469e+02
-5.991760186980000071e+02
-5.927044678409999960e+02
-5.986919970500000545e+02
-5.932610076759999629e+02
-5.867423889159999817e+02
-5.943557886520000011e+02
-5.913823630790000152e+02
-5.821517999919999511e+02
-5.902070048680000127e+02
-6.009383056850000457e+02
-6.014024676129999989e+02
-5.820038759719999462e+02
-5.955118049779999865e+02
-5.861655238439999493e+02
-5.981516742920000524e+02
-5.809870165439999710e+02
-6.039050948980000157e+02
-5.879465066599999545e+02
-5.956648695679999719e+02
-6.008531750409999859e+02
-5.873656533619999891e+02
-5.985633589239999992e+02
-5.940455887800000028e+02
-5.984526086570000416e+02
-6.007176101899999594e+02
-5.922453962869999486e+02
-5.883297814620000281e+02
-5.863685688589999927e+02
-5.836894333669999924e+02
-5.783862411710000515e+02
-5.701560603259999880e+02
-5.958012670030000208e+02
-5.862539579220000405e+02
-5.857158639980000316e+02
-5.866842033039999933e+02
-5.936285735699999577e+02
-5.988017241659999854e+02
-6.010692119819999562e+02
-5.954275210759999482e+02
-5.917442099720000215e+02
-5.957846978310000168e+02
-5.913556402399999570e+02
-5.705251892100000077e+02
-5.912476759579999452e+02
-5.839834909469999502e+02
-6.044300248560000455e+02
-5.992175977409999632e+02
-5.975910401610000235e+02
-5.973234366950000549e+02
-5.959282294409999849e+02
-5.964120383419999598e+02
-5.962231302569999798e+02
-5.958008765340000537e+02
-5.964718955009999490e+02
-6.036060846430000311e+02
-5.719404400949999854e+02
-5.999530834119999554e+02
-5.819683366330000354e+02
-5.941618368050000072e+02
-5.996449187089999668e+02
-5.919617136379999920e+02
-5.964998759300000302e+02
-6.011597040990000096e+02
-5.934885049609999896e+02
-5.967078436650000413e+02
-5.983597255710000127e+02
-5.935266761039999892e+02
-5.792542426679999608e+02
-5.918721930440000278e+02
-5.901668196670000270e+02
-5.810872354050000013e+02
-5.554074021149999680e+02
-5.701761919159999934e+02
-6.033500901300000123e+02
-5.895646880960000544e+02
-5.856646086560000413e+02
-5.771946556550000196e+02
-6.017519467160000204e+02
-5.954679224899999781e+02
-5.978721698719999722e+02
-6.008572822219999807e+02
-5.932449742269999433e+02
-5.887813448089999611e+02
-5.853315581770000335e+02
-5.861539165409999441e+02
-5.899842291290000276e+02
-5.844253090570000495e+02
-5.999874116119999599e+02
-5.759246256789999734e+02
-5.927421124080000254e+02
-5.950497798039999680e+02
-6.010366399409999758e+02
-5.986987537710000424e+02
-5.895512560119999534e+02
-5.934345603159999882e+02
-5.953070103200000176e+02
-5.861706084480000527e+02
-5.839557309389999773e+02
-5.943277394509999567e+02
-5.893434490460000461e+02
-5.960894922799999449e+02
-6.012384765069999730e+02
-5.880254094670000313e+02
-5.869966892989999678e+02
-5.755978307090000499e+02
-5.874441865769999822e+02
-5.897400206910000406e+02
-5.867020808329999682e+02
-5.974439161960000320e+02
-5.890515731880000203e+02
-5.964926730910000288e+02
-5.867718425289999686e+02
-5.797558931300000040e+02
-5.980082062019999967e+02
-6.023348503700000265e+02
-5.941467340350000086e+02
-5.943084927700000435e+02
-5.984046935889999759e+02
-6.009730503120000549e+02
-6.056189364360000127e+02
-6.012475845530000242e+02
-6.033859322920000068e+02
-5.946595108290000553e+02
-5.815859455329999719e+02
-5.972725550989999874e+02
-5.897496064890000298e+02
-5.867736886659999982e+02
-5.883952211719999923e+02
-5.930450844529999586e+02
-5.981333818340000335e+02
-6.006789010730000200e+02
-5.897221538769999825e+02
-5.941942830120000281e+02
-5.973241680590000442e+02
-5.910391427079999858e+02
-5.763065042919999996e+02
-5.814491725679999945e+02
-5.962313524229999757e+02
-6.008721919939999907e+02
-5.949747408929999892e+02
-5.982333923749999940e+02
-5.993351855739999792e+02
-5.900894237869999870e+02
-5.998546341390000407e+02
-6.034041723620000539e+02
-5.939087809010000001e+02
-5.977556514899999911e+02
-5.974141670929999464e+02
-5.935430945719999727e+02
-5.844126433290000477e+02
-5.989195650090000527e+02
-6.039238899990000391e+02
-5.979147114329999795e+02
-6.007675902839999935e+02
-5.898342491040000368e+02
-6.003783069290000185e+02
-5.979573811679999835e+02
-5.944401845139999523e+02
-5.900894964819999586e+02
-5.886352607310000167e+02
-5.983965395660000013e+02
-6.004100281370000403e+02
-5.844067893620000405e+02
-5.888898452280000129e+02
-5.916400561660000221e+02
-5.955984277019999809e+02
-6.007448805589999665e+02
-5.995099239630000056e+02
-5.924893636890000153e+02
-5.946772163130000308e+02
-5.928592333389999567e+02
-5.885272321129999682e+02
-5.873850967070000024e+02
-5.819563990950000516e+02
-5.968162406830000464e+02
-5.969660852360000263e+02
-5.974735297600000195e+02
-5.968637910610000290e+02
-5.814864389939999683e+02
-5.824123309240000026e+02
-5.837460997130000351e+02
-6.007912768889999597e+02
-5.982832054000000426e+02
-5.853848423890000277e+02
-6.011495451759999469e+02
-5.982659307029999809e+02
-5.923778911110000536e+02
-5.909585474570000088e+02
-5.809065882339999689e+02
-6.024061976240000149e+02
-6.003578636480000341e+02
-5.975827087310000252e+02
-6.047450031739999758e+02
-6.023230923449999636e+02
-6.047622830530000329e+02
-6.006407958040000494e+02
-5.909864496110000118e+02
-6.011789785649999658e+02
-5.838290313479999440e+02
-5.874157839829999830e+02
-5.832355955689999973e+02
-5.711687969360000352e+02
-5.854737865050000210e+02
-5.902095117100000152e+02
-5.861706217820000120e+02
-5.825598527160000231e+02
-5.956241089459999785e+02
-6.017309806089999711e+02
-5.943402049779999743e+02
-5.985526735460000509e+02
-5.984792868470000258e+02
-5.932538825520000501e+02
-5.852002091760000440e+02
-6.012095548170000257e+02
-5.927525553650000347e+02
-5.709011587969999937e+02
-5.806397794590000103e+02
-5.950498504800000319e+02
-5.975361709679999649e+02
-5.941284215519999634e+02
-5.980248164710000083e+02
-5.967977227779999794e+02
-5.931997894930000257e+02
-5.918004621090000228e+02
-5.926149553440000091e+02
-5.814055086690000280e+02
-5.970981675540000424e+02
-5.810473584579999624e+02
-5.988569100619999972e+02
-6.020416479949999484e+02
-5.946276014799999530e+02
-6.007509871080000039e+02
-6.013284177699999873e+02
-5.972399222479999708e+02
-5.950062878190000220e+02
-5.867511314910000237e+02
-5.936931451839999454e+02
-6.009766858509999565e+02
-6.043225562630000240e+02
-5.894620419569999967e+02
-6.020631334810000226e+02
-6.051307948700000452e+02
-6.030627891670000054e+02
-5.939532977149999624e+02
-5.931619836139999506e+02
-5.955298114639999767e+02
-5.962430816459999505e+02
-5.998554387200000519e+02
-5.857179769020000322e+02
-5.854832483479999610e+02
-5.934847882730000492e+02
-5.945175710239999489e+02
-5.965917792770000005e+02
-5.961401530470000125e+02
-5.937468007979999811e+02
-5.920801162879999993e+02
-5.907920773509999890e+02
-5.848937341409999817e+02
-5.974424716129999524e+02
-5.913110593239999844e+02
-6.029377900460000319e+02
-5.986040784919999851e+02
-5.854915122359999486e+02
-5.993216651909999655e+02
-6.048649878930000341e+02
-6.015839750320000121e+02
-5.927137128959999472e+02
-5.996841457399999626e+02
-5.957439559209999516e+02
-5.667663980679999440e+02
-5.947994225339999730e+02
-5.950179455879999750e+02
-5.814154933129999563e+02
-5.708497579649999807e+02
-5.886253924899999674e+02
-5.985037727659999973e+02
-5.944102899419999630e+02
-6.000777263410000160e+02
-5.940133557609999571e+02
-6.009315481849999969e+02
-6.029188860000000432e+02
-6.031819829610000170e+02
-5.874967542389999835e+02
-5.965505787759999521e+02
-5.872864398310000524e+02
-5.804107713089999834e+02
-5.919080898519999892e+02
-5.912378536019999729e+02
-5.933679196130000264e+02
-5.874167176309999832e+02
-5.956967595510000137e+02
-6.032516406390000157e+02
-5.961785960209999757e+02
-5.914130275799999481e+02
-5.868748125829999935e+02
-6.006721550659999593e+02
-5.914252844889999778e+02
-5.926651512260000345e+02
-5.979839530000000423e+02
