4.872836750805427997e+00
4.837624830430735656e+00
4.768499344657604055e+00
4.711001379749320428e+00
4.711409237160363972e+00
4.658867888232075316e+00
4.606424535363625949e+00
4.586982777382099030e+00
4.559078964001391121e+00
4.546034425738547213e+00
4.473125752759472995e+00
4.557459160541101895e+00
4.586242470694283924e+00
4.357716489171823859e+00
4.339117306549801434e+00
4.345475117866859804e+00
4.346715886735640133e+00
4.571112993571697203e+00
4.563968667727683837e+00
4.629582810578075858e+00
4.242943435870905056e+00
4.262100069214706188e+00
4.232417394350419748e+00
4.181815156125386679e+00
4.171410912389236003e+00
4.146061504608923087e+00
4.076983443674992103e+00
4.070561263511458527e+00
3.971116845422707708e+00
3.874647080702963819e+00
3.786495477351055960e+00
3.777734109224734738e+00
3.738231400007228089e+00
3.739681670944734027e+00
3.739061112097527229e+00
3.768655463159241492e+00
3.742431963309420073e+00
3.673561351059758451e+00
3.583825470080818310e+00
3.573681295247240985e+00
3.537335155169778478e+00
3.537499964664311047e+00
3.478422343534493866e+00
3.457570823569634744e+00
3.531177424032952761e+00
3.518836597513445241e+00
3.510142162363228291e+00
3.531307689794249693e+00
3.606795114779878908e+00
3.618519724970418849e+00
3.534136952637800366e+00
3.486711918125728449e+00
3.455121850239148529e+00
3.404306977932513245e+00
3.323751194057702474e+00
3.282815559851025355e+00
3.243727485470996985e+00
3.212593189309844277e+00
3.193623334083091070e+00
3.207659894689585123e+00
3.185681716681690201e+00
3.091272391750684800e+00
3.046394754459769594e+00
2.968111352358600019e+00
2.899651013484208839e+00
2.860657791487824841e+00
2.826388862134862290e+00
2.727809010909671095e+00
2.736899157806147453e+00
2.698895700096615169e+00
2.712620872882902212e+00
2.713216909869168525e+00
2.751027807929247171e+00
2.731471581400765736e+00
2.689068426053899952e+00
2.683106594975309456e+00
2.709648870241308405e+00
2.708551273282453487e+00
2.686005212206409531e+00
2.695771689145800121e+00
2.743649212271860094e+00
2.810948060708343910e+00
2.797124595008237513e+00
2.740740958208199185e+00
2.706290819553582416e+00
2.717354779928450981e+00
2.686082091076146039e+00
2.727713694653454812e+00
2.727435608772459830e+00
2.745044626231056384e+00
2.739409607926496459e+00
2.747139603296490762e+00
2.730343018743249583e+00
2.745465534294684762e+00
2.743182276116554075e+00
2.718155992580263636e+00
2.744055028602743196e+00
2.756877400248331611e+00
2.670198681746360325e+00
2.651028668271997457e+00
2.674977569999419380e+00
2.719572760563687908e+00
2.775184678539430738e+00
2.792892944600634308e+00
2.728754477779193444e+00
2.699549777277685969e+00
2.656231917585510693e+00
2.738091671219208934e+00
2.740101822925564257e+00
2.711582932532213608e+00
2.762320220394442138e+00
2.800822914787723494e+00
2.754100034494026517e+00
2.790989251143758842e+00
2.759348473824935422e+00
2.750274531751330631e+00
2.708638218736492576e+00
2.751295149561384434e+00
2.764896562260512614e+00
2.787376364971189346e+00
2.691734013605356246e+00
2.704532122197848665e+00
2.737310541389120111e+00
2.700375159121413571e+00
2.769797646038425043e+00
2.838219864633464429e+00
2.882189619022315075e+00
2.867485832571802007e+00
2.772087300212603189e+00
2.730669514972472900e+00
2.719480281230220786e+00
2.777911805655463695e+00
2.758312890155864672e+00
2.735430679070482540e+00
2.739253365426425724e+00
2.778849762041841753e+00
2.733967995423501662e+00
2.690600118932577445e+00
2.740549032584529421e+00
2.695967915239348756e+00
2.716158684613253715e+00
2.724693377244492787e+00
2.727220013126920861e+00
2.714004789973665677e+00
2.675546673111871332e+00
2.781363334769479501e+00
2.744884697031917398e+00
2.739605446045105364e+00
2.722287273599169222e+00
2.766121291628405476e+00
2.731128887474921108e+00
2.771430136229307895e+00
2.782497439351921731e+00
2.835383042906196138e+00
2.758220078238863060e+00
2.727736974123421643e+00
2.707689420890069698e+00
2.758106959492325316e+00
2.837463832368617211e+00
2.874346534431782896e+00
2.814591977534221634e+00
2.808821817061381676e+00
2.787916964330178882e+00
2.705991315581038670e+00
2.793133365953011538e+00
2.821634455417639575e+00
2.758687369021723956e+00
2.786580162134224548e+00
2.816671262323666713e+00
2.740613799863088840e+00
2.680187306887337417e+00
2.707865764767522609e+00
2.762003077478372592e+00
2.789404595966673561e+00
2.850583449050386964e+00
2.903219075440226060e+00
2.899065539100488031e+00
2.872455569717310642e+00
2.951438462851631250e+00
2.983674412532305809e+00
2.942349061549291989e+00
2.914454151294887385e+00
2.930922209817244717e+00
2.905834475671317030e+00
2.914066917556973113e+00
2.926346015084340557e+00
2.935256888246750684e+00
2.832422461427673177e+00
2.766512063953454170e+00
2.771768388592380283e+00
2.779344167245215047e+00
2.761691148553726549e+00
2.729642101082117911e+00
2.763153271174076497e+00
2.859317051325368286e+00
2.923147105432773341e+00
2.892379297395138771e+00
2.886429455226647622e+00
2.821342588201581680e+00
2.768050758205130801e+00
2.783535162343023561e+00
2.775623533550614752e+00
2.789015238395085916e+00
2.751197920906454986e+00
2.774787018853879239e+00
2.752208931022497751e+00
2.742461120964160504e+00
2.772456131303072446e+00
2.751570097235394918e+00
2.739321448826333327e+00
2.844966783637377095e+00
2.948190292365809650e+00
2.954658186660514385e+00
2.864570823002984490e+00
2.833226252878509488e+00
2.766142440294787175e+00
2.794154970648549785e+00
2.792702633650779642e+00
2.775232422699042800e+00
2.768617163856353702e+00
2.841428338001857679e+00
2.845338819894740912e+00
2.834768597257984357e+00
2.868416113467499695e+00
2.860796742168167484e+00
2.837655722599201624e+00
2.886332967625183432e+00
2.806624663185300239e+00
2.794505501873274067e+00
2.760862546379301286e+00
2.812744389382014543e+00
2.846871967616387167e+00
2.816722918570443657e+00
2.851192732875138525e+00
2.729762443876756262e+00
2.729198233914128302e+00
2.731283031836869046e+00
2.810591574740093801e+00
2.832914047407721903e+00
2.863555133047030576e+00
2.856714546467672644e+00
2.865321098934637600e+00
2.809311837443468907e+00
2.834918870091347021e+00
2.861994409498383352e+00
2.873499956499042440e+00
2.839022895293378923e+00
2.855426763200205276e+00
2.901562682417873074e+00
2.820300693188583008e+00
2.785756988683686153e+00
2.747321058777076885e+00
2.741513815394698739e+00
2.786170490117214626e+00
2.795056171170804848e+00
2.830965383045155104e+00
2.821147284350819184e+00
2.754984936437947063e+00
2.766558511942228904e+00
2.753379922931087354e+00
2.771903497598716459e+00
2.752517756527649073e+00
2.781246483143843484e+00
2.721702959545732714e+00
2.708015694193812717e+00
2.778783186936325311e+00
2.800965547806684608e+00
2.810132025368202946e+00
2.850104208621151436e+00
2.846012297935481605e+00
2.835174421442180126e+00
2.888917790453719547e+00
2.923067908892983624e+00
2.958981919512182479e+00
2.933796346033582303e+00
2.849908419581232977e+00
2.857823997379824732e+00
2.949016446207107567e+00
2.922334683091585728e+00
2.890996195085701270e+00
2.898962573059541636e+00
2.797922264824381777e+00
2.790146411928950965e+00
2.737251541236208841e+00
2.673989715761823760e+00
2.642307514276110769e+00
2.582868753924597360e+00
2.551141313216497952e+00
2.613615312168184879e+00
2.692070950030849286e+00
2.739169764727992007e+00
2.768188758014886286e+00
2.742975209512474422e+00
2.722360923904103114e+00
2.759649434257909650e+00
2.770023465604578572e+00
2.740941808940861257e+00
2.762356964622783462e+00
2.713227782549780365e+00
2.828837393700811553e+00
2.897904415262863687e+00
2.957421173928394431e+00
2.918601377372387784e+00
2.928303433730869099e+00
2.952248126428400177e+00
2.966036075303198682e+00
2.942403949154500431e+00
2.904674336306911631e+00
2.912424076263619988e+00
2.961424825991704868e+00
2.986082718211268805e+00
2.951758289562341542e+00
2.895019516341815535e+00
2.903172919410760500e+00
2.922397303584849837e+00
2.905722973719276681e+00
2.900053275372712402e+00
2.812318083005547642e+00
2.737537031712995450e+00
2.744181845286496557e+00
2.803301803231324829e+00
2.912979574250393000e+00
2.914358419961415869e+00
2.871163004776984273e+00
2.854338627423172348e+00
2.804963101361584776e+00
2.877364245277263866e+00
2.916061384813426915e+00
2.879856593651843433e+00
2.860043531137245409e+00
2.900203785943325840e+00
2.891917184153101061e+00
2.903344795231872055e+00
2.941035531917286949e+00
3.002797861994709994e+00
2.975725457766559501e+00
2.920097258654238637e+00
2.935156724946727635e+00
3.015951922693729248e+00
2.997308292451745348e+00
3.006401503458910884e+00
3.029932837539472956e+00
3.062810963804328601e+00
3.029286054501951320e+00
2.986455758922271553e+00
3.016596426438246770e+00
2.955811563682637644e+00
2.939609838056744362e+00
2.983498282218375319e+00
3.002395876629196714e+00
3.023098575964733747e+00
3.096886339535243060e+00
3.094725997564243158e+00
3.014631818315463452e+00
2.986013395817239235e+00
2.988478877288577973e+00
3.010483183809536278e+00
3.035273957981387660e+00
3.091469068258649422e+00
3.105980360530311124e+00
3.158006649771339269e+00
3.189604834458337645e+00
3.196339155972031776e+00
3.119004488614917303e+00
3.084039234510481897e+00
3.097140293884020679e+00
3.131573725780697703e+00
3.165829749054740461e+00
3.085324132080776938e+00
3.037861583416861411e+00
3.009937706996607787e+00
2.983942693819704672e+00
2.972328548461626863e+00
2.930907879821541329e+00
2.924701010359862519e+00
2.978892747314008105e+00
2.948106850166730020e+00
2.930958375685332129e+00
2.926055536041651806e+00
2.965959204035011343e+00
2.960010979709365664e+00
2.947522858265903434e+00
2.986618656608171829e+00
3.039410962670234806e+00
2.991676118833721532e+00
2.987835838863976523e+00
2.945323411783500767e+00
2.956420809018905693e+00
2.908959607832325656e+00
2.890473490623983732e+00
2.915699915972149281e+00
2.852028576294423967e+00
2.813632705240682874e+00
2.813031994130176905e+00
2.755037930773367894e+00
2.805047949679292163e+00
2.823430537484497460e+00
2.870552211683320198e+00
2.876156636902795771e+00
2.914676482905092847e+00
2.896795125651794756e+00
2.899661187104452420e+00
2.937250074474422323e+00
2.953515363088534684e+00
3.012098935958113621e+00
3.011251567039857857e+00
3.019330058142037476e+00
2.981107344595292918e+00
2.989985618694511071e+00
2.976981524967865944e+00
2.971327144560154565e+00
2.994902669537025552e+00
3.087109489473931490e+00
3.045570718272685440e+00
3.024853219579422881e+00
3.025217017008861919e+00
2.935726996844222558e+00
2.869450295788376071e+00
2.919825337241938712e+00
2.916192723398095321e+00
2.859586333720316453e+00
2.837508414084441100e+00
2.734460458664560445e+00
2.679530369299814474e+00
2.726161587287150745e+00
2.791797449672881015e+00
2.856846338184817480e+00
2.807777412830297692e+00
2.837526387542501638e+00
2.858184913542159311e+00
2.756670636837124544e+00
2.742466043545480403e+00
2.806075729555423059e+00
2.778050035546515861e+00
2.776874862142693079e+00
2.776667967186570163e+00
2.754966787458607236e+00
2.808764141041393714e+00
2.901807367831297224e+00
2.906578056753336803e+00
2.861457845225052310e+00
2.828397956441066174e+00
2.853886297664992799e+00
2.883624628830874670e+00
2.832176724711930937e+00
2.740027372126052185e+00
2.758102427394602429e+00
2.717406116133545435e+00
2.724032488793039164e+00
2.782614957194041949e+00
2.761306574793896296e+00
2.687248406828069758e+00
2.745991442084261269e+00
2.731802884543466092e+00
2.733877466164129189e+00
2.723413483112691047e+00
2.818880983652910732e+00
2.839782738168537879e+00
2.839774991086441602e+00
2.760958348110307714e+00
2.677973300837781068e+00
2.657604560501806823e+00
2.757080702482246792e+00
2.746911174392066002e+00
2.769035030475418324e+00
2.848674253051759475e+00
2.812520044373017392e+00
2.838430023798367507e+00
2.808484822818168691e+00
2.792301738709482617e+00
2.796337962407262623e+00
2.726061811478235786e+00
2.764085563075065366e+00
2.796151283460893033e+00
2.781200100675965903e+00
2.777173023057800005e+00
2.786665570175223205e+00
2.804586600552744446e+00
2.772421865445444666e+00
2.720082719330425114e+00
2.731783483367596688e+00
2.829636195697249335e+00
2.822133590034320516e+00
2.843118886012331537e+00
2.849134780946664947e+00
2.831107380513851357e+00
2.824622806677025810e+00
2.779238924597883020e+00
2.741981947424161792e+00
2.798139560493722033e+00
2.827070214904468859e+00
2.882731517155213474e+00
2.848473450815366181e+00
2.806360988896474673e+00
2.811663386680560706e+00
2.853394294520124497e+00
2.842475857417261942e+00
2.845367287363794961e+00
2.823102902835814110e+00
2.775637043995485609e+00
2.719236841468576582e+00
2.758668881906634063e+00
2.784049209335208275e+00
2.829311753766275750e+00
2.813345695075526898e+00
2.770332110054677166e+00
2.744060859383406381e+00
2.787194108776781754e+00
2.817784413329025295e+00
2.763689201049929878e+00
2.787277524754218305e+00
2.793928417121669838e+00
2.728517546214427547e+00
2.674676055151352205e+00
2.724267791535920136e+00
2.742312163120748991e+00
2.682284660508649665e+00
2.768143601766353878e+00
2.772585436014551430e+00
2.758702774856327533e+00
2.706486652470319942e+00
2.777243777560767235e+00
2.862902897410248837e+00
2.872081823346960050e+00
2.750571940524370707e+00
2.775808891116245292e+00
2.784682387634180412e+00
2.774910809377483467e+00
2.755859212659456325e+00
2.768477379354941093e+00
2.837341889868050249e+00
2.848379363778637874e+00
2.865512694091582713e+00
2.872390293814543138e+00
2.871918000222151157e+00
2.824729721583996156e+00
2.789800888952471247e+00
2.684746915446594162e+00
2.752626745492385396e+00
2.768637932269223612e+00
2.777124051964549700e+00
2.763110746966179310e+00
2.756613139343277563e+00
2.767781783305902188e+00
2.764053002386170022e+00
2.838512638689494771e+00
2.919224897125947571e+00
2.968061657041511037e+00
2.921016603855582705e+00
2.866888906114081870e+00
2.827852011686609046e+00
2.876080144919469728e+00
2.834252282348908913e+00
2.858558028097383463e+00
2.807209646606394937e+00
2.724902016587018583e+00
2.765680567238378629e+00
2.760842081684499849e+00
2.796008226025095134e+00
2.880093922079625113e+00
2.906890090801508730e+00
2.907620504811451401e+00
2.909367628884325097e+00
2.851194311161552530e+00
2.761877260125800593e+00
2.739921531723125803e+00
2.757486899334247177e+00
2.699863329874310658e+00
2.707562002983495919e+00
2.753519565937383895e+00
2.745348429616904173e+00
2.777002880805131468e+00
2.743352875588556117e+00
2.822421123787164365e+00
2.860937259011458789e+00
2.953099219464188518e+00
2.953782321025027802e+00
2.837033133398338958e+00
2.844728809570430617e+00
2.789848382977111019e+00
2.801597758422861073e+00
2.865642510851624358e+00
2.889758986490049697e+00
2.903841937847168708e+00
2.904154782376448640e+00
2.867205085095937189e+00
2.862399517887047384e+00
2.918641464791453810e+00
2.904750247439527922e+00
2.949129023966228669e+00
2.937443446264115021e+00
2.900425313639363178e+00
2.849661909771052049e+00
2.765837486187502137e+00
2.760081520535218047e+00
2.783481812406899625e+00
2.793385222270641233e+00
2.751204826980353957e+00
2.692184800491971952e+00
2.766854712484918100e+00
2.829783914011810175e+00
2.849991929813135538e+00
2.762449818548746272e+00
2.727945930549210640e+00
2.809581107567460823e+00
2.812627597105596511e+00
2.804662368271802819e+00
2.812704214808233072e+00
2.842179621346969220e+00
2.839777103929109536e+00
2.856085958090197163e+00
2.933231323983842120e+00
2.885852040559252263e+00
2.866831700675852357e+00
2.896628730092967619e+00
2.839595921957911440e+00
2.772316901077508167e+00
2.705427692620891555e+00
2.709365977493627842e+00
2.709818813131239512e+00
2.812286258544816064e+00
2.791917441472795414e+00
2.832068855095157822e+00
2.802173977468208399e+00
2.841438016216436768e+00
2.879287064535247076e+00
2.938704816751760429e+00
2.898830281337629877e+00
2.904720296345243646e+00
2.880798673979144908e+00
2.819522831969976995e+00
2.771567967775641961e+00
2.755943939923306996e+00
2.749821448748991148e+00
2.790484366557175466e+00
2.905922745015771635e+00
2.884368388399789485e+00
2.902766439105978424e+00
2.899525995744822282e+00
2.900757487278107671e+00
2.824678565784079165e+00
2.809941458464926711e+00
2.727667685037896916e+00
2.740544836341853863e+00
2.795990522158470881e+00
2.809254349467131817e+00
2.757142905255365761e+00
2.803085977989258737e+00
2.708220633552591572e+00
2.748312027408823965e+00
2.704726788420597661e+00
2.776790593472975743e+00
2.789779561184001277e+00
2.761746005700017381e+00
2.791859774415613504e+00
2.795314651340703449e+00
2.790961483073530314e+00
2.721764317497016528e+00
2.689348620019353042e+00
2.717967990981497994e+00
2.844346322092301094e+00
2.830687902259802602e+00
2.939955611909812472e+00
2.893834307627165980e+00
2.876500130366762331e+00
2.855811443355460888e+00
2.857154878546138477e+00
2.827418787516274623e+00
2.809062477055289886e+00
2.746085577690542401e+00
2.729651626123744013e+00
2.753652846674758070e+00
2.814467622837399929e+00
2.884045422665877823e+00
2.824717507999694011e+00
2.825797940405506026e+00
2.876964719978331697e+00
2.810887760121346002e+00
2.823312239197074636e+00
2.792866090595823803e+00
2.842717537850006249e+00
2.824694850775920418e+00
2.823374930823038920e+00
2.910583446664946727e+00
2.901267653974724414e+00
2.812291592278439278e+00
2.738382186620414327e+00
2.736279225517746827e+00
2.783908403665608766e+00
2.765261108828604542e+00
2.816634516581801417e+00
2.852115004693884792e+00
2.887674150592479005e+00
2.867054586156322582e+00
2.872710392643155863e+00
2.879725855007729596e+00
2.835688805211178387e+00
2.784140980625801731e+00
2.812958051589109942e+00
2.835073367657351628e+00
2.911549072229420609e+00
2.929174798471406049e+00
2.913635872925785186e+00
2.870022647994262766e+00
2.773960886530305370e+00
2.726138844593209321e+00
2.760949293268530891e+00
2.704012204114471185e+00
2.747127590775499506e+00
2.744239421041830163e+00
2.743992164711845039e+00
2.692936129951840840e+00
2.734601433481669286e+00
2.779088699556025777e+00
2.814104831025311615e+00
2.796688041237349154e+00
2.814516832424350579e+00
2.806853932786670835e+00
2.787410446991974489e+00
2.697840617975791666e+00
2.639650355634245660e+00
2.715879415585308543e+00
2.762427555611187469e+00
2.715511369889656912e+00
2.745466991242108801e+00
2.816091262725694655e+00
2.799817494052067257e+00
2.785203942263474008e+00
2.685122902215091756e+00
2.726146731194049266e+00
2.728495006409211054e+00
2.748237435157304454e+00
2.834725207140897041e+00
2.910638417942015277e+00
2.825669655143714376e+00
2.797437756233371431e+00
2.828752021651950610e+00
2.863488955801994251e+00
2.943562127762891389e+00
2.963314529374160067e+00
2.936774080517600805e+00
2.866378028104457520e+00
2.803473024660662283e+00
2.784659763777255215e+00
2.758795933011356283e+00
2.777066617854170083e+00
2.769259467800011087e+00
2.713548967680517343e+00
2.734349831312738122e+00
2.738698230911905451e+00
2.720864752243301599e+00
2.733570924633198729e+00
2.788141137030189842e+00
2.773923034260322940e+00
2.791671184075947387e+00
2.792877011255597619e+00
2.836598314883515215e+00
2.908927465579022709e+00
2.907560145551592701e+00
2.866199748796304902e+00
2.831219172017595653e+00
2.785776372934482215e+00
2.711767504783549221e+00
2.711518762612570299e+00
2.679733755431684461e+00
2.767583964399273899e+00
2.718682769283683687e+00
2.674648761987263423e+00
2.729200798768752989e+00
2.738607127720221524e+00
2.742614446107947135e+00
2.747064797197182884e+00
2.830596050304599931e+00
2.883439786088830559e+00
2.834086448928472279e+00
2.857660231728047506e+00
2.837226991271582843e+00
2.863562117363616544e+00
2.941708517171611525e+00
2.932986703004294871e+00
2.974195017143293818e+00
2.952324169192807268e+00
2.993203968993760178e+00
2.954324457469084120e+00
2.961983457077368431e+00
2.955588773831705041e+00
2.983294320042861880e+00
2.957034156042165129e+00
2.918338911093090182e+00
2.914132117801113253e+00
2.915980967016074565e+00
2.815770232103464998e+00
2.758065445198862431e+00
2.855950104606170825e+00
2.850335594276575790e+00
2.835706084910775804e+00
2.877918344915296966e+00
2.885787414207775736e+00
2.885906963157336413e+00
2.941016660952467277e+00
3.005392819582824337e+00
2.952671502216255295e+00
2.833015354706006406e+00
2.830471868787958645e+00
2.856903568551098171e+00
2.840617890530157119e+00
2.874732335366199543e+00
2.832247340893799592e+00
2.786041456977982556e+00
2.734392985655134556e+00
2.685549664407642201e+00
2.695384388171750079e+00
2.827069861181361610e+00
2.863116309198772136e+00
2.880721610985691683e+00
2.811020099536821082e+00
2.773887164251639170e+00
2.787282906344456190e+00
2.746375975717818552e+00
2.751556105188480927e+00
2.727241096786273911e+00
2.732318795455610960e+00
2.732015556324670413e+00
2.743581782998276264e+00
2.776548576920634392e+00
2.870406591408262820e+00
2.899354583351267500e+00
2.894048030009177541e+00
2.881679024457789673e+00
2.900591146645800311e+00
2.862672876875735017e+00
2.864206871020317902e+00
2.850425582259603630e+00
2.891445313333800282e+00
2.865444817127002164e+00
2.900621312753528080e+00
2.981264999962264017e+00
2.893902728151034776e+00
2.876807431859143449e+00
2.879732105595935288e+00
2.899443049966665686e+00
2.875987134880822360e+00
2.957267657821996742e+00
2.953453740961587748e+00
2.936586623956459974e+00
2.914131431490350810e+00
2.865283581078843511e+00
2.800671526616429041e+00
2.767789370598853882e+00
2.778823492055585653e+00
2.739264864886198136e+00
2.733021953808640880e+00
2.748711698232464862e+00
2.720769927796174326e+00
2.747699765258205584e+00
2.810059429976526690e+00
2.781294123245507954e+00
2.736261317929995940e+00
2.757594966633062139e+00
2.747491401260430344e+00
2.762315876216911104e+00
2.782618550933634527e+00
2.737705791351583873e+00
2.710659329388331429e+00
2.768850664084287594e+00
2.743280700183632348e+00
2.709628387805235850e+00
2.679278447642200689e+00
2.690076021230626502e+00
2.714474166390242083e+00
2.772006854248380225e+00
2.738284134270949188e+00
2.726369930878786541e+00
2.758696250042762088e+00
2.783402414312383222e+00
2.712148594749189012e+00
2.718055554987792721e+00
2.693925759927322083e+00
2.746223770926178531e+00
2.729269132936507969e+00
2.710109591880003777e+00
2.721554335301795913e+00
2.753917028525005861e+00
2.845697981163848311e+00
2.807678934636223644e+00
2.790503538790087390e+00
2.840385537211453926e+00
2.885093066089896574e+00
2.860358369155865166e+00
2.896328883258943776e+00
2.852863298512566370e+00
2.862595151256984938e+00
2.927572031564723343e+00
2.983230966586395638e+00
2.943270459879621992e+00
2.883874130401671732e+00
2.840291710370609124e+00
2.769685361191772444e+00
2.733392946504398680e+00
2.755330107264826189e+00
2.765365075356235991e+00
2.821014179333383165e+00
2.811315884065680670e+00
2.771921716066310548e+00
2.753085178486128992e+00
2.741510714916138625e+00
2.760687414395190498e+00
2.765336326742192430e+00
2.799642298580302668e+00
2.816284431658137688e+00
2.759826443818524044e+00
2.752227461530023955e+00
2.718486711389261234e+00
2.787080192603004214e+00
2.815968217150186970e+00
2.798486912601164889e+00
2.778157842887980955e+00
2.838581688097068234e+00
2.832802675796533443e+00
2.799094317810673527e+00
2.850877759568094749e+00
2.830293624343594772e+00
2.843546201488556413e+00
2.805595480463995983e+00
2.779615261146765715e+00
2.793212308436292091e+00
2.793066057220988441e+00
2.810158180601227240e+00
2.809816542053947153e+00
2.883301059549626899e+00
2.929263730018176304e+00
2.839197245701678529e+00
2.918264724112601627e+00
2.910173362533579500e+00
2.922152802301755337e+00
2.883694331929096855e+00
2.908543449907530665e+00
2.940985379086403562e+00
2.902904063175357763e+00
2.898103172766628433e+00
2.885318006736866003e+00
2.941019041080829233e+00
2.827696235453871942e+00
2.730806840477737030e+00
2.794227800305479903e+00
2.857076827808450403e+00
2.818305341867697766e+00
2.790260561309642728e+00
2.813869044571903899e+00
2.809123350798252261e+00
2.816788419459296033e+00
2.785108435950025996e+00
2.780448524968588853e+00
2.741631995728091908e+00
2.810879933401638997e+00
2.793257775429973222e+00
2.778065154023569683e+00
2.744188951220378758e+00
2.762426107609034176e+00
2.750182903008452584e+00
2.759021928147726843e+00
2.728995053128532078e+00
2.750826966568416854e+00
2.735022851824093770e+00
2.749216070082524332e+00
2.757350177253516943e+00
2.834193183253392867e+00
2.805419576462672371e+00
2.791534524235729009e+00
2.772125899016853356e+00
2.778824391716756104e+00
2.781169178600971126e+00
2.817594718904760764e+00
2.802221440214887949e+00
2.791780972784218662e+00
2.803773350326306257e+00
2.774530410718181628e+00
2.764085743966710140e+00
2.711702417301721457e+00
2.785662039803105117e+00
2.804722089619575698e+00
2.741002918641276764e+00
2.833944424296285014e+00
2.771679093978954622e+00
2.747036585122229368e+00
2.750213082653778951e+00
2.743025154824505485e+00
2.748925062638122085e+00
2.750863319032772480e+00
2.796054005200901305e+00
2.841620136471445957e+00
3.007783403106015108e+00
3.052208053196898696e+00
2.955933185983742550e+00
2.924467985805281778e+00
2.968295975808342035e+00
2.902554909041342945e+00
2.893840873303160866e+00
2.849322902024268966e+00
2.878491966290682491e+00
2.849372387035433274e+00
2.888886809828312252e+00
2.890523482001140732e+00
2.891712987141012992e+00
2.885668206845687145e+00
2.921928986132277917e+00
2.844851314216614302e+00
2.738885174665050215e+00
2.746823074025700251e+00
2.787367754710526224e+00
2.801845284807853442e+00
2.835494489502668802e+00
2.926915782867693050e+00
2.930217227442361239e+00
2.880914091048186965e+00
2.910366643569156864e+00
2.830308993731956768e+00
2.808956567837957330e+00
2.765336507552019985e+00
2.778964915215735854e+00
2.840597472363868281e+00
2.822838642218148841e+00
2.819803007303878672e+00
2.838461026683297472e+00
2.847096240031235848e+00
2.783350139669818368e+00
2.760387472801599351e+00
2.693571235367648420e+00
2.697498656162779174e+00
2.704586844603071860e+00
2.731479635655371663e+00
2.766520919855839367e+00
2.723284781288949130e+00
2.780999280834139054e+00
2.860600111864641804e+00
2.879817008075339579e+00
2.957280000270518627e+00
2.878800618313119397e+00
2.830891379053601220e+00
2.818825819379410014e+00
2.802991437732195390e+00
2.802174334333964900e+00
2.803778521923584677e+00
2.781730576457756232e+00
2.761927406721617739e+00
2.757993110941359571e+00
2.847914851255212820e+00
2.830409511007196954e+00
2.789406388463322894e+00
2.821584838348830893e+00
2.878778560431489275e+00
2.875879865362946486e+00
2.882395184564392920e+00
2.815606861761776436e+00
2.880362824367791230e+00
2.851817140000389106e+00
2.846770802154609648e+00
2.852179692796370514e+00
2.785957286104724151e+00
2.716776766685109923e+00
2.772516185705685032e+00
2.833650295996314572e+00
2.883287359941773431e+00
2.871357170398695313e+00
2.870536012663837067e+00
2.921356363061514472e+00
2.862672003565899459e+00
2.887212323331971309e+00
2.923616595930457862e+00
2.887506536789137712e+00
2.889502725383729320e+00
2.838798689586847335e+00
2.825487745505189885e+00
2.855319771934485384e+00
2.784746667113545460e+00
2.809676849746248095e+00
2.862888226948443027e+00
2.928456760821303462e+00
2.840600288671392359e+00
2.741328874834247031e+00
2.698866799232596314e+00
2.746286583734479425e+00
2.776736753817329095e+00
2.810356027267719714e+00
2.820971818363310124e+00
2.767274832755142189e+00
2.701794588787238105e+00
2.729057163197575964e+00
2.712618108027740949e+00
2.658159701748560977e+00
2.698723587179687744e+00
2.704196738404955891e+00
2.730519547631915955e+00
2.785685732454398433e+00
2.758896518537801157e+00
2.776910153389914981e+00
2.832268701941961009e+00
2.863285874655201013e+00
2.828690156238395481e+00
2.813371109541006998e+00
2.799149870942961638e+00
2.751032715181700450e+00
2.768211697106996549e+00
2.758482372609982747e+00
2.692171799867162818e+00
2.725770716696471752e+00
2.747223507470769821e+00
2.782008986326248490e+00
2.808701835368076161e+00
2.837133236208690512e+00
2.808667121607685502e+00
2.772935087592206749e+00
2.752505404172714609e+00
2.736829004523301023e+00
2.723693448242661130e+00
2.788113519927049033e+00
2.707053933707268989e+00
2.754310621553059502e+00
2.727025119062895797e+00
2.745812265978866851e+00
2.763752159655420648e+00
2.824627763086668963e+00
2.830127028951174406e+00
2.850749725949298430e+00
2.874398893681947342e+00
2.843335365376374213e+00
2.772855928460762787e+00
2.725495000912678378e+00
2.768749537246010917e+00
2.710242424581240872e+00
2.755097275959597969e+00
2.773277122827792596e+00
2.817395428405462976e+00
2.880177945891538638e+00
2.877054744004708731e+00
2.825448813905500511e+00
2.841261867551106324e+00
2.899489265370713387e+00
2.903486524852492145e+00
2.888243930141635829e+00
2.862808062025814504e+00
2.806517058562089328e+00
2.793179013239216246e+00
2.783304151543629423e+00
2.757370123868031264e+00
2.778157122986387062e+00
2.779475849868100479e+00
2.806780718189435309e+00
2.866832921535539924e+00
2.860484749129069915e+00
2.885325284954886271e+00
2.905532137148030269e+00
2.856112567809609537e+00
2.878535391479493555e+00
2.858479316000029691e+00
2.797610587626519152e+00
2.812350796042342616e+00
2.773686536002220482e+00
2.736357250068053304e+00
2.799437264880211718e+00
2.821791983828716432e+00
2.808183220518206014e+00
2.815125396851799078e+00
2.816917996676509883e+00
2.822696228785520844e+00
2.837371142448587236e+00
2.841689286322485408e+00
2.779270767665503516e+00
2.723512070837946553e+00
2.770401775916266018e+00
2.842181732402064398e+00
2.800790424148154489e+00
2.772363251812431262e+00
2.819198645005349668e+00
2.794154433813564431e+00
2.826959143673640096e+00
2.892969927254688933e+00
2.832482656610627370e+00
2.841037310561056906e+00
2.835306332656138295e+00
2.813333076619261686e+00
2.826617059313129232e+00
2.874136044100904286e+00
2.958040398642317381e+00
2.895056821549449211e+00
2.856196771932914213e+00
2.857099578243642579e+00
2.874426899400991164e+00
2.851868510292857373e+00
2.856825860986280219e+00
2.879356351686953808e+00
2.840021126681983255e+00
2.781390120065863503e+00
2.785851754849851591e+00
2.713506587425208227e+00
2.747917393227096383e+00
2.759902534510955796e+00
2.828903674570768967e+00
2.936854269452265243e+00
2.929285407740256364e+00
2.888618701040343684e+00
2.865342213418843542e+00
2.861458369433321103e+00
2.878461394564811648e+00
2.927754941930762023e+00
2.928602909238465113e+00
2.919485913649866760e+00
2.826274933547689994e+00
2.763203032714027341e+00
2.719128904631040289e+00
2.734063825151125116e+00
2.744401209735924052e+00
2.777220372962865724e+00
2.799144333541949248e+00
2.749870724234141139e+00
2.749087484966602268e+00
2.796999284948067377e+00
2.822365674394443413e+00
2.882284337118736772e+00
2.952168524999885690e+00
2.948281702958520878e+00
2.911393137314161716e+00
2.921612739566967765e+00
2.867077606204617712e+00
2.869090622479534058e+00
2.904688279316732569e+00
2.941470040642943928e+00
2.968152455653179089e+00
2.947247699125405962e+00
2.986249487233108013e+00
3.011633775876476182e+00
2.963653488517171475e+00
3.085919960076735080e+00
3.066252598857439615e+00
3.024968429587324703e+00
3.027584680896638680e+00
3.010042358505939486e+00
2.991560295230567768e+00
2.937954390387979231e+00
2.918513662808519538e+00
2.879008336215788333e+00
2.790810993241928273e+00
2.744164353678547830e+00
2.745280313556341056e+00
2.807307072623157485e+00
2.800840588109220430e+00
2.772337100714846958e+00
2.783398103038801530e+00
2.827878003026296660e+00
2.915712262895637341e+00
2.981815218956398894e+00
3.021674039336473605e+00
2.947126397017949540e+00
2.969898483113522669e+00
2.965320050180081601e+00
3.009215512388569103e+00
3.022244861026320173e+00
2.903617743436625265e+00
2.805335987007616882e+00
2.735970211826144638e+00
2.668294961206500560e+00
2.800263559024400273e+00
2.903268847351205828e+00
2.938940285204856284e+00
2.862709555648284443e+00
2.837994538402073719e+00
2.812994134369995347e+00
2.751124497364668464e+00
2.773521047333154410e+00
2.861072176649865462e+00
2.861598154877794897e+00
2.825278393362324891e+00
2.775192065425382992e+00
2.819299381051965980e+00
2.771027968101368977e+00
2.782462218970816359e+00
2.822700302901461011e+00
2.811494975986974953e+00
2.878004343290677003e+00
2.854842377435223622e+00
2.808139241561927513e+00
2.832336314776195074e+00
2.939562552489740632e+00
2.965688790146396858e+00
2.945102714677367839e+00
2.990627693311221691e+00
2.947963703982801942e+00
2.919356607199606657e+00
2.894686511524175554e+00
2.886985451989670715e+00
2.874162312744358960e+00
2.842619214738407507e+00
2.895504446551584898e+00
2.877821050725704932e+00
2.921251444158821542e+00
2.925988721782776025e+00
2.928463931825010746e+00
2.909515079871558108e+00
2.922499443969150956e+00
2.899534617830937577e+00
2.920064896539115384e+00
2.932565600289275931e+00
2.921514333355220483e+00
2.886098577665010989e+00
2.887946848541365075e+00
2.935076659986924685e+00
2.941668404154349936e+00
2.965188358266638069e+00
3.017931410751410581e+00
2.977720101016883003e+00
2.993721596942507723e+00
2.971428780906586020e+00
3.015721638347943045e+00
3.049591120133976485e+00
2.985332309810751372e+00
2.970736272374241427e+00
2.982859534071291563e+00
2.977859298220787210e+00
2.972286998255719848e+00
2.957508748930423259e+00
2.950578756786539358e+00
2.941575938166478998e+00
2.974364638036163910e+00
2.931649535671001505e+00
2.888147156915657821e+00
2.843811878447658259e+00
2.808243935273430303e+00
2.788482382945963511e+00
2.794582258585351031e+00
2.774362269062927489e+00
2.774167082206837165e+00
2.815742530843330371e+00
2.906430628795396043e+00
2.952328064426444687e+00
2.915863165513772781e+00
2.932825429513322035e+00
2.896282099520004039e+00
2.842577175733316253e+00
2.781016720553833643e+00
2.723031399011036413e+00
2.732581380306906560e+00
2.740946004575792294e+00
2.705067281972853621e+00
2.681029839446028351e+00
2.736068164355559773e+00
2.747374382933640113e+00
2.764477165758473021e+00
2.711931046321052641e+00
2.776248007653494110e+00
2.849326587107908093e+00
2.844633368291949349e+00
2.876099268106022233e+00
2.836139806144964748e+00
2.812337284181966712e+00
2.779988129471059555e+00
2.766865374390304222e+00
2.773069418532468244e+00
2.784345704110752440e+00
2.821508284588227333e+00
2.795160639390874113e+00
2.740973732088653581e+00
2.789951254054450658e+00
2.733358008018708318e+00
2.722861178980668484e+00
2.850596253417870152e+00
2.872809426328171600e+00
2.892099929117250223e+00
2.923352356456539347e+00
2.822641670492377575e+00
2.777943663935609653e+00
2.724776688097576560e+00
2.772130047454483659e+00
2.815069981368136354e+00
2.806089627934218456e+00
2.808940191602519842e+00
2.825688234749191174e+00
2.863548148713410679e+00
2.906427360179504760e+00
2.955276298419490022e+00
2.962688137485955053e+00
2.965086339383728564e+00
2.939229320757399400e+00
2.866907218589398010e+00
2.819490202146480051e+00
2.831314888881136582e+00
2.917431233122727896e+00
2.895554351069929311e+00
2.806976665382169056e+00
2.755868102794471142e+00
2.733231603797966258e+00
2.690010780647542621e+00
2.706796445985549138e+00
2.767991690738972999e+00
2.836669349783297989e+00
2.865466454174608213e+00
2.848574906861323530e+00
2.878355433229190297e+00
2.768993499450657758e+00
2.709831913606450815e+00
2.751517036109353498e+00
2.753387731504591596e+00
2.811930653483474263e+00
2.818156312201294700e+00
2.781808584356586955e+00
2.858428414356392278e+00
2.914067089138477229e+00
2.911331310586274590e+00
2.840082569222239783e+00
2.914758823642189967e+00
2.962612529508373171e+00
2.913343954976823635e+00
2.845170293673121797e+00
2.868196994629204521e+00
2.788428589725761686e+00
2.738143531665204744e+00
2.801881510699551381e+00
2.817176955748431411e+00
2.825163535089606270e+00
2.783249360010705331e+00
2.758149560846909765e+00
2.774711876934251809e+00
2.728635739705833174e+00
2.791605452065172965e+00
2.874252946419295629e+00
2.897754130356818170e+00
2.862489126616902801e+00
2.789674353755290603e+00
2.819968971460502072e+00
2.814187982349437789e+00
2.875707043493825221e+00
2.885692464556817605e+00
2.872892967028183975e+00
2.923739215456809148e+00
2.902300122316780584e+00
2.896923022795048208e+00
2.877670238230920052e+00
2.801043198524435063e+00
2.854115800033348194e+00
2.886785929022102071e+00
2.885565629127156306e+00
2.810594599012814054e+00
2.739371095707918258e+00
2.741917212462841480e+00
2.777907305868934529e+00
2.733016282424969745e+00
2.804728150819611798e+00
2.775738100037537848e+00
2.710526517118030387e+00
2.786712938212330570e+00
2.800306054701878100e+00
2.814218363951169977e+00
2.790806693413214301e+00
2.779386083292496146e+00
2.739371825802404459e+00
2.724417185381123208e+00
2.733190443419558413e+00
2.706812516595857421e+00
2.743041195461708881e+00
2.750522314034191229e+00
2.742218262647960980e+00
2.719967830692120447e+00
2.766411393845825017e+00
2.769663336941874388e+00
2.750613386137717331e+00
2.754949908800520930e+00
2.741296955822189574e+00
2.740941079264565428e+00
2.823250608784137139e+00
2.811938299465335245e+00
2.840843008685978166e+00
2.839964436397047542e+00
2.934284410209753613e+00
2.946876481972056094e+00
2.938092918884628535e+00
2.942469201198204765e+00
2.943943783430655436e+00
2.860047027585386203e+00
2.913201160235935117e+00
2.884704664259410745e+00
2.873369276650671544e+00
2.946859684477698416e+00
2.943708375501893570e+00
2.923093737805888548e+00
2.974328495644016801e+00
2.920596000819010829e+00
2.895660546403877600e+00
2.847669397946327674e+00
2.880687591530882941e+00
2.921660829049121944e+00
2.939215711716307133e+00
2.916504414534633050e+00
2.884170764708636536e+00
2.869119028552144179e+00
2.843738912066295921e+00
2.863755750758085306e+00
2.928922839543575130e+00
2.891451711511018541e+00
2.883114114980536158e+00
2.854932923905568742e+00
2.893777807641768618e+00
2.941537183174810721e+00
2.932126532058260349e+00
2.914716795848268482e+00
2.897980848798004327e+00
2.873545197138892782e+00
2.827913188200798178e+00
2.771634355393943316e+00
2.772896139418135508e+00
2.777713268139820002e+00
2.756774020481185250e+00
2.749614336593406705e+00
2.734583880593169702e+00
2.767600766006542479e+00
2.761458672513496193e+00
2.818075229655872871e+00
2.911029027680761772e+00
2.917146036796923969e+00
2.864703475056362691e+00
2.809875086191555127e+00
2.750251079447110669e+00
2.787205410442509912e+00
2.810386094471718721e+00
2.768504831131779031e+00
2.729889924520767064e+00
2.699965555335845480e+00
2.731536930008452213e+00
2.756219512303038854e+00
2.838787945585228290e+00
2.894510321280613585e+00
2.939513054912326506e+00
2.948905220586107490e+00
