4.879464007449999308e+00
4.254230130117551134e+00
2.969420650564685626e+00
2.744204256246244089e+00
2.693872491414543102e+00
2.778676123624341798e+00
2.929024581665371052e+00
2.977020826262389619e+00
2.863375106408519333e+00
2.720022426378135183e+00
2.753180342803573488e+00
2.907932083113359045e+00
2.754451306521862985e+00
2.709355827498485247e+00
2.811767771349547029e+00
2.819364112703429903e+00
2.703748509014844981e+00
3.096116761364144487e+00
3.138339847753904621e+00
2.773086727817938080e+00
2.844261591344930729e+00
2.900852288552452585e+00
2.797398255522441257e+00
3.325020751814941722e+00
2.852983526065302033e+00
2.906110459015623704e+00
2.868908154681847122e+00
3.148264442514318695e+00
2.808402570857674974e+00
2.911991414822509228e+00
2.949004916916891261e+00
5.922489088212826935e+00
2.721170520198982423e+00
3.042123929099535662e+00
5.955125691368739815e+00
2.675526677123590158e+00
5.657426711854073531e+00
3.132249032245042031e+00
2.776110228359097487e+00
3.035424517262783173e+00
2.913885035480981767e+00
6.132883987162972339e+00
6.086157161953674510e+00
2.962749567547010354e+00
2.760672925212257489e+00
2.853877362466719525e+00
2.886892273708875578e+00
2.861018000642428394e+00
3.014422166850555307e+00
2.857098178222092777e+00
2.800375331986767247e+00
2.891769008755713077e+00
2.879167588036513958e+00
2.869346441264979397e+00
6.125321624208805105e+00
6.136072114960841262e+00
6.195369319096320382e+00
2.905607853788945150e+00
2.897396417475524011e+00
2.692502553387832620e+00
2.856164911205233636e+00
2.674702413353679642e+00
2.802600578034622369e+00
2.880914091048186965e+00
2.929837367500114365e+00
2.897191916321733451e+00
2.806661005536649878e+00
5.392633586662457290e+00
2.691223699360571597e+00
2.784590813746249172e+00
5.977130917087227324e+00
5.731289034763470625e+00
6.274747006852148701e+00
6.113541853950130722e+00
2.786000000000000032e+00
2.989922574248370157e+00
5.883297289785719641e+00
5.576057388513858903e+00
2.978220106036489678e+00
2.963036618065999939e+00
3.131698740300541850e+00
2.941349520203269563e+00
3.013707019602270609e+00
2.834230759835902891e+00
2.851423504146657351e+00
2.819691472484179950e+00
2.892039764595224050e+00
2.836897777502742191e+00
2.909195593286914239e+00
2.751909155477338498e+00
2.820901628912288128e+00
2.750726085963485890e+00
2.672079527259620946e+00
2.718657021398616980e+00
2.767714038696917456e+00
2.897767589024350610e+00
2.849558737769762207e+00
2.685099998137872035e+00
2.900432726335848255e+00
2.898570164753649259e+00
2.822608013876528155e+00
2.760074998981005834e+00
2.939401639789975818e+00
2.905944596856588458e+00
2.929179065881769795e+00
2.827390846699479710e+00
2.895811112624578687e+00
2.882126645378374263e+00
2.854889314842171011e+00
2.778168281440128951e+00
2.873618276667936566e+00
2.868357543961352452e+00
2.913788255862117538e+00
2.802409855820522377e+00
3.214502449835744180e+00
2.796658899472726389e+00
2.875530038097324326e+00
2.714736267116936386e+00
2.827901872413538964e+00
2.932457160812413921e+00
3.016566757093235296e+00
2.844729864152306220e+00
2.855472815489581428e+00
2.790449067802528216e+00
2.722749345790023145e+00
2.927644957982439511e+00
2.788444189866456924e+00
2.862945685827797959e+00
2.984882242233351413e+00
2.938672829697106970e+00
2.785582165365078300e+00
2.744059948324744092e+00
3.206399382484971028e+00
3.072276354757169425e+00
2.794681556099012809e+00
3.047670257754273138e+00
2.818334437216420518e+00
2.886703483214027699e+00
3.142469888479442641e+00
2.677966019201887260e+00
3.046924022682548472e+00
2.744395015299363916e+00
2.902831376432327470e+00
3.477216415467981214e+00
6.267323033002208277e+00
2.712161499616127180e+00
5.925730081601759736e+00
3.067690173404086895e+00
2.770645773100559595e+00
2.834928217786122584e+00
2.772162513273707773e+00
2.793339220359746911e+00
2.908240189530431508e+00
5.906429293574926298e+00
5.501911395142601080e+00
2.848519264460045441e+00
2.732845586563573015e+00
2.791614944794500452e+00
2.649649410771168334e+00
3.116331336684211362e+00
2.920335939579554729e+00
2.837274220092234955e+00
2.940685974394409818e+00
2.857565572301010270e+00
2.805794896281621931e+00
2.925337245515463813e+00
2.806959565081050822e+00
2.796605084741140335e+00
2.829521691028361374e+00
2.874598580671742454e+00
2.858427714671126996e+00
2.890889482494963580e+00
2.842483773040753281e+00
2.696389066881855090e+00
2.834626254023623559e+00
2.663794661756044846e+00
2.963209239996392519e+00
2.904491005322619390e+00
2.959671265529332462e+00
2.978246128176783358e+00
2.953679400341208350e+00
2.861586098652284083e+00
2.909283416925893206e+00
2.811882998988399773e+00
3.050233433689953255e+00
2.943244808030756055e+00
2.838304247257506852e+00
2.769560434437204677e+00
3.099442691839937591e+00
2.847286076248749520e+00
2.820298920327418024e+00
2.771580595977681583e+00
2.796974436779857687e+00
2.854856388682274648e+00
2.758177840531679692e+00
2.907651457792010063e+00
2.825507741981960752e+00
2.822524579166672432e+00
2.838082803584137448e+00
2.946619249241408056e+00
2.920416751081940543e+00
2.805410665125517511e+00
2.849465563925979605e+00
2.713616774712302337e+00
2.893460557878749118e+00
2.864131631053293603e+00
2.900730597625364116e+00
2.929497567843332373e+00
3.037031939245947498e+00
2.740335928312439329e+00
3.012375474604718217e+00
3.015416720786697535e+00
6.168169501562031698e+00
5.904068851224551828e+00
5.824323651721288186e+00
2.846722677044605465e+00
5.739117963589875693e+00
2.838282579307423337e+00
5.962130072381849111e+00
2.811395383079370536e+00
2.913266379856123134e+00
2.729348823437561133e+00
3.170948911603590936e+00
2.752264703839367499e+00
2.870652364881544294e+00
2.880683599425664099e+00
6.059099685596862628e+00
5.577268507074049531e+00
2.894787902420486780e+00
2.798769908370461135e+00
2.647741112722314494e+00
2.992285247097943746e+00
5.578307807928852391e+00
3.039767425313982141e+00
3.112082743115934136e+00
2.684245517831779893e+00
2.739378396644026825e+00
3.130175074975839244e+00
2.783150013923072486e+00
2.857619463819491834e+00
2.735636123463791147e+00
3.127125197365784981e+00
3.201468569266298747e+00
2.944703210851646880e+00
2.729215821440290846e+00
2.807675551056425078e+00
3.001082971195564220e+00
2.973216776489733704e+00
2.705349515312208464e+00
2.805462350486992218e+00
2.757847530230777888e+00
2.680589114355275360e+00
2.751403460054522299e+00
2.868266375356375519e+00
2.823465600994635949e+00
2.834262690718698963e+00
2.810214404631788732e+00
3.305085475445378229e+00
2.865166312799310777e+00
2.756056784610941168e+00
2.696066393841219710e+00
2.861988469578450101e+00
2.979970805226118458e+00
2.913945092138834347e+00
2.746202833004146804e+00
3.087997085490852722e+00
2.808248564497095590e+00
2.906976780093022850e+00
2.865993719462762712e+00
2.862122464186324766e+00
3.116131897080095747e+00
2.844840417316936154e+00
2.915192961023335361e+00
2.877515768853404321e+00
2.746531995080341293e+00
2.770468552429353526e+00
5.979278384554444159e+00
2.847760172486440755e+00
6.132117415705605978e+00
2.918345250308812311e+00
6.131390543751066957e+00
6.150228044552494389e+00
6.051305478985505637e+00
2.814198464927447407e+00
2.784288418968121626e+00
6.161324938679991092e+00
5.758023792934515939e+00
2.687839466932502308e+00
2.733369715205025141e+00
3.004667202869562459e+00
2.728467885095956280e+00
3.109108714728386680e+00
2.835335077199871101e+00
2.870053309609422509e+00
2.831054573829336007e+00
2.811348786614709994e+00
2.828700938593544212e+00
2.880984206829326322e+00
2.925981202947140591e+00
5.670817225056720368e+00
8.053111820905010987e+00
7.711052392507783182e+00
6.093319374528139321e+00
7.866631490034346363e+00
6.225195097344339068e+00
2.764788599513532841e+00
2.731169346635246242e+00
3.153596201164632351e+00
3.385845979958332475e+00
2.697234509641310396e+00
2.929658853859950174e+00
2.885645335102704490e+00
2.774191053262193840e+00
2.978416693479943422e+00
3.018249327010610106e+00
2.751629517213390663e+00
2.741523299189704499e+00
2.886400353381354034e+00
2.829046659212250958e+00
2.796178999992668501e+00
2.776759442227576091e+00
2.756521177136138423e+00
2.969386973770849369e+00
2.910079895810421924e+00
2.745193253670859868e+00
2.974898653735955190e+00
2.697245075998842001e+00
2.736915417034293529e+00
2.887325752318224303e+00
2.780218336749831654e+00
2.869630812491390959e+00
3.198785238180268831e+00
2.686692576384577702e+00
2.837185048600108672e+00
2.808643978862397805e+00
2.669149115354929158e+00
2.866994244849472739e+00
2.801918093021278811e+00
2.770603724822444214e+00
2.790566609131557740e+00
2.740651199988791475e+00
2.876249989135159169e+00
2.865623841330191546e+00
2.763575582465585878e+00
2.938531095632646029e+00
2.771611264228805549e+00
3.150843061785210342e+00
2.822475686343462797e+00
2.754415001411370412e+00
2.700011481457069262e+00
2.772410683863413272e+00
2.872204205832169066e+00
5.935173207245092897e+00
5.862143208759062141e+00
2.823099537742160603e+00
3.005541881258685599e+00
6.000016749976619934e+00
2.715261129247056537e+00
5.980848267595491485e+00
2.711108629324911590e+00
5.986716462302185349e+00
2.792158304967682358e+00
2.948164344130089098e+00
2.831208046046775006e+00
3.123604008193100245e+00
2.942415504309342289e+00
2.711375665598553031e+00
2.762269537898139227e+00
2.680528492667071383e+00
5.860691170843248088e+00
5.811743025977663457e+00
2.983606207259932752e+00
2.876987660731272545e+00
2.783463489970723792e+00
2.881247819955790934e+00
2.750798793078112592e+00
2.760899128907102984e+00
2.943426914329622779e+00
2.803716997130773159e+00
2.711955198744994355e+00
