-5.958132352080000373e+02
-6.008200001860000157e+02
-6.010507625080000480e+02
-5.988736891600000263e+02
-5.863783670980000124e+02
-5.820777220710000393e+02
-5.703425554839999450e+02
-5.811794398089999731e+02
-5.901479042060000211e+02
-5.963454191050000190e+02
-5.995611368329999777e+02
-5.971637343249999503e+02
-5.845903471489999674e+02
-5.889185550490000196e+02
-5.897723974169999792e+02
-5.907519496610000260e+02
-5.983357638549999820e+02
-5.967447322939999594e+02
-5.739319591409999930e+02
-5.952322762969999985e+02
-5.945250636660000509e+02
-5.977872506569999587e+02
-5.853139344369999435e+02
-5.821958285919999980e+02
-5.667023601050000252e+02
-5.964583942020000222e+02
-5.914292957229999956e+02
-5.954035859269999946e+02
-5.874972454950000156e+02
-5.880119834519999813e+02
-5.826775969110000233e+02
-5.902105312779999622e+02
-5.996902320169999712e+02
-5.937389089580000245e+02
-5.915838158770000064e+02
-5.997604479520000496e+02
-5.786766689439999709e+02
-5.938062195840000186e+02
-5.902498772440000039e+02
-5.929838351749999674e+02
-5.903012339819999852e+02
-5.869755593859999863e+02
-5.945581934350000211e+02
-5.937850607960000389e+02
-6.041484138979999443e+02
-5.988707845689999658e+02
-5.942159685980000177e+02
-5.930011682059999885e+02
-5.921352197679999563e+02
-5.823397046589999491e+02
-5.929893274009999686e+02
-5.733209163620000481e+02
-5.958983332620000510e+02
-5.817050648839999667e+02
-5.994834862159999602e+02
-5.919632451740000079e+02
-5.888480074660000128e+02
-5.963438997140000311e+02
-5.937389511280000534e+02
-5.965409902159999547e+02
-5.999462345350000305e+02
-5.797621033399999533e+02
-5.993698409859999856e+02
-5.965828985860000557e+02
-5.797523822209999480e+02
-6.004617235330000540e+02
-6.006689008770000555e+02
-5.898200632760000417e+02
-5.955762396449999869e+02
-5.762401276120000375e+02
-5.969054868680000254e+02
-5.953515424109999685e+02
-5.988683431990000372e+02
-5.938588844759999574e+02
-6.042326026060000004e+02
-5.979847930360000419e+02
-5.943258780480000496e+02
-5.864975791729999628e+02
-5.857654988560000220e+02
-5.960199235930000441e+02
-5.815249075220000350e+02
-5.974583620790000396e+02
-6.043580241920000162e+02
-5.947699361500000350e+02
-5.894561544849999564e+02
-5.950957966050000323e+02
-5.926701959150000221e+02
-5.944183097070000485e+02
-6.002721097200000031e+02
-5.988118318299999601e+02
-6.013656920040000387e+02
-5.904753786349999700e+02
-5.969182981100000234e+02
-5.987444744209999499e+02
-5.816074572190000254e+02
-5.909440636450000284e+02
-5.829354105300000128e+02
-5.715604965060000495e+02
-5.861005585990000100e+02
-6.035056039119999696e+02
-5.982573208200000181e+02
-5.991942618489999859e+02
-5.955197006910000255e+02
-5.683594253520000166e+02
-5.884189064490000192e+02
-5.852678696440000294e+02
-5.836228360439999960e+02
-5.596478425029999926e+02
-5.848817227499999944e+02
-6.009002628470000218e+02
-5.997941198119999626e+02
-5.863175985350000019e+02
-5.948113441269999839e+02
-5.873127941909999663e+02
-5.977378854510000110e+02
-5.858525940700000092e+02
-5.937789338500000440e+02
-5.985533178209999505e+02
-5.943473521649999611e+02
-5.976469245849999652e+02
-5.988669493469999452e+02
-5.959001951830000507e+02
-5.988400934549999874e+02
-5.963046110970000200e+02
-6.000554590110000390e+02
-6.058437824049999563e+02
-5.904453730999999834e+02
-5.892506968010000037e+02
-5.862191805139999587e+02
-5.708616806149999547e+02
-5.937926941590000069e+02
-5.949566453620000175e+02
-5.815237831069999856e+02
-5.857063674879999553e+02
-5.930880680779999921e+02
-5.904842001120000532e+02
-5.898435569079999823e+02
-5.910703437319999693e+02
-5.984271882629999482e+02
-5.881886906370000361e+02
-5.919334831669999630e+02
-5.779447368539999843e+02
-5.798496458460000440e+02
-5.982976251379999439e+02
-6.040526446830000395e+02
-5.873226935889999822e+02
-5.937589378830000442e+02
-6.045505804130000342e+02
-5.955600253170000542e+02
-5.981233708729999989e+02
-5.987215605459999779e+02
-5.715427167960000361e+02
-5.866672318720000021e+02
-5.977047360239999989e+02
-5.999737262300000111e+02
-5.948845928990000402e+02
-6.022694970009999906e+02
-5.971070840080000153e+02
-5.986513159969999833e+02
-5.841596909329999789e+02
-6.004802176839999674e+02
-6.004435113460000366e+02
-5.817487554470000077e+02
-5.906012339530000190e+02
-5.877126648040000418e+02
-5.841927910860000566e+02
-5.815725911939999833e+02
-5.965144251980000263e+02
-5.852040709120000201e+02
-5.883939394200000379e+02
-5.917992173679999723e+02
-5.993649765840000327e+02
-5.870746915830000034e+02
-5.956749449699999559e+02
-6.012817347139999811e+02
-5.979478978749999669e+02
-5.935260977939999520e+02
-5.941026310649999687e+02
-5.974298887869999817e+02
-5.954676807710000048e+02
-6.001863432940000394e+02
-5.923606643360000135e+02
-6.004683887889999596e+02
-5.979251939270000094e+02
-5.979152850719999606e+02
-5.909162466499999482e+02
-5.928190300539999953e+02
-5.840757450270000390e+02
-5.860658100209999475e+02
-5.950815594309999597e+02
-5.887820975309999767e+02
-5.942836059530000057e+02
-5.957425926199999822e+02
-5.969356639479999558e+02
-5.955913402139999562e+02
-5.971039992370000391e+02
-6.045916382799999838e+02
-6.016432667960000344e+02
-5.983803182230000175e+02
-5.932800505679999787e+02
-5.903898415920000389e+02
-5.797079814840000154e+02
-6.021099368559999903e+02
-5.896158646699999508e+02
-5.934417305890000307e+02
-5.839462277029999768e+02
-5.799932091499999842e+02
-5.955859156169999551e+02
-5.946705499050000299e+02
-5.771157174539999914e+02
-5.873654745640000101e+02
-5.823602198569999473e+02
-5.826279846950000092e+02
-5.733430801360000260e+02
-5.849485783410000295e+02
-5.875371722129999625e+02
-5.983993832539999858e+02
-5.956782080609999639e+02
-6.008089537710000059e+02
-5.961730422340000359e+02
-5.740030990730000440e+02
-5.902682939620000298e+02
-5.889154662729999927e+02
-5.937226061589999517e+02
-5.847228831429999900e+02
-5.801041305200000124e+02
-5.947109753500000124e+02
-5.911172511889999441e+02
-5.971174086490000263e+02
-5.842961301809999668e+02
-5.911899217249999765e+02
-5.947112007709999943e+02
-5.873863345500000150e+02
-5.886574770470000431e+02
-6.000955895020000526e+02
-6.002608266299999968e+02
-5.911231382510000003e+02
-6.022961098429999538e+02
-5.969881075810000084e+02
-5.940363103610000053e+02
-5.934344512220000070e+02
-5.802050026330000492e+02
-6.028973033940000050e+02
-5.929925310040000568e+02
-5.861232166820000202e+02
-5.948807736579999528e+02
-5.962542442269999583e+02
-5.925094121460000451e+02
-5.936625045910000154e+02
-5.926124853710000480e+02
-6.031579703070000278e+02
-6.010637531730000092e+02
-5.945734598220000180e+02
-5.973465269360000320e+02
-6.030570796810000047e+02
-5.908640769710000313e+02
-5.909231323819999488e+02
-5.811058430389999785e+02
-5.757249342970000043e+02
-5.929822597889999543e+02
-5.844036666649999461e+02
-6.035353983429999971e+02
-5.982076217019999831e+02
-5.910052912180000249e+02
-5.943695559850000336e+02
-5.969505249710000498e+02
-5.964385263450000139e+02
-5.949613088950000019e+02
-5.960790949189999992e+02
-5.914638745830000062e+02
-5.769736474960000123e+02
-5.855340545230000089e+02
-5.869224814189999506e+02
-5.885110988879999923e+02
-5.810214454289999821e+02
-5.891326592530000426e+02
-5.944419088849999753e+02
-6.001345208200000343e+02
-5.910601102900000114e+02
-5.924328512849999697e+02
-6.009306979399999591e+02
-5.942778990980000344e+02
-5.971763830549999739e+02
-6.047246775930000240e+02
-6.013932369509999489e+02
-6.041566997149999452e+02
-5.951362195839999458e+02
-6.034523853379999991e+02
-5.915382600159999811e+02
-5.949378266669999675e+02
-6.032274842570000146e+02
-5.887563036929999498e+02
-5.977214892660000487e+02
-5.947380863910000244e+02
-5.967269387049999523e+02
-5.948211070730000074e+02
-5.940742311049999671e+02
-5.983501227269999845e+02
-5.886674380650000558e+02
-6.023707460430000538e+02
-5.977914138449999655e+02
-6.033250693769999771e+02
-5.895142009259999440e+02
-5.914991012589999855e+02
-5.881924199249999674e+02
-5.958171962820000545e+02
-6.016076804049999964e+02
-5.960102191759999641e+02
-6.018111543290000327e+02
-5.972487109569999575e+02
-5.638606506229999695e+02
-5.998765002919999461e+02
-5.789309063279999918e+02
-5.985302345730000297e+02
-5.952889666449999595e+02
-5.992419255219999741e+02
-5.912267585900000313e+02
-5.945695253530000173e+02
-5.991785466159999487e+02
-5.964687282630000027e+02
-5.944594548060000534e+02
-6.014547808710000254e+02
-6.007699297530000422e+02
-5.926509152009999752e+02
-5.972509728669999731e+02
-5.902599900359999765e+02
-5.813973583089999693e+02
-5.944859464969999863e+02
-5.938586385720000180e+02
-5.901887783649999619e+02
-5.868787496989999681e+02
-5.878914837810000336e+02
-5.997487473979999777e+02
-5.766849240220000183e+02
-6.006469088989999818e+02
-5.946166460030000280e+02
-5.806139928669999790e+02
-5.851223672139999508e+02
-5.776223600670000451e+02
-5.872805855630000451e+02
-5.870811421289999998e+02
-5.804662401529999443e+02
-5.857814106020000509e+02
-5.854865068579999843e+02
-5.816292746619999434e+02
-6.019682807299999467e+02
-5.967218621980000535e+02
-5.963356599019999749e+02
-5.987822410019999779e+02
-5.949804744570000139e+02
-5.918732079469999690e+02
-5.827304932539999527e+02
-5.897318658179999602e+02
-5.933775059590000183e+02
-5.985527639199999612e+02
-5.896499461360000396e+02
-6.032515940690000207e+02
-5.923047801249999793e+02
-5.969828118729999460e+02
-5.959050093820000029e+02
-5.937450340479999795e+02
-5.991483192240000335e+02
-5.811117389099999855e+02
-6.024778447239999650e+02
-5.887058994440000106e+02
-5.818902645900000152e+02
-6.017351925780000101e+02
-5.918678356919999715e+02
-5.919903316359999508e+02
-5.889922379710000087e+02
-5.935357958229999440e+02
-5.988900981079999610e+02
-5.929407849149999947e+02
-5.954285941870000443e+02
-5.896618265429999610e+02
-5.872935680460000185e+02
-6.016553053320000117e+02
-6.048329937449999534e+02
-6.013253152849999879e+02
-5.987017930670000396e+02
-5.995781314529999690e+02
-5.997553121800000326e+02
-6.009946512359999815e+02
-5.940014768070000173e+02
-5.922798936599999706e+02
-5.930288184140000567e+02
-6.021632899659999794e+02
-5.967576940489999515e+02
-5.945719086980000156e+02
-5.981524251109999568e+02
-5.932032412309999927e+02
-5.787988962919999949e+02
-6.018835108130000435e+02
-5.979293760609999708e+02
-5.939139999379999608e+02
-5.933725786930000368e+02
-5.914736813480000137e+02
-5.989186938760000203e+02
-5.851181685660000085e+02
-6.009179564419999906e+02
-6.019011137679999592e+02
-5.956212796800000433e+02
-5.859876428349999742e+02
-5.910616176969999742e+02
-5.847395932949999633e+02
-5.966058369370000491e+02
-5.944559924110000111e+02
-5.984660004060000347e+02
-5.808101226190000261e+02
-5.901141746770000509e+02
-5.887429044829999611e+02
-5.828951450079999859e+02
-5.973346546779999926e+02
-5.984166770309999492e+02
-5.823659881959999893e+02
-6.004759553229999938e+02
-5.929672208599999976e+02
-5.876029581530000314e+02
-5.969386485270000549e+02
-5.915542288200000485e+02
-5.961108926379999957e+02
-5.990806940789999544e+02
-5.929729916129999765e+02
-5.948689787429999569e+02
-5.987398645759999454e+02
-6.025609868929999493e+02
-5.911890561879999950e+02
-5.948972684730000537e+02
-6.006895624559999760e+02
-5.983797612790000358e+02
-5.850743052679999892e+02
-5.932048493300000018e+02
-5.862921713189999764e+02
-5.936275826290000168e+02
-5.922886736560000145e+02
-5.908197918289999961e+02
-5.966002772289999712e+02
-5.938813989599999559e+02
-5.938729872379999506e+02
-5.927073980879999908e+02
-5.811332371600000215e+02
-5.783174941649999710e+02
-5.938830646860000115e+02
-5.989806478870000319e+02
-6.002468784620000406e+02
-6.058509744089999458e+02
-5.904030340169999818e+02
-5.974801888179999878e+02
-5.971755397639999501e+02
-5.881006031749999465e+02
-6.014883592910000516e+02
-5.820903152170000112e+02
-5.981114423440000110e+02
-5.860132940920000237e+02
-5.731591831419999608e+02
-6.014547271159999582e+02
-5.986244778459999907e+02
-5.875288089980000450e+02
-5.999025479179999820e+02
-5.959389448480000055e+02
-5.948958734240000013e+02
-5.967586255129999699e+02
-5.972939031749999685e+02
-5.924117279020000524e+02
-5.837547888079999439e+02
-5.924379897920000531e+02
-5.910612740599999597e+02
-5.910893222019999484e+02
-5.810526858020000418e+02
-5.988190186279999807e+02
-5.831151945049999767e+02
-6.006085238480000044e+02
-6.016763274910000519e+02
-5.889765650320000532e+02
-5.769751763589999882e+02
-6.001383514130000094e+02
-5.959560894789999566e+02
-5.891731037130000459e+02
-5.926768431199999441e+02
-5.873517359740000074e+02
-5.929090164960000493e+02
-5.909741579809999621e+02
-5.956100216090000004e+02
-5.750194684599999846e+02
-5.843076813119999997e+02
-5.920715977029999522e+02
-5.991059275840000282e+02
-5.805925188520000120e+02
-6.042804187860000411e+02
-5.937425441899999896e+02
-5.934306247289999874e+02
-5.782602988139999525e+02
-5.990127454649999663e+02
-5.720230216090000113e+02
-6.008505476789999875e+02
-5.982723100690000138e+02
-5.856212243349999653e+02
-5.887386265000000094e+02
-6.003507989529999804e+02
-5.751439364899999873e+02
-6.012259633889999577e+02
-5.974016778349999868e+02
-5.907058381680000139e+02
-5.988170082630000479e+02
-5.979655125450000241e+02
-5.962286656789999597e+02
-5.951984632469999497e+02
-5.912849252250000518e+02
-6.039189844799999491e+02
-5.943373307959999465e+02
-5.860925888100000520e+02
-5.979009695129999500e+02
-5.934648251779999555e+02
-5.944507330679999768e+02
-6.000927367269999877e+02
-5.810656060190000289e+02
-5.764782246290000103e+02
-6.010116532199999710e+02
-5.867366862170000559e+02
-5.935516077070000165e+02
-6.024731173500000523e+02
-5.950049845940000068e+02
-5.940820443850000174e+02
-5.791026195450000387e+02
-5.814431159470000239e+02
-5.742761713139999529e+02
-5.902315928829999621e+02
-5.921756810870000436e+02
-6.014559743410000010e+02
-5.948489525899999535e+02
-6.048269605059999776e+02
-5.936932020850000526e+02
-5.970622687769999857e+02
-5.834358091240000022e+02
-5.906842168199999605e+02
-5.794554089649999469e+02
-5.879603322030000072e+02
-5.785144968739999740e+02
-5.887579186519999439e+02
-5.774310169719999521e+02
-5.958825178529999675e+02
-5.916789391060000298e+02
-5.929477419170000303e+02
-5.938522542580000163e+02
-5.971972777649999671e+02
-6.046640531599999804e+02
-5.981465947330000290e+02
-5.951673744309999847e+02
-5.769396939450000446e+02
-5.996819245000000365e+02
-5.921169242979999581e+02
-6.049209036260000403e+02
-5.795471514299999853e+02
-6.016193072439999696e+02
-5.954054590360000248e+02
-6.031810473699999875e+02
-5.920248425280000220e+02
-5.978586838459999626e+02
-6.022542645180000136e+02
-5.982088215930000388e+02
-5.904745166159999599e+02
-5.972933117860000038e+02
-5.869621377890000531e+02
-5.922696985540000014e+02
-5.919915790999999672e+02
-5.787559698850000132e+02
-5.932616916719999836e+02
-6.004322740930000464e+02
-5.950590069649999805e+02
-5.933905451130000301e+02
-5.778700816560000249e+02
-5.875650745279999683e+02
-5.819660565599999700e+02
-5.962393251710000186e+02
-6.001879435240000475e+02
-5.993160681260000047e+02
-5.920606455639999695e+02
-5.962465487780000331e+02
-5.902861005029999433e+02
-6.046410346239999853e+02
-5.942034228620000249e+02
-5.926310570880000341e+02
-5.964035673749999660e+02
-5.954667049240000551e+02
-6.048138952379999864e+02
-5.936404130600000144e+02
-5.949609224079999876e+02
-5.981138339310000447e+02
-5.895123484780000354e+02
-5.845047415899999805e+02
-5.896891120589999673e+02
-5.842407569609999882e+02
-5.940574183590000530e+02
-5.913862920210000311e+02
-5.899873360730000513e+02
-5.916888306609999972e+02
-5.916365133279999782e+02
-5.897982886690000441e+02
-5.974519110459999638e+02
-6.042418189190000248e+02
-6.007149728929999810e+02
-5.898381153069999527e+02
-5.977692217390000451e+02
-5.731604574530000491e+02
-5.920719135179999739e+02
-5.938525184390000504e+02
-6.004423061479999433e+02
-5.960918296370000462e+02
-5.942498796569999513e+02
-5.991950978270000405e+02
-5.948000830849999829e+02
-5.940860331290000431e+02
-6.040810271740000417e+02
-5.986981464670000150e+02
-5.998221616849999691e+02
-6.038724249250000184e+02
-5.948299324309999747e+02
-5.908727792959999761e+02
-6.001343194649999759e+02
-5.958331633760000159e+02
-5.978668691399999489e+02
-5.737958022369999753e+02
-5.873593732059999866e+02
-5.911588295779999953e+02
-5.889585026400000061e+02
-6.014373688859999447e+02
-6.010612314429999969e+02
-5.967986941110000316e+02
-5.948494861890000038e+02
-5.908782068589999881e+02
-5.954318287629999986e+02
-5.944854531229999566e+02
-5.992543546939999715e+02
-5.865055124719999640e+02
-5.983246102079999673e+02
-5.973430797920000259e+02
-5.989051548219999859e+02
-5.915289988120000544e+02
-5.916087882010000385e+02
-5.872271804629999679e+02
-6.018408680180000374e+02
-5.931464232340000535e+02
-5.907047421959999838e+02
-5.869676172570000290e+02
-5.976334247390000201e+02
-5.973161601909999945e+02
-5.877803140839999969e+02
-5.871292444160000059e+02
-5.809047757670000465e+02
-5.907823503539999592e+02
-5.884860481709999931e+02
-5.782822775600000114e+02
-5.952094181149999486e+02
-5.783990360389999523e+02
-5.918793336420000060e+02
-5.916606482619999952e+02
-5.854538262930000201e+02
-5.838313606990000153e+02
-6.024493883239999832e+02
-5.826169993920000252e+02
-5.961520034960000203e+02
-5.851362531060000265e+02
-5.960181893909999644e+02
-5.956374030550000498e+02
-5.916510015620000331e+02
-5.904197414010000102e+02
-5.982416549289999921e+02
-5.808363746129999754e+02
-5.879140119830000231e+02
-5.988885142530000394e+02
-5.857334696059999715e+02
-5.974666927939999823e+02
-5.901667036220000000e+02
-6.015913047559999995e+02
-6.042020457429999851e+02
-6.020311830919999920e+02
-6.021380304809999870e+02
-5.832649914319999880e+02
-5.889326880820000270e+02
-5.619438254799999868e+02
-5.737994781999999532e+02
-5.873463750180000034e+02
-6.000010033859999794e+02
-5.952985973280000280e+02
-6.041961166429999821e+02
-5.908287565399999721e+02
-5.964243678719999480e+02
-6.008059313510000266e+02
-5.959395302760000277e+02
-5.882261324419999937e+02
-5.930398176439999816e+02
-5.801302804839999681e+02
-5.918560100299999931e+02
-5.973351315979999754e+02
-5.868678576649999741e+02
-5.950880727420000085e+02
-5.951695362440000281e+02
-6.016545798939999941e+02
-5.926338330180000185e+02
-5.912013643139999886e+02
-5.944609138230000553e+02
-5.905414790109999785e+02
-6.011761825099999896e+02
-6.003877592779999759e+02
-5.988367263310000226e+02
-5.982568053070000360e+02
-5.936199772649999886e+02
-5.993892738819999977e+02
-5.976700321439999470e+02
-5.935916171049999548e+02
-5.892683148639999899e+02
-5.912300854569999728e+02
-5.994791417510000429e+02
-5.976824128109999492e+02
-5.907252632780000567e+02
-5.953115614250000363e+02
-5.898384937079999872e+02
-5.932247941220000484e+02
-5.924272098940000433e+02
-5.938000325860000430e+02
-5.889529931680000345e+02
-6.002239390400000048e+02
-5.885450199440000461e+02
-5.908427976550000267e+02
-5.761744101919999821e+02
-5.844387359580000521e+02
-5.882743485390000160e+02
-5.908578735879999613e+02
-5.996568713140000000e+02
-5.902990900969999757e+02
-5.979828024229999528e+02
-5.930399453620000259e+02
-5.811807844229999773e+02
-5.985596529729999702e+02
-5.853825506680000217e+02
-5.912940976769999679e+02
-6.007329000940000014e+02
-6.001161101559999906e+02
-5.885708069979999664e+02
-5.989887408900000310e+02
-5.924385161970000127e+02
-6.010922925209999903e+02
-5.732219725200000084e+02
-5.880325984610000205e+02
-5.935544349389999752e+02
-5.815952221139999665e+02
-6.030363885619999564e+02
-5.839426092380000455e+02
-5.861429351929999712e+02
-5.984980101109999850e+02
-5.928423668630000520e+02
-5.954616968909999741e+02
-5.890743170599999985e+02
-5.911316857049999953e+02
-5.958446408580000480e+02
-5.861333791419999670e+02
-6.019889500850000559e+02
-5.958137768560000040e+02
-5.939545112539999536e+02
-5.720163036269999566e+02
-5.814887074819999953e+02
-5.781321838730000309e+02
-5.804245821460000343e+02
-5.957125585899999578e+02
-5.922023882460000550e+02
-6.021834333849999439e+02
-5.880836275489999707e+02
-5.896559208889999582e+02
-5.902711460089999491e+02
-5.975547458639999832e+02
-5.890675145200000316e+02
-5.928250897259999874e+02
-5.826107252819999758e+02
-5.958743041000000176e+02
-5.988381783849999920e+02
-5.919376680509999460e+02
-5.827627809980000393e+02
-5.906529652230000238e+02
-5.956105709329999627e+02
-5.975717662120000568e+02
-5.983598544569999831e+02
-6.015069581220000146e+02
-5.912898260990000381e+02
-5.892406651280000460e+02
-6.048482769109999708e+02
-6.002695644829999537e+02
-5.994180446059999667e+02
-5.829737443379999604e+02
-5.915587414999999964e+02
-5.976912867810000307e+02
-5.837515275670000392e+02
-5.940375792539999793e+02
-5.950790077589999783e+02
-5.995294257470000048e+02
-5.931136950540000043e+02
-5.893993265489999658e+02
-6.053011639989999821e+02
-5.775084789909999472e+02
-5.980157061769999700e+02
-5.921484988239999439e+02
-5.973149404560000448e+02
-5.956600469190000240e+02
-5.936526289449999467e+02
-5.968069796209999822e+02
-5.974590212519999568e+02
-5.981947305319999941e+02
-5.919270750370000087e+02
-5.881947775930000262e+02
-5.756975919149999754e+02
-5.918776255239999955e+02
-5.907263237700000218e+02
-5.839860717450000038e+02
-5.782865239750000228e+02
-5.801363067510000064e+02
-5.707375820800000383e+02
-5.894482268489999797e+02
-5.842977514440000277e+02
-5.951757295419999991e+02
-5.932573061729999608e+02
-5.959576450109999541e+02
-6.038280077110000548e+02
-6.024735317529999747e+02
-5.935963147810000464e+02
-5.921771681139999828e+02
-5.879006514860000152e+02
-6.012672189029999572e+02
-5.970883011749999696e+02
-6.004642652630000157e+02
-5.978116577690000213e+02
-5.970822689670000045e+02
-6.032469984340000337e+02
-5.962883917079999492e+02
-6.030185417630000302e+02
-5.874567469449999635e+02
-5.999233148170000050e+02
-5.902990887839999914e+02
-5.906141757670000061e+02
-5.870993689599999925e+02
-5.848397279890000391e+02
-6.006446144139999888e+02
-5.962461436060000324e+02
-5.953020079550000219e+02
-5.992334617960000287e+02
-6.011764396139999462e+02
-6.005076394400000481e+02
-5.937949487500000032e+02
-5.841135738460000084e+02
-5.616780281659999901e+02
-5.857528472320000219e+02
-5.865529476189999514e+02
-5.917464778380000325e+02
-5.912450192569999672e+02
-5.866159787479999750e+02
-5.886628419349999604e+02
-5.901764612690000149e+02
-5.974261828879999712e+02
-6.023201209119999930e+02
-5.769222316870000213e+02
-5.756836749389999568e+02
-5.950870286750000560e+02
-5.975113400359999787e+02
-5.965512481030000345e+02
-5.750657330440000123e+02
-5.943273477410000396e+02
-5.695697763870000472e+02
-5.812401370139999699e+02
-5.809429989660000047e+02
-5.908526302459999897e+02
-6.015756127119999519e+02
-5.957775249369999528e+02
-5.866352017000000387e+02
-6.019019963409999718e+02
-5.976345819130000336e+02
-5.889255540320000364e+02
-5.905103008790000558e+02
-6.008794745080000439e+02
-5.848344609770000488e+02
-5.997323808690000533e+02
-5.998008831089999831e+02
-5.991724004239999886e+02
-6.026556884530000389e+02
-5.963988416180000058e+02
-5.826632544039999857e+02
-5.956411001889999852e+02
-5.858474150189999818e+02
-5.782011435739999570e+02
-5.805441425999999865e+02
-5.905592011899999534e+02
-5.991958361800000148e+02
-5.827592270469999676e+02
-5.902361517800000001e+02
-5.985285257409999531e+02
-6.016099492040000314e+02
-5.899596826660000488e+02
-5.971200789849999637e+02
-5.928397632590000512e+02
-5.905470087200000080e+02
-5.832031054760000188e+02
-6.028833265389999951e+02
-5.814699427360000072e+02
-5.955371843389999640e+02
-5.948029166610000402e+02
-5.887416099529999656e+02
-6.003891330860000153e+02
-5.988329211569999870e+02
-5.990123338180000019e+02
-5.936082278989999850e+02
-6.040510869140000523e+02
-5.887126105950000010e+02
-6.010745449040000494e+02
-5.842180882559999873e+02
-5.981503461680000555e+02
-5.917940192470000511e+02
-5.947074292849999892e+02
-5.891442936290000034e+02
-5.996465578099999902e+02
-5.864610968099999582e+02
-5.766681865809999863e+02
-5.913936469950000401e+02
-6.024165726899999527e+02
-5.991620837169999731e+02
-6.003910597970000254e+02
-5.971711485060000086e+02
-6.006457664179999938e+02
-5.948673532359999854e+02
-5.947742257329999802e+02
-5.963458350160000236e+02
-6.039008296770000470e+02
-5.903907328269999653e+02
-5.998646525579999889e+02
-5.992016086910000467e+02
-5.848449354990000302e+02
-5.946680081199999677e+02
-5.798948070540000117e+02
-6.004105025149999619e+02
-5.834037274160000379e+02
-5.998857456370000136e+02
-6.004114746740000328e+02
-5.973156576400000404e+02
-5.957270065169999498e+02
-6.026432422909999786e+02
-6.032788818720000563e+02
-5.944641671570000199e+02
-5.868222722489999796e+02
-5.795941441139999597e+02
-5.925535519850000128e+02
-5.909726926130000493e+02
-5.795750846539999657e+02
-5.699345524039999873e+02
-5.801921840720000318e+02
-5.852583276079999450e+02
-5.935148769160000484e+02
-5.890979147770000282e+02
-5.921357885800000531e+02
-5.779903533990000142e+02
-5.906097084900000027e+02
-5.798835674839999683e+02
-5.969207237519999580e+02
-5.977068807770000376e+02
-5.888485736039999665e+02
-5.983412255859999505e+02
-6.002565461000000369e+02
-6.035580926809999482e+02
-5.931588244189999841e+02
-5.931849013519999971e+02
-5.855548218029999816e+02
-5.914650650419999920e+02
-5.892472454960000050e+02
-5.932837142229999472e+02
-5.867406234540000014e+02
-5.758101478920000318e+02
-5.765944157879999921e+02
-5.937869214019999617e+02
-5.926086407340000051e+02
-5.827488903329999630e+02
-5.938665289360000088e+02
-5.938869123599999966e+02
-5.989496841440000026e+02
-5.884563380780000443e+02
-5.971557325720000335e+02
-5.943696525950000478e+02
-6.039514771130000099e+02
-5.965945039150000184e+02
-5.743727374359999658e+02
-5.795971242189999657e+02
-5.844384255319999966e+02
-5.890104140549999556e+02
-5.895033911350000153e+02
-5.891308522340000309e+02
-6.035088717160000442e+02
-5.997491537419999759e+02
-5.956747884280000562e+02
-5.980331472430000304e+02
-5.921666374650000080e+02
-5.947731997060000140e+02
-6.020196127880000176e+02
-5.900785977199999479e+02
-5.897138456799999631e+02
-6.028628143590000263e+02
-6.009765852709999763e+02
-5.803458586770000238e+02
-6.026277226810000229e+02
-5.998380487939999739e+02
-5.967986385689999906e+02
-5.953382670160000316e+02
-5.959655292630000076e+02
-5.905233395499999460e+02
-5.914870133599999917e+02
-5.973937653670000145e+02
-6.010790543719999732e+02
-5.953850108640000371e+02
-6.010124149470000248e+02
-6.012130199020000418e+02
-6.066647580930000458e+02
-6.021839667609999651e+02
-6.014964723040000081e+02
-5.941628612560000420e+02
-5.826227196669999557e+02
-5.915405679069999678e+02
-5.911876593480000111e+02
-5.932113639440000270e+02
-5.898178072660000453e+02
-5.884636314309999534e+02
-5.914770802269999876e+02
-5.969101593499999581e+02
-5.871876454800000147e+02
-5.879689166609999802e+02
-5.953892422459999807e+02
-5.956796749459999774e+02
-5.948231273979999969e+02
-6.042494269989999793e+02
-5.862176141789999519e+02
-5.841711306270000250e+02
-6.004568405600000460e+02
-5.961547888239999793e+02
-5.781222941759999685e+02
-5.938094818250000344e+02
-5.840296296469999788e+02
-5.848711993079999729e+02
-5.950783096090000299e+02
-5.944893214969999917e+02
-6.042946877389999827e+02
-5.959312610560000394e+02
-5.913467409759999782e+02
-5.949036054140000260e+02
-5.783737261859999990e+02
-5.904496003499999688e+02
-5.862933423670000366e+02
-5.993399972050000315e+02
-6.037219692349999605e+02
-6.049105586949999633e+02
-5.950844584249999798e+02
-5.743268618519999791e+02
-6.005544040290000112e+02
-5.805932093180000493e+02
-5.971587991330000023e+02
-5.821408146329999909e+02
-5.767786740929999496e+02
-5.945813948320000009e+02
-5.778163453810000192e+02
-6.061255862430000434e+02
-5.986236855130000549e+02
-5.905306151270000328e+02
-5.926331043059999502e+02
-5.961636771400000043e+02
-5.904004948299999569e+02
-6.003347403139999869e+02
-5.908127531080000381e+02
-5.960936870030000136e+02
-5.883202207419999468e+02
-5.873142175140000063e+02
-5.870580199099999845e+02
-6.033943201829999907e+02
-5.953452826239999922e+02
-5.873826510349999808e+02
-5.911107023869999466e+02
-5.921134879740000088e+02
-5.962812476789999891e+02
-5.904844517369999721e+02
-5.851861776849999615e+02
-5.914645107149999603e+02
-6.014504894059999742e+02
-5.947414212850000013e+02
-5.981531498179999744e+02
-5.877010047200000145e+02
-5.927450509149999789e+02
-5.991346717379999518e+02
-5.996495840090000229e+02
-6.012220327100000077e+02
-5.971480806230000553e+02
-5.892388324480000392e+02
-5.932314905900000213e+02
-5.827745307369999637e+02
-5.966565463580000142e+02
-5.919942770930000506e+02
-6.000311903110000458e+02
-5.938257001670000363e+02
-5.934197195340000235e+02
-5.973439645219999647e+02
-5.912198559019999493e+02
-5.958287158709999858e+02
-5.982998924309999893e+02
-5.911967960609999864e+02
-5.998807667060000313e+02
-5.828971842769999512e+02
-5.701185865149999472e+02
-5.822848533379999481e+02
-5.881719371530000444e+02
-5.815107424379999657e+02
-5.840427721390000215e+02
-5.992431524290000198e+02
-5.923313642780000237e+02
-6.007678268280000111e+02
-5.964116924160000508e+02
-5.989532167969999819e+02
-5.887005160840000144e+02
-5.897682592579999437e+02
-5.844353787920000514e+02
-5.979112808749999886e+02
-5.852182668059999742e+02
-5.973466603870000426e+02
-5.984067956190000359e+02
-5.898521781140000257e+02
-5.885034168140000475e+02
-5.942690886970000292e+02
-5.948716855860000123e+02
-5.944219620170000553e+02
-5.944297577209999872e+02
-5.950067278430000215e+02
-5.957411884590000000e+02
-6.005100144580000006e+02
-5.974571539580000490e+02
-5.955397980589999634e+02
-5.981672164249999923e+02
-5.878014025859999947e+02
-5.822397490370000241e+02
-5.963313270529999954e+02
-5.911966032699999687e+02
-5.811915440809999609e+02
-5.889564592890000085e+02
-5.808361277779999909e+02
-5.966255673919999936e+02
-5.947267584109999916e+02
-6.004067521270000043e+02
-6.016083056329999863e+02
-5.974425502760000199e+02
-5.978004423219999808e+02
-5.856762817920000543e+02
-5.946973259809999490e+02
-6.003335289809999722e+02
-5.954080552369999850e+02
-5.889493571980000297e+02
-5.952186567410000180e+02
-5.933930641379999997e+02
-5.879906843869999875e+02
-6.070735508950000394e+02
-5.989852326129999938e+02
-5.726631256709999889e+02
-5.666676769360000208e+02
-5.950718553220000331e+02
-5.851868404680000140e+02
-5.851706677329999593e+02
