4.823187742561966473e+00
4.479966964163909715e+00
4.111630820003177256e+00
3.941571514003012311e+00
3.248441318540324474e+00
2.727142093841096848e+00
2.716707382107981239e+00
2.796455435010542168e+00
2.750203810629314294e+00
2.700411264974281522e+00
2.784455063383139084e+00
2.854550927904422331e+00
2.783186303501797632e+00
2.798366130441118926e+00
2.732491537040874441e+00
2.788653797085611341e+00
2.936550016601113366e+00
2.992294270288267999e+00
2.978249317971885191e+00
2.776491671156245289e+00
3.005596113918168832e+00
2.889294204472780958e+00
2.736586194513156656e+00
2.796452395446774375e+00
2.844858695963650153e+00
2.756504126606742489e+00
2.983795401833041705e+00
2.876921097284387052e+00
2.885433243033010964e+00
2.852787584100856311e+00
2.878377494353372867e+00
2.865996685273729305e+00
2.795227003304025182e+00
2.722581495566294141e+00
2.849108106057051337e+00
2.745909503242959904e+00
2.775172066737484400e+00
2.770069674213989419e+00
2.771386115285995100e+00
2.724618321893912398e+00
2.888240640943894988e+00
2.924531586425422880e+00
2.789719340722288887e+00
2.899988448252854845e+00
2.835004761900762560e+00
2.764940686524757663e+00
2.751690752973523946e+00
2.911290779018818498e+00
2.926829513312998010e+00
2.956266057038844597e+00
2.727660902678336718e+00
3.010515902631972995e+00
2.889982698910150472e+00
2.927774581486764394e+00
2.830904095867608383e+00
2.831233300171498879e+00
2.742253635242370979e+00
2.947702495164666203e+00
2.689024172446205174e+00
2.710448486874450502e+00
2.831235772591183864e+00
2.845053778050601334e+00
2.806715161892991528e+00
2.884200062408986298e+00
2.725866651177199174e+00
2.765728294681168098e+00
3.094309292879430462e+00
2.774286214506354487e+00
3.024695191254814119e+00
2.744691603805425650e+00
3.037201507967490333e+00
2.915073240932378518e+00
2.662562299740608651e+00
3.120373855806383823e+00
2.867122076229054350e+00
2.798272681494782699e+00
2.941778373705266070e+00
2.873622626581298523e+00
2.794103791916112911e+00
2.943551256560687168e+00
2.861824243380434840e+00
2.993644768505441700e+00
3.247423132269646295e+00
3.241441963077543953e+00
3.165165872430700578e+00
3.197308086500267432e+00
2.996438552682167078e+00
2.784906102546367723e+00
2.892876423216173443e+00
2.826009731051894125e+00
2.718326507246692447e+00
2.714769603483875304e+00
2.812805894476190005e+00
2.851883763409722050e+00
2.936160417960844704e+00
2.713427537267210532e+00
2.895020207183362615e+00
2.929225665598333528e+00
2.940609460639069361e+00
2.889910206217487065e+00
2.791588257605337020e+00
2.856342241398953430e+00
2.917490188501068893e+00
2.929051382273790249e+00
2.867873253824164692e+00
2.724924402621107244e+00
2.937564126959613997e+00
2.881933031838179282e+00
2.884252069428052234e+00
2.877344956726600067e+00
2.868736481449629228e+00
2.908183453635619919e+00
2.918822536571896276e+00
2.799157194585541131e+00
5.720978412824155868e+00
2.769735907988340795e+00
2.862239857174796676e+00
2.951314791749602762e+00
2.970015151476503856e+00
2.754019970878932799e+00
2.831796073166286565e+00
2.843211916125845562e+00
3.032674891906483428e+00
2.919980993088824750e+00
2.760184595276192532e+00
2.986990123853776158e+00
2.803958986861255553e+00
2.895281851564714071e+00
2.862262391885132651e+00
2.665859336124094980e+00
3.010818327299074948e+00
2.842329678274496008e+00
2.697675480853840568e+00
2.872523977271556284e+00
2.972555298055866491e+00
2.674982056014581833e+00
2.894396310113734661e+00
2.731777077288701339e+00
2.900327740101108276e+00
2.987216095296756357e+00
2.721457881356975861e+00
2.725670559697191297e+00
2.818875839763078872e+00
2.790839479439833681e+00
2.785285084152069768e+00
2.936204011985542817e+00
2.973320198027787242e+00
2.791425442314374727e+00
2.722604084328090313e+00
2.948885552204425053e+00
2.867851634935112415e+00
2.792153828140563121e+00
2.824938583403186598e+00
2.922754522706277225e+00
2.945672418990271879e+00
2.769423586235951529e+00
2.902800372054543665e+00
2.988848273164765423e+00
2.738526976314091588e+00
2.854168530413017102e+00
2.841139384120392020e+00
2.851498904085358443e+00
2.969413410086241267e+00
2.707630329273182479e+00
2.930685585319585229e+00
2.812820648388375311e+00
2.889547369398882459e+00
2.885110916412053417e+00
2.730900767146254182e+00
2.728739269333000816e+00
2.895475953966808902e+00
2.890554272107686895e+00
2.803382242934416624e+00
2.896009668492148137e+00
2.938979754948985779e+00
2.810619326767679116e+00
2.775974423513300149e+00
2.943305115002520012e+00
2.768425003499282333e+00
2.829933568124876953e+00
2.871865769843708893e+00
2.727836138773735097e+00
5.795614635222048783e+00
5.900626915845467835e+00
6.099222901321118329e+00
5.935346830640986227e+00
2.915632521426525070e+00
2.790793973047813292e+00
2.855615695432422996e+00
5.842109464910770100e+00
5.839773026411215540e+00
6.105312195129745767e+00
5.955360778324013893e+00
6.149639339018182937e+00
2.877614463405409051e+00
2.758136146023252522e+00
5.912176841062858124e+00
2.913021455465098608e+00
5.950919676823070326e+00
2.878495961435415751e+00
2.926312867756966085e+00
2.760373344314134947e+00
2.882019430885225830e+00
6.171030789098365332e+00
6.207717857634962755e+00
6.205273966554578635e+00
6.108504399605520163e+00
2.945043972507031427e+00
2.924529363846429142e+00
2.760367004584716177e+00
2.772602567985537725e+00
2.807087280438568477e+00
2.747095557129383803e+00
2.856343291693069553e+00
2.973375691028633305e+00
2.877830606550704662e+00
2.732769474361128825e+00
2.783656588015123390e+00
2.701566582559089991e+00
2.893082093546603506e+00
2.879097949011113489e+00
2.744180387656759201e+00
2.881018049231903078e+00
2.784116736058313890e+00
2.868441737250383206e+00
2.707888106994083000e+00
3.105514772143259883e+00
2.757190961830537024e+00
2.826280063971013945e+00
2.776070244068041593e+00
2.827737257950250438e+00
2.736624563216518702e+00
2.727610126099402788e+00
2.571755820446412599e+00
2.798654319489993547e+00
2.702321039402979519e+00
2.866382737877131159e+00
2.800108926452683722e+00
2.844239089809433629e+00
2.773257110330739295e+00
2.846960133194702980e+00
2.939449948544794911e+00
2.867229499011197724e+00
2.933964212460677512e+00
2.935413088476645616e+00
2.988263877237081978e+00
2.962050809827541986e+00
2.939447226945909541e+00
2.829372722000408125e+00
2.895333659528725345e+00
5.903247580781276760e+00
2.911257288526729159e+00
2.744227578026283698e+00
2.762112597270430125e+00
5.589297093552998419e+00
6.169566111162112954e+00
3.008575410389441984e+00
5.986442850307684971e+00
5.817822702695570669e+00
6.005265273074954280e+00
6.022194699609105584e+00
2.906429252536520735e+00
2.898395935685806002e+00
2.858256461551342387e+00
2.698331706814415920e+00
2.991548261352305449e+00
2.795973891151346091e+00
2.845896870935416878e+00
6.207287813530157017e+00
2.988869184156442760e+00
7.906305142100196193e+00
6.049657593616352358e+00
6.142028085250017533e+00
5.710196056178807211e+00
6.032642041427619617e+00
2.941284413313340007e+00
2.750364703089392293e+00
2.932352980116820884e+00
5.743960393317488311e+00
5.762726871889730873e+00
7.970315803028134027e+00
5.969392263874103932e+00
2.905770982028694327e+00
2.841032734763891732e+00
2.835921719653065498e+00
2.915575757890711550e+00
2.846928520353118941e+00
2.740474046583911250e+00
6.140792294158791798e+00
6.118510357922096965e+00
6.015864775740890735e+00
2.730181312660388215e+00
2.714557975067027229e+00
2.922520487524424837e+00
3.357645901520885268e+00
3.190667328318638418e+00
2.734363728548197425e+00
2.849000702000615171e+00
2.800667420455345891e+00
2.910830293919588474e+00
2.764367739646807376e+00
2.990339947230080231e+00
6.145761954387755743e+00
6.145510637855897684e+00
2.828323885271982085e+00
2.940844266532996354e+00
2.813132417786265549e+00
2.836347651470108477e+00
2.889591147550116368e+00
2.892840299774600332e+00
2.822061834900150057e+00
2.716390619921958294e+00
2.798240339927934084e+00
6.092880025078452277e+00
2.718015636452446593e+00
5.843389512945376119e+00
7.860233711538100465e+00
2.896913875143684702e+00
2.754374339119502579e+00
6.143164900928511862e+00
6.002224254391033575e+00
5.731405935719437572e+00
2.896564344184330064e+00
2.775562285375704263e+00
2.984104723363441014e+00
5.585330160339673000e+00
2.884793753459682364e+00
2.673699496951742027e+00
2.785046678244369467e+00
2.892713950600715123e+00
5.980412360364459445e+00
2.705875459070501865e+00
5.904076557769216471e+00
2.937535361489287844e+00
6.091410756138515126e+00
6.074306297841753910e+00
2.927390817776130305e+00
5.981751917289782838e+00
2.911357415364867141e+00
3.077945256173345356e+00
6.288162052619191478e+00
2.735137656499212255e+00
5.952701739546506055e+00
5.687971958440019016e+00
5.642388235490358284e+00
2.960993583241949612e+00
2.859770270493768862e+00
2.943589135732091577e+00
3.059875814473521860e+00
2.839464914380877225e+00
2.778263306456030701e+00
2.714131168532575078e+00
2.891657137352213969e+00
2.794945616644445519e+00
2.837859404551254627e+00
2.755416121024190979e+00
2.939310973680736350e+00
2.777744408688460176e+00
2.795402117764097305e+00
2.753189423196304553e+00
2.799842316988583768e+00
2.733492454717956210e+00
2.796896136791640064e+00
2.908800783828277225e+00
2.708013847822790865e+00
2.735912827558655724e+00
2.745511791997988116e+00
3.041389485087367284e+00
2.829969081103183903e+00
2.957203239549152318e+00
2.755559652774731472e+00
2.820381889035596501e+00
2.678206489425338788e+00
2.936182044764936272e+00
2.725408226302988179e+00
2.742302864382414995e+00
2.717931198540536997e+00
2.974378758665412459e+00
2.892293899312446737e+00
2.858091146202303534e+00
2.867306924624568154e+00
5.981276953962256115e+00
2.966560971899953714e+00
2.802115450869218094e+00
2.746740795925236345e+00
2.730252918687204655e+00
2.767903719423780551e+00
2.813620088071593361e+00
3.057900423493218334e+00
2.705108685432065840e+00
2.990756593238573124e+00
2.796944940466294049e+00
2.867155210308642843e+00
2.968636218872228394e+00
2.787384078307113988e+00
2.866518969063347910e+00
2.758062544613519407e+00
2.968955540253170877e+00
2.803808837991634384e+00
2.787330263890520410e+00
2.800143746310178372e+00
2.871436051873696105e+00
2.775115493092134233e+00
2.918265752120598133e+00
2.897022609507906576e+00
2.746775928247515264e+00
2.951534007935534554e+00
2.775735758317063429e+00
2.947895859761671122e+00
2.895180996069157242e+00
2.963489328477495910e+00
2.915549004904565589e+00
5.851738032413960511e+00
5.853950717250700819e+00
2.704089495560381806e+00
6.005683058570440380e+00
3.030280680069092014e+00
5.845194265377327447e+00
2.899024663572216109e+00
2.874938608040178867e+00
6.280205490268611079e+00
2.854997898423044411e+00
2.905580492775927226e+00
6.107755397852798751e+00
2.861590641583803052e+00
5.490497700573237161e+00
2.768123190900289465e+00
2.937429318298570013e+00
2.914661386850966096e+00
2.683468650832351532e+00
2.820934774148456281e+00
2.649543923017695590e+00
2.765557448327552237e+00
2.730255116284922678e+00
5.929427459713121351e+00
2.634680436030146122e+00
2.796237650844433986e+00
2.885686400148152142e+00
2.886831134652665831e+00
2.846164085220667772e+00
2.823251494288101959e+00
6.239611846902016090e+00
5.966647467380655989e+00
2.955169199893637355e+00
5.780857202872252465e+00
2.900210682002257734e+00
2.822839173598099105e+00
2.829319529498214969e+00
2.706842256209252895e+00
2.859127314409066312e+00
2.976266789116862377e+00
2.818894464147247536e+00
2.962505358644942799e+00
2.848222428111961690e+00
2.718393091515647342e+00
2.860203664077088703e+00
2.713036859314668092e+00
2.883850377533481169e+00
3.120112497971827548e+00
2.866441347734155709e+00
2.762833509279920552e+00
2.779465596117354220e+00
2.728755210714219004e+00
2.673838813391712144e+00
2.848531200461037916e+00
2.847283793372202165e+00
2.834980246844764018e+00
2.806194754467337571e+00
2.749269721216890172e+00
2.768216935140741519e+00
2.886012300736086722e+00
2.851221843350671303e+00
2.757680365814718648e+00
2.883912966786619236e+00
2.965471631966827282e+00
2.976193878093293499e+00
2.663838020601102308e+00
2.796496736990765619e+00
2.923577773892803489e+00
3.103469348970600006e+00
3.021446673366915192e+00
3.065159865325134625e+00
2.775228278898872691e+00
2.853394119290217912e+00
2.824962654620410962e+00
5.871600548402454045e+00
2.931119240153835737e+00
2.849769990718549195e+00
2.768994944018497328e+00
2.780699372460101237e+00
2.899226276095055344e+00
2.903518899542415710e+00
2.898558779807648200e+00
5.879048392384603972e+00
6.088030633957091986e+00
6.179722566588244703e+00
2.766751705520392512e+00
2.701823643393476804e+00
2.865974528847038627e+00
2.880857164109321022e+00
2.855329403063681326e+00
2.772658110910900309e+00
2.861397385893822420e+00
2.848852576038289897e+00
2.892087654273292952e+00
2.775149365349547814e+00
2.874934781868972777e+00
2.713418692351035055e+00
2.735652572970478591e+00
2.800390687029222558e+00
2.754281939090477582e+00
2.692694932590767642e+00
2.959387774523642545e+00
2.817254514593950709e+00
2.756269036215440948e+00
2.746801958642085761e+00
2.944786919286351612e+00
3.062670240166250668e+00
2.950352690781222531e+00
6.087662523497832545e+00
6.136791588444240553e+00
2.801113171580184247e+00
2.720782975542150872e+00
2.830899503691362451e+00
2.867502397557847527e+00
2.886414557890117027e+00
2.867272222862698339e+00
2.936720279495478536e+00
2.822598979663955010e+00
2.802452675782411529e+00
2.807443498986221808e+00
5.813539627455893033e+00
5.987782477679028048e+00
2.875676442161044122e+00
2.869277783694007766e+00
2.754545697569746210e+00
5.785485718589235660e+00
5.945607033768713023e+00
2.846986301336906777e+00
5.893234765389887997e+00
6.010502308459751752e+00
3.006089819017388809e+00
2.725206964617549854e+00
5.879924064135522599e+00
5.892487250728676962e+00
6.038151124309494300e+00
5.477968419040037062e+00
5.789944472963449940e+00
2.834980246844764462e+00
2.912443647523502044e+00
2.976178422070827168e+00
2.725522702161917721e+00
6.155907325488258586e+00
2.781528536614356284e+00
2.941175615293993406e+00
2.753287852731711727e+00
2.739725898698627038e+00
2.729221683923824582e+00
3.002934231714041502e+00
3.029453416047191094e+00
2.917855548172322067e+00
2.855899683112136156e+00
2.716759466717655336e+00
2.844087903001593531e+00
2.866961283310257347e+00
2.774697641185432051e+00
2.726172958562973925e+00
3.034945304284741407e+00
2.935098294776513850e+00
2.856397906454911872e+00
2.866044835657670209e+00
2.850959312231586384e+00
2.705317356614560964e+00
2.710416942095810189e+00
2.968423150428523449e+00
2.988886247417255060e+00
2.840000352112654003e+00
2.757270570691240597e+00
2.784351091367609499e+00
2.952972231498291578e+00
2.606123174372232398e+00
2.964762722377626947e+00
2.910671571991590767e+00
2.708944443874772290e+00
2.822906835161231864e+00
3.065936887804443955e+00
2.754534261903453185e+00
2.756092886678531695e+00
2.802890472351712070e+00
2.895003454229372331e+00
2.808117875018782073e+00
2.777241977214084834e+00
2.888349701819362458e+00
2.844817920359755004e+00
2.742128005764865595e+00
2.935152977273927100e+00
2.755712067687769107e+00
2.780737671913696030e+00
2.913854148717811565e+00
2.697408015113768265e+00
2.718973703440325185e+00
2.910829091513275735e+00
2.911211775189156192e+00
2.772549368361183930e+00
2.914125769420393475e+00
2.825979830076641441e+00
2.765716724467638166e+00
2.760084600152683532e+00
2.898583619632181474e+00
2.932908795036081706e+00
3.093405243417033823e+00
3.133435813926942259e+00
2.594152462751562638e+00
2.700209065979891854e+00
2.792513742132704202e+00
3.044206300499359585e+00
2.912411200363025809e+00
2.928017930272968528e+00
2.740549762365207975e+00
3.024922313052022638e+00
2.996823318115366508e+00
2.853558129774123930e+00
2.939004253144251066e+00
2.854462120960794547e+00
2.940118024841859246e+00
2.896204585315063529e+00
2.749217161302468071e+00
2.948337497641679850e+00
2.905037177042662844e+00
2.981302735382638236e+00
2.956229524241986706e+00
2.881280444524620954e+00
2.894581662347773587e+00
2.739922261670940884e+00
2.742464767321541874e+00
2.766496882340553132e+00
2.871604951938897976e+00
3.024536328100557281e+00
2.922815252457807933e+00
2.967688325953384609e+00
2.810975809216436527e+00
2.788454231290160568e+00
3.012777290142767850e+00
2.780757810381911277e+00
2.815947087571071261e+00
2.782312347670548913e+00
2.829560036472101636e+00
