4.871115375352959020e+00
4.816978617349261249e+00
4.777865422968713638e+00
4.731803567351460238e+00
4.731134747605483248e+00
4.755134698407606386e+00
4.812923228143162646e+00
4.731979501223563034e+00
4.836586709653823313e+00
4.895180895533892240e+00
4.908798834745624617e+00
4.926874161169533473e+00
4.840473117371895562e+00
4.823678057250504025e+00
4.904576434311121780e+00
4.918377374703979399e+00
4.936519016473044807e+00
4.926569902071825879e+00
4.839740902155816649e+00
4.677105728973849352e+00
4.608519067987025153e+00
4.672565997393722803e+00
4.652013005140893220e+00
4.565041511311808797e+00
4.550022966975001637e+00
4.456298127369846540e+00
4.472619478560633688e+00
4.440658059342105446e+00
4.429544784738043361e+00
4.471022589967534877e+00
4.543379909274592343e+00
4.507681000248354053e+00
4.425953795511200717e+00
4.372480531689078020e+00
4.331797086660453822e+00
4.294008267341832052e+00
4.309341597042406491e+00
4.308560548489483999e+00
4.247803550071495238e+00
4.220249992595225486e+00
4.287532273931007332e+00
4.312440840173926482e+00
4.339503427812910097e+00
4.422767798562342811e+00
4.450771955515133271e+00
4.402422174212736294e+00
4.383919479187546209e+00
4.439968580969915202e+00
4.440603787774811906e+00
4.488849072980734434e+00
4.382152325056718034e+00
4.318978582952223810e+00
4.251359900079032528e+00
4.233469617228875492e+00
4.209945486582932439e+00
4.149940842951860276e+00
4.114983110536421407e+00
4.146449324422040839e+00
4.087819589952569999e+00
4.074300676189719361e+00
4.154153704426450489e+00
4.176216708936451028e+00
4.216013045520613289e+00
4.125294171328875770e+00
4.020219148255478103e+00
3.881337913658124084e+00
3.821079036083917302e+00
3.699877160123022257e+00
3.659465124850898476e+00
3.664009552389294821e+00
3.551473637801637828e+00
3.566156193999360013e+00
3.602829721205264235e+00
3.592810181459633156e+00
3.497165423596658940e+00
3.465298544137286996e+00
3.310267662893742191e+00
3.252371749969550585e+00
3.275389747801015883e+00
3.299376607785174276e+00
3.243107460445922019e+00
3.196839220229882095e+00
3.130538292370818709e+00
3.090126372820373835e+00
3.066952070052611390e+00
2.993727442503742786e+00
2.945649164445759194e+00
2.957893338171611486e+00
2.890404988924562435e+00
2.793969577500800217e+00
2.733706824076056474e+00
2.751424721848664490e+00
2.799284194218228716e+00
2.782815301093480631e+00
2.725767048006853877e+00
2.691632404322700456e+00
2.662231394901652948e+00
2.744572462151436465e+00
2.786072863368795893e+00
2.742788544529088934e+00
2.729862633906695368e+00
2.758182553784285229e+00
2.754756795072842213e+00
2.737792541446484762e+00
2.720678408044582053e+00
2.753847308766410595e+00
2.778065693967657346e+00
2.766538270113030329e+00
2.726060527574543979e+00
2.784738587372250773e+00
2.782009345778694520e+00
2.743933308227442858e+00
2.702123239232437246e+00
2.746435143963898540e+00
2.777338654179572597e+00
2.681033755848665212e+00
2.634700172695177756e+00
2.779708797698061229e+00
2.788201032924275680e+00
2.724330559972486299e+00
2.673265605958375257e+00
2.710667261026332930e+00
2.728735604634497491e+00
2.740417851350410938e+00
2.786564013260775852e+00
2.660386626037652302e+00
2.730160617985689431e+00
2.745835027819406804e+00
2.676653320846761996e+00
2.761281767585480829e+00
2.746328640203134608e+00
2.673287489216227719e+00
2.686702625896658425e+00
2.797332658086985280e+00
2.791932305769607492e+00
2.791869803554599461e+00
2.692067792608499488e+00
2.708002400294356793e+00
2.715939064117602886e+00
2.834504189448306732e+00
2.750414150632590982e+00
2.643662799980361022e+00
2.677460924084607008e+00
2.775100178371945336e+00
2.792109238550669392e+00
2.810442847666537958e+00
2.761893191272971837e+00
2.773344010396114001e+00
2.734186899244453350e+00
2.748901235039193036e+00
2.694434820143178033e+00
2.734748982996428435e+00
2.728498854681819186e+00
2.711572422045923858e+00
2.672288345220253714e+00
2.732450548500374499e+00
2.866207773347912546e+00
2.964622404286926916e+00
2.946497242489800605e+00
2.964274447482891262e+00
2.960234787985574378e+00
3.047247446467057586e+00
3.082566138787616872e+00
3.165878235182142841e+00
3.143040884239337807e+00
3.150784822865567048e+00
3.134464228540501551e+00
3.051523390046354756e+00
3.068471932411962477e+00
3.063347678602610369e+00
3.059616642653128160e+00
3.150495040465863372e+00
3.141094713630902202e+00
3.124978559926452348e+00
3.172692704943231856e+00
3.219192134682240081e+00
3.016569243362399622e+00
2.986869933559209933e+00
2.893431526751583327e+00
2.914362537502841910e+00
2.931817525017544668e+00
2.940870109338390659e+00
3.009478027831404390e+00
3.027405159538445023e+00
2.981068768076308384e+00
2.984744210145988674e+00
2.947359156940327463e+00
2.962233616715602924e+00
2.964241892963527913e+00
2.996271182653532428e+00
2.913333657513330177e+00
2.897594001926426355e+00
2.956874532339848205e+00
2.947919435805530952e+00
2.828198543242676610e+00
2.702008327152231715e+00
2.770211905252014883e+00
2.778294620806079696e+00
2.807099036371891287e+00
2.951393230323605010e+00
2.899561863454545918e+00
2.885633552618904751e+00
2.818120295516143958e+00
2.807423017644473884e+00
2.876216090630187683e+00
2.889060400891611202e+00
2.858213952803393632e+00
2.843631656878224501e+00
2.857710622158933678e+00
2.830975980117104385e+00
2.909529515230941943e+00
2.881064560192985624e+00
2.856294977764026299e+00
2.907230984975222032e+00
2.876724526262464554e+00
2.843873590720937816e+00
2.897738601047375795e+00
2.809999822064051855e+00
2.844981019268845390e+00
2.880110067341177249e+00
2.880529291640687273e+00
2.735481858832187640e+00
2.757544922571525170e+00
2.757609653304832431e+00
2.748578177894891450e+00
2.764401924467569049e+00
2.770699189735327916e+00
2.810467576756578989e+00
2.783293911896478345e+00
2.796584702811628187e+00
2.681474594323056682e+00
2.643836038789092235e+00
2.783187022102538766e+00
2.701031284528188969e+00
2.795214660808718055e+00
2.797909398104235112e+00
2.746864030125990563e+00
2.726958012144668153e+00
2.829892400781343742e+00
2.788734838596168775e+00
2.727701596582734478e+00
2.805945295261473849e+00
2.739514190508966607e+00
2.708881872655210632e+00
2.795952073981240460e+00
2.928943324818696237e+00
2.868348305209812210e+00
2.873684220647773291e+00
2.912807237013805839e+00
2.850526091794285399e+00
2.884018377195263216e+00
2.871798913573163414e+00
2.873088581996733559e+00
2.932221853816658008e+00
2.882720416551004750e+00
2.870158706413287852e+00
2.878201869223213638e+00
2.933328143934804011e+00
2.926397614815867687e+00
2.857760836739141830e+00
2.782335170320067608e+00
2.839885561074600329e+00
2.873111379671871024e+00
2.874660675627646267e+00
2.789152559470349679e+00
2.832707185714753439e+00
2.850166661793657408e+00
2.866002791345465095e+00
2.781015282230573593e+00
2.702041080368690285e+00
2.752988376292206496e+00
2.771571756242294793e+00
2.773082761116227424e+00
2.820308316478891353e+00
2.856775279926651923e+00
2.861453826291803004e+00
2.939883501093197626e+00
2.866969480130543868e+00
2.892581891667027616e+00
2.837754393882600201e+00
2.863453509313535150e+00
2.829941872194551067e+00
2.785264978417672843e+00
2.767020780550806691e+00
2.702533811074340875e+00
2.716152057599132696e+00
2.776885125459819914e+00
2.828495890044742556e+00
2.782786732755494707e+00
2.788318131060371741e+00
2.883162499756127595e+00
2.969035365232283841e+00
2.880554460516238979e+00
2.855484897526162857e+00
2.854464222932212802e+00
2.852301176243491110e+00
2.884063972938186726e+00
2.844254032255206344e+00
2.855070051679993171e+00
2.907681894568248993e+00
2.852305733963313550e+00
2.802668014588955980e+00
2.765320415431093970e+00
2.798521395308601001e+00
2.762421220596163796e+00
2.834120851339970937e+00
2.798048069637117941e+00
2.884656478681646874e+00
2.869144471789456752e+00
2.911312247080343418e+00
2.926320727466488858e+00
2.751603532487919779e+00
2.786369860589221759e+00
2.804538821268124593e+00
2.816204715570230110e+00
2.737964572451586864e+00
2.775755392681422684e+00
2.732410291299606442e+00
2.746132007023696975e+00
2.743788257136472009e+00
2.771542891603881120e+00
2.750779525879891718e+00
2.736867187132031809e+00
2.793485457273761519e+00
2.775940381204178742e+00
2.740813565348799941e+00
2.721476253800499290e+00
2.861750163798370661e+00
2.938494512501256928e+00
2.938161840334872377e+00
2.954568327184192711e+00
2.923183880634265375e+00
2.909124610600240857e+00
2.820790137532390052e+00
2.753370479975406404e+00
2.810656506939259724e+00
2.821425526218972024e+00
2.774999279279185327e+00
2.810195188950404432e+00
2.779293975095114444e+00
2.751205553934493508e+00
2.687585719563192033e+00
2.754512116509927111e+00
2.856675165292687169e+00
2.925242895897706585e+00
2.854437422680693448e+00
2.746032410588047146e+00
2.715352647447472734e+00
2.738384012515409971e+00
2.721603020280511043e+00
2.722793785801634669e+00
2.769761903124526636e+00
2.703260623765306736e+00
2.772446392628719281e+00
2.709438871796150838e+00
2.824440121510809476e+00
2.844528431919778999e+00
2.874967304161910153e+00
2.805963292703595346e+00
2.780824518016194347e+00
2.732337826843525885e+00
2.819661149854713056e+00
2.834811633953833176e+00
2.790733953640152976e+00
2.767472493088233509e+00
2.696787347938283563e+00
2.689588444353522068e+00
2.758432344647952394e+00
2.819187116883163036e+00
2.826373117619115138e+00
2.804798210210496023e+00
2.853619631275339241e+00
2.933029150895025694e+00
2.872530765718619428e+00
2.886962763874865168e+00
2.844136072694131379e+00
2.826101555146240063e+00
2.752058683967331554e+00
2.799185953094220913e+00
2.753861652298458917e+00
2.715327420404397341e+00
2.867245019177816268e+00
2.913077582214383732e+00
2.941903635403444461e+00
2.928349193658434046e+00
2.895479407628381185e+00
2.899153324679466071e+00
2.923236904528950131e+00
2.843068412824426350e+00
2.863568577841291596e+00
2.899770508160947724e+00
2.911019237311907926e+00
2.875952364000488704e+00
2.900965701279489384e+00
2.910174737021816949e+00
2.845773181404308350e+00
2.883118103720345715e+00
2.833637415055073827e+00
2.870522077950281137e+00
2.867881796727334009e+00
2.859303586539911013e+00
2.897058163033666034e+00
2.858479316000030579e+00
2.861317353947304021e+00
2.781657060099250067e+00
2.737123307416017504e+00
2.761198471678556920e+00
2.779192328717104310e+00
2.759790028244902604e+00
2.796722367343601690e+00
2.697703282423773441e+00
2.737288073988559667e+00
2.817121225648623106e+00
2.824183244762988210e+00
2.822829431616441287e+00
2.781570419744932909e+00
2.842340936622487213e+00
2.883882279150797867e+00
2.847574581990785170e+00
2.856516935010188440e+00
2.826067762811075745e+00
2.722115537592040280e+00
2.735444753600408507e+00
2.739556168433127326e+00
2.696261300393565818e+00
2.744934607599969656e+00
2.818277665525524611e+00
2.876269806537627538e+00
2.938782230788800742e+00
2.915050085333011687e+00
2.980197644452461603e+00
2.951618877836364785e+00
2.900410660578945699e+00
3.039285113312010900e+00
3.090210672429955618e+00
2.966884729813411337e+00
2.952024051392535764e+00
2.971371568821375320e+00
2.988548477103893042e+00
2.935939542974276062e+00
2.981611980120820515e+00
2.947803419497304400e+00
2.977793310490169265e+00
2.982882833770042375e+00
2.968588553504846406e+00
2.971945658991765882e+00
2.966788499370995424e+00
2.981948021009085181e+00
3.069533026373882034e+00
3.000810890409457254e+00
2.976667095931286866e+00
2.930498592390038404e+00
2.911706544279488273e+00
2.886723748473345452e+00
2.865515311423060485e+00
2.950473012925215688e+00
2.966425121252852737e+00
3.002222176988238456e+00
2.963064292248819953e+00
2.870838553454373443e+00
2.772558385318512730e+00
2.811342383986696003e+00
2.845308243407030702e+00
2.831119213314762906e+00
2.841093275483928426e+00
2.776054934614947456e+00
2.784906641164116348e+00
2.861042117830493670e+00
2.818808613581277100e+00
2.710251833317339099e+00
2.759594354248463777e+00
2.731953696532940512e+00
2.758288237295007050e+00
2.744120988586327137e+00
2.772091989815634427e+00
2.809634495801900389e+00
2.791209952690768326e+00
2.760969576072868747e+00
2.816091085174626141e+00
2.804719059014646021e+00
2.828298781953561658e+00
2.847861829513504084e+00
2.754229111747967806e+00
2.771718600435477242e+00
2.732732881201527242e+00
2.754127266485701053e+00
2.645758492379831850e+00
2.709020487187204562e+00
2.747839333003296858e+00
2.775169544370216901e+00
2.865432777086212468e+00
2.931989597525884950e+00
2.931476760951722493e+00
2.974015803589482587e+00
2.919515884526062255e+00
2.842219027450207047e+00
2.813976901113440121e+00
2.836132930594051693e+00
2.786653369186774754e+00
2.731647488238553745e+00
2.731760970509682362e+00
2.797432036707952374e+00
2.864285949412173959e+00
2.943867354348697951e+00
2.850260338986598363e+00
2.787887192839767270e+00
2.763397365562904273e+00
2.738696405226398678e+00
2.713348484806181293e+00
2.744763195614514206e+00
2.761686079191478349e+00
2.775198191120770819e+00
2.746917181132332075e+00
2.746659425556797540e+00
2.795457923131735800e+00
2.856701769523728007e+00
2.941876611960467791e+00
2.884031553225449684e+00
2.848511892199153461e+00
2.915735927686181839e+00
2.834998059964062289e+00
2.830945071879706898e+00
2.823348012555306763e+00
2.875917418842202977e+00
2.909962370890730288e+00
2.869555540497517043e+00
2.774497071542877169e+00
2.704736955787013120e+00
2.735532672076866678e+00
2.819013479925202237e+00
2.884464595033192857e+00
2.892836842962284383e+00
2.927589793669871376e+00
2.927496712209938678e+00
2.931166320767213840e+00
2.847643587248937624e+00
2.825163712070506428e+00
2.836037200038109773e+00
2.882947623527004399e+00
2.966101818886195840e+00
2.909764251619020747e+00
2.822264870631387534e+00
2.890881353497579909e+00
2.826630679802368373e+00
2.819769139486422826e+00
2.785285622696529906e+00
2.788568987850220005e+00
2.796559850959746907e+00
2.770052165573781977e+00
2.779072147318237818e+00
2.827359368739672973e+00
2.900928472058557972e+00
3.027805475918160738e+00
2.980983227057810936e+00
2.907764261421478924e+00
2.909275167460100953e+00
2.875475612833466865e+00
2.804117329927547697e+00
2.775357634612159341e+00
2.710758380970166748e+00
2.703407294508173297e+00
2.830792821808053361e+00
2.768214045192314732e+00
2.737674195370953800e+00
2.733421848160287215e+00
2.744734777715325702e+00
2.743002916513214373e+00
2.816486286137391826e+00
2.834719386464911395e+00
2.767673029821261288e+00
2.848582981062689701e+00
2.905165916088098044e+00
2.888588236492006356e+00
2.969206796435708284e+00
3.037349831678925582e+00
2.922849807978507464e+00
2.829902648502240936e+00
2.761879613596508687e+00
2.763144042571794579e+00
2.780181648741679279e+00
2.882614264864447939e+00
2.936386044102512027e+00
2.923896886006755569e+00
2.869200934058122154e+00
2.857775533522532996e+00
2.881757449890604672e+00
2.896109286611953770e+00
2.901683304566506028e+00
2.902285478721899015e+00
2.974102889948496919e+00
2.896708649484789788e+00
2.875249728284483552e+00
2.903701430932596139e+00
2.833313607774473386e+00
2.846499253469075175e+00
2.815000355239764662e+00
2.849565054530252439e+00
2.855790258404843129e+00
2.915110461028878053e+00
2.878650204522946510e+00
2.930971511291093901e+00
2.896890746990641752e+00
2.965655913959001744e+00
2.977796668679713044e+00
2.986023944981017308e+00
2.985267492202331674e+00
2.941245484484421802e+00
2.865778428280874479e+00
2.992448829971867674e+00
2.969257482940810711e+00
2.895424839293881725e+00
2.904028408951951246e+00
2.862328597488415838e+00
2.860993883251063075e+00
2.909900341936129120e+00
2.927833499364334013e+00
2.877723579498212558e+00
2.922537424910072623e+00
2.922191643270509509e+00
2.821038992995311911e+00
2.814933214127823824e+00
2.758759866316748077e+00
2.738342929583509999e+00
2.726550384643570357e+00
2.704912567903074105e+00
2.732826375750936787e+00
2.797083302299021579e+00
2.781481799329271087e+00
2.684595127761353783e+00
2.736577607158254821e+00
2.785712476189888598e+00
2.818429349832988429e+00
2.749048017041535896e+00
2.793169167809211206e+00
2.821515550196382893e+00
2.845877544800549330e+00
2.807255955555175042e+00
2.776601879996482225e+00
2.723050128073297049e+00
2.699893516418749417e+00
2.743494486963661050e+00
2.818973749434357412e+00
2.849928244710733249e+00
2.866502049537031027e+00
2.834492370778231685e+00
2.845718714138837591e+00
2.796787800316641537e+00
2.726106014079423545e+00
2.702767470575299313e+00
2.727679233341046672e+00
2.706081484360734812e+00
2.759598702710232665e+00
2.716575785800940945e+00
2.751052707601219449e+00
2.743159856807473762e+00
2.777489873968939982e+00
2.768992777166455532e+00
2.787720574232647408e+00
2.790012186353314050e+00
2.757752164354150270e+00
2.711369211302658400e+00
2.761975561079423880e+00
2.731164952909289401e+00
2.687623857611031397e+00
2.725345666149525226e+00
2.726207805725748390e+00
2.848665828067588279e+00
2.819152532233756503e+00
2.829414957195215408e+00
2.894690657047831017e+00
2.986601412977633707e+00
2.870090765115278053e+00
2.938291680551813556e+00
2.985260625138113522e+00
2.912527081419157948e+00
2.939022116282897112e+00
2.894555924489972565e+00
2.822766019350523958e+00
2.761772981256787052e+00
2.720395008082465704e+00
2.777911805655464139e+00
2.744458598703941377e+00
2.745812265978867295e+00
2.731779090629401718e+00
2.712999447106467343e+00
2.758002356779268194e+00
2.795787724416858744e+00
2.836655424967932326e+00
2.843957805594168775e+00
2.709853501575315793e+00
2.715158558905907071e+00
2.759169802676160188e+00
2.674469293149577265e+00
2.686355709879091780e+00
2.711119879311868264e+00
2.746815792877272955e+00
2.825716546294054332e+00
2.917644597959114350e+00
2.941992182178599702e+00
2.883263602239656720e+00
2.835330844892708146e+00
2.754992014507483322e+00
2.746361411030966426e+00
2.750492864924393821e+00
2.694442799541307831e+00
2.716398534825109401e+00
2.834819394599945586e+00
2.823104851046095654e+00
2.845041475971835432e+00
2.852619848490155707e+00
2.883256665647371708e+00
2.882951439063793586e+00
2.883218687508805278e+00
2.851536603307065931e+00
2.882757534028833390e+00
2.890744886703079608e+00
2.872609092793518393e+00
2.827936703676374286e+00
2.777372499323776278e+00
2.823739895953591539e+00
2.878276220240163052e+00
2.899161430482959378e+00
2.870133620582846490e+00
2.922657352479075321e+00
2.900453412830483746e+00
2.810642809038530476e+00
2.821224025135189883e+00
2.860062586727779355e+00
2.861772352930959329e+00
2.884214451111429156e+00
2.900273952577584247e+00
2.910835275311882242e+00
2.866596239444962446e+00
2.768450469125283142e+00
2.714093218738074853e+00
2.770153425353909959e+00
2.843344861250566069e+00
2.812954496610281296e+00
2.858124384976973076e+00
2.835714019431438082e+00
2.905106022161670243e+00
2.901941763716150202e+00
2.909743631318745916e+00
2.914350356425939204e+00
2.859242207298990035e+00
2.818818369459089368e+00
2.771816371984262783e+00
2.691886513209648779e+00
2.577075086216930710e+00
2.576098794689365423e+00
2.616007262986859594e+00
2.593033937302017033e+00
2.738285229847321922e+00
2.829980565304291762e+00
2.735627898673355318e+00
2.719337051562383589e+00
2.835766386711006781e+00
2.902159713041306155e+00
2.857231177206352779e+00
2.863126088735877151e+00
2.860375150220683782e+00
2.877124606269252372e+00
2.752360804836459174e+00
2.746780661064876394e+00
2.746543099971307633e+00
2.737793819848382881e+00
2.884100206303518821e+00
2.905457967343530790e+00
2.954903382515238874e+00
2.801516196633529798e+00
2.732304887819073436e+00
2.745241337296231432e+00
2.702486447699599559e+00
2.790396566798346800e+00
2.971950369706735096e+00
2.869723854310724853e+00
2.881384910073626404e+00
2.832875923862533174e+00
2.787364525855920316e+00
2.829433335493168666e+00
2.827132823197382461e+00
2.739029937769939860e+00
2.736702577921101387e+00
2.777318310889120845e+00
2.860159610930830709e+00
2.881851141193798593e+00
2.797973016310200123e+00
2.842122798191520694e+00
2.877135033327424374e+00
2.869588994960776240e+00
2.864691431899778262e+00
2.927161765259993942e+00
2.925372796755996596e+00
2.880898818077441526e+00
2.881647271960952494e+00
2.868738050084043589e+00
2.804387098814997259e+00
2.777456030255024633e+00
2.832881395328791463e+00
2.777771228881169119e+00
2.701801065955818704e+00
2.738144444692427015e+00
2.734241028146568109e+00
2.700211102858441681e+00
2.784766776590096971e+00
2.807533793207127371e+00
2.796292545496626314e+00
2.768878653895833430e+00
2.761263659993373754e+00
2.714484481443944386e+00
2.791770406032702212e+00
2.835413550084008527e+00
2.852265415419820371e+00
2.811648093200854515e+00
2.755092920393067413e+00
2.696332880042818569e+00
2.700305538267845584e+00
2.776012247811597611e+00
2.741298414985132492e+00
2.821549928673954710e+00
2.777751068760482056e+00
2.718721942383957479e+00
2.719409126997995418e+00
2.757988216073448129e+00
2.796905969102286171e+00
2.761070987859602255e+00
2.753336339788511999e+00
2.863754877778474039e+00
2.890173351202312002e+00
2.870424358871001669e+00
2.878062890209315938e+00
2.899639632781977561e+00
2.941814576073753962e+00
2.931940313171466972e+00
2.951718482511501040e+00
2.917097530080199341e+00
2.949122072753177726e+00
2.973185833411695622e+00
2.977692563042733109e+00
2.917181687862448136e+00
2.898753352736310074e+00
2.868601924282977222e+00
2.803379032524856207e+00
2.920619968431360736e+00
2.890163490185287287e+00
2.968872344847450773e+00
2.988263375273337630e+00
3.027471056839355246e+00
3.071567677913022987e+00
3.033190234719873146e+00
2.974524499815054401e+00
3.052165952237852586e+00
3.110486135638607763e+00
3.075639933412232185e+00
3.058235765927800109e+00
3.079239841259528099e+00
3.018124417581223184e+00
3.053131343391568109e+00
3.050991478191966699e+00
2.948692252507880696e+00
2.916534073176584752e+00
2.829486525855884338e+00
2.890982358991489587e+00
2.852890639334077161e+00
2.822712525214000845e+00
2.765775478957031908e+00
2.781354705894234058e+00
2.764450940060249717e+00
2.787521300367048482e+00
2.762625381770029698e+00
2.765231274233675762e+00
2.742640515999135165e+00
2.772024711289565957e+00
2.739873172247211830e+00
2.764785163443987948e+00
2.883819342469288394e+00
2.860056992439136803e+00
2.790659420280446668e+00
2.739062065744403807e+00
2.739286403426994809e+00
2.716814678994502241e+00
2.885183876289342919e+00
2.921688724008771221e+00
2.901409485060665983e+00
2.872757212156989759e+00
2.830922817739826680e+00
2.807994658114576936e+00
2.740611063248486357e+00
2.878866790943964471e+00
2.876272935588693347e+00
2.934390907837603812e+00
2.889486805645597123e+00
2.926894600083849607e+00
2.796297730929237169e+00
2.791149763090472469e+00
2.753642496766782521e+00
2.665216313922755376e+00
2.763706207251414693e+00
2.742762476044909192e+00
2.718311792271077998e+00
2.778506253367085677e+00
2.760453223657303834e+00
2.848651084285331869e+00
2.831962040706053951e+00
2.830881664782193052e+00
2.803131998319023044e+00
2.760205245991681267e+00
2.716256431193491139e+00
2.793182593386977608e+00
2.769033405360072475e+00
2.756407263087223836e+00
2.731572074831635000e+00
2.748278552112212836e+00
2.811737185442479969e+00
2.787712682469267733e+00
2.833455487562844599e+00
2.963386407473719952e+00
2.968544087595803571e+00
2.868733169885271383e+00
2.834774417832925497e+00
2.933465356877425378e+00
2.930734549562617364e+00
2.894621564211805609e+00
2.981626569508663671e+00
2.943557201754367636e+00
2.888525748543710137e+00
2.837217298692506162e+00
2.817043308151296443e+00
2.827187471675693509e+00
2.885878202558104899e+00
2.941013430775180293e+00
2.929831735782790769e+00
2.836688386129149642e+00
2.763634201554177938e+00
2.719318113057021424e+00
2.752284505642540235e+00
2.753080274892107049e+00
2.840037147644375537e+00
2.972901949274479261e+00
2.884745049393446781e+00
2.821745913437282205e+00
2.801792818892931525e+00
2.726330500874756257e+00
2.827765548980325505e+00
2.797792343974083717e+00
2.773971160628747157e+00
2.808769481463368134e+00
2.871406275677476749e+00
2.835787192297757553e+00
2.850732362043129076e+00
2.750738446308554241e+00
2.817140039117686179e+00
2.814815446881020033e+00
2.785092637597535781e+00
2.770005054147013812e+00
2.812379952993549370e+00
2.785882624950304809e+00
2.809132250357750493e+00
2.825026725537299832e+00
2.887222021251569792e+00
2.906917439488091226e+00
2.931479148825725467e+00
2.955463077082845391e+00
2.969495748439455518e+00
2.968415233756894533e+00
2.993433146071580175e+00
2.990357336506793029e+00
2.953172869982385595e+00
2.923838743843442778e+00
2.948136530081332918e+00
2.899883618354363701e+00
2.956715238233130982e+00
2.880550468226516614e+00
2.849588391329526793e+00
2.747716506483155907e+00
2.778936667144467076e+00
2.763683411680867952e+00
2.708456017734089727e+00
2.720506570475432540e+00
2.744507970474854286e+00
2.762774873202664683e+00
2.773786581552373232e+00
2.714092666067243975e+00
2.809668663739552041e+00
2.885453517213542263e+00
2.924118670642489537e+00
2.906125599488088351e+00
2.889506186184760406e+00
2.921534699434528815e+00
2.896951673742591105e+00
2.855144304584270820e+00
2.876340383195285177e+00
2.839452235907482081e+00
2.857609140522895164e+00
2.870219678003758101e+00
2.833231723668220958e+00
2.876261810058326152e+00
2.861139108816626031e+00
2.749866542216185206e+00
2.826385854762226479e+00
2.900232749280650335e+00
2.960173812464396370e+00
2.862405107597455256e+00
2.841921357110361424e+00
2.882575410982339381e+00
2.961644475624986228e+00
2.894298360570312756e+00
2.845459013937821524e+00
2.867508674790714363e+00
2.926993167057278633e+00
2.826342159045857727e+00
2.759061072176547835e+00
2.707874443174941526e+00
2.761395480549644343e+00
2.754896368286836594e+00
2.854108267042439806e+00
2.913662128662140915e+00
2.917212539394413273e+00
2.960891926430277543e+00
2.899221619676564110e+00
2.776465018688331732e+00
2.739908392629213818e+00
2.779163543226630395e+00
2.691571474064918590e+00
2.718376169701316680e+00
2.792470232607681790e+00
2.827589255885656350e+00
2.839643287457070731e+00
2.916584646465793629e+00
2.907135015784440668e+00
2.813831906848736963e+00
2.797205212350355907e+00
2.770110106114917148e+00
2.815869670279503634e+00
2.827249900521707104e+00
2.802350085196351426e+00
2.714785258542561142e+00
2.791363286997950333e+00
2.761882872244947329e+00
2.672913952973420937e+00
2.745331491823892467e+00
2.777385281159242325e+00
2.833231900145132709e+00
2.924487134524615950e+00
2.931907570166562671e+00
2.886636970593981832e+00
2.797847029413866871e+00
2.879039075802896974e+00
2.930639691261960778e+00
2.881143349436122936e+00
2.864906455715439559e+00
2.847125041159941805e+00
2.823866321198650997e+00
2.898873056896420497e+00
2.987776598074226797e+00
3.031914576633055525e+00
3.036864501422479101e+00
3.064468143087801799e+00
3.001745325639735285e+00
3.017550330980413253e+00
3.075385016546708705e+00
3.093304705327297732e+00
3.032502926626782447e+00
2.968369586153314810e+00
2.946082313853433554e+00
2.964676879526670916e+00
2.934411525331782844e+00
2.906680925041480457e+00
2.904989845076915600e+00
2.918407271098398148e+00
2.915551577317746723e+00
2.911740716478718571e+00
2.970611721514611059e+00
2.932572420248134470e+00
2.932375658062929880e+00
3.008048370621722256e+00
3.026347138052738028e+00
2.969953029931618360e+00
2.927893952997615123e+00
2.961700862680091362e+00
2.952580396873216273e+00
2.966098110312603620e+00
2.894440360415118985e+00
2.840236785903597738e+00
2.787326496842449597e+00
2.742758647785108916e+00
2.789520747368622988e+00
2.715783128307560634e+00
2.762686554786843551e+00
2.724335148251770811e+00
2.783438161698585045e+00
2.747560736362347100e+00
2.761117527379086667e+00
2.860038636102666398e+00
2.918122170163545359e+00
2.967976078070711399e+00
2.935504385961635876e+00
2.893550932677702026e+00
2.835545979172264808e+00
2.860409935656076374e+00
2.814214099886502840e+00
2.775966858591795372e+00
2.656319822611727499e+00
2.671944235945054036e+00
2.810881890083608781e+00
2.828276860563689876e+00
2.794116855108247144e+00
2.728030425050277596e+00
2.702153585568370264e+00
2.725870870015672853e+00
2.781689055232450247e+00
2.746026037749824233e+00
2.847462730221415939e+00
2.876003824754063576e+00
2.722915716653749207e+00
2.694329044493267045e+00
2.714704587980062200e+00
2.755124316614406599e+00
2.759479298708363171e+00
2.756184318945305911e+00
2.715153955119303575e+00
2.844226432617487532e+00
2.913140916605305719e+00
2.839958450400287049e+00
2.805566965873386831e+00
2.790607281578688870e+00
2.928497396276800391e+00
2.909813911575790168e+00
2.909657196303372384e+00
2.937976514541938755e+00
2.951952066006492625e+00
2.889804318634741076e+00
2.923353724748341431e+00
2.870364610985858711e+00
2.908286437062209906e+00
2.931758687204661928e+00
2.902015334211726749e+00
2.923090487822777028e+00
2.899546343826910455e+00
2.915962276847902324e+00
2.852705908431501847e+00
2.831160362819456822e+00
2.904272197986958570e+00
2.873310634094406346e+00
2.756157470102171381e+00
2.748818291557301396e+00
2.799475307981837080e+00
2.788155842129345530e+00
2.773253143872733251e+00
2.758921165963246214e+00
2.820705408226814370e+00
2.854274338601670014e+00
2.805181455806379454e+00
2.810027935804197519e+00
2.876135254121405360e+00
2.850645716324637036e+00
2.873092758683575720e+00
2.780193878131523633e+00
2.796192768748249513e+00
2.874991826075336654e+00
2.890425747186735617e+00
2.796038089869306464e+00
2.775136212873162478e+00
2.679871078988688815e+00
2.809929714423476277e+00
2.901950034028843106e+00
2.840786334802390734e+00
2.869115194620111442e+00
2.770444729641795334e+00
2.695417036378600528e+00
2.751001817520301262e+00
2.848474855075957546e+00
2.817237299199341294e+00
2.756979143918212305e+00
2.754751712949826015e+00
2.784337802781839510e+00
2.870708797492354858e+00
2.938643224346909388e+00
2.891370090458847297e+00
2.950832086039461899e+00
2.950174571105920407e+00
2.942957865821392183e+00
2.983977546832415673e+00
3.024793877274945864e+00
3.022010754448103853e+00
3.016125992063328987e+00
3.008326278846761515e+00
2.968202317902201237e+00
2.908384603177509575e+00
2.815019360501806567e+00
2.845382399608179291e+00
2.780023381196639942e+00
2.822093903469549581e+00
2.903672329998686408e+00
2.872383330964026982e+00
2.854673361349771010e+00
2.905114283466314617e+00
2.920667903066008986e+00
2.980807440946161346e+00
2.968358132031915009e+00
2.950393194135317643e+00
2.939778393008561252e+00
2.856075804316124955e+00
2.821648099958604217e+00
2.856311957752514008e+00
2.873795573801309899e+00
2.869319257245523058e+00
2.941424994794190173e+00
2.936618974262749315e+00
2.883378920641544774e+00
2.920444829131342512e+00
2.940034353540788459e+00
2.938343240671518419e+00
2.940673392269192110e+00
2.999140376841337829e+00
3.013739869331790722e+00
2.948944387403736656e+00
2.994305595626471916e+00
2.944916637190262421e+00
2.929731898996902562e+00
2.971218436937950624e+00
2.965267441564082507e+00
2.966587264855021999e+00
2.943031940023757009e+00
3.011110260352482637e+00
3.021303692117030426e+00
2.999091529113441457e+00
2.900203268738244855e+00
2.873473333789614781e+00
2.870432371612332556e+00
2.956690886785428241e+00
2.857571696388386151e+00
2.793133544963434023e+00
2.911459427847140180e+00
2.845085938948066051e+00
2.829578943942013147e+00
2.971231899397958731e+00
2.913456023350961210e+00
2.931979706614628256e+00
2.998231645487053232e+00
2.991563136555870805e+00
2.896606635358000670e+00
2.815206031536590991e+00
2.811294541665814162e+00
2.854502758800558926e+00
2.916258219019707720e+00
2.957412551538928902e+00
2.968399905673088313e+00
2.922884534154573721e+00
2.907471925917772371e+00
2.989726408887609210e+00
3.052916638233019064e+00
3.035863962696615737e+00
2.967262037636716698e+00
2.897864903683399884e+00
2.908044016173069846e+00
2.926122861398680275e+00
3.001217253049169198e+00
2.938086962634019805e+00
2.904991910487876083e+00
2.900228439278534243e+00
2.854000350385402118e+00
2.878717422742287813e+00
2.899508406609644595e+00
2.854945533631070731e+00
2.771895019657129922e+00
2.747161626115216304e+00
2.773036963330997473e+00
2.704009060635707673e+00
2.701293393913367424e+00
2.745681336207827616e+00
2.834547759343631235e+00
2.878203953857335406e+00
2.859226818564767125e+00
2.806336758124369890e+00
2.766157804609129744e+00
2.777696347695334023e+00
2.715200545079497374e+00
2.686767946808954033e+00
2.783127018301536637e+00
2.775188101732926071e+00
2.816406753293991372e+00
2.798466901716009314e+00
2.865894101323354537e+00
2.837493436115755774e+00
2.878074008777397719e+00
2.814904261249394413e+00
2.864701729674487662e+00
2.803185866117336111e+00
2.870378894849946239e+00
2.883340597293354346e+00
2.907569775602985906e+00
2.810311904397801985e+00
2.761728082197811407e+00
