4.804358333846466600e+00
3.799918025431600732e+00
4.130144065283921861e+00
3.211769138652403655e+00
2.716082104797275854e+00
3.278867639902531828e+00
2.758342618312670691e+00
3.065269971796937831e+00
2.897863178274640017e+00
2.902537338261129030e+00
2.817875973140052892e+00
2.716949760301062167e+00
2.846112260610954792e+00
2.711195492766982351e+00
2.978980194630370448e+00
2.734595765373741827e+00
2.840943681243963237e+00
2.753078821973682810e+00
2.906807355157889017e+00
2.879731063832176918e+00
2.756830426413637625e+00
2.952675058315763934e+00
3.059192377082552650e+00
2.812145622118456867e+00
2.791440667469040626e+00
2.968782073510954245e+00
2.726055575368924178e+00
2.879518536144540786e+00
2.889091552720335354e+00
2.858287249385548012e+00
2.777314170201131027e+00
2.775583902532942737e+00
2.996728049056169851e+00
3.168733185359727145e+00
2.918047806325318128e+00
2.858544034994038974e+00
2.889455831121146900e+00
2.781765806102304062e+00
2.827013441779151037e+00
2.746571135070053682e+00
2.795640177132958648e+00
2.768203388481417893e+00
2.863160491484890713e+00
2.882753024454228541e+00
2.860415004855064947e+00
2.919260351527421360e+00
2.898869434796952138e+00
2.708786628732502866e+00
2.683451695112099245e+00
2.916827214628936904e+00
3.010758376223505284e+00
2.950152538429157367e+00
2.833487780104230414e+00
3.031795672534677966e+00
2.855973739375066156e+00
2.779831289844763020e+00
2.892453111115199871e+00
2.744168544386441422e+00
2.739833206602183324e+00
2.792362619718291583e+00
2.818890207156000471e+00
2.877847459473833691e+00
2.760711502493514935e+00
2.888427426818960253e+00
2.973012949854070275e+00
2.821463095629641149e+00
2.713351801738949298e+00
2.731909588547908108e+00
2.838239242910999049e+00
2.699357516150834080e+00
2.707918758013245775e+00
2.695290893391657505e+00
2.813311394069273330e+00
3.019555762028580670e+00
2.810850583008638104e+00
2.740663788208980822e+00
2.655206959918567033e+00
2.797197347346089380e+00
2.918024331632619983e+00
3.075740398668262099e+00
2.763744199451172445e+00
2.955610596814133739e+00
2.757741285907726159e+00
2.755337184447667731e+00
2.928362340968070576e+00
2.915366529272091611e+00
2.770144581064317268e+00
2.880665548098217066e+00
2.908114337504631219e+00
2.870663337976085749e+00
2.499836194633560105e+00
2.890520368376601201e+00
3.018385329940496575e+00
3.040275809856730405e+00
2.807287302717696331e+00
2.973774873792567330e+00
2.770314242103231184e+00
2.758043872022343468e+00
2.734069677239407969e+00
2.969870199183796355e+00
2.813569263409024579e+00
2.832172664227942338e+00
2.938832080946442549e+00
2.857660931601228693e+00
2.925775281869747779e+00
2.688403615530971624e+00
2.820091310578435539e+00
2.901794100207663263e+00
3.002058127351967087e+00
2.729921793751608483e+00
2.707885706598415432e+00
2.990852888391537068e+00
2.819423167954750120e+00
2.723611205734034257e+00
2.716064248135525716e+00
2.909793119793913974e+00
2.713188161554594746e+00
2.707650088176092318e+00
2.821312814985250661e+00
2.939892174893493859e+00
2.873965553029471653e+00
2.871564556126155132e+00
2.790132254929863276e+00
2.870415649344185027e+00
2.780147657949124440e+00
2.783836561294501966e+00
2.753751622786630548e+00
2.789428256829703745e+00
2.973573103187476363e+00
2.790673753773450727e+00
2.713478947771660543e+00
2.860542780662439277e+00
2.701374835153389498e+00
2.812643596334238438e+00
2.749982727218482026e+00
2.730646992930430450e+00
2.739503787184825345e+00
2.644191558870121028e+00
2.816707652561763808e+00
2.904920997204571087e+00
2.853613498706508267e+00
2.911079009577032917e+00
2.790580047230324379e+00
2.773139917133645049e+00
2.919946232381685824e+00
2.820683073299799393e+00
2.877841899757525024e+00
3.102140551296797444e+00
2.752000181686040658e+00
2.734894879149836644e+00
2.797238817119481968e+00
2.806261748305029169e+00
2.829410362602073903e+00
2.882563269036778397e+00
2.684112702551813001e+00
2.770151800894673055e+00
6.124107363526540837e+00
2.797015909858219462e+00
2.772453245773497610e+00
2.848385332078509080e+00
2.785389380320101971e+00
2.704924952748227085e+00
2.935068142309476436e+00
2.741734852242280862e+00
6.024205590781243735e+00
2.938006466977226339e+00
3.059006047722037103e+00
2.899607042342116525e+00
2.876027294724442740e+00
2.805704724307246156e+00
2.803644413972641747e+00
2.966629231973554770e+00
2.776460516557006208e+00
3.027227279211126554e+00
2.716699836198324114e+00
2.818970911520726652e+00
2.917884336295735181e+00
5.789513796511759125e+00
5.215876148836358972e+00
5.663291092642157132e+00
5.726987166041145549e+00
5.500568970570226313e+00
2.871307019459953036e+00
4.930682407131897982e+00
5.375494302852529493e+00
2.752988739533817952e+00
2.988099563267596182e+00
3.004807481353838572e+00
2.811872863413280577e+00
2.922063141001576270e+00
2.698594819531083377e+00
2.879989756926229383e+00
2.944392976489381919e+00
2.913510082357704700e+00
2.894961830491034060e+00
2.943403642044359891e+00
2.753633781024630078e+00
2.985056950880501603e+00
2.941227464852047557e+00
2.886470855560471005e+00
2.922860585111783482e+00
3.058376857092663492e+00
2.724698148419380850e+00
2.880991148893033316e+00
2.823024441977079135e+00
2.729946153315116142e+00
2.730947454639141014e+00
2.763068041145567033e+00
2.826412213389971839e+00
2.702876060791541857e+00
2.762024800757588938e+00
2.792244437723889749e+00
2.895856868009881957e+00
2.725202744751296535e+00
2.855416782187847335e+00
2.809864053650994897e+00
3.050832345442797688e+00
2.880159023387424355e+00
2.761747635103540599e+00
2.899271287754907611e+00
2.929476574407107403e+00
2.817443344594527943e+00
3.016669686922981874e+00
2.890701298993031632e+00
2.765865144941090925e+00
3.076339545628862915e+00
2.753812085092226969e+00
2.807833506460096551e+00
2.736330572134880068e+00
2.991741131849479096e+00
3.013428280215078026e+00
2.803859126275783709e+00
3.138211273958463110e+00
5.983812664179920304e+00
5.788901968421990674e+00
6.113021756872782042e+00
2.780424787689823596e+00
2.836050951587435254e+00
2.790262711645625782e+00
2.729364028487222260e+00
2.964219964847413458e+00
2.801009460890840685e+00
2.759274179924859016e+00
2.912650511132429454e+00
2.901026197744514867e+00
2.719825362040731775e+00
2.761313817732421239e+00
2.809308455830366480e+00
2.728095856087171978e+00
2.883687569762022562e+00
2.736033991016924904e+00
3.089031563451561713e+00
2.862008735136914339e+00
2.986019758809375535e+00
2.884257096723521929e+00
3.026918399957289729e+00
2.867770737001129611e+00
2.893254223188829855e+00
2.886678021532709693e+00
2.885460621807201420e+00
2.940449795524486820e+00
2.748618744023986871e+00
3.112540280863847819e+00
2.773677342446306149e+00
2.787481479759102765e+00
2.846530519773150303e+00
2.891020753989842706e+00
2.852751128297033922e+00
2.894645228693838224e+00
2.808581492497592258e+00
2.971897205490122484e+00
2.817724081594931818e+00
2.753145473817175226e+00
2.955401326385301619e+00
2.785004488326724204e+00
2.784611463023163314e+00
2.793515885045223524e+00
2.851731754565986598e+00
2.840233089026321434e+00
2.755351338758816215e+00
2.732717877864453193e+00
2.892737976381545728e+00
2.727837605137079180e+00
2.855025569062385582e+00
2.935735853240205362e+00
2.734088879316106002e+00
2.995742645822568218e+00
2.829403824129741007e+00
2.857565747275117030e+00
2.860509569989235334e+00
2.726662612058925017e+00
2.987775593982922029e+00
2.800150888791530512e+00
3.237027185551582864e+00
2.983187221747907625e+00
2.869917594635775782e+00
2.757823417117201803e+00
2.735505986102022558e+00
2.833815449178015644e+00
2.840885249354503816e+00
2.898621913944625206e+00
2.808637748090700548e+00
3.331607119694637742e+00
3.683074938146113642e+00
3.123558547554374787e+00
2.831099786302136323e+00
3.115683071173960261e+00
2.951127411685235291e+00
3.085210689726068267e+00
2.872272097138430347e+00
2.749276632134351583e+00
2.734184521937025103e+00
2.859553461643967953e+00
2.854035388708416221e+00
2.904380312562389044e+00
2.830840687852285154e+00
2.796140733224993014e+00
2.854521501057576849e+00
3.172073927259577264e+00
3.130425689902254227e+00
2.837624887119507555e+00
2.761815707102846851e+00
2.732275974348126191e+00
2.703572821286676309e+00
3.091498827429827401e+00
2.842637683560815365e+00
2.696423742663604184e+00
2.679839174278933811e+00
2.930075937582505841e+00
2.711513599449576706e+00
2.745544936802163605e+00
2.876554536246445526e+00
2.842217796017750597e+00
2.899969827429244251e+00
2.762548642105691954e+00
2.849536979932003167e+00
2.886077095297351569e+00
2.948945235164599943e+00
2.693482875386438824e+00
2.724982568751587841e+00
2.945208481584962623e+00
2.815926490517819403e+00
2.728736704044565364e+00
2.563481616864065060e+00
2.792562443348402201e+00
3.067124060092777160e+00
2.842919977769335915e+00
2.870792399321135058e+00
3.030659664165542555e+00
2.697165919998249173e+00
2.765681832749385727e+00
2.768003973985586619e+00
2.825454653679651429e+00
2.841258172007605776e+00
2.853455799552535588e+00
2.910184358421300743e+00
2.754942649130831089e+00
2.937544212433236268e+00
2.889098475303325309e+00
2.904029269824944581e+00
2.736370040765685907e+00
2.693191601056263540e+00
2.900084136710519012e+00
2.725124217352302480e+00
2.826929429610862687e+00
2.898220488506697112e+00
2.677825423734713883e+00
3.034756827160951076e+00
3.108424359703803486e+00
2.896629938393926018e+00
2.951394585615417565e+00
