4.882138670705698402e+00
4.870737418502459448e+00
4.186212727513974663e+00
3.397804291009121958e+00
2.839529714583032494e+00
2.721844227725017884e+00
2.790111825715951177e+00
4.286041297047894716e+00
4.942609634595878099e+00
5.088452515254514807e+00
5.471748714990483542e+00
3.032432851688557474e+00
2.885985966701848149e+00
2.859977272636969658e+00
3.009915115082151260e+00
2.763751616914949860e+00
2.735850142094774728e+00
2.975675721579889910e+00
2.903914771476601153e+00
2.882203323847920551e+00
2.673716514516824461e+00
2.895909011001554401e+00
2.753525739847006104e+00
2.855204721206519469e+00
2.725736230819115757e+00
3.028259731264806742e+00
2.882663004931377504e+00
2.822106482753618639e+00
2.796409662406422303e+00
2.781125491595084487e+00
2.808582026574975909e+00
2.915920094927157091e+00
2.891271346657037888e+00
3.089703383821819749e+00
2.917728225863402525e+00
2.724815039594431276e+00
2.838356038272859205e+00
2.803098642573964572e+00
2.707544459468763431e+00
2.883789694135132198e+00
2.785828063610531036e+00
2.856940146380388956e+00
2.962496582276510360e+00
2.960287317136632179e+00
2.919541402343867720e+00
2.780618096754748247e+00
2.964256905195634673e+00
2.827931045835452739e+00
2.978145396047681359e+00
3.112784605461804244e+00
2.826490757105000640e+00
2.734922485190394159e+00
2.814589490494128654e+00
2.769521619341506202e+00
2.845605383745258621e+00
2.765031645388529746e+00
3.006013473023698701e+00
2.745475915028212643e+00
2.903468787502287096e+00
2.990995486455972241e+00
2.726822693172403778e+00
2.916634018864896927e+00
2.700518839038157370e+00
2.843030249575265955e+00
2.862782737128334531e+00
2.920554913025947386e+00
2.727402610543592232e+00
2.901193719833268680e+00
2.829121948591116986e+00
2.850308579785704399e+00
2.699634234484367568e+00
3.024885617672179006e+00
2.804970409826099687e+00
2.685838788907480179e+00
2.893169542214904411e+00
2.864514444020137773e+00
2.655990963840050512e+00
2.785247565298281103e+00
2.808163278728642798e+00
2.916984230331045147e+00
2.990236278289727156e+00
2.798769372420671697e+00
2.931864594417688874e+00
2.923216208219980405e+00
2.807362819444612079e+00
2.825657091722206804e+00
3.016467801916672187e+00
2.720249620898788301e+00
2.717883551589360902e+00
2.868845238070537373e+00
2.758466421764093290e+00
2.736342266603357221e+00
2.721046489863780504e+00
2.956014039208880728e+00
2.728575269256833025e+00
2.956886200042199597e+00
2.748006732160603871e+00
2.741540442889726759e+00
2.793300019689972213e+00
2.726708271891219670e+00
2.920674066033387195e+00
2.926127304134253926e+00
3.054475241346702674e+00
2.752839443193154878e+00
2.943465134836830366e+00
2.715897089361082539e+00
2.852043127303652614e+00
2.957879138842559819e+00
2.919985273935469472e+00
2.686209224911566995e+00
2.721627454300092008e+00
3.028830797519069140e+00
3.003051947602637828e+00
2.635078177208411088e+00
2.894130784881705942e+00
2.754978584308778622e+00
2.909681425860914050e+00
2.892334869962328803e+00
2.869970383122446123e+00
2.784571959924900142e+00
2.855335356836390837e+00
2.629708919253231247e+00
2.895545544452720943e+00
2.875832748961594021e+00
2.719325835570279626e+00
2.923014539820149249e+00
2.720554722846059370e+00
2.866604088464258293e+00
2.897992581080910846e+00
2.831037442352184907e+00
2.890739351792201983e+00
2.797833090089543173e+00
2.912402616397671284e+00
2.873687700499134134e+00
2.903959193928179694e+00
2.745325663741917221e+00
2.873549373162048060e+00
2.650541454118384266e+00
2.817017926815518436e+00
2.848402534755226867e+00
2.800523343948412958e+00
2.865309930880078682e+00
2.848241562789223469e+00
2.777999640028774753e+00
3.029942573713237941e+00
2.896051967765771895e+00
2.889017480044037356e+00
2.830565314561739765e+00
2.829539891925894057e+00
2.737662141316930420e+00
3.029842735192703529e+00
2.813363467453148026e+00
2.661479663645769822e+00
2.732416878882137024e+00
2.718720471104008052e+00
2.728659927510205918e+00
2.737542145794289006e+00
2.787698333751340130e+00
2.704324869537681586e+00
2.661683865525731552e+00
2.744889615266887350e+00
5.801356910240913045e+00
5.987500480166994876e+00
2.881919672718169068e+00
2.961148088157699476e+00
5.889913921272533770e+00
2.839510873372384392e+00
2.884206303300787866e+00
2.870661770393718282e+00
6.039654708673336536e+00
2.746487210966036763e+00
2.833685409497674446e+00
2.958249820417471199e+00
2.742638510631687065e+00
6.167171636982386573e+00
6.126735754053703964e+00
2.784316074011713216e+00
5.946977887969653764e+00
6.225358543891267971e+00
6.271032530612481892e+00
2.840171121605175486e+00
5.989302296595155894e+00
2.753186154258371321e+00
2.644027420432700115e+00
3.010220922125152132e+00
2.759526952214818252e+00
5.806968744534449556e+00
6.033473792103516864e+00
5.909891877183540920e+00
2.720039337950831637e+00
2.746916271021014655e+00
2.892651378925569894e+00
6.025132197719814897e+00
2.907137767633312553e+00
5.468844393471074206e+00
5.793455704499690384e+00
2.638037907233329094e+00
5.901528107193932726e+00
2.901089795232129731e+00
3.312594451483610314e+00
2.782699588529096157e+00
2.809536794562406126e+00
5.963427957140087443e+00
3.127381972193354898e+00
3.078515226533726779e+00
5.963188157353414454e+00
2.781762570745389684e+00
2.677148669760422539e+00
2.804511009070921546e+00
2.840320228424956461e+00
3.039708867638478029e+00
2.857873685102265693e+00
2.905167981373883102e+00
2.857916723769256873e+00
2.980119628471313842e+00
2.819017559363545367e+00
2.866463500552553612e+00
2.729113592359248219e+00
2.853267950964297750e+00
2.840088907059073797e+00
2.983236665100507778e+00
3.091177607320549914e+00
2.735770640971205925e+00
2.708317189695475857e+00
2.915966049185072517e+00
2.917098044289907044e+00
2.845024428717616960e+00
2.747408597205737379e+00
2.809474861962641512e+00
2.886018017961772930e+00
2.729068339195630521e+00
2.988548979019751695e+00
2.736185118006455141e+00
2.836824633282784003e+00
2.701040725350138505e+00
3.093875401498903610e+00
2.816174888035186896e+00
2.811783953293709004e+00
2.912810670126020796e+00
2.763779477454740618e+00
2.921738523550660993e+00
3.001438821632052001e+00
2.799943035134822455e+00
2.839025537046117709e+00
2.818813402834604354e+00
2.895330896460714065e+00
2.871780109966638683e+00
2.858239493114599128e+00
2.931324956397704184e+00
2.836023977331644463e+00
2.744047557896910572e+00
3.209486719087648154e+00
2.726309776969594090e+00
2.819286966592794652e+00
2.789149870480250648e+00
2.851761034869507050e+00
2.742271139037859129e+00
2.945476871408092112e+00
2.757040079505555408e+00
3.073002928732739836e+00
3.179952358133687262e+00
3.010165111750516598e+00
3.165224478611272207e+00
2.937760711834780825e+00
2.866121072111225576e+00
2.779813482951688730e+00
2.757017772884316820e+00
2.780912440189371004e+00
3.052895510822470904e+00
2.710961637500612031e+00
2.875702522862891630e+00
2.757266943913846191e+00
2.963960357359726849e+00
2.734491908929334691e+00
3.121977578394822039e+00
3.304224719960795476e+00
2.880891528676496449e+00
2.802065309731377241e+00
2.714472692807941456e+00
2.758978615357502662e+00
2.671432574481340083e+00
2.742997994895365999e+00
2.760138040026259620e+00
2.938001021102613741e+00
2.858717894441492824e+00
2.754345112726435563e+00
2.819481689956507164e+00
2.696553541096486040e+00
2.835378281640740905e+00
2.714592234572257290e+00
3.031854383046784562e+00
2.745625429660790484e+00
2.972166213387131606e+00
2.888894944438097578e+00
2.944576030602708006e+00
2.785795039122584082e+00
2.724423792290765700e+00
2.652327656983578308e+00
2.757017772884317264e+00
2.852374449471878126e+00
3.053925506622583441e+00
2.710938029538853211e+00
2.728204721057421178e+00
2.900523573426011303e+00
2.737371366840823494e+00
2.974263942557888729e+00
2.812545288524257447e+00
2.737634380263368694e+00
2.877483622889972281e+00
2.771791117671026594e+00
2.852630189842349395e+00
2.917821276226492788e+00
2.990957873324196825e+00
2.715126884696182685e+00
2.971321254930203715e+00
2.870858234047791058e+00
3.030106433774233388e+00
2.928513274683930412e+00
2.706368969671356428e+00
2.921188799102173661e+00
2.842541292576064027e+00
2.937448893172441178e+00
2.922397816862036368e+00
2.938297466220872511e+00
2.936559040782255270e+00
2.977745791702172795e+00
2.706229295532808443e+00
2.884798259844178148e+00
2.823105736595779458e+00
2.729930951507748560e+00
2.799486738671930652e+00
2.854476484401299530e+00
2.790607460751152846e+00
2.775501576292112027e+00
2.908110383049447023e+00
2.860902829527769864e+00
2.837256773716470892e+00
2.825804133339747892e+00
2.676769321402201030e+00
2.769434779878377828e+00
3.249944922610227493e+00
3.304985325232170812e+00
2.786934875450088445e+00
2.894369879611104590e+00
2.811149409049615411e+00
2.767299224876124786e+00
2.802765955266333098e+00
2.775288453476503214e+00
2.986398667291424669e+00
2.845009138825391748e+00
2.736514754208352329e+00
2.753594015100992110e+00
2.679182337953130322e+00
2.952549576213750804e+00
2.903440889703112759e+00
2.939611198781226786e+00
2.804093793010497215e+00
2.857906051639906408e+00
3.078771345845612295e+00
2.731110030738417738e+00
2.859435433787586689e+00
2.808413431103048641e+00
2.763864866450601365e+00
2.833193251439089622e+00
2.669433460493069177e+00
2.718821987552697994e+00
3.094906460622032895e+00
3.110322330563184856e+00
2.977718757706979691e+00
2.798992854581804579e+00
2.958199790413081232e+00
2.776201361573039872e+00
2.730899668607399189e+00
2.884965684371306072e+00
2.720725454727102921e+00
2.696730242349056450e+00
2.860116955650589876e+00
2.889822658918709486e+00
2.851138193774549023e+00
2.792402728834076697e+00
2.566536381974742209e+00
2.766994940364004396e+00
2.853861944803917527e+00
3.002608199549185564e+00
2.679294310074949781e+00
2.940440273156386120e+00
2.710307362643579854e+00
2.832486893173558951e+00
2.784085666785417246e+00
2.787440044198259859e+00
2.945918871931133332e+00
2.824851500521753156e+00
2.806233953183518981e+00
3.094741023090623600e+00
2.997744485442346729e+00
2.811712289691105759e+00
2.707969165260195599e+00
2.920089210965993498e+00
2.832884925301414558e+00
2.877579017160085240e+00
2.682883523375549029e+00
2.764439002763490194e+00
2.843029018494183546e+00
2.805782243867117831e+00
2.920635204882663594e+00
2.916135799307020715e+00
2.934544939168592936e+00
2.806739923826217176e+00
3.009788032403611258e+00
2.863591276701337840e+00
2.976258389320389330e+00
2.703673057157613968e+00
3.023440755166206806e+00
3.041069548694997682e+00
2.759718463901707164e+00
2.885675137641103394e+00
2.924785633170403187e+00
2.852562532180495491e+00
2.949744904224770536e+00
2.737078917386197574e+00
2.761884501567724470e+00
2.926686351490367599e+00
3.069324029815034383e+00
2.807195397545386495e+00
2.880526861530716687e+00
2.879776553831911556e+00
2.921070522941888736e+00
2.767228396789827904e+00
2.766282885028210181e+00
2.732624013654274986e+00
2.865380428494617604e+00
2.708758756331024475e+00
2.726801789642951057e+00
2.870840643435299100e+00
3.009998172756920276e+00
2.805289824599233928e+00
2.940480572967623107e+00
2.679561344698046188e+00
2.968363522212197569e+00
2.791199204643051157e+00
2.962699275998156079e+00
2.961165480009518625e+00
2.717444019662594634e+00
5.486694906772200397e+00
6.052041721601066904e+00
6.114049558189727840e+00
2.834189302075639461e+00
3.057469214889988240e+00
2.887439176848578537e+00
2.896938211284458387e+00
2.829249016965455610e+00
2.766911635741192033e+00
2.817709885705056205e+00
2.948410249609100919e+00
2.793886719249726536e+00
2.881922101653686230e+00
2.661851047673403858e+00
2.983107272626983164e+00
2.901358647254765444e+00
2.744928414367121317e+00
2.978133979524762776e+00
3.051475872426325342e+00
2.693416046584708567e+00
2.724919448350721751e+00
2.680431681651297193e+00
2.744606711352284734e+00
3.032525350265022901e+00
2.951472513847960499e+00
2.966023094987630060e+00
2.894257763227042535e+00
2.799614259143570205e+00
2.989351936457131043e+00
2.741757283203602125e+00
3.002204856434683933e+00
2.948882161090876863e+00
2.715868185313860206e+00
2.937628465276029832e+00
2.770400151602652183e+00
2.809861384481447732e+00
2.931277878332247067e+00
2.935252118643303376e+00
2.797461885352506616e+00
2.912793332867952945e+00
2.985167834477652882e+00
2.926827121645554364e+00
2.997272259905662928e+00
2.808126243600882255e+00
2.952634416923300975e+00
2.708433680192298798e+00
2.822972015447549943e+00
2.884010228830681477e+00
2.786710246868159491e+00
3.067262297228588785e+00
2.922441616183289348e+00
2.757955764692392453e+00
2.730185707969331244e+00
6.008076397650082612e+00
5.918589105521686378e+00
6.165672874877485832e+00
2.977199187155605831e+00
2.718354465480909532e+00
2.717797269849242969e+00
2.751765251615770236e+00
2.726317112883239524e+00
2.735776672171908785e+00
2.950505380439086611e+00
5.908873665936682507e+00
6.014875809191741141e+00
2.683594045305660369e+00
5.339784358941848552e+00
5.735700480324961603e+00
2.545666710313822190e+00
5.812779971751898422e+00
2.786186102901240247e+00
2.787552690084977858e+00
5.898741391178291771e+00
2.736021564242504311e+00
2.770733476897408121e+00
2.601109378707477937e+00
2.722837490560169105e+00
2.713277906886797375e+00
2.778887187346762211e+00
2.929238126202784898e+00
2.944495372725180360e+00
2.794906438505589730e+00
2.751777788993871265e+00
2.807507435430937281e+00
2.863489130414152761e+00
3.128650987246739401e+00
2.742649266676291386e+00
2.801628276556331620e+00
2.888946866939577252e+00
2.912426308080600545e+00
2.818880096776023247e+00
2.855898807731113820e+00
2.719641704342687927e+00
3.232122058338762649e+00
2.777079041006935700e+00
3.045189485073137803e+00
2.943838650469825069e+00
2.717146481145247261e+00
2.812097260053428638e+00
2.840014436583025770e+00
2.862896959375240691e+00
2.689813004652926054e+00
2.731117902984050883e+00
2.734458264446543385e+00
2.686811865389908682e+00
2.840933649348396539e+00
2.898398523322836873e+00
3.020173504949674292e+00
2.750358703878459377e+00
2.685505352815368951e+00
2.786253577835298145e+00
2.810317063962711970e+00
2.784117454418904014e+00
2.813638569539449463e+00
2.780200892022013814e+00
2.756657033437420523e+00
2.816568657071934378e+00
2.897216767865325338e+00
2.838873720333470629e+00
2.729077683027729240e+00
2.805381435740958551e+00
2.767300489646904893e+00
2.785294957450646702e+00
2.840076935577626305e+00
2.877035105799023995e+00
2.576517416979749342e+00
2.942294682726391830e+00
2.792632091772921044e+00
2.703194776556065992e+00
2.734892136812711705e+00
2.956586376211593592e+00
2.728179979400186195e+00
2.743185921515346237e+00
2.819992553181656980e+00
2.760034238918060989e+00
2.837707701649343495e+00
2.676508733406263385e+00
2.938341368867817494e+00
2.875856741911877901e+00
2.677493604100671387e+00
2.834127731772158487e+00
2.828613441246434768e+00
2.959482725072068998e+00
2.864162181162233090e+00
2.883863554331238088e+00
2.787649547557942586e+00
2.848234189809538464e+00
2.718259369523077229e+00
2.838771036910161971e+00
2.836086387964936506e+00
2.786189333121495082e+00
2.885180410303660459e+00
2.809887720176733161e+00
2.777358817293869020e+00
2.883364354361064308e+00
2.843713944826378182e+00
2.737124586130489146e+00
2.666219233296466928e+00
2.690715518221872937e+00
2.931015864849591868e+00
2.702293285341174300e+00
2.688712331209867745e+00
2.858820910795217607e+00
3.082151521259135052e+00
2.733175991406334493e+00
2.868539872478679698e+00
2.697199473528052227e+00
2.873891612430782505e+00
2.945660876611562617e+00
2.870282564487336430e+00
2.805712921879214505e+00
2.652241881880307961e+00
3.025325932854177946e+00
2.734122528344332004e+00
3.016765486410900809e+00
2.615847663760258346e+00
2.714852850524315020e+00
2.755668339985782200e+00
2.941859615957226115e+00
2.902358351410107673e+00
2.661838086736306064e+00
2.835279704015108315e+00
2.824069581295758358e+00
2.900368424872950879e+00
2.802315828025099709e+00
2.986980582461158384e+00
2.785026750320362954e+00
2.791083123090388973e+00
2.847956109212359532e+00
2.787828186958443588e+00
2.709809218376821427e+00
2.954340027823473047e+00
2.828394774425946334e+00
2.813821245210860855e+00
2.822391007638736404e+00
2.842606022648936026e+00
2.923579484125581551e+00
2.828278098066030033e+00
2.826471652077905183e+00
2.939562382396400775e+00
2.831799604491815003e+00
2.657437487505585061e+00
2.772363071460878903e+00
2.881782261032224568e+00
3.056824823243883937e+00
2.915996227706751043e+00
2.756038824109704244e+00
2.742492661795104869e+00
2.994364874226252304e+00
2.996756580037825302e+00
2.823146294473596996e+00
2.907951340720817512e+00
2.791475058101003714e+00
2.907421710037950913e+00
2.860140905619861229e+00
