-5.393312643330000355e+02
-5.817907893249999915e+02
-5.978536883560000206e+02
-5.845676556140000457e+02
-5.760989397170000075e+02
-5.772891818660000354e+02
-5.938292926980000175e+02
-5.836363901150000402e+02
-5.890944649980000349e+02
-5.931089864580000039e+02
-5.972488776440000038e+02
-5.967418076760000076e+02
-5.997404966569999942e+02
-5.817825852739999846e+02
-5.841260040099999742e+02
-5.928714103150000483e+02
-5.906978894159999527e+02
-5.922271924430000354e+02
-5.978749742259999493e+02
-5.788364580490000435e+02
-5.891805787189999819e+02
-5.866870883479999748e+02
-5.900848061860000371e+02
-5.574846202210000001e+02
-5.925409098379999477e+02
-5.613216208000000051e+02
-5.986023800079999546e+02
-5.915806950789999519e+02
-5.801883294059999798e+02
-5.894334649810000428e+02
-5.831438943870000458e+02
-5.984402097939999976e+02
-5.857283572840000261e+02
-5.672061658950000265e+02
-5.834997802619999447e+02
-5.909155488249999735e+02
-5.899775104530000363e+02
-5.678145286860000169e+02
-5.676972465220000004e+02
-5.720708806019999884e+02
-5.936645077800000081e+02
-5.826559714320000012e+02
-5.923290896349999457e+02
-5.894489176719999932e+02
-5.797921797520000382e+02
-6.008725839969999925e+02
-6.055755492069999946e+02
-5.871861993859999984e+02
-5.984874924660000488e+02
-5.833848137590000533e+02
-5.927131952710000178e+02
-5.772911218000000417e+02
-5.838805566029999454e+02
-5.746246087170000010e+02
-5.656507206549999864e+02
-5.963334575650000033e+02
-5.957386636889999636e+02
-5.853518855989999565e+02
-5.758548994120000089e+02
-5.889644351199999619e+02
-5.747251444510000056e+02
-5.796168309390000104e+02
-5.958359832869999764e+02
-5.870108130119999714e+02
-5.930913562780000348e+02
-5.867646030580000343e+02
-5.700534988849999536e+02
-5.934292841420000286e+02
-5.763292730880000363e+02
-5.906534465739999860e+02
-5.919443669349999482e+02
-5.768901851260000058e+02
-5.847850862110000207e+02
-5.999337879839999914e+02
-6.019090404790000548e+02
-5.967139886600000409e+02
-5.853097085560000323e+02
-5.933566228229999524e+02
-5.908127440639999577e+02
-5.876636942799999588e+02
-5.911046703729999763e+02
-6.029310161780000499e+02
-5.829530123910000157e+02
-5.812111110260000260e+02
-5.743894714949999525e+02
-5.927912033779999774e+02
-6.011271824359999982e+02
-5.943675276159999612e+02
-5.972130288260000270e+02
-5.968716187909999462e+02
-5.924922580730000163e+02
-5.833406487160000324e+02
-5.907469065770000043e+02
-5.940843779369999993e+02
-5.861371328100000255e+02
-5.989352532999999994e+02
-5.915945412170000282e+02
-5.642962281650000023e+02
-5.861537307600000304e+02
-5.923989110369999480e+02
-5.895760983899999701e+02
-5.486542586260000007e+02
-5.823661517880000247e+02
-5.672210556830000314e+02
-5.948115485560000479e+02
-5.814770053669999470e+02
-6.006760226760000023e+02
-5.919485286499999575e+02
-5.913867744240000093e+02
-5.974383309339999641e+02
-5.984852577880000126e+02
-5.900367400689999613e+02
-5.947094669870000416e+02
-5.909368144110000003e+02
-5.998052153329999783e+02
-5.932347574670000085e+02
-5.985168596080000043e+02
-5.980867109060000075e+02
-5.857410250249999990e+02
-5.953674800679999635e+02
-5.587428006689999620e+02
-5.828215010059999486e+02
-5.865752770220000230e+02
-5.979073504350000121e+02
-5.916179584330000125e+02
-5.900568735680000145e+02
-5.976711053300000458e+02
-5.930722219629999472e+02
-5.815379768530000320e+02
-6.028194478819999631e+02
-5.951618371260000231e+02
-5.912678208999999470e+02
-5.708633038519999445e+02
-5.886930123780000486e+02
-5.884228447660000256e+02
-5.766293398399999433e+02
-5.930215424990000201e+02
-5.883635882180000181e+02
-5.647181303910000452e+02
-5.614054197789999989e+02
-5.684782469230000288e+02
-5.981231901989999642e+02
-6.014206146010000111e+02
-5.876887893379999923e+02
-5.783201729039999464e+02
-5.935025301910000053e+02
-5.836170859280000514e+02
-5.809542648079999481e+02
-5.932130357749999803e+02
-6.008841939599999478e+02
-5.891853172249999488e+02
-5.921479841469999883e+02
-5.893872281989999919e+02
-5.867037105590000010e+02
-5.879239432110000507e+02
-5.967988277160000052e+02
-5.794525017150000394e+02
-5.795995307910000065e+02
-5.995553273929999705e+02
-5.916980269240000325e+02
-5.907291063919999488e+02
-6.018499771040000041e+02
-5.860014083529999880e+02
-5.967266258890000472e+02
-5.897302955589999556e+02
-5.842779075019999482e+02
-5.781153288660000271e+02
-5.776158075329999519e+02
-6.028492870110000013e+02
-6.037617478549999532e+02
-5.972278807210000195e+02
-6.018190859779999755e+02
-6.028917852509999875e+02
-5.517244333690000531e+02
-5.900863971390000415e+02
-5.943365824060000477e+02
-5.926250354569999672e+02
-5.711271648330000517e+02
-5.890884274039999582e+02
-5.970009379629999557e+02
-5.970797391410000046e+02
-6.001603661550000197e+02
-5.945815137880000520e+02
-5.974768860709999672e+02
-5.691072383480000099e+02
-5.921301126649999560e+02
-5.870715010870000015e+02
-5.697957708799999637e+02
-5.968106384500000559e+02
-5.814028122549999580e+02
-6.019159343600000511e+02
-5.884515648469999860e+02
-5.859002934479999567e+02
-5.511819286449999709e+02
-5.597776427610000383e+02
-5.837747309620000351e+02
-5.778734204290000207e+02
-5.822476991439999665e+02
-5.689592695219999996e+02
-5.986837385310000172e+02
-5.698419304020000027e+02
-5.940527299120000180e+02
-5.824515648450000072e+02
-5.762782514210000500e+02
-5.877059016089999659e+02
-5.723394892359999631e+02
-5.816757912030000170e+02
-5.952938045419999753e+02
-5.861551081909999539e+02
-5.867688664009999684e+02
-5.833358273190000318e+02
-5.981505968889999849e+02
-5.999547579300000280e+02
-5.931162629000000379e+02
-5.940760994099999834e+02
-5.986142292680000310e+02
-5.840106041359999836e+02
-5.774508830449999550e+02
-5.791251643900000090e+02
-5.828386735220000219e+02
-5.794673655509999435e+02
-5.815891337609999709e+02
-5.832663088330000392e+02
-6.030506718740000451e+02
-5.611978366849999702e+02
-5.678475324180000143e+02
-5.856317548829999851e+02
-5.973344734930000186e+02
-6.009489739570000211e+02
-5.897957327269999723e+02
-5.938686178919999747e+02
-5.909673218149999911e+02
-5.994513608879999538e+02
-5.788349643320000268e+02
-5.860911356789999900e+02
-6.014603575580000552e+02
-5.703941955510000525e+02
-5.723530817280000065e+02
-5.739334945489999882e+02
-5.690940212709999741e+02
-5.555966110409999601e+02
-5.771410335900000064e+02
-5.547242622620000247e+02
-5.704155220070000496e+02
-5.908987211959999968e+02
-5.881667536850000033e+02
-5.852116217980000101e+02
-5.670113250050000033e+02
-5.641395786470000075e+02
-5.744901625229999809e+02
-5.834515032790000078e+02
-5.759444715250000399e+02
-5.661008948889999601e+02
-5.497362551249999569e+02
-5.932385853980000547e+02
-5.903941951470000049e+02
-5.826203438139999662e+02
-5.878860593959999505e+02
-6.002051103380000541e+02
-5.882070036269999491e+02
-5.845935222189999649e+02
-5.760399058399999603e+02
-5.921406215109999494e+02
-5.911678172120000454e+02
-5.623593583589999980e+02
-5.651433822059999557e+02
-5.804706646920000139e+02
-5.964383302669999694e+02
-5.801841624170000387e+02
-5.775271900059999552e+02
-5.889888635889999478e+02
-5.843031234349999750e+02
-5.936496335040000076e+02
-5.891087931009999465e+02
-5.869479396750000433e+02
-5.723467797719999908e+02
-5.921643981580000400e+02
-6.024752097099999446e+02
-5.915976814509999713e+02
-5.914005196650000471e+02
-5.723755506590000550e+02
-5.887754997590000130e+02
-5.846028224860000364e+02
-5.852375383219999776e+02
-5.769540005009999959e+02
-5.913240666740000506e+02
-5.898937294999999494e+02
-5.990406073460000016e+02
-5.856463988780000136e+02
-5.930543103759999894e+02
-5.992623844979999603e+02
-5.993940396619999547e+02
-5.899714068289999886e+02
-5.688465077849999716e+02
-5.868286158219999606e+02
-5.793395402959999956e+02
-5.662400042100000519e+02
-5.784652413950000209e+02
-5.911111382520000461e+02
-5.838706406339999830e+02
-5.890594988770000100e+02
-5.877241776060000120e+02
-5.775266310949999706e+02
-5.953195196689999875e+02
-5.785502201939999622e+02
-5.857565368580000040e+02
-5.819169546269999955e+02
-5.600308833550000145e+02
-5.817776704399999517e+02
-5.712865861059999588e+02
-5.989560888710000199e+02
-5.835815697560000217e+02
-5.742320427710000104e+02
-5.995152921870000000e+02
-5.776781840439999769e+02
-5.876137661259999732e+02
-5.939305468439999913e+02
-5.853021542599999520e+02
-6.040431373930000518e+02
-5.662629427670000268e+02
-5.847987594060000447e+02
-5.836195902020000403e+02
-5.858543880570000510e+02
-5.923197054749999779e+02
-5.829917012219999606e+02
-5.723582970459999615e+02
-5.870135502059999908e+02
-5.998925964699999440e+02
-5.839912866019999456e+02
-5.834573248140000032e+02
-5.695081652280000526e+02
-5.666564921919999733e+02
-5.695935021599999573e+02
-5.802931361729999935e+02
-5.840570291279999537e+02
-5.964930589309999505e+02
-5.905840625649999538e+02
-5.707514279299999771e+02
-5.685216778779999913e+02
-5.726439651550000463e+02
-5.740168305250000458e+02
-5.908433945739999444e+02
-5.660803634320000128e+02
-5.995850958270000319e+02
-5.793902619760000334e+02
-5.756622872980000238e+02
-5.807270748060000187e+02
-5.647866950569999744e+02
-5.866978648829999656e+02
-5.832377399030000333e+02
-6.027418717479999941e+02
-5.947370819499999470e+02
-5.887921085589999848e+02
-5.772716889340000535e+02
-5.608959129510000139e+02
-5.800028478440000299e+02
-5.746093914320000522e+02
-5.561254527840000037e+02
-5.788482720470000231e+02
-5.859812325819999614e+02
-5.933593539299999975e+02
-5.818974824069999841e+02
-5.816534529499999735e+02
-5.925589516430000003e+02
-5.998818639520000033e+02
-5.844766416459999618e+02
-5.925349575100000266e+02
-5.928791756279999845e+02
-5.842230259159999832e+02
-5.894887721110000030e+02
-5.632461492610000278e+02
-5.918229223060000095e+02
-5.925891869289999931e+02
-5.979511521639999501e+02
-5.759531677600000421e+02
-5.913750862929999812e+02
-5.880659175800000185e+02
-5.635998186130000249e+02
-5.952867170079999823e+02
-5.883282161460000452e+02
-5.834140979649999963e+02
-5.820234801399999469e+02
-5.903343032179999454e+02
-5.927103173020000213e+02
-5.991796123599999646e+02
-5.954692052020000119e+02
-5.970971645329999546e+02
-5.753525566900000285e+02
-5.518351667130000351e+02
-5.856485931050000318e+02
-5.918602866390000372e+02
-5.970470907149999675e+02
-6.037164913960000376e+02
-5.726210071310000558e+02
-5.948557237160000568e+02
-5.849311359480000192e+02
-5.919393440830000372e+02
-5.719363486129999501e+02
-5.685366214270000000e+02
-5.862377467610000394e+02
-5.776625108219999447e+02
-5.888904920019999736e+02
-5.795131952210000463e+02
-5.879312565080000468e+02
-5.828331560579999859e+02
-5.862086762799999633e+02
-5.951213883750000377e+02
-5.852876882609999711e+02
-5.706547801450000179e+02
-5.748660630179999771e+02
-5.868242214409999633e+02
-5.775540262329999450e+02
-5.849599149220000527e+02
-5.886332542090000288e+02
-5.915859858149999582e+02
-5.946021914819999665e+02
-5.964352123559999654e+02
-5.992607060259999798e+02
-6.012918349130000024e+02
-5.571481199859999833e+02
-5.891008793729999979e+02
-5.987701439329999857e+02
-5.960759748360000003e+02
-5.908317016129999502e+02
-5.665419151779999538e+02
-5.951295406609999645e+02
-5.994444718419999845e+02
-5.862829024310000250e+02
-5.785758059989999538e+02
-5.717468680130000394e+02
-5.972287043909999511e+02
-5.930171269380000467e+02
-5.801370611229999668e+02
-5.774897918420000451e+02
-5.614912081759999865e+02
-5.571288101430000097e+02
-5.750090749600000208e+02
-5.830300106030000507e+02
-5.469311247199999571e+02
-5.794254783979999957e+02
-5.944803582399999868e+02
-5.779202571990000479e+02
-5.938737576730000001e+02
-5.893307185989999653e+02
-5.880330874019999783e+02
-5.841873797240000386e+02
-5.797356297799999538e+02
-5.953795442580000099e+02
-5.863987797199999932e+02
-6.014618265159999737e+02
-5.837551984049999874e+02
-5.978466421379999929e+02
-5.848520458089999465e+02
-5.716148896959999774e+02
-5.707387584729999617e+02
-5.982802028979999704e+02
-5.971035072339999488e+02
-5.942330235570000241e+02
-5.973206898409999894e+02
-5.941223525230000178e+02
-6.057634948039999472e+02
-5.920271640529999786e+02
-6.013628707699999723e+02
-5.965184080750000248e+02
-5.816928586919999589e+02
-5.764406819340000538e+02
-5.835027815019999480e+02
-5.987162875569999869e+02
-5.798704815309999958e+02
-5.803697792450000179e+02
-5.764850615020000077e+02
-5.847620618170000171e+02
-5.966567658879999954e+02
-5.992874865830000317e+02
-5.708177765809999755e+02
-5.942222292129999914e+02
-5.896948607890000176e+02
-5.983104802120000159e+02
-5.987155441500000279e+02
-5.698698280500000237e+02
-5.847515831409999691e+02
-5.893692672989999437e+02
-5.766790332159999934e+02
-5.872892940000000408e+02
-6.002907337120000193e+02
-5.969515230069999916e+02
-5.715150374779999538e+02
-5.835293982550000464e+02
-5.969859940190000316e+02
-5.937599879540000529e+02
-5.954049695019999717e+02
-5.840080044989999806e+02
-5.880685248229999615e+02
-5.945535751280000341e+02
-5.795680255700000316e+02
-5.757210508619999700e+02
-5.941983736500000077e+02
-5.890808004760000358e+02
-5.711439928830000099e+02
-5.581896198030000278e+02
-5.900164063900000428e+02
-5.934832306910000170e+02
-5.911550814009999613e+02
-5.879616583040000251e+02
-5.952037001219999865e+02
-5.864015555930000119e+02
-5.928870793510000112e+02
-5.973029936249999992e+02
-5.983091403470000387e+02
-5.825419777299999851e+02
-5.976048813989999644e+02
-5.993345054239999854e+02
-5.967318416540000499e+02
-5.933804447769999797e+02
-5.871711777660000280e+02
-5.842768904880000491e+02
-6.012967239829999926e+02
-5.986107553890000190e+02
-5.583950758040000437e+02
-5.789358142900000530e+02
-5.868715272619999723e+02
-5.853333067290000145e+02
-5.818916880049999918e+02
-5.914622371059999750e+02
-5.846562872050000124e+02
-5.856388474939999469e+02
-5.771694592410000269e+02
-5.831353367299999491e+02
-5.801109835050000356e+02
-5.924071254120000276e+02
-5.891556924430000208e+02
-5.954856370369999468e+02
-5.882073336150000387e+02
-5.945621564309999485e+02
-5.867118402359999436e+02
-5.812038883149999720e+02
-5.748303290630000220e+02
-5.849092426299999943e+02
-5.947461127760000181e+02
-5.901223669299999983e+02
-5.777169372399999929e+02
-5.960010152800000469e+02
-5.968244404780000423e+02
-5.755758604210000158e+02
-5.662735202430000072e+02
-5.813946725209999613e+02
-5.884318899820000297e+02
-5.762726491839999881e+02
-5.934190500390000125e+02
-6.007350784320000230e+02
-5.955158682009999893e+02
-5.843185031890000118e+02
-5.934225443999999925e+02
-5.661369028389999585e+02
-5.810561422600000014e+02
-5.852296302150000429e+02
-5.954680054609999615e+02
-5.876468635029999632e+02
-5.989485467250000283e+02
-5.959618935400000055e+02
-6.009325552630000402e+02
-5.982230595019999555e+02
-5.915231463699999495e+02
-5.708167767920000415e+02
-5.957936515229999941e+02
-5.756491612910000413e+02
-6.004871986819999847e+02
-5.970161776500000315e+02
-5.958233963950000316e+02
-5.935685789240000076e+02
-5.895568263479999587e+02
-5.876198470729999599e+02
-5.921785052010000072e+02
-5.932655953600000203e+02
-5.969630707559999792e+02
-5.935709133679999923e+02
-5.863353449879999744e+02
-5.993814386279999553e+02
-5.984996413379999467e+02
-6.025792623569999478e+02
-5.902422683150000466e+02
-5.972808057119999603e+02
-5.884398044719999916e+02
-5.969796517470000481e+02
-5.943582248239999899e+02
-5.976753089359999649e+02
-5.924015705839999555e+02
-5.900592520229999991e+02
-5.959170976789999941e+02
-5.978142939580000075e+02
-5.857747489180000002e+02
-5.852211920280000186e+02
-5.812035465799999656e+02
-5.861106697799999665e+02
-5.800663750969999910e+02
-5.934252528690000190e+02
-5.667954646550000462e+02
-5.863839201109999522e+02
-5.907498455920000424e+02
-5.581838533909999569e+02
-5.940965686289999894e+02
-5.893637456970000130e+02
-5.890551543520000450e+02
-6.022292862259999993e+02
-5.831791575749999765e+02
-5.951868276080000442e+02
-5.668773052540000208e+02
-5.869313126639999609e+02
-5.945099036289999503e+02
-5.989556810479999740e+02
-5.728776389879999442e+02
-5.885990232729999434e+02
-5.789187662949999549e+02
-5.983771498380000367e+02
-5.949079713080000147e+02
-5.980721624320000274e+02
-5.884027926740000112e+02
-5.876108298619999459e+02
-5.798630198470000323e+02
-5.824184998739999628e+02
-5.983703133860000207e+02
-5.841770638750000444e+02
-5.896873196090000420e+02
-5.908226415909999787e+02
-5.862407837949999703e+02
-5.966664243500000566e+02
-5.713942098899999564e+02
-5.836188788289999820e+02
-6.015541973260000077e+02
-5.868746670719999656e+02
-5.874213892159999659e+02
-5.960277521489999799e+02
-6.014789239330000328e+02
-5.702571095790000300e+02
-5.858275832959999434e+02
-6.059056172240000251e+02
-5.619910602979999794e+02
-5.784694518889999699e+02
-5.864705791989999852e+02
-5.862055621980000524e+02
-5.727909453029999440e+02
-5.760431869530000313e+02
-5.875088881750000382e+02
-5.843437624460000279e+02
-5.988758774350000067e+02
-6.001542591950000087e+02
-5.634993196520000538e+02
-5.959950011380000205e+02
-5.888014339869999958e+02
-5.754694436539999742e+02
-5.836957966500000339e+02
-5.938615389760000198e+02
-5.559733721630000218e+02
-5.621015603050000209e+02
-5.870501560100000233e+02
-5.844484206710000080e+02
-5.948088117669999519e+02
-5.863650283360000230e+02
