-5.582147236590000148e+02
-5.836065389399999503e+02
-5.963863570539999728e+02
-6.022204160850000108e+02
-5.951476043139999774e+02
-5.848986580739999681e+02
-5.870370076660000223e+02
-5.789958145089999562e+02
-5.989317599810000274e+02
-5.871706185020000248e+02
-5.709307448099999647e+02
-5.853615657799999781e+02
-5.929792148520000410e+02
-5.968459927850000213e+02
-5.991473165099999960e+02
-5.874866822239999919e+02
-5.841735668620000297e+02
-5.932196605340000133e+02
-5.916907623609999973e+02
-5.903106027740000172e+02
-6.006757007060000433e+02
-5.948956098400000201e+02
-6.026699000920000344e+02
-5.943689168360000394e+02
-5.957971432660000346e+02
-5.916728743190000159e+02
-5.916923744539999461e+02
-5.792655759000000444e+02
-5.917199785039999824e+02
-5.820784662779999508e+02
-5.901005932660000326e+02
-5.928531419160000269e+02
-5.963790584339999441e+02
-5.869476551330000120e+02
-6.012725406199999725e+02
-6.000994229719999566e+02
-5.943187684780000382e+02
-6.015865746700000045e+02
-5.847200928360000489e+02
-5.970497648000000481e+02
-5.917181372349999720e+02
-5.786511808230000042e+02
-5.901503906980000238e+02
-6.005301865080000425e+02
-5.866059868329999745e+02
-5.958976779060000126e+02
-5.945885183909999796e+02
-6.027520375599999625e+02
-5.769583935379999957e+02
-5.990703704549999884e+02
-5.994373621710000180e+02
-5.649102384039999833e+02
-5.910053420709999727e+02
-5.755374677700000348e+02
-5.922494823900000256e+02
-5.865792067219999808e+02
-5.813949289800000315e+02
-6.010568748350000305e+02
-5.884972921969999788e+02
-5.903267617620000465e+02
-5.821742601099999774e+02
-5.870183897199999592e+02
-6.014756767850000188e+02
-5.926169480029999477e+02
-5.920425333110000565e+02
-5.811388672189999625e+02
-5.971957437989999562e+02
-5.720812592140000561e+02
-5.831625126899999714e+02
-5.755154928140000266e+02
-5.505377043470000444e+02
-5.871341968530000486e+02
-5.912210858319999716e+02
-5.924277335399999629e+02
-5.833536006959999440e+02
-5.910542945460000510e+02
-5.980409376090000251e+02
-6.025183806879999793e+02
-5.871791929800000389e+02
-5.987379990980000457e+02
-5.927192783790000021e+02
-6.007361704800000552e+02
-6.000729897329999858e+02
-5.945998699900000020e+02
-5.961934644750000416e+02
-5.909315442380000150e+02
-5.917246194409999589e+02
-5.785594638349999741e+02
-5.720206160499999442e+02
-5.901244814289999567e+02
-5.879828903569999738e+02
-5.980043282679999948e+02
-5.961511131409999962e+02
-5.910807601379999596e+02
-5.877510101440000199e+02
-5.718858314169999630e+02
-5.922479547540000340e+02
-5.917239915610000480e+02
-5.931617329140000265e+02
-5.902907813289999694e+02
-5.862746458760000223e+02
-6.008428460390000510e+02
-5.996612944309999875e+02
-5.649544985429999997e+02
-5.938466874609999877e+02
-5.931626731070000460e+02
-5.965359555080000291e+02
-6.022667543239999759e+02
-6.010773009399999864e+02
-5.964641862390000142e+02
-5.997906592159999946e+02
-5.776310188449999714e+02
-5.924804323759999534e+02
-5.823746695639999871e+02
-6.002109705300000542e+02
-5.946892138800000112e+02
-5.996997413000000279e+02
-5.969392060530000208e+02
-5.960507357300000422e+02
-5.840198058030000539e+02
-5.901642398709999497e+02
-5.752642097599999715e+02
-5.953794782639999994e+02
-5.968033575509999764e+02
-5.943161833189999470e+02
-5.692242563940000082e+02
-5.972426776659999632e+02
-5.999602077949999739e+02
-5.949980915930000265e+02
-5.916199827259999893e+02
-5.840478155790000301e+02
-5.833288937779999515e+02
-5.995575396120000278e+02
-5.966407096450000154e+02
-5.971508594499999845e+02
-5.890402047129999801e+02
-5.718351366000000553e+02
-5.853922351999999591e+02
-5.972148628349999626e+02
-5.786605152150000322e+02
-5.968873662580000428e+02
-5.989509940870000264e+02
-5.944351677460000474e+02
-5.698601255199999969e+02
-5.848996889549999878e+02
-5.869127658520000068e+02
-5.884505654240000467e+02
-5.828138043420000258e+02
-5.869269693139999617e+02
-5.895653194579999763e+02
-5.864611238510000248e+02
-5.820373583350000217e+02
-5.856939244029999827e+02
-5.858261534099999608e+02
-5.897315149639999845e+02
-5.870537963089999494e+02
-5.822546465640000406e+02
-6.009696312449999596e+02
-5.946852430159999585e+02
-5.844442444239999759e+02
-5.931940076560000534e+02
-5.965301582319999625e+02
-5.793611814399999957e+02
-5.999460315349999746e+02
-5.904315588480000088e+02
-5.866376884159999463e+02
-5.877556839730000320e+02
-5.889983333200000288e+02
-5.911572525799999767e+02
-5.950820475360000046e+02
-5.880226144910000130e+02
-5.880174004489999788e+02
-5.883129329949999828e+02
-5.980397684560000471e+02
-6.018824512769999728e+02
-5.908565700729999435e+02
-5.991435201259999985e+02
-5.851537666729999501e+02
-5.950154061299999739e+02
-5.934997955850000153e+02
-5.823679163929999731e+02
-5.673209415879999824e+02
-5.909229062580000118e+02
-5.888172003829999994e+02
-5.998445280700000239e+02
-5.896637877690000096e+02
-5.922973765680000042e+02
-5.903864179769999510e+02
-5.958211653450000540e+02
-5.837617784049999727e+02
-5.955639684689999740e+02
-6.004827326099999709e+02
-5.932018553230000180e+02
-5.924984190059999491e+02
-5.932390338300000394e+02
-5.903646519709999438e+02
-5.980170350590000226e+02
-5.918599372749999930e+02
-5.937614768539999659e+02
-5.729046054990000130e+02
-5.997083529389999512e+02
-6.018599993440000162e+02
-5.923365772700000207e+02
-5.793164686510000365e+02
-5.857175014900000178e+02
-5.902363684609999837e+02
-5.724551530300000195e+02
-5.687793723859999773e+02
-5.895778938800000333e+02
-5.942726306580000255e+02
-5.834639562429999842e+02
-6.016301583279999932e+02
-5.889985897359999854e+02
-5.876243128710000292e+02
-5.893479047350000428e+02
-5.883846217210000304e+02
-5.924609760429999596e+02
-5.952962117270000135e+02
-6.020999191670000528e+02
-5.949702716110000438e+02
-5.976590104379999957e+02
-5.798518359070000088e+02
-5.890625961399999824e+02
-5.698896129810000275e+02
-5.980396870570000374e+02
-5.905971313479999480e+02
-5.952670879620000051e+02
-5.751025135400000181e+02
-5.950521418189999849e+02
-5.953826032020000412e+02
-5.708918060649999688e+02
-5.821153922250000505e+02
-5.896564915659999997e+02
-5.968401996759999975e+02
-5.863055727729999944e+02
-5.985751768059999449e+02
-5.899885579159999907e+02
-5.926178647059999776e+02
-5.875374568109999700e+02
-5.950234315870000046e+02
-5.915504682690000209e+02
-5.977641353239999944e+02
-5.765246273310000333e+02
-5.852224688640000068e+02
-5.947958828560000484e+02
-5.950990713989999676e+02
-5.669084946699999819e+02
-6.019018184630000405e+02
-5.954303327840000293e+02
-6.004820878650000395e+02
-6.011901389979999522e+02
-5.907914984200000390e+02
-5.910548695210000005e+02
-6.010710195379999732e+02
-5.831491713030000028e+02
-5.704315657409999858e+02
-6.016795680699999593e+02
-5.868565914020000491e+02
-5.970416774679999889e+02
-5.998336057870000104e+02
-5.960517053910000413e+02
-5.939984186560000126e+02
-6.022248689020000256e+02
-5.905709942460000548e+02
-5.585215557169999556e+02
-5.870965375939999831e+02
-5.906000914920000469e+02
-5.983383556439999893e+02
-5.961956297440000299e+02
-5.843483298170000353e+02
-5.882187210089999780e+02
-5.944119122990000506e+02
-5.942475619670000242e+02
-5.952879040510000550e+02
-5.935615383589999965e+02
-5.893464030620000358e+02
-5.928509112159999859e+02
-5.840496640280000520e+02
-5.957199376249999432e+02
-5.971039789999999812e+02
-5.778855346719999488e+02
-5.635258607629999688e+02
-5.920336033449999604e+02
-5.908747919549999779e+02
-6.008664631789999930e+02
-5.904673854269999538e+02
-5.937144979229999535e+02
-5.832740650839999716e+02
-6.027781372099999544e+02
-5.855676027319999548e+02
-5.858735221580000143e+02
-5.853523426320000453e+02
-5.869419552660000363e+02
-6.029688424940000004e+02
-6.032589305389999481e+02
-5.897190192450000268e+02
-5.451045918400000119e+02
-5.975405191710000281e+02
-5.607396189879999611e+02
-5.366388849850000042e+02
-5.521602902209999684e+02
-5.718072621459999709e+02
-6.008299027179999712e+02
-5.881460474040000008e+02
-5.798442889689999902e+02
-5.867289693049999642e+02
-5.911416073200000483e+02
