-5.834999931940000124e+02
-5.974690263280000408e+02
-5.969760376059999771e+02
-6.016931194569999661e+02
-5.873940764139999828e+02
-5.896310212880000563e+02
-6.013396512860000485e+02
-6.012861064549999810e+02
-5.936653144929999826e+02
-5.957898615620000555e+02
-5.861207217600000376e+02
-5.945212457549999954e+02
-6.056968126890000121e+02
-6.013410718420000194e+02
-5.991126106829999571e+02
-5.871640970129999459e+02
-6.068116936549999991e+02
-6.003076505679999855e+02
-5.935948802410000553e+02
-5.994843667899999673e+02
-6.047713797449999902e+02
-6.063856972410000026e+02
-6.014364719819999436e+02
-5.921018256099999917e+02
-5.918475550849999536e+02
-5.895815796350000255e+02
-5.794780977269999767e+02
-5.939852958520000357e+02
-6.030973149259999673e+02
-5.958822317960000419e+02
-6.033226667550000002e+02
-5.935268635160000485e+02
-5.900869407970000111e+02
-5.841682106370000156e+02
-6.016415148490000320e+02
-6.006131732320000083e+02
-5.946866799199999605e+02
-5.988563402749999796e+02
-5.965994823190000034e+02
-5.962235327419999749e+02
-5.911199324479999859e+02
-5.908115522159999955e+02
-5.983215281230000073e+02
-5.985848186419999593e+02
-5.986300959779999857e+02
-6.019651610229999505e+02
-6.034191833820000284e+02
-5.881851875559999598e+02
-5.899376384070000086e+02
-5.968869865740000478e+02
-5.822346472609999637e+02
-5.884645842749999929e+02
-5.994286037729999634e+02
-5.962510963070000116e+02
-5.958276888030000009e+02
-5.857202600550000398e+02
-5.946337754879999693e+02
-5.916379833040000449e+02
-5.794448189959999809e+02
-5.733770165639999732e+02
-5.923009923969999591e+02
-5.842389474399999472e+02
-5.991783118480000212e+02
-5.970995772280000438e+02
-5.920935664180000231e+02
-6.040553515860000289e+02
-5.994009629260000338e+02
-5.865883669749999854e+02
-5.987103192890000400e+02
-6.002607688099999450e+02
-5.866754655119999597e+02
-5.974606308639999952e+02
-5.851817444560000467e+02
-5.954900852199999690e+02
-5.944455227280000145e+02
-5.896733235870000271e+02
-6.043848979860000554e+02
-5.983311425299999655e+02
-5.936306267310000067e+02
-6.035000528960000565e+02
-6.030080996719999575e+02
-6.017577762399999983e+02
-6.008979362559999799e+02
-5.968897151700000450e+02
-6.033356218569999783e+02
-5.964335918829999628e+02
-5.988235599380000167e+02
-5.986391101949999438e+02
-6.011063946399999622e+02
-6.028111125420000462e+02
-6.010074110839999548e+02
-5.995310503230000450e+02
-6.057735630199999832e+02
-6.041454923960000087e+02
-5.875072440279999455e+02
-5.893422880650000479e+02
-5.932777347420000069e+02
-5.920296320720000267e+02
-6.038511913400000140e+02
-6.044596588460000248e+02
-6.010026895429999740e+02
-5.969985345449999841e+02
-5.974521369569999933e+02
-5.922433846320000157e+02
-6.013203467959999671e+02
-5.984909705180000401e+02
-5.867526687829999901e+02
-5.986510295440000391e+02
-6.019099820410000348e+02
-5.973366879449999942e+02
-5.833641416299999491e+02
-5.878067845000000489e+02
-5.948772031470000456e+02
-5.931759517980000282e+02
-5.965675481360000276e+02
-5.909488416020000159e+02
-5.827117597019999948e+02
-5.957483763269999599e+02
-5.977029640819999941e+02
-5.923227616650000300e+02
-6.009436057560000108e+02
-5.947321606990000191e+02
-5.982571539120000352e+02
-5.832465446539999903e+02
-5.992473895739999534e+02
-5.801064199270000472e+02
-5.968774425560000054e+02
-5.946081759969999894e+02
-6.000852534110000533e+02
-5.980879220570000143e+02
-5.985687424420000298e+02
-5.953608844630000476e+02
-6.013100665790000221e+02
-5.992022413070000084e+02
-6.039232422080000333e+02
-6.023743486959999700e+02
-5.950102794030000268e+02
-5.951002113109999527e+02
-5.914450018500000397e+02
-5.887515303630000290e+02
-5.919630769230000169e+02
-5.872334536189999881e+02
-5.923964054799999985e+02
-5.973416544389999672e+02
-5.991735768900000494e+02
-6.034658621480000420e+02
-6.015418233399999508e+02
-5.959989361789999975e+02
-6.043373484549999830e+02
-5.957842418919999545e+02
-5.965694908719999603e+02
-6.028067873200000122e+02
-5.972081718509999746e+02
-6.019536148490000187e+02
-5.921101827600000433e+02
-5.903826924170000439e+02
-5.839218233730000520e+02
-5.970709324440000501e+02
-5.962705534919999764e+02
-5.993324710890000233e+02
-6.007809131249999837e+02
-5.939587400479999815e+02
-5.823254636640000399e+02
-5.989573672120000083e+02
-5.830022636840000132e+02
-5.892656906580000395e+02
-5.920225906460000260e+02
-6.016127065499999844e+02
-6.021700438609999537e+02
-5.915067656649999890e+02
-5.962782733589999680e+02
-5.954729257640000242e+02
-5.961566201319999436e+02
-5.757442568769999980e+02
-6.010199732129999575e+02
-6.007686853229999997e+02
-5.953036301910000248e+02
-5.941635836210000434e+02
-5.979208626990000539e+02
-5.961692359989999659e+02
-6.012521355310000217e+02
-5.971927233090000300e+02
-6.000962425129999929e+02
-5.946029045029999907e+02
-6.052902306510000017e+02
-5.959267951250000124e+02
-6.013997116250000090e+02
-5.944152153490000501e+02
-5.930971680100000185e+02
-6.002987515679999433e+02
-5.911229346909999549e+02
-5.919063815030000342e+02
-6.020866799819999642e+02
-6.006161705810000058e+02
-5.998086042439999801e+02
-6.029534286240000256e+02
-5.973424418810000134e+02
-5.932155286570000499e+02
-5.911973966320000500e+02
-5.895635347370000545e+02
-5.988348633900000095e+02
-6.022226810619999924e+02
-5.985559676750000335e+02
-5.896866065860000390e+02
-5.994927365759999702e+02
-6.043413997860000109e+02
-5.934275549249999813e+02
-5.955722444049999922e+02
-5.860049615039999935e+02
-5.768124138650000532e+02
-5.873126416479999534e+02
-5.931942868080000153e+02
-5.926003826070000287e+02
-5.801901946770000222e+02
-6.062477590040000450e+02
-5.893540913419999470e+02
-5.957413478979999581e+02
-5.946517969269999639e+02
-5.959861256049999838e+02
-5.911665215660000285e+02
-5.998988045380000358e+02
-5.958452855430000454e+02
-5.941212771750000456e+02
-5.901885481299999583e+02
-5.974524063070000466e+02
-5.836067393939999874e+02
-5.838788894719999689e+02
-5.926291257079999468e+02
-5.958103590330000543e+02
-5.811359642420000000e+02
-5.962609294600000567e+02
-5.992922995379999520e+02
-5.962090703180000446e+02
-5.957037549499999614e+02
-5.940854926560000422e+02
-6.049400563829999555e+02
-5.875482481830000552e+02
-5.927573599950000016e+02
-6.007149633249999852e+02
-6.003092612469999949e+02
-5.983368097229999876e+02
-5.922396403290000535e+02
-5.907621954259999484e+02
-5.877896748419999540e+02
-5.890197785020000083e+02
-6.021302628490000188e+02
-5.940526341700000330e+02
-5.987670276549999926e+02
-6.004435956639999858e+02
-6.015923416050000014e+02
-5.946651810229999455e+02
-5.883306922939999595e+02
-5.874279168519999530e+02
-6.021533740090000038e+02
-5.999023750970000037e+02
-5.882851035119999779e+02
-6.016858409180000535e+02
-5.963670873800000436e+02
-6.014410206430000017e+02
-5.922267649149999897e+02
-5.962899151279999614e+02
-5.828048900100000083e+02
-6.048587643749999643e+02
-5.813174485829999867e+02
-5.926361250380000456e+02
-5.832332302180000170e+02
-5.974839940819999811e+02
-5.874556991980000475e+02
-5.974541934779999792e+02
-5.978425798299999769e+02
-5.926454346939999596e+02
-5.866274647940000477e+02
-5.936577819100000397e+02
-5.848544615419999673e+02
-5.977573560700000144e+02
-5.914741559410000491e+02
-6.009216224609999699e+02
-6.002738078559999622e+02
-5.855172574609999856e+02
-5.916724142709999796e+02
-6.001152341980000529e+02
-5.949703038750000132e+02
-5.867745287159999634e+02
-5.849248602750000146e+02
-5.969670427700000346e+02
-5.964050248569999439e+02
-6.051541469569999663e+02
-5.972350726829999985e+02
-6.013316833589999533e+02
-5.995681196489999820e+02
-5.943212433290000263e+02
-5.994566232590000254e+02
-5.860793135169999459e+02
-6.022790248019999808e+02
-5.942569737349999741e+02
-6.037704624599999761e+02
-6.014767153899999812e+02
-6.031219202099999848e+02
-5.962155614460000379e+02
-5.929828206749999708e+02
-5.995265783810000357e+02
-5.982055981529999826e+02
-5.965633858779999628e+02
-5.976163107160000436e+02
-6.005080754949999573e+02
-5.923424748410000120e+02
-5.921094490530000485e+02
-6.046276359409999941e+02
-5.939309806989999743e+02
-5.999036408570000276e+02
-6.033107245999999577e+02
-5.885932464579999532e+02
-5.883924680899999657e+02
-5.855025018789999649e+02
-5.895611344779999854e+02
-5.956893028770000456e+02
-5.933068394269999999e+02
-5.990129168749999735e+02
-5.959292994730000146e+02
-5.981390098959999477e+02
-5.768998148260000107e+02
-5.970802227440000252e+02
-6.016708212710000225e+02
-5.962327672119999988e+02
-5.991547270040000512e+02
-5.981008645910000041e+02
-5.823018131219999987e+02
-5.919088755540000193e+02
-5.822958940459999440e+02
-5.821534046650000391e+02
-5.870422541819999651e+02
-6.012058330229999683e+02
-6.044715255359999446e+02
-6.045027151519999506e+02
-5.965740983700000015e+02
-6.039791000909999639e+02
-5.962319289409999783e+02
-5.994644811179999806e+02
-6.028953909760000442e+02
-6.003985150859999749e+02
-5.993097371449999855e+02
-5.879935903340000323e+02
-6.022538534220000201e+02
-5.948670964939999521e+02
-5.962878484889999982e+02
-6.012374216690000139e+02
-5.914075250549999510e+02
-6.017918275800000174e+02
-5.990649196159999974e+02
-6.048830162919999793e+02
-5.958938350590000255e+02
-5.931966958409999506e+02
-5.989599337119999518e+02
-5.946702317589999893e+02
-6.024879758079999874e+02
-5.963589239789999965e+02
-5.915324290629999950e+02
-5.999800938939999924e+02
-5.994234440180000547e+02
-6.003765940660000524e+02
-5.977214056909999726e+02
-5.947931846069999438e+02
-6.040963138130000516e+02
-5.997909542300000112e+02
-5.965945905229999653e+02
-5.980135321689999728e+02
-5.965160387829999991e+02
-5.865785869569999704e+02
-5.975761483569999655e+02
-5.874858064620000278e+02
-5.892414944719999994e+02
-5.977980021600000100e+02
-5.905773697490000131e+02
-5.871860745010000073e+02
-6.010369702149999966e+02
-5.939247090269999489e+02
-6.033180156390000093e+02
-5.867320575930000359e+02
-5.847203215880000471e+02
-5.947660887550000552e+02
-6.043753457349999962e+02
-5.868438297689999672e+02
-5.957571143500000517e+02
-5.930775450180000234e+02
-5.888457010649999575e+02
-5.962137585110000373e+02
-6.004298964229999456e+02
-5.994321072149999736e+02
-6.029420481219999601e+02
-5.931161988280000514e+02
-5.991251561200000424e+02
-5.951928797350000195e+02
-6.030702252239999552e+02
-5.884876289320000069e+02
-5.864091165009999713e+02
-5.903766758560000198e+02
-5.947727664450000020e+02
-5.971274631100000079e+02
-5.921835504409999658e+02
-5.926760787289999826e+02
-5.891535119530000202e+02
-5.951607463279999592e+02
-5.907873942600000419e+02
-5.942588130899999896e+02
-5.964317093079999950e+02
-6.046374042490000420e+02
-5.934311295190000237e+02
-6.053643752899999981e+02
-5.986273094870000477e+02
-5.915391073969999525e+02
-5.977666319600000406e+02
-5.958199959419999914e+02
-6.012091148929999918e+02
-5.934654100200000357e+02
-5.992544394560000001e+02
-5.962321260070000335e+02
-6.003228352590000441e+02
-5.999808169479999833e+02
-6.045432145690000425e+02
-5.972536228180000535e+02
-5.956104023169999664e+02
-5.993981872049999993e+02
-5.899200294700000313e+02
-5.999661159490000273e+02
-6.021137896269999601e+02
-5.991907083150000517e+02
-6.041560574170000564e+02
-5.959952547819999609e+02
-6.026800259200000482e+02
-5.898176590470000065e+02
-6.051545583529999703e+02
-5.936269538110000212e+02
-5.948299108190000197e+02
-6.013708973660000083e+02
-5.959654198309999629e+02
-6.013252103070000203e+02
-5.931325467650000292e+02
-6.018209778630000528e+02
-5.924714268650000122e+02
-5.965871483930000068e+02
-5.970992146649999768e+02
-5.807098575459999665e+02
-5.960847748039999487e+02
-5.971159915130000400e+02
-5.914777715860000171e+02
-5.986766675180000448e+02
-6.003648811709999791e+02
-5.934953933619999589e+02
-5.912279346860000260e+02
-5.982905127379999612e+02
-6.069468498799999452e+02
-6.001217328699999598e+02
-5.886537615160000314e+02
-6.021719242350000059e+02
-5.926670780660000446e+02
-5.716206211290000283e+02
-5.946181880230000161e+02
-5.848652078530000153e+02
-5.932869728319999467e+02
-5.925001842640000405e+02
-6.032782698449999543e+02
-5.934334618110000292e+02
-5.955345107040000130e+02
-6.007089572410000073e+02
-5.993354092390000005e+02
-6.020082127990000345e+02
-5.837758995909999840e+02
-6.000461030840000376e+02
-6.034699177840000175e+02
-5.876881234950000135e+02
-5.944203512699999692e+02
-5.986822844700000132e+02
-6.024254115859999956e+02
-5.980829204520000530e+02
-6.021398046069999737e+02
-5.971936133540000355e+02
-5.988735287289999860e+02
-5.946228973749999795e+02
-5.844118983299999854e+02
-5.915001057590000073e+02
-5.963403226010000253e+02
-5.990470837149999852e+02
-6.003264842160000399e+02
-5.865813216669999974e+02
-5.886684702029999698e+02
-5.885159491980000439e+02
-6.020091332340000463e+02
-5.941026545480000323e+02
-5.900770627489999924e+02
-5.970041250269999864e+02
-5.936634746099999802e+02
-6.029027249050000137e+02
-5.947606765330000371e+02
-6.009701726700000108e+02
-6.023112546419999944e+02
-6.048226715590000140e+02
-5.973767371870000034e+02
-6.000906242680000560e+02
-5.974064506009999604e+02
-5.954588971939999738e+02
-5.840639740020000090e+02
-5.968157314239999778e+02
-5.909120155909999994e+02
-5.740057316810000430e+02
-5.998416031949999478e+02
-5.870299718109999958e+02
-5.965033164669999906e+02
-5.913002258359999814e+02
-6.034067704530000356e+02
-6.038586514339999667e+02
-6.003625010609999890e+02
-5.870996829160000061e+02
-5.906918406150000465e+02
-6.025128869720000466e+02
-5.804791637710000032e+02
-5.832083560769999622e+02
-5.915912861990000238e+02
-6.006718910810000125e+02
-5.975837931400000116e+02
-6.038811086440000508e+02
-5.989482234780000454e+02
-6.012911974769999688e+02
-5.983076649219999581e+02
-5.859906867329999614e+02
-5.957435354540000390e+02
-5.926661644670000442e+02
-5.887318769219999695e+02
-5.858769816609999452e+02
-5.991129995129999770e+02
-5.943573269539999728e+02
-5.649963249610000275e+02
-5.840155298280000125e+02
-5.833297212820000368e+02
-5.975886800409999751e+02
-5.970457868060000237e+02
-5.975095738210000036e+02
-6.053109320400000115e+02
-5.886775513869999941e+02
-5.990656977209999923e+02
-5.797360564440000417e+02
-5.960531311470000446e+02
-6.011564038120000077e+02
-6.036705377429999544e+02
-5.895663650850000295e+02
-5.777725872360000494e+02
-5.956559315360000255e+02
-6.017192339409999704e+02
-5.922816962990000320e+02
-6.031980930460000536e+02
-5.924391170809999494e+02
-5.912778363950000085e+02
-5.870275488590000350e+02
-5.885637712889999875e+02
-6.003949328449999712e+02
-5.973929785340000080e+02
-5.954218578229999821e+02
-5.958794299940000201e+02
-5.949758531649999895e+02
-6.027783828120000180e+02
-5.899312658549999924e+02
-5.962406423219999851e+02
-5.972390129860000343e+02
-6.002788204349999432e+02
-5.875751477610000393e+02
-5.991463908849999598e+02
-5.932483712839999725e+02
-6.018683662490000188e+02
-5.966409645229999796e+02
-5.913439751529999739e+02
-5.717835732429999780e+02
-5.861705075160000433e+02
-5.838816504679999753e+02
-5.888387906829999565e+02
-5.984273421499999586e+02
-5.981790738859999692e+02
-5.919274049130000321e+02
-5.998751333669999894e+02
-5.930704905220000001e+02
-6.014104624699999704e+02
-5.957954304539999839e+02
-6.018564308710000432e+02
-5.958539092229999596e+02
-5.980480215899999621e+02
-5.980021209599999565e+02
-5.992998522279999634e+02
-5.822057542249999642e+02
-5.969028013639999699e+02
-6.028174574639999719e+02
-6.007736507890000439e+02
-5.902106675730000234e+02
-5.993995067329999529e+02
-5.985027474250000523e+02
-5.903501665149999553e+02
-5.898952981039999486e+02
-6.029357865780000338e+02
-5.956415988380000499e+02
-5.995938210489999847e+02
-5.934902383859999873e+02
-5.985307211440000401e+02
-5.888579008870000280e+02
-5.958925833020000482e+02
-5.979830994279999459e+02
-6.034021225809999578e+02
-5.817004126279999809e+02
-5.881574245030000156e+02
-6.015413477079999893e+02
-5.981360794470000428e+02
-6.023104820739999923e+02
-6.032331754519999549e+02
-5.816173486169999478e+02
-5.948837032080000427e+02
-5.958767101820000107e+02
-5.872908813520000422e+02
-5.998959048240000129e+02
-6.027591047319999689e+02
-5.862512545309999723e+02
-5.873479545159999589e+02
-6.024357875599999943e+02
-5.942256008330000441e+02
-5.941976921130000164e+02
-6.002565017780000289e+02
-5.978073579849999533e+02
-5.868028376620000017e+02
-5.891259956200000261e+02
-5.976594732390000217e+02
-5.960228971430000229e+02
-5.977886149490000207e+02
-6.050435710660000268e+02
-5.956330020399999512e+02
-5.955805589029999965e+02
-5.854875341050000088e+02
-6.038611902559999862e+02
-6.003225195899999562e+02
-5.902529990100000532e+02
-5.896211081200000308e+02
-6.009628625560000046e+02
-5.860167429159999983e+02
-5.951944752430000563e+02
-6.027504892570000266e+02
-5.866618935259999716e+02
-5.924992879430000130e+02
-5.966377094219999435e+02
-5.925526341400000092e+02
-6.033877493359999562e+02
-5.885863436829999955e+02
-6.009111931310000045e+02
-6.020237829190000411e+02
-5.929097319429999970e+02
-5.954064529800000400e+02
-5.879170816959999684e+02
-5.960683161900000187e+02
-5.901767300730000443e+02
-5.958319074329999694e+02
-5.897516818240000021e+02
-5.952297481870000411e+02
-5.960606469419999485e+02
-5.969781332139999677e+02
-5.979884750149999491e+02
-5.934266481749999684e+02
-5.972182775530000072e+02
-5.955333170129999871e+02
-6.051221503689999963e+02
-5.989117183949999799e+02
-5.992151024859999779e+02
-5.970597424600000522e+02
-5.973354855630000202e+02
-5.946547040890000062e+02
-5.908465133769999511e+02
-5.861780147270000043e+02
-5.973431910870000365e+02
-6.002862781129999803e+02
-6.010161158700000215e+02
-5.813059574210000164e+02
-5.943078850670000293e+02
-5.982523548079999500e+02
-5.858521167500000502e+02
-5.925995076389999667e+02
-5.943004396329999963e+02
-5.999300113340000280e+02
-5.972132950129999927e+02
-6.049056599860000460e+02
-5.996311052209999843e+02
-5.942488527470000008e+02
-5.940418644489999451e+02
-6.039634862479999811e+02
-5.990494569490000458e+02
-5.963886905199999546e+02
-5.846537397700000156e+02
-5.949866329709999491e+02
-6.010402427369999714e+02
-6.002451316420000467e+02
-5.993841622319999942e+02
-5.940467578450000019e+02
-5.958798245870000301e+02
-6.024322021609999638e+02
-5.911938315669999611e+02
-5.997555347810000512e+02
-5.948541067669999620e+02
-5.935718749500000513e+02
-5.960827304859999458e+02
-5.874338530999999648e+02
-5.922754667899999959e+02
-6.005926888929999450e+02
-5.959179741409999451e+02
-5.955105069520000143e+02
-5.989307740560000184e+02
-5.948556743440000218e+02
-5.983900905839999496e+02
-5.876577046429999882e+02
-5.964246927509999523e+02
-6.010735167090000459e+02
-5.983127368699999806e+02
-5.969538901780000515e+02
-5.946226451669999733e+02
-5.904306541199999856e+02
-5.823133496059999743e+02
-5.859466880300000184e+02
-5.910070069040000362e+02
-5.941468514440000490e+02
-5.901269890600000281e+02
-5.903852931100000205e+02
-5.890973982320000459e+02
-5.911808556900000440e+02
-5.959061481100000037e+02
-5.939036702990000549e+02
-5.856438284460000432e+02
-5.997797339950000151e+02
-5.884157167109999591e+02
-5.878440990569999940e+02
-5.982278172290000384e+02
-5.995717577259999871e+02
-5.932569911159999947e+02
-5.956981500250000181e+02
-5.890263365189999831e+02
-5.998706178740000041e+02
-5.951825672910000549e+02
-6.010911443070000360e+02
-6.028345862700000453e+02
-6.000480775989999529e+02
-5.926307129970000460e+02
-6.049652952200000300e+02
-5.941334451879999961e+02
-5.902128242630000159e+02
-5.984253283240000201e+02
-5.900332193130000178e+02
-5.851285236579999491e+02
-5.985411852370000361e+02
-5.951303398600000492e+02
-5.812321808359999977e+02
-5.931430079489999798e+02
-5.814864156940000157e+02
-6.026883932309999636e+02
-6.043697562040000548e+02
-5.959407058079999615e+02
-5.900219728590000159e+02
-5.908532215039999755e+02
-5.922744126320000078e+02
-6.060166262159999633e+02
-6.022212193459999980e+02
-5.973005624920000400e+02
-5.949021552450000172e+02
-5.988538189079999938e+02
-6.033727726309999753e+02
-5.960692985120000458e+02
-5.944400132150000218e+02
-6.011869938669999556e+02
-5.895908884829999579e+02
-5.942049755069999719e+02
-6.021198028720000366e+02
-5.973453648939999994e+02
-6.033997947169999634e+02
-6.020887990439999840e+02
-5.920964015890000383e+02
-5.877735004319999916e+02
-6.005333502619999990e+02
-5.948836071939999783e+02
-5.989332286100000147e+02
-5.985064048990000174e+02
-5.998143533349999643e+02
-5.990353245349999725e+02
-5.998073295960000451e+02
-5.962031791289999774e+02
-5.944890168089999634e+02
-6.026310280269999566e+02
-5.970713246399999434e+02
-5.729474710590000086e+02
-5.897573641069999439e+02
-6.012407774570000356e+02
-5.864341477670000131e+02
-5.982943666219999841e+02
-6.045356575370000201e+02
-6.008893786380000392e+02
-5.897307121259999576e+02
-5.820043917909999891e+02
-5.885603621169999542e+02
-5.881290638420000505e+02
-5.846951764020000155e+02
-5.973539652020000403e+02
-5.998552452290000474e+02
-6.030727338899999950e+02
-6.047938684120000516e+02
-6.063449850839999726e+02
-5.863381023959999538e+02
-6.032823066280000148e+02
-5.923401452550000386e+02
-5.931477248300000156e+02
-6.026563173590000133e+02
-6.008506421929999988e+02
-5.873084802319999653e+02
-6.016187676710000005e+02
-6.001564239179999731e+02
-5.974944307959999605e+02
-5.922222921970000016e+02
-5.945535238229999777e+02
-5.940298414029999776e+02
-6.029892419880000034e+02
-6.023757359210000004e+02
-5.990711414070000274e+02
-5.984616115909999507e+02
-5.821623508330000050e+02
-5.956687265309999475e+02
-5.890155654820000564e+02
-5.868984851550000030e+02
-5.994463724329999650e+02
-5.990931521679999605e+02
-6.002721932590000051e+02
-5.832486634360000153e+02
-5.932592863940000143e+02
-5.960346321770000486e+02
-5.909811229450000383e+02
-5.776599796809999816e+02
-5.985764078140000493e+02
-5.925232238659999666e+02
-5.802226597029999766e+02
-5.936157704449999528e+02
-5.776843385670000544e+02
-5.979205617119999943e+02
-5.908925180380000484e+02
-5.904687473730000420e+02
-5.975339961890000495e+02
-5.909861518310000292e+02
-5.970000543600000356e+02
-6.023685257979999506e+02
-6.021235989619999600e+02
-5.912036486230000492e+02
-5.803704605159999801e+02
-5.889859630040000411e+02
-5.952585593019999806e+02
-6.032427946840000459e+02
-5.924406250570000338e+02
-6.003431509409999762e+02
-6.031316243479999457e+02
-5.955446758970000474e+02
-5.898266701559999774e+02
-5.922785519840000461e+02
-5.965859047960000225e+02
-5.767426345339999898e+02
-5.710909593650000033e+02
-5.855546668380000028e+02
-5.924389059549999956e+02
-5.784476507729999639e+02
-5.790219288490000054e+02
-5.903522473220000393e+02
-5.981118358359999547e+02
-5.928789532020000479e+02
-5.947725544209999953e+02
-5.770268332619999683e+02
-5.985066144490000397e+02
-5.972077734709999959e+02
-5.948566606189999675e+02
-5.902495374510000374e+02
-5.844274711839999554e+02
-5.940134164190000092e+02
-6.022354271149999931e+02
-5.939337981940000191e+02
-5.986173377710000523e+02
-5.968223280370000339e+02
-6.041370311660000425e+02
-6.036187610619999759e+02
-5.991547457579999900e+02
-5.985269712230000323e+02
-5.950867734370000335e+02
-5.907525567039999714e+02
-5.937682253670000136e+02
-5.985997019100000216e+02
-5.807380208600000060e+02
-5.945246620189999476e+02
-5.956618229270000029e+02
-5.917669721370000389e+02
-5.928802803730000051e+02
-5.964247222779999902e+02
-5.834036901990000388e+02
-6.019920164330000034e+02
-5.981381347190000497e+02
-5.945267640529999653e+02
-6.046627466969999887e+02
-6.010889206279999826e+02
-5.942245942649999506e+02
-5.991226465409999946e+02
-6.016415414240000246e+02
-5.977276878290000468e+02
-5.991721466499999451e+02
-5.864575262350000457e+02
-5.931063366299999871e+02
-5.942349097649999976e+02
-5.957516584569999623e+02
-6.016939503549999699e+02
-6.014127336149999792e+02
-5.924331616219999432e+02
-5.949070883550000417e+02
-6.031591666169999826e+02
-5.999536224529999799e+02
-5.793619623429999592e+02
-5.969866697009999825e+02
-6.000464269689999810e+02
-6.021176895720000175e+02
-6.012807244130000299e+02
-5.971192686980000417e+02
-5.948821389409999938e+02
-5.980046876249999741e+02
-5.944852594259999705e+02
-5.871351450350000505e+02
-6.007239930870000535e+02
-6.000491646990000163e+02
-5.827223738789999743e+02
-5.973676693740000019e+02
-5.955127168530000290e+02
-5.887112228890000551e+02
-5.994083919559999458e+02
-5.870199631960000488e+02
-5.821986567139999806e+02
-5.886135421279999491e+02
-5.953678435780000200e+02
-5.957911304509999582e+02
-6.015745742889999974e+02
-5.960808342039999843e+02
-5.990076135399999657e+02
-6.038437341149999611e+02
-5.954410304100000531e+02
-5.967613581169999861e+02
-5.966489334909999798e+02
-5.969188462680000384e+02
-6.027053275499999927e+02
-5.976399608530000478e+02
-6.004209463409999898e+02
-5.990162608509999700e+02
-5.973995748480000429e+02
-5.880337389090000215e+02
-5.860664624869999670e+02
-6.001106462269999611e+02
-5.958715120739999520e+02
-5.958601455230000283e+02
-5.972569929219999949e+02
-5.964878406719999475e+02
-6.002980883479999648e+02
-5.938550539929999559e+02
-5.896517179549999810e+02
-5.945109463669999741e+02
-6.007024046120000094e+02
-5.793631793839999773e+02
-5.951729175140000052e+02
-5.895510611260000360e+02
-5.919922420850000435e+02
-5.917925463349999973e+02
-6.041451390649999666e+02
-5.991709542889999511e+02
-6.042837063419999595e+02
-5.923359171800000240e+02
-6.016830992830000469e+02
-6.029396834120000221e+02
-5.916551749950000385e+02
-5.920587923770000316e+02
-5.997489922390000174e+02
-5.899935756160000437e+02
-5.930591234720000102e+02
-5.987038387809999449e+02
-5.951432984949999536e+02
-6.034041869909999605e+02
-5.966439561549999553e+02
-5.898772371410000233e+02
-6.008668904190000148e+02
-5.918576831430000311e+02
-5.915426217489999772e+02
-5.927838123230000065e+02
-6.009497089459999870e+02
-5.755169866999999613e+02
-5.929623836460000348e+02
-5.911907220699999925e+02
-5.939072379230000251e+02
-6.045615150260000519e+02
-5.973770432909999499e+02
-5.968399146929999688e+02
-5.969854653959999951e+02
-5.977208682100000487e+02
-5.921755874440000298e+02
-6.009495091490000505e+02
-6.017729455549999784e+02
-5.839726450619999696e+02
-6.023091536970000561e+02
-5.894832442030000266e+02
-6.021932713420000027e+02
-5.971490444150000485e+02
-6.000432572820000132e+02
-6.047943904559999737e+02
-6.028202545359999931e+02
-5.921366332009999951e+02
-5.919915250799999740e+02
-5.851023883740000429e+02
-5.927502884000000449e+02
-5.846979481099999703e+02
-6.035251128029999563e+02
-5.967617152139999916e+02
-5.950446552270000211e+02
-5.880870574519999536e+02
-6.010592680019999534e+02
-6.000566047050000407e+02
-5.957479098740000154e+02
-5.980744840180000210e+02
-5.919905859310000551e+02
-5.897717023110000127e+02
-6.003005025920000435e+02
-5.986157844159999968e+02
-6.037483481619999566e+02
-5.983031589160000294e+02
-6.047348681680000482e+02
-6.034066116039999770e+02
-6.053380774979999615e+02
-6.005829538729999513e+02
-6.010033201479999434e+02
-5.992914549030000444e+02
-5.886316339119999839e+02
-5.972942993279999655e+02
-5.724802587750000384e+02
-5.959369700979999607e+02
-5.957647686750000275e+02
-5.959750031849999914e+02
-5.960092245209999646e+02
-5.972159955209999680e+02
-5.995779099310000220e+02
-5.945692069890000084e+02
-5.954752773960000241e+02
-5.959290638410000156e+02
-5.944598867189999964e+02
-6.003052431260000503e+02
-6.011610857680000208e+02
-5.972258791939999583e+02
-6.045937393210000437e+02
-5.913277304929999900e+02
-5.955542853489999970e+02
-5.875221922350000341e+02
-5.838615835909999987e+02
-5.912892482329999666e+02
-5.922185908349999863e+02
-5.894718294040000046e+02
-6.017859292589999995e+02
-6.035317372319999549e+02
-6.059308617819999654e+02
-6.022066128669999898e+02
-5.974335548929999504e+02
-5.904944224749999648e+02
-5.948872693770000524e+02
-5.994110165069999994e+02
-6.027488200479999705e+02
-6.006936517369999819e+02
-6.043455227870000499e+02
-5.888646135000000186e+02
-5.835366552159999856e+02
-5.770723139839999476e+02
-5.914941344379999464e+02
-5.815420915070000092e+02
-5.904622130059999563e+02
-5.945004572530000360e+02
-5.931271471259999544e+02
-5.939442982939999638e+02
-5.850106781890000320e+02
-5.856661900730000525e+02
-5.905913759200000186e+02
-5.979974908899999946e+02
-5.979504301450000412e+02
-5.947301479879999988e+02
-5.880831285360000038e+02
-5.844465474999999515e+02
-6.024321290169999656e+02
-5.983830126259999815e+02
-5.931219642400000112e+02
-5.954088506860000507e+02
-6.037166302580000092e+02
-6.022510163790000206e+02
-5.957048945420000337e+02
-5.946393937789999882e+02
-5.942570588229999657e+02
-5.992825466199999482e+02
-5.980812096670000528e+02
-5.893651837139999543e+02
-5.928801411670000334e+02
-5.894921671930000002e+02
-5.930308105130000058e+02
-5.932777719650000563e+02
-5.939997627640000246e+02
-5.845663923429999613e+02
-5.737618805219999558e+02
-5.988660926730000256e+02
-5.922411523179999904e+02
-5.976067228619999696e+02
-5.853472068930000205e+02
-5.992333530040000369e+02
-5.961571990090000099e+02
-5.959264047890000029e+02
-5.992168711240000221e+02
-6.001747302070000387e+02
-6.023215451170000279e+02
-5.920088721399999940e+02
-5.923106093019999889e+02
-5.957199004889999969e+02
-5.923075121570000192e+02
-5.973306039960000362e+02
-5.972876940380000406e+02
-5.986662158059999683e+02
-5.900105142620000152e+02
-6.049183555609999985e+02
-6.001671764709999479e+02
-5.990876817509999910e+02
-5.945915357809999477e+02
-6.008409327000000530e+02
-6.036929883450000034e+02
-5.990521403310000323e+02
-5.876791848770000115e+02
-5.997789803099999517e+02
-5.774608204710000336e+02
-5.905770660230000431e+02
-5.884011724949999689e+02
-5.985156668869999521e+02
-5.927809198429999924e+02
-5.959170943560000069e+02
-5.990690598380000438e+02
-5.969224505759999602e+02
-5.885579070380000530e+02
-5.963057305419999921e+02
-5.975719376990000455e+02
-6.029949004430000059e+02
-6.043358434699999862e+02
-5.830169680899999776e+02
-6.006363629500000343e+02
-5.954880601580000530e+02
-5.967222250669999539e+02
-5.913915356039999551e+02
-5.935386404719999973e+02
-6.027492817999999488e+02
-5.968116499210000256e+02
-5.994508975749999991e+02
-5.975966003290000117e+02
-5.975618987779999998e+02
-5.986167588990000468e+02
-6.012671658409999509e+02
-6.024447346849999576e+02
-5.919672410340000397e+02
-5.857268744350000134e+02
-6.040265541290000328e+02
-5.983182570950000354e+02
-6.012045474259999764e+02
-6.045787535179999850e+02
-5.937450048399999787e+02
-6.003138047610000285e+02
-5.957820375109999986e+02
-6.005114716990000261e+02
-5.944713958669999556e+02
-6.021276696940000193e+02
-5.996770885329999601e+02
-6.068962091710000095e+02
-5.988529782489999889e+02
-6.008306214469999986e+02
-5.891261133020000216e+02
-5.905119450749999714e+02
-5.905502933000000212e+02
-5.909328480279999667e+02
-5.877734386390000054e+02
-5.896165796149999778e+02
-5.891085635179999827e+02
-6.015846446309999465e+02
-5.956642979329999434e+02
-5.919500072229999432e+02
-5.966037150720000000e+02
-5.832413257609999846e+02
-5.926914141250000512e+02
-5.999137021830000549e+02
-6.005561370809999744e+02
-5.995342645260000154e+02
-5.874604660520000152e+02
-5.815127198870000029e+02
-5.896063420069999665e+02
-5.988216229219999605e+02
-5.986782505959999980e+02
-5.966001958619999641e+02
-5.911861631369999941e+02
-6.018973758710000084e+02
-5.938744463000000451e+02
-5.917244101200000159e+02
-5.941794871900000317e+02
-6.030430490390000386e+02
-5.953581258289999596e+02
-6.004282624160000523e+02
-5.998976230450000457e+02
-5.822414883569999802e+02
-5.911043557330000340e+02
-5.874240158479999536e+02
