-5.728727989879999996e+02
-5.797771053589999610e+02
-5.999061796199999890e+02
-5.960827029959999663e+02
-5.898942523429999483e+02
-5.961747307189999674e+02
-5.929940158370000063e+02
-5.974696548990000338e+02
-5.975626486090000071e+02
-5.920868363609999960e+02
-5.935780319809999810e+02
-5.910580960370000412e+02
-5.877288465819999601e+02
-5.996764035539999895e+02
-5.965758219609999742e+02
-5.905800668269999960e+02
-5.878620163760000423e+02
-5.826320767559999467e+02
-5.921492247979999775e+02
-5.917249176620000526e+02
-5.798486326549999603e+02
-5.821155908240000372e+02
-5.598434803930000498e+02
-6.029766175729999986e+02
-5.891328301580000470e+02
-5.983015194460000430e+02
-5.932622763010000426e+02
-5.863401357640000242e+02
-5.969131897190000018e+02
-5.850979543030000514e+02
-5.917725245069999573e+02
-5.920577766390000534e+02
-5.772952312119999760e+02
-5.963008272499999975e+02
-5.939713777489999984e+02
-5.909008666769999536e+02
-5.922321422500000381e+02
-5.915800734929999862e+02
-5.863894665620000524e+02
-5.862732105049999518e+02
-6.007136169990000099e+02
-5.978206772470000487e+02
-5.857200609740000345e+02
-5.822411405090000471e+02
-5.900749026140000524e+02
-5.994342363419999629e+02
-6.046214332219999505e+02
-5.962390487479999592e+02
-5.849229921849999982e+02
-5.931216285770000241e+02
-6.042968161420000115e+02
-5.982680558299999802e+02
-5.970178756689999773e+02
-5.789935075979999510e+02
-5.937888520469999776e+02
-5.938256630339999447e+02
-5.984960003879999704e+02
-5.863855004409999765e+02
-5.979026689160000387e+02
-5.950318461870000419e+02
-5.923904875729999731e+02
-5.951599316030000182e+02
-5.945412599649999947e+02
-6.025037293359999921e+02
-5.903446644509999715e+02
-5.918814198039999610e+02
-5.830542422820000183e+02
-6.011009874469999659e+02
-5.966404821840000068e+02
-5.908150745299999471e+02
-5.900315034300000434e+02
-5.965507307950000495e+02
-6.045779609369999434e+02
-5.989622227520000024e+02
-5.876160136349999448e+02
-5.972781618640000261e+02
-6.008322596939999585e+02
-6.042695842929999799e+02
-6.029953493110000409e+02
-5.927979009880000376e+02
-6.013883862390000559e+02
-5.916872634840000273e+02
-5.832060688709999567e+02
-5.955348669329999893e+02
-5.823291959790000192e+02
-5.934618667480000340e+02
-5.853787791299999981e+02
-5.842566802679999682e+02
-5.976572126790000539e+02
-5.887313690619999988e+02
-6.017728797449999547e+02
-6.011576475450000316e+02
-5.925170629120000285e+02
-5.977278107880000562e+02
-5.782932572639999762e+02
-5.952879958160000342e+02
-5.965495893459999479e+02
-5.968921442199999774e+02
-5.911544959069999550e+02
-6.009821488950000230e+02
-5.932747497190000558e+02
-5.837815534410000282e+02
-5.809144051890000355e+02
-5.844502905629999532e+02
-5.896385331139999835e+02
-5.727898732879999670e+02
-5.933514550779999581e+02
-5.954325421859999778e+02
-5.990498964849999766e+02
-5.922178751879999936e+02
-5.968220470290000321e+02
-5.952941173729999491e+02
-5.975522814290000042e+02
-5.998980970139999727e+02
-5.877825358840000263e+02
-5.933337113720000389e+02
-5.961142938149999964e+02
-5.950082109659999787e+02
-5.944243603099999973e+02
-5.961688371049999660e+02
-5.886049614529999872e+02
-5.992154591720000099e+02
-5.929446927999999843e+02
-5.844193722479999451e+02
-5.959623551329999600e+02
-5.964000187169999663e+02
-6.001295261489999575e+02
-5.983271432330000152e+02
-5.917986900189999915e+02
-5.957946526419999600e+02
-6.042283964550000519e+02
-5.879286184280000498e+02
-5.884729818309999700e+02
-6.000869937009999830e+02
-5.856036220749999757e+02
-5.942423325610000120e+02
-6.013330359909999743e+02
-5.932684797340000387e+02
-5.957092433919999621e+02
-6.046159741520000352e+02
-5.995000245080000241e+02
-5.821314355050000131e+02
-5.779670153230000551e+02
-5.863111079110000219e+02
-6.039548214200000302e+02
-5.945473299300000463e+02
-5.834393035069999769e+02
-6.055887499670000125e+02
-6.015369209030000093e+02
-5.815664980840000453e+02
-5.989288060009999981e+02
-5.906890701360000548e+02
-5.939106731860000536e+02
-6.051994376059999468e+02
-5.985565810389999797e+02
-5.813899992569999995e+02
-6.009961575060000314e+02
-5.957687487619999729e+02
-5.962049112170000171e+02
-5.919896878980000565e+02
-5.851728438809999489e+02
-5.679768551729999899e+02
-5.818046783239999513e+02
-5.909801214740000432e+02
-5.992601606240000365e+02
-5.979145241129999704e+02
-6.007231235880000213e+02
-5.919972614819999990e+02
-5.937914943450000465e+02
-5.980518151380000518e+02
-6.005392381420000447e+02
-5.941997412700000041e+02
-6.016045367010000291e+02
-6.026141090690000510e+02
-5.868531293190000042e+02
-5.834445703740000226e+02
-5.994355771699999877e+02
-5.980835612470000342e+02
-5.952335714309999730e+02
-5.960920227960000375e+02
-5.924514413350000268e+02
-5.874716261160000386e+02
-5.889179370059999883e+02
-5.961766327029999957e+02
-6.032441559169999437e+02
-5.855108193529999880e+02
-5.934248426430000336e+02
-6.001171958539999878e+02
-5.946060645339999837e+02
-5.963988894230000142e+02
-6.036733157720000236e+02
-5.916859627490000548e+02
-5.979458384719999913e+02
-5.906527168190000339e+02
-5.855567516480000450e+02
-6.010634260729999596e+02
-5.838905440150000459e+02
-6.001359167890000208e+02
-5.995324159320000490e+02
-5.959533189879999782e+02
-6.010487385269999550e+02
-5.984036317850000160e+02
-5.974890728169999647e+02
-5.930069296069999609e+02
-5.946388718529999551e+02
-5.958077354069999956e+02
-5.852080838150000091e+02
-6.013741011670000489e+02
-5.930849206780000031e+02
-5.943897722149999936e+02
-5.879704422549999663e+02
-5.989431697329999906e+02
-5.955486418540000386e+02
-5.866776016249999657e+02
-5.788502834920000168e+02
-5.965404947189999803e+02
-5.904468046079999795e+02
-5.911729133019999836e+02
-5.924161510100000214e+02
-5.861666196019999688e+02
-5.966191785050000362e+02
-5.736217783280000049e+02
-5.976675795500000277e+02
-5.952782051279999678e+02
-5.948747602890000508e+02
-5.992232076750000260e+02
-5.933372998270000380e+02
-5.953638841219999449e+02
-6.019002242640000304e+02
-5.989754278709999653e+02
-5.944007873929999732e+02
-5.833952065050000328e+02
-5.998639226809999627e+02
-5.850014105699999618e+02
-5.931927599529999497e+02
-5.932586533769999733e+02
-5.868446608579999975e+02
-5.931029345169999942e+02
-5.900060931900000014e+02
-5.953036586499999885e+02
-5.890849317140000494e+02
-6.002998979340000005e+02
-5.926905442040000480e+02
-6.015250739299999623e+02
-5.971585986530000127e+02
-5.950953829410000253e+02
-5.833609409140000253e+02
-5.963216033190000189e+02
-5.978427940999999919e+02
-5.831449494409999943e+02
-5.945486614259999669e+02
-5.968033544690000554e+02
-5.638020785989999695e+02
-5.833001922219999642e+02
-6.006530664680000200e+02
-5.929666310149999617e+02
-6.013271894030000340e+02
-5.931002865120000251e+02
-5.934096536219999507e+02
-5.886091006619999462e+02
-6.011053149470000108e+02
-5.970064639189999980e+02
-5.896275797250000323e+02
-5.996205812230000447e+02
-5.959896479589999672e+02
-6.009271540280000181e+02
-5.941117403849999619e+02
-5.901770730299999741e+02
-5.919952480639999521e+02
-5.957777717510000457e+02
-6.007556620000000294e+02
-5.994629466259999617e+02
-5.930921585170000299e+02
-5.758703793739999810e+02
-5.462135137880000002e+02
-5.703160070110000106e+02
-5.802271158810000315e+02
-5.954619041500000094e+02
-5.892253328580000016e+02
-5.799306838429999971e+02
-5.808742397150000443e+02
-5.952475121270000500e+02
-5.930513436810000485e+02
-5.880272843220000141e+02
-5.956302875720000429e+02
-5.965710357870000280e+02
-5.999259734319999779e+02
-5.988438151889999972e+02
-5.948432431969999925e+02
-5.923523104209999701e+02
-5.938060418710000476e+02
-5.990275856409999733e+02
-5.893716818699999749e+02
-5.863705365009999468e+02
-6.021897991119999460e+02
-5.934712706310000385e+02
-5.968426160159999654e+02
-6.018856687429999965e+02
-5.967448891020000019e+02
-5.971974994780000543e+02
-5.995076263350000545e+02
-6.007902586659999997e+02
-6.008363348389999601e+02
-5.999681222020000178e+02
-5.844150227359999690e+02
-5.916210438570000179e+02
-5.825316286500000160e+02
-5.905787020919999577e+02
-5.996610808609999594e+02
-5.947887510949999523e+02
-5.848539997139999969e+02
-5.947312591720000228e+02
-5.971348192159999826e+02
-5.946324421770000299e+02
-6.016762173370000255e+02
-5.776704363579999608e+02
-6.016384010049999915e+02
-5.789298798040000520e+02
-5.948852099700000053e+02
-5.958249133900000061e+02
-6.024681154390000302e+02
-6.007010583310000129e+02
-5.935502357410000513e+02
-5.890869688589999669e+02
-6.042882065700000567e+02
-5.864879447199999731e+02
-5.899353341480000381e+02
-5.848489307150000514e+02
-5.935581000780000522e+02
-5.914672746909999432e+02
-5.848569584980000400e+02
-5.797745606629999884e+02
-5.897563557290000062e+02
-5.849097848440000007e+02
-5.899074295520000533e+02
-5.907153615500000114e+02
-5.940628501239999650e+02
-5.988574684359999765e+02
-6.017781020319999925e+02
-5.749409859590000451e+02
-5.987825832989999526e+02
-5.911382099200000084e+02
-5.814236534640000400e+02
-5.951945610479999687e+02
-5.968500026310000521e+02
-5.974870240699999613e+02
-6.045464811040000086e+02
-5.946320769029999838e+02
-5.892401526200000035e+02
-6.034486517169999615e+02
-5.973164518449999605e+02
-6.008342377339999985e+02
-5.927615294260000383e+02
-5.859051752010000200e+02
-5.994939429649999738e+02
-5.958495955590000221e+02
-5.888629481729999497e+02
-5.780555206020000014e+02
-5.901299573439999904e+02
-5.849293792370000347e+02
-5.895019868489999908e+02
-5.966293890760000522e+02
-5.975705821860000242e+02
-5.820006437519999736e+02
-6.019039111719999937e+02
-5.935713204249999535e+02
-5.994524673040000380e+02
-5.909453183159999980e+02
-5.953160501520000025e+02
-5.879654469350000454e+02
-5.796217839219999632e+02
-5.847632934629999681e+02
-5.837796868340000174e+02
-5.845986562540000477e+02
-5.685944301319999568e+02
-5.636956164700000045e+02
-5.817909170090000543e+02
-5.825703546810000262e+02
-5.968660528599999679e+02
-6.022507357169999977e+02
-6.012935835980000547e+02
-6.032712181140000212e+02
-5.980919122830000560e+02
-6.019483484620000127e+02
-5.892470092859999795e+02
-5.885947221400000444e+02
-5.955266049120000389e+02
-5.936123981839999715e+02
-5.999714433740000459e+02
-5.835703011370000013e+02
-6.022789376429999493e+02
-5.788635219770000049e+02
-5.934222820969999930e+02
-5.991423908140000094e+02
-5.925465170420000049e+02
-5.833431470760000366e+02
-5.757967287310000302e+02
-5.807567601670000386e+02
-6.014390920729999834e+02
-5.897807198760000347e+02
-5.872446785859999636e+02
-5.788250439500000084e+02
-5.955037633719999803e+02
-5.963977040229999602e+02
-6.021221669029999930e+02
-6.042341231030000017e+02
-5.942426889079999910e+02
-5.830216007400000535e+02
-5.856748107509999954e+02
-5.853030923820000453e+02
-5.894944370460000300e+02
-5.947962375810000140e+02
-5.953698717380000289e+02
-5.937334284779999507e+02
-6.021076069990000406e+02
-5.949347945639999580e+02
-5.980241175039999462e+02
-5.904682921610000221e+02
-5.946953648290000274e+02
-5.997853040869999859e+02
-5.782353922419999890e+02
-5.981831718319999709e+02
-5.971565092969999569e+02
-5.895022096909999618e+02
-5.945325792180000235e+02
-6.012914523109999436e+02
-5.979135983219999844e+02
-6.020436410009999690e+02
-6.028577522110000473e+02
-5.832273989640000309e+02
-5.945254282749999675e+02
-5.936910499320000554e+02
-5.750354383860000098e+02
-5.883095185390000097e+02
-5.953889426340000455e+02
-5.825867626650000375e+02
-5.906879413240000076e+02
-5.918390038380000533e+02
-5.919819074980000551e+02
-5.909912354839999580e+02
-5.868139196710000078e+02
-5.971934283360000109e+02
-6.018220106400000304e+02
-5.962247604090000550e+02
-5.952292839489999778e+02
-5.949160027059999720e+02
-5.780266447129999960e+02
-5.965682012510000050e+02
-5.835284731790000023e+02
-5.980057785279999507e+02
-5.796831101469999794e+02
-5.852814810400000169e+02
-5.988995474370000238e+02
-5.844320841200000132e+02
-5.938764899940000532e+02
-5.931015796850000470e+02
-5.807290895950000049e+02
-5.924339259659999470e+02
-5.875186952660000088e+02
-5.920774445460000379e+02
-5.880160582409999961e+02
-5.959831210789999432e+02
-5.963442837799999552e+02
-5.800241269030000240e+02
-5.898760720330000140e+02
-5.954171913239999867e+02
-5.958834762029999865e+02
-5.949755421270000397e+02
-6.031068576779999830e+02
-5.877801454970000350e+02
-5.717234580570000162e+02
-5.850499389870000186e+02
-5.876336853430000247e+02
-5.849933140279999861e+02
-6.034794559020000406e+02
-6.040859731919999831e+02
-5.886889912359999926e+02
-5.971818875640000215e+02
-5.905492000059999782e+02
-5.985544228410000187e+02
-5.976653637970000545e+02
-5.928107571100000541e+02
-5.930895722840000417e+02
-5.945768080259999806e+02
-5.994511771789999557e+02
-5.922276176350000014e+02
-6.024787062569999989e+02
-5.852099488809999457e+02
-5.988349066360000279e+02
-5.844135031639999625e+02
-5.886982159899999942e+02
-6.022462900550000313e+02
-5.945757784850000007e+02
-5.943717966089999436e+02
-6.008531812960000025e+02
-6.009972160150000491e+02
-5.873719546229999651e+02
-6.039945478409999851e+02
-6.037908564900000101e+02
-5.949327457770000365e+02
-5.902783895559999792e+02
-5.897180705329999455e+02
-6.031984194069999603e+02
-6.025157380499999817e+02
-5.892148931360000006e+02
-5.840853487419999510e+02
-5.994883597839999538e+02
-5.921583496920000016e+02
-5.939449105219999865e+02
-5.920464407319999509e+02
-5.571136539689999836e+02
-5.706566106430000218e+02
-5.853894866480000019e+02
-5.894586741660000371e+02
-6.025657467270000325e+02
-5.919808000919999813e+02
-5.917662750089999690e+02
-5.857434843370000408e+02
-5.998749990779999735e+02
-5.954706170360000215e+02
-6.034142345530000284e+02
-6.001628080550000277e+02
-5.977112730129999818e+02
-5.687370787099999916e+02
-5.936062648979999494e+02
-6.037893802429999823e+02
-5.963398670340000081e+02
-5.910472110499999872e+02
-5.976866374630000109e+02
-5.909690725440000278e+02
-5.817383237069999495e+02
-5.970350830810000389e+02
-5.903061660769999435e+02
-5.960849273589999484e+02
-6.041842371149999735e+02
-5.902027351619999536e+02
-5.858723048350000226e+02
-5.971142508460000045e+02
-5.933188215879999916e+02
-5.900703727860000072e+02
-6.010896747990000222e+02
-6.028547737640000150e+02
-5.860148334980000300e+02
-5.958085031589999971e+02
-5.769684748780000518e+02
-5.966419737539999915e+02
-5.824133528649999789e+02
-5.944259258529999670e+02
-5.940545156719999795e+02
-5.939108149029999595e+02
-6.010452559809999684e+02
-6.026899283479999667e+02
-5.864581081520000225e+02
-5.965216648870000427e+02
-5.867663783169999761e+02
-5.908406726330000538e+02
-5.912098133370000141e+02
-5.896359919740000350e+02
-5.895728188479999972e+02
-5.885692767489999824e+02
-6.007599329490000173e+02
-5.922762742300000127e+02
-5.963603637899999512e+02
-5.963562514100000271e+02
-5.972668858709999995e+02
-5.749973181230000137e+02
-5.954190837899999451e+02
-5.975372771239999565e+02
-5.741203644539999686e+02
-5.988697655790000454e+02
-6.052650450459999547e+02
-5.988273081930000217e+02
-5.932767038199999661e+02
-6.011484696139999642e+02
-5.890135585519999495e+02
-5.944650550659999908e+02
-5.911508473200000253e+02
-5.900190779900000280e+02
-5.990987603029999491e+02
-5.704298102809999591e+02
-5.991840546900000390e+02
-5.980267134350000333e+02
-5.877147329749999471e+02
-6.032896048080000355e+02
-5.966042313640000430e+02
-5.995565707270000075e+02
-5.961909046389999958e+02
-5.674254806249999774e+02
-5.899580123560000402e+02
-5.848665045610000561e+02
-5.904932375380000167e+02
-6.008069176640000251e+02
-5.975185946899999863e+02
-5.964854251240000167e+02
-5.962888905610000165e+02
-5.962523547130000452e+02
-5.930265860619999785e+02
-5.949607289640000545e+02
-5.840681589380000105e+02
-5.863416174420000289e+02
-5.804162984749999623e+02
-5.881036119120000194e+02
-5.923511811170000101e+02
-5.987197909919999574e+02
-5.640535484439999436e+02
-5.964684227989999954e+02
-5.790416657260000193e+02
-5.867459172530000160e+02
-5.869833686010000520e+02
-5.852538904780000166e+02
-5.817489718519999542e+02
-5.840545165239999506e+02
-5.945516559410000355e+02
-5.875888674960000344e+02
-5.757970593659999849e+02
-5.774474576439999964e+02
-6.015096974880000289e+02
-5.938168572150000273e+02
-5.848584936820000166e+02
-5.937130946769999582e+02
-5.944636343570000463e+02
-5.835048161099999788e+02
-5.860356554510000251e+02
-5.977085317439999699e+02
-6.005325988030000417e+02
-5.720811843950000366e+02
-5.882477156869999817e+02
-5.970238134500000342e+02
-5.945480249280000180e+02
-5.972631481109999640e+02
-5.786420954589999610e+02
-5.888196509860000560e+02
-5.774640056120000509e+02
-5.972318113640000092e+02
-5.937413370900000018e+02
-6.002498901100000239e+02
-5.956685170089999701e+02
-5.885411702369999603e+02
-5.917733525959999952e+02
-5.973990000979999877e+02
-5.881937443849999454e+02
-5.921743643500000189e+02
-6.012804644200000439e+02
-5.912149649039999986e+02
-5.898506950690000394e+02
-5.916193040829999745e+02
-6.020145468609999853e+02
-5.836208361449999984e+02
-5.860486728939999921e+02
-5.917225713860000269e+02
-5.927198095290000310e+02
-6.042812950579999551e+02
-6.060691515539999727e+02
-5.949036241100000098e+02
-5.818586107659999698e+02
-5.954676981530000148e+02
-5.846230561690000513e+02
-6.004083206740000378e+02
-5.959559588070000018e+02
-6.026388255650000474e+02
-5.961160124189999578e+02
-5.970548122420000254e+02
-6.020780039329999909e+02
-6.009957673530000193e+02
-5.980280685989999938e+02
-5.886279667940000309e+02
-5.988164322100000163e+02
-5.908664493469999570e+02
-5.833429976390000320e+02
-5.950045547519999900e+02
-5.848910073140000350e+02
-5.852686427469999444e+02
-5.929823963420000155e+02
-5.954816352110000253e+02
-5.987583853769999678e+02
-5.977075700630000483e+02
-5.926160203560000355e+02
-5.845727804900000137e+02
-6.004937444480000295e+02
-5.843339990599999965e+02
-5.960568443629999820e+02
-5.952306376359999831e+02
-6.027110034160000396e+02
-5.866071893890000410e+02
-5.907722454190000008e+02
-5.970306599699999879e+02
-5.980621347960000094e+02
-5.913314532440000448e+02
-5.966164537629999813e+02
-5.935653911709999875e+02
-5.823131435689999762e+02
-6.043190722330000426e+02
-5.983098911570000382e+02
-5.950649281190000011e+02
-5.841033423290000428e+02
-6.026731917739999744e+02
-5.890610179699999662e+02
-5.864491629530000409e+02
-5.963767085670000370e+02
-5.992941915039999685e+02
-5.932731017669999574e+02
-5.862313073440000153e+02
-6.006388589429999456e+02
-5.925210725260000117e+02
-5.807854854490000207e+02
-5.864914993830000185e+02
-5.921732456360000469e+02
-5.882826919100000396e+02
-5.837726211799999874e+02
-5.880807865470000024e+02
-5.928910621909999463e+02
-5.992002039909999667e+02
-5.951907668430000058e+02
-6.033212899220000054e+02
-5.921635240279999834e+02
-5.954849230470000521e+02
-5.859055782850000469e+02
-5.974619018070000038e+02
-5.910088854910000009e+02
-5.847767410640000207e+02
-5.850515455089999932e+02
-5.936104625660000238e+02
-5.934068055139999842e+02
-5.841250704860000269e+02
-5.895077931499999977e+02
-5.990670521990000452e+02
-5.852248363779999636e+02
-5.799065045520000012e+02
-5.979039768979999963e+02
-5.911691962310000008e+02
-5.918731622760000164e+02
-5.875439366240000254e+02
-5.966817279140000210e+02
-5.941347406219999812e+02
-5.908967774479999662e+02
-5.924843958469999734e+02
-5.925234899460000406e+02
-5.949403623760000528e+02
-5.945669211629999609e+02
-5.935667455469999823e+02
-5.978141482649999716e+02
-6.003978916239999535e+02
-5.953742152380000334e+02
-5.860215150120000089e+02
-5.825855833069999790e+02
-5.857222095829999944e+02
-5.957649680450000460e+02
-6.015909350020000375e+02
-5.864502669810000270e+02
-5.695181589420000137e+02
-6.027016306990000203e+02
-5.954219240630000058e+02
-5.960817509150000433e+02
-5.851424486979999529e+02
-5.919804395410000097e+02
-6.012652944190000426e+02
-6.023830214820000037e+02
-6.024758096629999500e+02
-5.934211302700000488e+02
-5.968476125390000107e+02
-5.932472368559999722e+02
-5.994341623039999831e+02
-5.980668302999999923e+02
-5.897943992100000514e+02
-5.973185628369999449e+02
-6.010298251689999915e+02
-5.896381871080000110e+02
-5.907014805129999786e+02
-6.008965675619999729e+02
-5.938000824570000304e+02
-5.966338950150000073e+02
-5.846288827470000342e+02
-6.025342650080000340e+02
-5.952346777220000149e+02
-5.929753946990000486e+02
-5.837930110490000288e+02
-6.049079525939999940e+02
-5.958113044819999686e+02
-5.948458521459999702e+02
-5.901548839900000303e+02
-5.949436549350000405e+02
-6.007913886420000154e+02
-5.990982230399999935e+02
-5.905889347820000239e+02
-5.997446839049999880e+02
-5.961286515419999432e+02
-5.747935753159999877e+02
-5.973968524580000121e+02
-5.920030785799999649e+02
-5.951636336919999621e+02
-5.832552372090000290e+02
-5.956049912460000542e+02
-5.950861737110000149e+02
-5.790518325110000433e+02
-5.915508449569999812e+02
-5.727638937240000132e+02
-5.850383976079999684e+02
-5.852773516140000538e+02
-6.039973863049999636e+02
-6.003820656679999956e+02
-5.861735006090000297e+02
-5.941914786629999981e+02
-5.984675410459999512e+02
-5.979466925579999952e+02
-5.955005556280000292e+02
-5.978474583849999817e+02
-6.006434368679999807e+02
-5.986444803250000177e+02
-5.950222310410000546e+02
-5.956620635829999628e+02
-5.934801938499999778e+02
-5.951386656900000389e+02
-5.919156652729999450e+02
-5.838479550020000488e+02
-5.923047303189999866e+02
-5.995450168959999928e+02
-5.868995403769999939e+02
-5.991142071140000098e+02
-5.962463484439999775e+02
-6.037294301790000191e+02
-5.897669140320000452e+02
-5.874972657009999466e+02
-5.931018814279999560e+02
-5.892330558789999486e+02
-5.898428078470000173e+02
-5.890354891910000106e+02
-5.829288895449999472e+02
-5.902175625309999987e+02
-6.024142389229999708e+02
-5.928451386909999883e+02
-5.980794315970000525e+02
-5.972025346210000407e+02
-6.022275562930000206e+02
-5.992868297420000090e+02
-6.013014469349999445e+02
-5.827107582600000342e+02
-5.891271957300000395e+02
-5.851813076710000132e+02
-5.782816099010000244e+02
-5.931508712359999436e+02
-5.915634734789999811e+02
-5.934887657609999678e+02
-5.826028105020000112e+02
-5.905797397459999729e+02
-5.903426553970000441e+02
-5.994109464069999831e+02
-5.958364089120000244e+02
-5.926116469569999481e+02
-5.927162175219999654e+02
-5.907595207360000131e+02
-5.889632083430000193e+02
-6.005512536160000536e+02
-5.863411660389999724e+02
-5.880413753420000376e+02
-5.816717338250000466e+02
-5.982779305730000488e+02
-6.023418674639999608e+02
-5.888709481189999906e+02
-5.993882449599999518e+02
-5.913887895750000325e+02
-5.815651939709999851e+02
-5.899214236410000467e+02
-5.850583025240000552e+02
-6.027560169240000505e+02
-5.858992809139999736e+02
-5.877904653599999847e+02
-5.881289472580000393e+02
-5.883968361690000393e+02
-5.907363003890000073e+02
-5.935954065769999488e+02
-6.002650426850000258e+02
