4.832493973095052908e+00
4.741851431666749050e+00
4.587550653671303102e+00
4.946781377825383075e+00
4.908162792736198377e+00
4.537472534352136933e+00
3.899307246165657048e+00
4.108802380256320497e+00
4.540578817727977778e+00
3.004168104484168378e+00
2.696968112529327222e+00
3.071642882888569126e+00
2.710377648963332220e+00
2.757491069795150018e+00
2.918893968612083611e+00
2.801388584256029102e+00
2.826009377196048611e+00
2.911957073859434253e+00
2.791103366054363821e+00
2.911166089387550393e+00
2.728937705408462033e+00
2.912340811100239790e+00
2.761675759389577323e+00
2.801946644745399340e+00
2.882428490006300414e+00
2.791266021001939102e+00
2.772381827959489176e+00
2.784641089979101647e+00
2.713838609792409873e+00
2.888825020661514476e+00
2.902100790806549480e+00
2.829634782087611100e+00
2.763281744592831046e+00
2.957067804430598024e+00
2.859438756119808467e+00
2.813349605008236498e+00
2.681948918230919521e+00
2.830250342284229781e+00
2.888538904013584041e+00
2.960355552969947013e+00
2.767859461750180827e+00
2.969021050784247606e+00
2.746592616315714164e+00
2.748776091281353917e+00
2.783023355992543468e+00
2.971460247083914652e+00
2.889045170986427991e+00
2.869340342308663416e+00
2.831334667608193634e+00
2.749202611667608931e+00
2.785626141462633765e+00
2.860863156461700196e+00
2.751904249787771928e+00
2.784570523438040013e+00
2.808838550006034218e+00
2.743242060045011588e+00
2.835039682261961236e+00
2.897819525091236414e+00
2.948462141523950475e+00
2.896665669351573769e+00
2.875162256290938245e+00
2.750857866193744616e+00
2.792583033680466897e+00
2.762444931577822338e+00
2.753944988557324614e+00
2.874027835634164862e+00
2.771970418312576623e+00
2.672577407672227068e+00
2.816412789347470635e+00
3.016851670201901037e+00
2.865513915513236309e+00
2.856562269582093361e+00
2.719533232008758183e+00
2.725383642718947730e+00
2.810299094402586739e+00
2.903441234122019932e+00
2.740668714018533514e+00
2.680578482342943936e+00
2.787875535241844283e+00
3.078813407792034162e+00
2.867554184318057420e+00
2.927146904410505179e+00
2.947148791628953379e+00
2.858925847237035356e+00
2.705375944300533408e+00
2.745089616023491441e+00
2.953416496195550245e+00
2.865039266746618019e+00
2.752304852301067140e+00
2.786004486715698114e+00
2.773492022703508475e+00
2.729216371048656775e+00
2.884873827396962742e+00
2.896800131179229076e+00
2.793772718028436852e+00
2.918896024184486127e+00
2.913107962297312170e+00
2.867717908023730278e+00
2.933739933940975764e+00
2.811111168203776156e+00
2.903093866894420394e+00
2.800591901723634258e+00
2.977671237729242915e+00
2.753253711520244007e+00
2.833877555576457485e+00
2.855453729269659124e+00
2.963387419828868996e+00
2.710730713294848382e+00
2.853769612284775992e+00
2.917325658886920081e+00
2.959691537981618659e+00
2.753344511680294815e+00
2.936077315058307491e+00
2.979694950829698818e+00
2.834678465011508219e+00
2.756258333320735776e+00
2.781056274151963326e+00
2.949062902008025677e+00
2.704886134387176178e+00
2.808722307384622585e+00
2.935871931811740332e+00
2.728882921636616832e+00
2.809884873086439860e+00
2.889451678087037845e+00
2.709771023536859946e+00
2.829769071850209983e+00
2.892168909313562519e+00
2.852235789692009416e+00
2.710607496484874535e+00
2.978364819829833809e+00
2.837690257938663585e+00
2.854805422441256457e+00
2.952779368662684423e+00
2.796978012069454955e+00
2.746588429306436652e+00
2.847847081568812388e+00
2.725539212706359571e+00
2.953749312314774222e+00
2.778847422943548473e+00
2.908557374369637571e+00
2.763635648923352672e+00
2.917487617797203558e+00
2.747349449924417542e+00
2.824760520822959808e+00
2.748973990418971169e+00
2.914522259307689822e+00
2.747048234014102697e+00
2.823021608135509730e+00
2.713633910460289123e+00
2.812753455246300049e+00
2.931273784551692518e+00
2.897919771146192591e+00
2.759361701553458612e+00
2.867918060196280372e+00
2.687849884201124695e+00
2.873506220630121177e+00
2.710804493134833404e+00
2.753606544152595426e+00
2.839777808209649645e+00
2.793207654292820585e+00
2.911289920293064881e+00
2.900125686931516178e+00
2.918171516549361577e+00
2.931529634849356469e+00
2.943040094867890311e+00
2.987845377525416346e+00
2.933769929629792994e+00
2.929150559462589509e+00
2.808980242009544437e+00
2.770774079566935555e+00
2.849962105011222935e+00
2.777473132183279958e+00
2.807891379665531151e+00
2.691761505037175262e+00
2.986871440152722545e+00
2.836629866584641224e+00
2.775011711686997895e+00
2.741640567251659721e+00
2.887144263801169952e+00
2.794816094128556472e+00
2.889400110749634543e+00
2.739071740571977109e+00
2.794490830187137842e+00
2.874964173689821934e+00
2.861597805422697594e+00
2.729042322867126114e+00
2.796377299292783114e+00
3.106576250472536049e+00
3.287026924136764894e+00
2.763344712481596854e+00
2.827490406703442982e+00
2.937447361230495435e+00
2.890536801357145968e+00
2.685404252621939936e+00
2.790946971907563690e+00
2.953026413698326191e+00
2.928450272755199091e+00
3.018317743379580254e+00
2.853134066250655909e+00
2.868290605918444758e+00
2.773858864470216901e+00
2.787400939943875500e+00
2.940276177504419497e+00
2.809821702528471299e+00
2.893132558318059822e+00
2.779349923993018834e+00
2.698094512799727340e+00
2.876391141691268416e+00
2.770725897666530546e+00
2.870793966832172472e+00
3.335669198226946186e+00
2.915708661715021410e+00
2.807677509971543195e+00
2.700066295482390633e+00
2.761593380640966267e+00
2.741348026063090249e+00
2.857247101669717626e+00
2.950385059615100225e+00
2.772792455269597056e+00
2.808819502922891509e+00
2.896019509602792308e+00
2.748674043971019554e+00
2.842534432509129072e+00
2.739870252402474282e+00
2.812640396495790895e+00
2.755441706877501673e+00
2.815071935137714920e+00
2.740214225202110665e+00
3.072623797343240870e+00
2.845075394431578086e+00
2.952342459810514796e+00
2.883026534737410440e+00
2.785846191016295048e+00
2.904802230789559125e+00
2.805321371964360377e+00
2.800814524383933968e+00
2.875210427081816622e+00
2.847258506001869804e+00
2.798776518409428427e+00
2.878944598285975598e+00
2.789054678560461298e+00
2.784322538787487478e+00
2.944814764972493837e+00
2.948095317319302300e+00
2.827359368739672529e+00
2.752094111762895867e+00
2.946761782024464704e+00
2.867806478826631089e+00
2.801307730328818746e+00
2.771629845415869653e+00
2.871782721586018994e+00
2.711822081184530830e+00
2.848822563797190455e+00
2.770073103728491581e+00
2.765400151876758361e+00
2.781369806408345635e+00
2.860717042980657876e+00
2.871129742801603602e+00
2.757841365996238636e+00
2.913534966325271647e+00
2.707391364394885702e+00
2.683269833617185629e+00
2.777883006895719209e+00
2.883618213286911924e+00
2.799661050913127891e+00
2.666531267395903182e+00
2.747325608660175167e+00
2.868049511427583020e+00
2.710023800633492463e+00
2.885419206978424356e+00
2.766550740543176623e+00
5.890407541078969800e+00
6.157078284381317879e+00
5.799561707577565173e+00
2.978358272605899248e+00
3.076341170936670366e+00
2.691778036911661953e+00
2.747465923355556505e+00
2.844779429059483444e+00
2.776522645324543070e+00
2.901721730283592038e+00
2.831230651148012978e+00
3.003327987416625877e+00
2.884800339711572015e+00
2.819206625985402948e+00
2.684303447824034183e+00
2.849607341371790170e+00
2.741144651418454092e+00
2.777687707428608377e+00
2.789325007954433833e+00
2.811845123757708009e+00
2.701566027325632557e+00
2.967534667025812478e+00
2.861139633083292555e+00
2.770520528709361496e+00
2.823467017692963932e+00
2.766137740605120410e+00
2.899157981207646895e+00
2.954782394695081305e+00
2.857017675829115699e+00
2.908256522385877840e+00
2.772910745047521441e+00
2.731384630549128723e+00
2.813601606482339257e+00
2.756646876188533213e+00
2.865676359954138608e+00
3.013313624566815285e+00
2.799247756094483286e+00
2.936695591987702247e+00
2.841282984850330262e+00
5.958097515146928203e+00
5.682643486969774393e+00
5.937997305489452593e+00
2.847223208671915362e+00
3.072438119799973943e+00
2.867159221250190626e+00
2.741790291032485172e+00
2.927035018581089609e+00
2.915062949577590157e+00
2.923836349729580952e+00
2.937627954660018137e+00
2.706648481055491384e+00
2.853164208383387468e+00
2.739827366824413524e+00
2.896370314721513850e+00
2.872248770562884079e+00
2.858965197409719661e+00
2.730240465600054289e+00
2.761678294081336471e+00
2.782375423985770979e+00
2.826274048991002985e+00
2.774419939374715316e+00
3.093856654727235700e+00
2.847839356424445079e+00
2.881811236011130983e+00
2.745265925188305367e+00
2.955258871909531404e+00
2.791963108638794822e+00
2.843261859203263242e+00
3.016106264706202023e+00
3.009552458423012666e+00
2.925018461480199949e+00
3.164373555697872931e+00
2.877427323148232574e+00
2.897007766644749349e+00
2.792516606933609591e+00
2.902678246034169351e+00
2.747917939094979722e+00
2.948758382777401987e+00
2.865028621148486998e+00
2.768058706024855820e+00
3.032267303520585155e+00
2.763721766024937576e+00
2.986511510106732992e+00
2.704490709911942403e+00
2.892695801497282115e+00
3.060583114375429403e+00
2.976168846016636671e+00
2.954462726114512439e+00
2.708871536267454250e+00
2.899998965517056604e+00
2.958476128009148276e+00
2.681772175260233038e+00
2.809084370395449781e+00
2.886557292000281549e+00
2.920964737890548335e+00
2.752744630364393430e+00
2.821699133500947365e+00
2.755113972234179975e+00
2.826269095468441517e+00
2.927023231885937715e+00
2.943597458892774466e+00
2.898159070858603581e+00
2.798581962351647690e+00
2.863693244745323607e+00
2.732257125528269714e+00
2.897646286212311129e+00
2.872131786669964271e+00
2.901531492160648096e+00
2.944730378150095085e+00
2.730225082296329653e+00
2.744562988892766953e+00
2.810031138617506308e+00
2.859364614735238508e+00
2.833123011801641056e+00
3.143488826129337443e+00
2.679368022500828506e+00
2.769455722700761680e+00
2.894260872830920928e+00
2.821261242777775902e+00
2.851176774596762886e+00
2.992631784901042646e+00
2.700973157956220394e+00
2.718339198849179184e+00
2.747298855239451498e+00
2.836505244134056358e+00
2.740782734913513430e+00
2.959120984346533589e+00
2.790954496225260595e+00
2.999492957151258743e+00
2.949720495233404183e+00
2.784657429559334929e+00
2.774650428432381410e+00
2.773270271718932367e+00
2.903938876767209631e+00
2.812473822100394649e+00
2.938542666016608518e+00
2.784927647175056808e+00
2.849193921094175241e+00
2.933670226865998654e+00
2.840631795921463532e+00
2.705509194218345126e+00
2.751273523297892432e+00
2.822516253274726328e+00
2.739658737872292082e+00
2.902833443379071898e+00
2.859812231598430898e+00
2.779413607220055482e+00
2.961453359416622799e+00
2.825067255836575697e+00
2.795225572292869387e+00
2.823891818041194046e+00
2.757351265254393002e+00
2.875638885534830713e+00
2.861633449622784653e+00
2.935525336289912079e+00
2.746178799714249941e+00
2.737225785352753960e+00
2.808582026574975909e+00
2.743677459177736644e+00
2.922189761120929763e+00
2.744353293583025266e+00
2.755201988965600535e+00
2.956598552390906409e+00
2.761156641699271663e+00
2.703349403980181087e+00
2.951503006944089069e+00
2.936821070477396045e+00
2.734252548686751716e+00
3.030948696365545647e+00
2.846794864404528447e+00
2.882879463314413471e+00
2.687962797361600487e+00
2.885646028188488810e+00
2.787407756321274466e+00
2.812757010479220110e+00
2.837538898411791077e+00
2.758098982995353055e+00
2.846115598495606136e+00
2.917405354077489132e+00
2.816696114244488403e+00
2.876335168230573558e+00
2.725153390178248536e+00
2.943343337091342438e+00
2.717989514328559064e+00
2.770859974809265047e+00
2.980181370319598511e+00
2.733251726424040573e+00
2.918388767796367578e+00
2.862668859648282549e+00
2.803853419849190676e+00
2.681225093124409931e+00
2.762669180339912156e+00
2.986830761861140271e+00
2.874907302853432878e+00
2.632669177849734865e+00
2.780348359468647779e+00
2.747268825579324059e+00
2.761939354873672592e+00
2.882474284360573513e+00
2.792215786790126053e+00
2.773346894998893308e+00
2.758126538068911948e+00
2.827641596808195157e+00
2.681967374894780320e+00
2.965195609061904936e+00
2.950958657792413398e+00
2.740008394147725568e+00
3.015512891698524989e+00
2.966067767263586674e+00
2.984328567701620027e+00
2.858840674119492942e+00
2.876148466265258996e+00
2.901069802676246923e+00
3.027441328911264051e+00
2.938949642304202747e+00
2.880947760720419915e+00
2.919266346190425576e+00
2.764242210805702982e+00
2.827628158015123461e+00
2.676863276299332739e+00
2.811979018413899301e+00
2.977992612482441181e+00
2.765887560982911886e+00
2.705550775720166889e+00
2.736565182852402245e+00
2.910834072907626524e+00
2.971225168175579689e+00
3.167018471685948189e+00
2.947687568247354228e+00
2.668427626899406935e+00
2.929250586754229779e+00
2.738168913708575847e+00
2.922429468781068795e+00
2.899132801373541568e+00
2.817996806243754815e+00
2.908617884838089029e+00
2.792743991131303449e+00
2.913788599057934636e+00
2.745768744814464313e+00
3.038853237653967643e+00
2.830458973382232291e+00
2.718725068851206572e+00
2.813794768635409227e+00
2.757430325502351121e+00
2.736938800923396808e+00
2.892845657825526384e+00
2.802311545849247132e+00
2.837638807177545353e+00
2.790532744835652501e+00
2.871518936033680358e+00
2.954270637568603419e+00
2.783883079441376029e+00
2.888286343145360924e+00
2.750635926472276616e+00
2.973280006995641322e+00
2.800453713240052434e+00
2.856953272281504752e+00
2.781385446140106410e+00
2.878822154979358672e+00
2.673493220488879718e+00
2.818477248444628103e+00
2.903522171432482590e+00
2.749189516930399257e+00
2.751186107845123185e+00
2.960226004885437412e+00
2.726055208538520791e+00
2.711475981822446979e+00
2.945835365392980965e+00
2.752623839175996068e+00
2.740117698202031882e+00
2.956127703601453049e+00
2.817543965939130146e+00
2.738346033648778377e+00
2.856726098176022077e+00
2.865774066460927028e+00
3.164375135789054827e+00
2.721887212946193735e+00
2.933005796107468033e+00
2.864060229813611969e+00
2.774470219699610052e+00
2.907480180499946609e+00
2.983625646759325178e+00
2.810917999515460508e+00
2.688498093731888972e+00
2.864483548565081250e+00
2.849172862428673625e+00
2.821526891596109365e+00
2.734211769413628090e+00
2.913231539030153527e+00
2.892110993720676593e+00
2.712868776774874036e+00
3.068686689774633436e+00
3.126995203066356144e+00
2.993526014585475181e+00
2.948045793402809700e+00
2.810123484831227536e+00
2.681651916263555258e+00
2.771931095824714308e+00
2.775962896005636615e+00
2.904810665086453358e+00
2.871825029489087466e+00
2.795771449886417237e+00
2.821345246509189497e+00
2.755291091699749728e+00
2.775761697264374384e+00
2.849200238663474050e+00
2.851062433549991226e+00
3.039577108743912515e+00
3.234509081761867133e+00
2.764224484371701429e+00
2.704234457291009086e+00
2.745069944464075373e+00
2.764966907577738109e+00
2.805388030201882543e+00
2.767989884374579823e+00
2.776114370842814871e+00
2.924227761307247597e+00
2.850900384089209538e+00
2.894107461722871477e+00
2.915842245389829390e+00
2.849769288907437748e+00
2.764876489103988977e+00
2.877524804410902082e+00
2.859842478179523528e+00
2.964862560052320628e+00
2.706612827871766047e+00
2.884665318542170009e+00
2.657081293449637283e+00
2.741646403167265156e+00
2.983895775659733296e+00
2.823703419270515713e+00
2.850511533041044210e+00
2.852298196191975777e+00
2.872973024586203294e+00
2.737939005894762357e+00
2.812044096382559033e+00
2.789983154071006055e+00
2.697973128109322438e+00
2.915528254021902299e+00
2.834064219455868727e+00
2.952359395466615410e+00
2.698977213686695631e+00
2.753850032227608491e+00
2.898939633728166765e+00
2.876349248613595755e+00
2.879141191397184940e+00
2.739501779521233082e+00
2.855307514086705467e+00
2.912668535896249189e+00
3.058947694878093593e+00
2.822290027619415387e+00
2.778432831651684864e+00
2.795590277562146841e+00
2.819439128621151980e+00
2.843882029902084607e+00
2.942196118548184192e+00
2.881148902781665910e+00
2.813103090894466529e+00
2.841268378735103628e+00
2.878569436369392331e+00
2.819091165606390614e+00
3.045560703712864470e+00
2.734034747401722587e+00
2.897957901695606520e+00
2.869869683452543008e+00
2.855613944495999146e+00
2.753223201994345892e+00
2.651789395860840948e+00
2.889819025475471204e+00
2.937674079948284778e+00
2.953787060706983603e+00
2.916480241661170592e+00
2.922901469430675192e+00
3.166994000625830363e+00
2.813883259838616535e+00
2.755296354296575601e+00
2.912943700108191258e+00
2.806223797205062542e+00
2.794975134057546384e+00
2.694140679326155752e+00
2.762662121939633675e+00
2.826485627064110773e+00
2.897332566344430038e+00
2.719472191437154684e+00
2.820234919293072018e+00
2.782034866783664295e+00
2.973672476921424224e+00
2.704917928514652736e+00
2.867984658257432429e+00
2.695606796252004944e+00
2.787946376815737981e+00
2.857784806454117810e+00
2.955542082258345360e+00
2.801366452287168851e+00
2.865547417161335098e+00
2.946371497282716856e+00
2.927825472940625673e+00
2.998752240516045386e+00
2.975922210004824819e+00
2.928349193658434046e+00
2.733937453563998865e+00
2.657195702239486756e+00
2.748534336696560221e+00
2.801675391618379418e+00
2.789935124693762258e+00
3.207123789316527418e+00
2.804047431838484261e+00
3.035135252340494638e+00
2.876401223751651859e+00
2.807955483977621736e+00
2.768382379657838843e+00
2.887757780701144750e+00
2.680821888898999195e+00
2.924780504584916674e+00
2.781801215040355491e+00
2.714355356249435580e+00
2.834479846462133690e+00
2.911985920295632191e+00
2.811736118486228175e+00
2.914621759336878171e+00
2.844845162746119982e+00
2.798668790693175534e+00
2.993114932641244508e+00
2.705298135141485538e+00
2.925480302446078706e+00
2.896492016215477250e+00
2.936611993437335144e+00
2.851935483141229799e+00
2.867648862744531346e+00
2.926299198646645561e+00
2.756628738151004399e+00
2.895659855715101205e+00
2.539501919668500474e+00
3.007046723946935618e+00
2.709369299301961131e+00
2.839974823832070783e+00
2.856326661990886695e+00
2.793833566982829364e+00
2.865322843939229980e+00
2.871802743922360346e+00
2.865290386679856027e+00
2.994906008541836862e+00
2.899151255108984859e+00
2.899667222286033574e+00
2.774112110207516579e+00
2.698295387832844394e+00
3.000233824221039125e+00
2.718878261342350111e+00
2.761545400676947093e+00
6.002363784376950839e+00
2.973410836060162765e+00
2.719289796987441665e+00
5.964707369184174546e+00
2.875097563561974212e+00
2.936175914348456928e+00
2.889520375425651988e+00
2.725300166954092163e+00
2.765960231095161870e+00
3.000448799763128171e+00
2.921117765513742803e+00
2.821822460751207462e+00
2.885224601309229087e+00
5.763813060813128608e+00
5.902849566099410694e+00
2.779067649410499552e+00
5.990176374698828354e+00
2.790988892847838354e+00
6.259650629228439733e+00
2.740341767006444051e+00
2.769961191063874839e+00
2.940645337336687426e+00
6.186678996036564904e+00
6.031102138083884512e+00
6.108227320589828757e+00
