4.894783141263768123e+00
4.685584275199838444e+00
2.851156958148743925e+00
2.726117568998079665e+00
2.605066409902058400e+00
2.743745797263296371e+00
3.255922603502730883e+00
3.173478060425185543e+00
2.798918362510775637e+00
2.786668620413987885e+00
2.963163680932931143e+00
2.668513631218697224e+00
2.735171292625015571e+00
2.934893524474099014e+00
2.731757492897201267e+00
2.795483142499700868e+00
2.816835280949172127e+00
2.714693537031390491e+00
2.918318865374378568e+00
3.137228872747412467e+00
2.840784926741199090e+00
2.849580670905808688e+00
2.997147143534997671e+00
2.712257546768005678e+00
2.816279815643324635e+00
2.760988772161162341e+00
3.118051635236338104e+00
2.753960965591197407e+00
3.048287388026266864e+00
3.084571607209014132e+00
2.921126837369441898e+00
3.089730894430775532e+00
2.881152200075518088e+00
2.862787802125752901e+00
2.968619544502124175e+00
2.747882639415300421e+00
3.509674201403885085e+00
2.767383059859982009e+00
2.928417319987026257e+00
2.877904793421769636e+00
2.813263052044725043e+00
2.884977296271150404e+00
2.935298621946325959e+00
2.764677738905567228e+00
2.883611797728674375e+00
2.795623365190669229e+00
2.924117131716853724e+00
2.857443787723565887e+00
3.001752321561523829e+00
2.932330131482470570e+00
2.664362775599449229e+00
2.715505293679244314e+00
2.987420459192177358e+00
3.008227551233449759e+00
2.809071732797153498e+00
2.978014271288840220e+00
2.842088492640579389e+00
2.946716477708705817e+00
2.906324999032283252e+00
2.936926795138073754e+00
2.808670325972772552e+00
2.998801260503936916e+00
2.741371372142052731e+00
2.834460089681984041e+00
2.748372973233436767e+00
3.011532998324939037e+00
2.934018575264989881e+00
2.934567259409809559e+00
2.903728120881842845e+00
2.965215843745612201e+00
4.118932871509318971e+00
4.412970881390449129e+00
3.043806498448940356e+00
2.788476465742538934e+00
2.710543119007701396e+00
3.035608176296802352e+00
2.735490266844318619e+00
2.781531232972227485e+00
2.984435960110385810e+00
2.844308000199696984e+00
3.005604099012376462e+00
2.863137265308807855e+00
2.924228445248421071e+00
2.729809700327112232e+00
2.931218347377076316e+00
2.794377927195961675e+00
2.901672965721671549e+00
2.903795102964394914e+00
2.997077576573552893e+00
2.806382903311663402e+00
2.918543643668876530e+00
2.639538974896942225e+00
2.859606966000747708e+00
2.903871381449254496e+00
2.903383371172329142e+00
2.719273800116494666e+00
2.958404637638333945e+00
2.843607919527584738e+00
2.693744791178258602e+00
2.824950442043187682e+00
2.740215684941606611e+00
2.698411755088536701e+00
2.984745550294027883e+00
3.267776920170652577e+00
2.700792106031117967e+00
3.149513454487851138e+00
2.724894309876990217e+00
2.687460697387033637e+00
2.804642936275489884e+00
2.891734600546876255e+00
2.838479346410680115e+00
2.722490587678862539e+00
2.787374929929592682e+00
2.915351436791111972e+00
2.860862806916822709e+00
2.980822369749663636e+00
2.967535172495854745e+00
2.857193203127852854e+00
2.714424616746613950e+00
3.129921724260848137e+00
2.860607977336286023e+00
3.067188615002343965e+00
2.838234838768631363e+00
2.738556919255102695e+00
2.670648984797515446e+00
2.783136000988812864e+00
2.714725216297222410e+00
2.908853554237476491e+00
2.816616764843950182e+00
2.881658723721461257e+00
3.400518048768451873e+00
2.794901429388879421e+00
2.892596757240801786e+00
2.730509293153934536e+00
2.975732010783229242e+00
2.852993690844758845e+00
2.752708666023340633e+00
2.867368479982996821e+00
2.824274420094478266e+00
2.764079955428207391e+00
2.796221378932647994e+00
2.679217423054724989e+00
2.647016622539420272e+00
2.786524896712749833e+00
3.217531507227240795e+00
2.833724933722396422e+00
2.997944128899002525e+00
3.007477846967455459e+00
2.700895777330180714e+00
2.997683939310480827e+00
2.779885968884335146e+00
2.891530044803270361e+00
2.861819176677660170e+00
5.823459968094569561e+00
5.951016887894033935e+00
2.883757618108706566e+00
2.850594499398327208e+00
2.797052913335748681e+00
3.009474040426332930e+00
2.918824934798248893e+00
2.914942709557085010e+00
2.771698757080213849e+00
2.781252415729288163e+00
2.791379587229225301e+00
2.913385144466828169e+00
2.734059984711381119e+00
2.908055879793233878e+00
2.774394708760813177e+00
2.996287870015162280e+00
2.767440333593481405e+00
2.913719959090097511e+00
5.996355226302057417e+00
2.920213348370286788e+00
2.795263314966946133e+00
2.900768174122158705e+00
3.145041017220602253e+00
5.521158302385469341e+00
2.922148182416490769e+00
5.410417081889344004e+00
2.825969037339227441e+00
3.131259491003580031e+00
2.962152933256485543e+00
2.996352115489766987e+00
2.824354085450335727e+00
2.737746153316629183e+00
7.473742502923151676e+00
5.833033173229858370e+00
5.841795186413163421e+00
5.489690155190910303e+00
5.888098929196078579e+00
6.087685767186082231e+00
6.284525757764066078e+00
2.898619843994724388e+00
2.754121820108907048e+00
2.749757989351063081e+00
2.852360601326557887e+00
5.444297567179809505e+00
2.634303323461442137e+00
2.844711584677785954e+00
5.930629056010837452e+00
7.967965235867938034e+00
2.844715099970470007e+00
3.154015535789257640e+00
5.581045242604649737e+00
2.811012095313714543e+00
2.834458502077601416e+00
3.017524150690429785e+00
2.713063766298168034e+00
3.019436702433087927e+00
2.841958479640404267e+00
2.842318068056424174e+00
3.095640967554215361e+00
3.470766053769685833e+00
5.902659993596107491e+00
5.774978787839831540e+00
2.824303985055433230e+00
5.725274753232372227e+00
5.949383161303363643e+00
5.968774162254759652e+00
2.749838358885845935e+00
2.941911113545070844e+00
5.906491767538494031e+00
6.196264761935209364e+00
2.929740261524901968e+00
2.765308481887689851e+00
2.903700225574258553e+00
2.920056163843428365e+00
2.711976032342468645e+00
3.020186086982059148e+00
2.965866652430618089e+00
6.039084864447593404e+00
5.785566610108295649e+00
2.703509755854414998e+00
2.764144894899686733e+00
5.955518533259718694e+00
2.823452850677694581e+00
2.764792397269639324e+00
2.894215956006048085e+00
2.902745941345883818e+00
2.818983859478446874e+00
2.719859922863675727e+00
2.951575511485348358e+00
2.969979629559771794e+00
2.778873332845525734e+00
2.781983824539603134e+00
2.748220697105674404e+00
2.826030785394950229e+00
2.713935887230942257e+00
2.871287864356341313e+00
2.930241798896466410e+00
2.858594759667763885e+00
2.908363801177562546e+00
2.960557211066862759e+00
2.777923505066329568e+00
2.794176265019800098e+00
2.903783910693081172e+00
2.968677314899684117e+00
2.847153315155332987e+00
2.841483591365609129e+00
2.840945265224235072e+00
2.831621090470969104e+00
2.940020748226107372e+00
2.959285217751070451e+00
2.682554566080622926e+00
2.820431349988862912e+00
3.105550192799981346e+00
2.696405941248461335e+00
3.014239539253640743e+00
2.780117983107911250e+00
3.081016390738614774e+00
2.855705517030774132e+00
2.928250843080216548e+00
2.754884208092964748e+00
2.931667273071758562e+00
2.838881822126451571e+00
2.829030576010093334e+00
2.708789028329817938e+00
2.951559926547316692e+00
2.811914828013110323e+00
2.736016081824081514e+00
2.815024866675248205e+00
2.940076869743374566e+00
2.924335309091623536e+00
2.732232237566931232e+00
2.887877074946231026e+00
2.852599165673298742e+00
2.716889949924361503e+00
2.801615426856441271e+00
3.139981050898237758e+00
3.042429785549701560e+00
2.736311020333763278e+00
2.897107005272673952e+00
2.826673840399702264e+00
2.775457619925045805e+00
2.742006017498867632e+00
2.904808083161432908e+00
2.722342741096352103e+00
2.727610859341926375e+00
2.739993065684656059e+00
2.762395699388485060e+00
2.717451747501692161e+00
5.677505878464592648e+00
2.649764329143254216e+00
5.948691620852437190e+00
2.763683954434732470e+00
2.960059796693303102e+00
5.925783154993101931e+00
2.731409526233662177e+00
5.986289251280796364e+00
5.621679197535199179e+00
5.882403080374550619e+00
2.811551351122721254e+00
2.982500628667159148e+00
2.838711855754296298e+00
2.747025482226184145e+00
6.183926503444231670e+00
2.759076657144560407e+00
2.859521813170866622e+00
2.863751909645805060e+00
2.733644819650131286e+00
3.323995487361557810e+00
2.772312031500062002e+00
5.879848467435193626e+00
6.128923804388500152e+00
2.871475927114834903e+00
3.014511734924911313e+00
6.005476500661709238e+00
2.880189750693519457e+00
2.939579051497000162e+00
2.822084513263201089e+00
2.765070885167322245e+00
2.764974864261879439e+00
2.904533008936204475e+00
2.849578389867525985e+00
2.818306938571453646e+00
2.822226426068609850e+00
2.967209800469121195e+00
2.878767791955439748e+00
2.941888169186585245e+00
2.690325073295046998e+00
2.758515905337505902e+00
2.716341289308101370e+00
2.740090691929739641e+00
2.940408475025196200e+00
2.856927370445388359e+00
3.017234826790915037e+00
2.864672756180014268e+00
2.932252888139083691e+00
2.569398956954719537e+00
2.478127720679464741e+00
2.701821977851242451e+00
2.882720416551005194e+00
2.914330454838640616e+00
2.901477037648238611e+00
2.729840654690306678e+00
2.758362920284421094e+00
2.963044717853580146e+00
2.886402951772326642e+00
3.043568464812316687e+00
2.825827135548103275e+00
2.875459441550167750e+00
2.759686576406820802e+00
2.871244677835728787e+00
2.871824681278437819e+00
2.962216737512635589e+00
