4.864774198254220750e+00
4.783347886156724016e+00
4.728524928558588414e+00
4.838260224502191953e+00
4.747086053570126474e+00
4.756285630615554538e+00
4.739359661388867551e+00
4.704796382416565059e+00
4.599155683383636450e+00
4.564356471617878164e+00
4.526478874356976156e+00
4.412034111382186374e+00
4.374038522921352090e+00
4.412165568062921039e+00
4.411466649539583784e+00
4.404010217971797481e+00
4.419455283176875859e+00
4.334378386804733196e+00
4.265041500384257667e+00
4.231670473938158317e+00
4.221517381226802534e+00
4.277485359413869759e+00
4.299322969957014351e+00
4.334032764066280130e+00
4.365525856068201094e+00
4.360545264069621396e+00
4.305856709181112407e+00
4.270240859717400639e+00
4.232040996965885427e+00
4.026607753432162262e+00
4.273706704957652924e+00
4.276208951863789132e+00
4.251017878108724446e+00
4.208967806956950497e+00
3.828152295821053208e+00
3.753566170989929507e+00
3.698848604633609760e+00
3.618191399027973265e+00
3.603733758201346671e+00
3.656753204688552472e+00
3.605647098649561677e+00
3.460381192874565137e+00
3.390796514095176573e+00
3.325783216025963274e+00
3.334487366897646243e+00
3.296403798080568492e+00
3.233256408019629990e+00
3.100303372252464218e+00
3.001043985015880988e+00
2.891082842119886642e+00
2.863173938132296037e+00
2.766841339867539329e+00
2.672000748502889156e+00
2.689639752829363406e+00
2.706307077920020454e+00
2.787978120430646634e+00
2.753130944942502989e+00
2.682864327542487271e+00
2.709369852936287515e+00
2.729156829498810666e+00
2.698641324815137743e+00
2.651718122274688394e+00
2.584751051842324010e+00
2.575429284604801694e+00
2.508993622949249325e+00
2.556444014642213602e+00
2.504001996804315677e+00
2.639607167742958005e+00
2.675289143251622814e+00
2.734630322365346533e+00
2.711917034129178283e+00
2.711617598408742946e+00
2.712938075223981116e+00
2.726356359685945474e+00
2.728921765093312857e+00
2.676494909391759158e+00
2.762210346805615835e+00
2.740106202321362261e+00
2.697042083468480289e+00
2.747238795590948079e+00
2.748765904910783764e+00
2.716218327012760447e+00
2.727308930062745773e+00
2.742102478026669399e+00
2.731414834842924577e+00
2.741284552905808525e+00
2.774218628731340619e+00
2.710480031285971592e+00
2.783139594055605404e+00
2.736994336859321919e+00
2.732024524048054737e+00
2.761117708465179010e+00
2.718802861555063455e+00
2.710315664272337166e+00
2.687207844585155936e+00
2.718319149768841925e+00
2.692081165195432835e+00
2.730950200937395156e+00
2.727797279857871349e+00
2.681956375484134902e+00
2.733988478395620536e+00
2.746256543005405337e+00
2.737088599223635121e+00
2.770712543733109712e+00
2.813340541065016520e+00
2.757941986336913676e+00
2.714468272056242082e+00
2.700530873735754955e+00
2.699491804025342834e+00
2.770933597183447450e+00
2.819332013083950539e+00
2.745974690342210423e+00
2.674796066992771504e+00
2.759712122667870027e+00
2.654456818258680517e+00
2.661987415447338190e+00
2.792882024003162211e+00
2.756186314456989361e+00
2.736925647510359383e+00
2.731335936863131586e+00
2.733501417596120309e+00
2.745821734927451629e+00
2.700873007010881288e+00
2.749166055370245942e+00
2.707120610538067851e+00
2.758249263572819299e+00
2.727077923345792687e+00
2.752609489193844627e+00
2.729227912798782629e+00
2.709865494817039533e+00
2.691431960871387030e+00
2.771985930700226142e+00
2.783580068904072391e+00
2.707085702374418812e+00
2.718546118792175559e+00
2.808032763341624438e+00
2.787488475312498881e+00
2.746546376815799828e+00
2.761587405822962360e+00
2.708506784189399053e+00
2.749893634306607382e+00
2.710822199997631632e+00
2.711560067562583054e+00
2.734369031422057450e+00
2.749888361370330436e+00
2.797004469070437427e+00
2.697750915114292436e+00
2.764801258680269047e+00
2.799155229707705583e+00
2.758784333723823590e+00
2.761726452782751640e+00
2.741116925634512480e+00
3.315312805754533798e+00
3.266768127676036748e+00
3.259576352840963587e+00
3.296753251306503429e+00
3.237015600827403805e+00
3.169941008914834768e+00
3.158229092387061065e+00
3.201254285432508340e+00
3.173188617148372082e+00
3.199370563095184306e+00
3.215818713795912664e+00
3.057121031297255431e+00
2.916400006857770233e+00
2.948429242834224251e+00
3.023596699297047330e+00
2.977919575811274200e+00
2.856669914428336732e+00
2.880803533738460764e+00
2.910207209117591898e+00
2.916752989198776458e+00
2.909959621712989275e+00
2.849981929767274824e+00
2.746674170701723927e+00
2.718577753164327149e+00
2.726587977674661101e+00
2.766813871585871443e+00
2.743191207334990001e+00
2.809128690537334716e+00
2.819148985066237678e+00
2.875613847511518717e+00
2.856741850430311480e+00
2.809345475373223433e+00
2.804139261876984701e+00
2.837932522101256794e+00
2.886680792883064228e+00
2.774020547869102682e+00
2.718438154529177808e+00
2.727624790912415609e+00
2.810700446507951700e+00
2.742438695759670253e+00
2.706884740804454736e+00
2.867878135486234381e+00
2.753559332936190707e+00
2.690380828061336160e+00
2.729528530717347135e+00
2.840953889101335506e+00
2.829538654975400913e+00
2.859993531461216598e+00
2.753388639476817890e+00
2.818375950791518925e+00
2.833563127936273407e+00
2.901228015858112741e+00
2.850224201707648231e+00
2.868876783690788024e+00
2.848196095777115300e+00
2.818515389349506961e+00
2.759820465175225390e+00
2.742208234252096588e+00
2.861502402585047733e+00
2.821294915459920727e+00
2.799719450230683471e+00
2.876561315181722644e+00
2.845969957676995232e+00
2.914772889952148116e+00
2.916190151550478227e+00
2.949797450673519617e+00
2.902182626920642328e+00
2.933922630200053838e+00
2.910906044516036406e+00
2.915063978714704351e+00
2.812952541370010717e+00
2.849166018328872507e+00
2.933164332252797823e+00
2.884227626245889908e+00
2.820398730676214605e+00
2.791161227876311823e+00
2.734358059947526343e+00
2.757560153469004849e+00
2.747432983714070520e+00
2.673609919191653361e+00
2.685829108487730821e+00
2.724427462789200227e+00
2.809101279769029791e+00
2.857021350987772657e+00
2.889243499603312948e+00
2.890434396418642304e+00
2.832360146591531347e+00
2.896666014576068093e+00
2.918120285389209201e+00
2.870039198338586672e+00
2.830915223033003247e+00
2.836852128680661611e+00
2.828817067256204965e+00
2.763809146811697204e+00
2.744382262003600470e+00
2.742905940786158681e+00
2.787328649441970896e+00
2.827683504213298615e+00
2.835602581463065430e+00
2.835291343054537450e+00
2.814366536185362921e+00
2.771800317483205767e+00
2.851851854497354566e+00
2.851139070617215943e+00
2.812901349141132101e+00
2.850513287111638761e+00
2.764010492020607224e+00
2.758366183087372470e+00
2.746831993406221528e+00
2.773574228319840351e+00
2.845246386519100668e+00
2.860941453438011539e+00
2.896366344232027323e+00
2.858790128708296852e+00
2.883282330955468709e+00
2.907342085135493193e+00
2.868439645521585923e+00
2.913193436763167998e+00
2.931785974453114729e+00
2.838827046510583152e+00
2.799470842855842356e+00
2.721224908014770794e+00
2.809544802988555023e+00
2.856172438771860556e+00
2.844981195016937026e+00
2.791113935331197116e+00
2.727849152720875914e+00
2.742585823634330122e+00
2.743938410387521731e+00
2.701741660484954899e+00
2.744166357930946987e+00
2.762440044598253319e+00
2.822310223912318783e+00
2.824298142902055275e+00
2.881370854298349382e+00
2.874261992233832608e+00
2.775324305374058387e+00
2.801411429975968481e+00
2.885278496090109446e+00
2.803618732994912488e+00
2.736774378716667400e+00
2.803131106459346711e+00
2.859944579882623739e+00
2.838543464525424831e+00
2.885263419516492345e+00
2.856278172727579445e+00
2.855298583335899920e+00
2.894443988057119554e+00
2.856079305621606501e+00
2.831772060035906424e+00
2.771094368656541462e+00
2.742124176619286313e+00
2.740418581166023770e+00
2.778714810843315064e+00
2.823200134599033184e+00
2.771083723022456535e+00
2.699652014612253570e+00
2.762707729746308072e+00
2.785480389448111271e+00
2.805200349351182787e+00
2.744707816872317352e+00
2.739880654335148602e+00
2.738742229564512964e+00
2.822518379036706992e+00
2.905757904574983286e+00
2.865351985358866926e+00
2.845108258045727645e+00
2.864790044662959723e+00
2.927485952143921377e+00
2.845692358636119135e+00
2.860415004855064502e+00
2.876659868667132081e+00
2.877604211840119941e+00
2.864124997272290862e+00
2.838430023798367063e+00
2.803047983891820749e+00
2.811501733949314019e+00
2.797626315289445387e+00
2.800893607404608687e+00
2.764009768434258163e+00
2.790580405578739320e+00
2.745625793876506737e+00
2.736672980098279861e+00
2.727481622302889264e+00
2.787855806888154486e+00
2.812097260053429082e+00
2.801928264606357910e+00
2.747480300202350900e+00
2.816365743294006130e+00
2.877121825714024528e+00
2.836603779169731609e+00
2.863528941708115561e+00
2.881092501118281746e+00
2.865651758326541731e+00
2.808097576652207827e+00
2.831421374504332178e+00
2.843181668483391711e+00
2.864465395147931748e+00
2.885429084209140793e+00
2.770724454001155301e+00
2.786835840159947342e+00
2.818664932197511241e+00
2.842726859900542635e+00
2.813328633487385932e+00
2.907897006429216447e+00
2.851015433139568067e+00
2.866134330417889231e+00
2.794048317406125470e+00
2.836551779890505998e+00
2.842269867553044449e+00
2.862301346818675096e+00
2.835699913601577915e+00
2.740498859696898215e+00
2.724035609165195826e+00
2.765646036643156780e+00
2.750443782374036861e+00
2.725327136326940014e+00
2.768425725931616732e+00
2.782700486937105033e+00
2.823815326822914251e+00
2.767917809473395607e+00
2.797689582494812921e+00
2.774129232750342400e+00
2.754809067793991595e+00
2.874917390117497362e+00
2.937716289909561240e+00
2.871195221506193551e+00
2.885817908323392800e+00
2.868690467791880749e+00
2.872537206025363332e+00
2.871418464800976622e+00
2.862179064978290111e+00
2.894967011901862453e+00
2.835786310708196201e+00
2.751541749637828715e+00
2.807593453475769607e+00
2.820435427376418502e+00
2.777658006306752636e+00
2.736228974336760267e+00
2.666705270553909379e+00
2.748149377308300334e+00
2.863190004173667091e+00
2.860569348923392763e+00
2.918790674234793325e+00
2.842641201418146135e+00
2.769050017605316327e+00
2.807741084929306741e+00
2.787883426544230492e+00
2.819805667062891708e+00
2.887579955602961324e+00
2.897459922069673954e+00
2.871884050584215142e+00
2.846206246918869809e+00
2.839689595712883818e+00
2.840550650842192049e+00
2.870309216791807838e+00
2.837726026240024346e+00
2.849787711391850387e+00
2.830785580011315083e+00
2.845721349675685019e+00
2.845285398690261758e+00
2.791099066676065110e+00
2.823147357117584466e+00
2.889341966607621881e+00
2.765318064888739436e+00
2.867429510903450662e+00
2.885079894907591314e+00
2.854829767254082551e+00
2.762160205346532393e+00
2.784352707542634420e+00
2.819538437404249809e+00
2.771764059222934673e+00
2.728178513220862911e+00
2.721287379164501363e+00
2.870556217878339922e+00
2.880050173174071304e+00
2.907021499748497106e+00
2.847591965152310944e+00
2.719095805594205384e+00
2.716557196158402299e+00
2.709722310496040620e+00
2.912457038309749890e+00
2.837073315936688545e+00
2.843799043533139503e+00
2.821072313855141012e+00
2.806325889842447019e+00
2.870190586006441613e+00
2.803576644217169012e+00
2.739658737872292082e+00
2.797110115815964804e+00
2.757105184790743291e+00
2.776320946864753392e+00
2.760577294697614814e+00
2.715813874329387811e+00
2.712149885238646085e+00
2.734132403524013544e+00
2.775523013775961889e+00
2.744297542177233318e+00
2.711163956679861542e+00
2.758485272753871342e+00
2.791033679481492502e+00
2.718263048345395116e+00
2.773360055961000104e+00
2.771131357406213080e+00
2.825181764064040202e+00
2.774324061821185072e+00
2.751521942489283834e+00
2.812736212302888283e+00
2.853628742496122417e+00
2.822291444907842894e+00
2.770024368123861436e+00
2.753639228366708380e+00
2.803394549470338504e+00
2.895828206230473878e+00
2.928700223648709411e+00
2.898013802589628707e+00
2.900385664010908915e+00
2.922569075317126508e+00
2.825617454645975357e+00
2.793529845911798759e+00
2.763035649426188733e+00
2.774838013290144900e+00
2.753833328289858162e+00
2.724784578641034294e+00
2.711776908228255678e+00
2.766135571514888980e+00
2.851784879685001606e+00
2.897020711006395022e+00
2.890526941580029430e+00
2.890451348838101175e+00
2.919399253271123928e+00
2.905120307319474460e+00
2.920419319207431919e+00
2.908548950937563493e+00
2.869521737154119734e+00
2.787344614503201701e+00
2.748139916379805037e+00
2.795242744378384270e+00
2.812646262863497615e+00
2.876564270097228260e+00
2.890288047928787130e+00
2.875857263495530614e+00
2.780585549843773485e+00
2.762230620350154098e+00
2.686183351895398363e+00
2.746156040723104930e+00
2.757586082065254462e+00
2.814674759186218900e+00
2.852151643934803360e+00
2.793976556809309120e+00
2.815319875253964099e+00
2.772157823789980213e+00
2.813067542736931603e+00
2.796636193715585694e+00
2.775531120344356673e+00
2.731441743841519276e+00
2.767642137271363989e+00
2.749853450640597163e+00
2.748382979135186144e+00
2.807277150549976952e+00
2.823590621885545549e+00
2.887744794818267735e+00
2.855302085594447536e+00
2.865572543140375128e+00
2.838116629034121097e+00
2.821321321650549052e+00
2.789264239902702780e+00
2.770650465143519536e+00
2.794311543117553587e+00
2.835000176366837543e+00
2.742438878079144438e+00
2.770710017306032835e+00
2.789919532889793441e+00
2.780820382549005654e+00
2.792559399547303922e+00
2.810776583081622260e+00
2.793207654292819697e+00
2.768696082996470409e+00
2.726260442437589138e+00
2.759932970200544844e+00
2.740336840609197466e+00
2.772613388123197797e+00
2.787762005623865669e+00
2.804975757470998143e+00
2.795333432705300325e+00
2.722564232483781321e+00
2.754197705321823619e+00
2.764988426738889338e+00
2.756943960257443926e+00
2.745525450619607621e+00
2.729615723870303601e+00
2.778208235535989612e+00
2.728692910534272542e+00
2.748784822426084240e+00
2.790490279502868987e+00
2.817559937250670110e+00
2.839936971131577170e+00
2.867179101486337256e+00
2.913196354521953690e+00
2.828017149877277259e+00
2.819821625564283618e+00
2.729469545534443320e+00
2.800261773477615179e+00
2.822577191149960640e+00
2.725453540238761629e+00
2.752254530380501940e+00
2.827192777296942516e+00
2.743726480537008516e+00
2.737712366191890290e+00
2.832750783249383897e+00
2.829192287561946628e+00
2.822670544006154802e+00
2.886065314576230723e+00
2.950420647975470878e+00
2.935186876503776965e+00
2.938427470603962810e+00
2.874724682469609327e+00
2.833441899880779324e+00
2.827239996887423334e+00
2.838963895508359592e+00
2.817201625727204117e+00
2.831553637139865742e+00
2.766259929941508489e+00
2.738749349611972139e+00
2.811892423262312590e+00
2.809724007798630296e+00
2.766289934189834820e+00
2.734404139844730519e+00
2.772282813855758477e+00
2.811990576086627058e+00
2.879196068349635595e+00
2.893608301066334487e+00
2.879367291611128366e+00
2.845115287646530877e+00
2.881340139587827309e+00
2.778377044247234640e+00
2.766263544928428963e+00
2.798038241339814380e+00
2.708141982983904850e+00
2.781158931093295816e+00
2.809279444982289320e+00
2.766764536421557619e+00
2.776985055775417432e+00
2.791287158283790149e+00
2.849620851973118096e+00
2.901534421646587703e+00
2.894002764338693634e+00
2.909103813891831258e+00
2.815269436483833765e+00
2.788263438056024501e+00
2.855047985586232073e+00
2.865074170069599191e+00
2.893768995617998829e+00
2.834045341909687377e+00
2.829390570423249152e+00
2.828908623480086870e+00
2.849636117120921242e+00
2.860018706232531294e+00
2.780630863671047948e+00
2.722691682875606478e+00
2.781626502605984985e+00
2.769743128883976446e+00
2.719610450046109129e+00
2.762520045176143579e+00
2.767323797462089896e+00
2.772775144147105131e+00
2.712390274278389413e+00
2.778414116002148937e+00
2.764548606915783857e+00
2.819157852976664991e+00
2.767105888830421634e+00
2.810290554373337191e+00
2.797989635434698474e+00
2.748318758805099016e+00
2.769033585928491359e+00
2.723293777762509027e+00
2.712020280160161612e+00
2.737551643348487218e+00
2.728963356294840992e+00
2.832253166650185339e+00
2.871640820158398721e+00
2.830330016093529633e+00
2.871380155952881985e+00
2.882853274101892183e+00
2.889809855336506583e+00
2.878458267892726852e+00
2.912377207711940308e+00
2.841559079097248031e+00
2.826518353027271946e+00
2.879670814520298272e+00
2.847716453581710994e+00
2.906636716206550730e+00
2.885018890752711229e+00
2.844374975280158591e+00
2.786717244357597600e+00
2.818536854468999486e+00
2.730921273123778192e+00
2.776869820499333397e+00
2.716400743631174564e+00
2.741855940781718459e+00
2.806251057906259394e+00
2.875478916632845383e+00
2.690838531015935953e+00
2.790777848557638219e+00
2.750322526541205903e+00
2.756641434789805611e+00
2.805891302242480290e+00
2.787181192531263729e+00
2.781616256783095320e+00
2.836912934864233904e+00
2.844691195894555769e+00
2.788278859798639875e+00
2.713294307663656202e+00
2.685919767975208927e+00
2.769543464183221726e+00
2.796302737544702932e+00
2.819847336293225037e+00
2.826990979822892491e+00
2.794962790449990742e+00
2.747335254387422321e+00
2.745423828846832670e+00
2.754289200501646828e+00
2.779946042641835202e+00
2.780144960249375075e+00
2.771434826944339846e+00
2.795704025822476346e+00
2.749072207127342793e+00
2.792024534276158487e+00
2.827209578365212472e+00
2.838049682440390242e+00
2.743501594677866695e+00
2.743848574539053953e+00
2.760609715262191344e+00
2.737886958952104433e+00
2.748849577550580126e+00
2.729077683027729240e+00
2.824269286027803805e+00
2.783782678299439262e+00
2.755790267781640157e+00
2.727578046546055734e+00
2.760298172299506803e+00
2.736540516783918964e+00
2.796638339149343455e+00
2.775388621436644776e+00
2.814045664163963512e+00
2.776430442132487020e+00
2.793407596467081699e+00
2.748761175511615917e+00
2.761474062887428360e+00
2.766102311918342771e+00
2.781404860857189743e+00
2.862341349315276950e+00
2.742475706364597698e+00
2.755176037932966171e+00
2.800211777705393423e+00
2.882000000000000117e+00
2.872009052910522886e+00
2.887164352786311117e+00
2.839074849312712256e+00
2.903414197113459938e+00
2.890296351587497536e+00
2.865317259920793003e+00
2.915538029249490570e+00
2.895283233122452060e+00
2.856175414781101374e+00
2.820647443407275023e+00
2.828983739790669638e+00
2.804605141548449865e+00
2.849311846744753574e+00
2.785089944687603847e+00
2.731602460095538198e+00
2.781797620244866209e+00
2.793663723500020790e+00
2.718760747105195108e+00
2.706854447509137618e+00
2.839689067486086405e+00
2.933632730932759447e+00
2.820564659780023131e+00
2.846701424456031582e+00
2.895153536515809645e+00
2.914443686194674754e+00
2.865294574733983524e+00
2.821864100200432990e+00
2.886886731411539397e+00
2.919825508485053067e+00
2.915187815561802953e+00
2.943576396154854447e+00
2.855643009901623230e+00
2.827313389067437566e+00
2.818982440527077582e+00
2.864420011101723951e+00
2.864996684116754455e+00
2.874518046560153639e+00
2.841816672482586625e+00
2.875647057620249747e+00
2.861048234476308849e+00
2.871439708578260142e+00
2.880771250897925739e+00
2.943062010899532677e+00
2.938511187659491597e+00
2.924096441637997312e+00
2.871062869391751260e+00
2.878096766962500830e+00
2.907227717259175392e+00
2.926035884947414623e+00
2.861592738318994744e+00
2.803961839968582392e+00
2.782510736726814482e+00
2.743569937143939264e+00
2.771478125477450316e+00
2.836121647602585227e+00
2.873222232964237399e+00
2.868506754393302938e+00
2.831115151314054224e+00
2.830437598676219135e+00
2.818359451879763444e+00
2.786161158296483364e+00
2.785988693444393594e+00
2.740605407569648211e+00
2.736309375783374964e+00
2.753267876542346393e+00
2.719361138208751694e+00
2.706824708029686999e+00
2.763453274437619456e+00
2.779531255445780946e+00
2.858965722075030413e+00
2.870047734794666905e+00
2.904502883455273743e+00
2.906619514143535365e+00
2.865579348055118825e+00
2.797617021681130467e+00
2.880113018615762854e+00
2.869221845727513820e+00
2.811151721270127801e+00
2.803587701499633322e+00
2.796568969290762929e+00
2.806893300430210569e+00
2.718797160510508348e+00
2.716187953732214666e+00
2.719150786550830201e+00
2.747621152924835553e+00
2.743919277238308307e+00
2.771002345722572979e+00
2.774666286240563995e+00
2.773995313622573011e+00
2.788341801142751208e+00
2.731776345164443232e+00
2.757832844825806706e+00
2.768907726884375808e+00
2.872682718296609927e+00
2.915240298843305045e+00
2.819784566239058599e+00
2.753089537229038264e+00
2.749287180343297887e+00
2.737927866106045105e+00
2.790824430163961534e+00
2.893550932677702470e+00
2.922982381062192214e+00
2.970798714150792108e+00
2.928498079220814176e+00
2.917916722595078394e+00
2.888718747126483688e+00
2.856698093953927042e+00
2.838414169919534658e+00
2.814256207241977670e+00
2.812907037212570405e+00
2.802761852173673685e+00
2.766540258156385157e+00
2.764102205056825134e+00
2.796173099076665114e+00
2.814401179647279871e+00
2.846906742413596536e+00
2.945283687524854255e+00
2.848695490922117379e+00
2.944476354124788031e+00
2.916926464619908899e+00
2.867136899417257023e+00
2.841606939743778426e+00
2.712427879225547400e+00
2.810452276769701552e+00
2.838473885735078639e+00
2.873142878452096483e+00
2.849139343731716956e+00
2.829070872212288368e+00
2.837535198019576654e+00
2.804351083584222248e+00
2.804193288630439707e+00
2.785707271053439626e+00
2.780362206619849008e+00
2.804291176037181366e+00
2.805848534757354962e+00
2.803836300499727763e+00
2.844699281119183798e+00
2.842060871973012492e+00
2.899664290913691378e+00
2.912600556204025359e+00
2.823826481921295262e+00
2.776191996242335147e+00
2.761609856587277090e+00
2.891691719391954685e+00
2.866518445780525504e+00
2.861178778056344907e+00
2.865585280531709689e+00
2.873989909516037500e+00
2.883020291291756187e+00
2.888382765493521465e+00
2.874435596773738943e+00
2.858354071839246835e+00
2.745574074761050642e+00
2.791626944991038695e+00
2.750853322152964520e+00
2.810080603826160761e+00
2.859068729499170569e+00
2.869130530317503425e+00
2.896903346679001512e+00
2.924703403765927412e+00
2.955785682352494614e+00
2.937198835625535409e+00
2.936935818161507505e+00
2.908509068234101935e+00
2.865696599432675740e+00
2.887580475069050134e+00
2.824365061389904508e+00
2.876611374516898412e+00
2.836753426013618462e+00
2.885896394536712872e+00
2.856315983920546309e+00
2.812695148785235411e+00
2.790072400494295835e+00
2.706905428713755501e+00
2.765908530664020315e+00
2.717217142592766699e+00
2.761265832910695828e+00
2.759677155031000861e+00
2.730870374074902518e+00
2.777933404529345562e+00
2.816289402742551573e+00
2.851438058243594753e+00
2.860158037591629565e+00
2.801257753224432712e+00
2.809716711698885927e+00
2.793864348890260363e+00
2.768907907460990359e+00
2.771711565080321016e+00
2.812126597434759567e+00
2.785901828851834683e+00
2.742204040548405608e+00
2.819247594660675205e+00
2.743612399738708962e+00
2.731382616917665818e+00
2.717433531845811157e+00
2.730067032144082972e+00
2.801187962276005194e+00
2.795358653196401200e+00
2.817898152879198648e+00
2.755032849168952858e+00
2.818459508313007511e+00
2.893023504916611977e+00
2.837048642515668906e+00
2.821326106638506914e+00
2.873298627013906259e+00
2.892189827794849233e+00
2.844898943723660256e+00
2.820977135674800795e+00
2.836021861692889612e+00
2.848159581203271618e+00
2.754480350265727129e+00
2.782517385390431031e+00
2.796554487221730945e+00
2.744840432520622819e+00
2.831632214818866622e+00
2.877516463897296095e+00
2.845946942583434502e+00
2.878579684497200475e+00
2.802106707461369695e+00
2.709330729165415619e+00
2.749521231050962911e+00
2.775112790500594784e+00
2.727773817602918260e+00
2.771992965359039829e+00
2.826533035363287372e+00
2.893842601110157009e+00
2.953025567109096361e+00
2.926469887082387089e+00
2.898364538839102167e+00
2.892758890747723299e+00
2.879156994677435133e+00
2.914471135557873627e+00
2.842221842150960409e+00
2.799102177484773524e+00
2.842744096819127542e+00
2.834996649028002302e+00
2.869851041430548477e+00
2.925094870256347512e+00
2.917891533282209071e+00
2.871129742801603157e+00
2.870463028850920306e+00
2.874392805446047472e+00
2.865202785144534747e+00
2.835945345030471465e+00
2.856742550528486024e+00
2.862511834036673530e+00
2.909918555561306963e+00
2.884418312242522653e+00
2.837972868087360823e+00
2.854047126450437233e+00
2.790711737173869889e+00
2.723824149977381204e+00
2.820291651584992287e+00
2.889344216253923570e+00
2.888565907158775037e+00
2.933376211807820599e+00
2.901539763642746017e+00
2.897623336460417143e+00
2.936724195425917117e+00
2.883967579568119000e+00
2.864693700904164864e+00
2.892665379887553012e+00
2.935818284567353942e+00
2.866603216352064276e+00
2.935023168562728380e+00
2.893131694202667692e+00
2.868297230065252723e+00
2.880828005973282924e+00
2.867725753972997893e+00
2.865300333298413715e+00
2.873111379671870136e+00
2.860317464897909279e+00
2.833658412723735864e+00
2.789946773685834991e+00
2.732253465548172500e+00
2.731229210447193356e+00
2.791757869156993976e+00
2.808323699291091380e+00
2.866966340925543477e+00
2.789517879491006269e+00
2.706216916656904115e+00
2.809746251888237456e+00
2.752819100485899728e+00
2.756476555314773869e+00
2.756697480682274826e+00
2.748625292760001226e+00
2.775367002758374113e+00
2.719827016558222343e+00
2.805124061427586746e+00
2.779078624292591115e+00
2.832049611147375412e+00
2.833968948312596048e+00
2.858489461236476181e+00
2.834185773727614599e+00
2.839410326106460936e+00
2.867004359954829162e+00
2.817588685383300984e+00
2.837764789407325239e+00
2.889697908086587663e+00
2.960820494390026258e+00
2.867076211055437085e+00
2.818866970965461682e+00
2.807403426656026380e+00
2.864189937835827315e+00
2.842719296729805833e+00
2.851902347556802386e+00
2.793342263311103579e+00
2.749019825319563015e+00
2.748279097908362445e+00
2.795468833666367114e+00
2.739729183696811621e+00
2.737484063880554874e+00
2.750411787351123127e+00
2.757497778784236520e+00
2.767889809945475399e+00
2.752134444390389234e+00
2.719642255885872828e+00
2.802375599379926197e+00
2.753178889937956342e+00
2.728835282680140750e+00
2.840217773340628415e+00
2.917383245307342055e+00
2.851488207936340391e+00
2.897596590279605699e+00
2.909840889120915097e+00
2.854496277804544846e+00
2.865793432890793024e+00
2.832352026143643009e+00
2.777161320485361795e+00
2.807915240886020847e+00
2.852863473775077097e+00
2.894915197376255023e+00
2.879399069250388354e+00
2.869959930033866513e+00
2.881345866084111584e+00
2.896774240426754687e+00
2.875230773346723279e+00
2.869316643383925669e+00
2.841036958576920846e+00
2.855415031129450831e+00
2.784003232756743884e+00
2.771678372394604128e+00
2.729778379282830958e+00
2.749880179207814024e+00
2.739181082002429601e+00
2.757990754154190594e+00
2.734333191108940575e+00
2.815536360979911557e+00
2.812919124326186626e+00
2.811636711952666179e+00
2.878431169925728561e+00
2.865566959608516928e+00
2.901293849302410965e+00
2.938432405212003662e+00
2.929655611159782236e+00
2.893932618427733860e+00
2.870681800548433582e+00
2.865119892779357968e+00
2.871081677695707324e+00
2.881269858933730887e+00
2.767602030639521260e+00
2.801861167153005372e+00
2.867156954196961927e+00
2.828245746041174957e+00
2.877046402128405234e+00
2.818147441139303044e+00
2.865335582440563300e+00
2.879547360263414291e+00
2.783952585803142199e+00
2.855202619780248696e+00
2.840244707767272558e+00
2.862482489029408939e+00
2.817480612178191901e+00
2.818610473265150684e+00
2.839144061156460452e+00
2.888703688508047929e+00
2.952891972287505773e+00
2.914910118682907392e+00
2.820808749277412097e+00
2.785662937255689808e+00
2.742840498461403431e+00
2.791444787202498556e+00
2.719643175124265788e+00
2.761131289888258511e+00
2.791972241982358494e+00
2.748346048080554382e+00
2.743582511972256999e+00
2.789268721367663684e+00
