4.834737841910355272e+00
4.419110543989592799e+00
3.579151994537253412e+00
4.693362547257562412e+00
2.820076240104157250e+00
2.786746490084808237e+00
2.821545321273433160e+00
2.937767519733309296e+00
2.819393551812162002e+00
2.695064748758366324e+00
2.767772570136498356e+00
2.822030120321184388e+00
2.825354314063989847e+00
2.823510580819558857e+00
2.828657101877143809e+00
2.765814527404178325e+00
2.787687392804293562e+00
2.803580746117364964e+00
2.872567840800283268e+00
2.946621964215973222e+00
2.795175128681564480e+00
2.707152563118672806e+00
2.853373091623316427e+00
2.814438665169308518e+00
2.729624333127179447e+00
2.908701084676801774e+00
2.766063267533843018e+00
2.723692163222561913e+00
2.729078415875953123e+00
2.886735526507407723e+00
2.821096418061602495e+00
2.716116713250739334e+00
2.990937812793840411e+00
2.988132861838643350e+00
2.961836085943987396e+00
2.862960355995171291e+00
2.722792133086916699e+00
2.727659986141967696e+00
2.742440883592570877e+00
2.830186566288519501e+00
5.801409225352061050e+00
5.449743663696485996e+00
3.036972505637810293e+00
2.963315204294001859e+00
2.831790599603014602e+00
2.760682705419078342e+00
2.948180116614315782e+00
2.939833158531279356e+00
2.980714847146569646e+00
2.871387295367867853e+00
2.789257248802985867e+00
2.803801348170016361e+00
2.788355429280851006e+00
2.716541367253589190e+00
2.877465203959901796e+00
5.971026293695246956e+00
5.776480329750981468e+00
2.819427069459325086e+00
3.013741030679311539e+00
2.740924296656148229e+00
2.774187448605446971e+00
2.837137465827131777e+00
2.759779157831292906e+00
2.682494734384393897e+00
2.867038367374946439e+00
2.965338597867028803e+00
2.873796269744951726e+00
2.743568843677884228e+00
2.911697958236739492e+00
2.763721042362995206e+00
2.783691254431783779e+00
2.792733607059577849e+00
2.877613420875013706e+00
2.872237803525327760e+00
2.935422456819460457e+00
2.716578730683136822e+00
2.811288138914259438e+00
3.118883774686064925e+00
2.793544880613160419e+00
2.962594302296552407e+00
2.871714470486228077e+00
2.826304123763046405e+00
2.800286413922689732e+00
2.811858815801390410e+00
2.907007051935031061e+00
2.993479246629246138e+00
2.963767872151934046e+00
2.864777303735841940e+00
2.911973385867392405e+00
2.715870578654291823e+00
2.877542180403269256e+00
2.644442096170759093e+00
2.831096783933745975e+00
2.985311039071138151e+00
3.171616307184713879e+00
3.047464683962720411e+00
2.838749724790827322e+00
3.051773910367541198e+00
2.888905155937107505e+00
2.963131789171720598e+00
2.835443175237338576e+00
2.898210654869656455e+00
2.880503428222227047e+00
2.926855138198677153e+00
2.847122231306552731e+00
2.889649286678229512e+00
2.682560716927018696e+00
2.771457919579512374e+00
3.063211713218660037e+00
2.769423947321897561e+00
2.794843287198765402e+00
2.839783618517439212e+00
2.882254326044112691e+00
2.831901481337230297e+00
3.028301339034806361e+00
2.922794895301413121e+00
2.953822269534847944e+00
2.966192508924530014e+00
2.947761693217414880e+00
2.873470027684298156e+00
2.878063758848994347e+00
2.754521737071610410e+00
2.881258232092361204e+00
2.943571979755209345e+00
2.732797467797420943e+00
2.642296349768511909e+00
2.736580895935656343e+00
2.878994616181141719e+00
2.758413493296464125e+00
2.671995883230361191e+00
2.953562425275619407e+00
2.914046842451232688e+00
2.728660293990440966e+00
2.700087961530142522e+00
2.868704237107757571e+00
2.739180534393452771e+00
2.899335441096804633e+00
2.727444591554519349e+00
2.788678002208214934e+00
2.755167508519218877e+00
2.815993252832825977e+00
2.757366315889131503e+00
2.941840580317022891e+00
3.019319294145619281e+00
3.034129199622191742e+00
2.942653224557728819e+00
2.952729923308259785e+00
2.749980727205192821e+00
2.815543641998823787e+00
2.878499782873015889e+00
2.935174611500991571e+00
3.000622268796924175e+00
2.938071646505577839e+00
2.737038362902501021e+00
2.791855476202161679e+00
2.757012332217612549e+00
2.758099708132394134e+00
2.868996514462852865e+00
2.803346928227043122e+00
2.947375442660808531e+00
2.859308657700319500e+00
2.922663340174506352e+00
2.967955693739379175e+00
2.882702551426351789e+00
2.774035508064018885e+00
2.811303078645203346e+00
2.830622546366787340e+00
2.918881463848780555e+00
2.825677617846735767e+00
2.906238462342689122e+00
2.681179964120275372e+00
2.944863664076827980e+00
3.148444854209773158e+00
2.885624195906320466e+00
2.918239366467390905e+00
2.703669543416872489e+00
2.930620070906496455e+00
2.752153520427230049e+00
2.881179793070887563e+00
2.762080918438126087e+00
2.877169789915082987e+00
5.437925339686082715e+00
5.284552771994996512e+00
2.685991250916503148e+00
2.730919442239188921e+00
2.933853609163211917e+00
2.711347635401996303e+00
2.941213865056398813e+00
2.872880784160735335e+00
2.846634679757836128e+00
2.743232217658577721e+00
2.827682620097240918e+00
2.826449008915604022e+00
2.968808683630522971e+00
3.020600768059228169e+00
3.051833055722413590e+00
2.652859023770392621e+00
2.843451775571374185e+00
2.893288267698191696e+00
2.758710024631076951e+00
2.959708431585786670e+00
2.787725954967597009e+00
2.814722366415558508e+00
2.822060417496408125e+00
2.921484725272408767e+00
5.511437108413739239e+00
2.866816003862123985e+00
2.803116301547261546e+00
2.747573110947186592e+00
2.735028153419997388e+00
2.714773655390076978e+00
6.139144402927821709e+00
2.939310633464928824e+00
6.005350780762102936e+00
2.751581545220857183e+00
2.856973398546090781e+00
6.124791833197273050e+00
6.224513233980629501e+00
2.810672873174677733e+00
2.760373887718835739e+00
2.767760105211432897e+00
2.942685508171065223e+00
2.843166016960670728e+00
2.826251758071103293e+00
2.890845896965107631e+00
2.811905759445006758e+00
2.863364629243017045e+00
2.887979916827677407e+00
2.838512462540899062e+00
2.778643194078721290e+00
2.803326060236304151e+00
2.750672826782567082e+00
2.905351785928857566e+00
2.790943388892006549e+00
2.873274264667401656e+00
2.831866698840183716e+00
2.835124159538696453e+00
2.994657242490365689e+00
2.950515378709285486e+00
3.002526602713121662e+00
2.985673793300265721e+00
2.689794973599289207e+00
2.952905179649356171e+00
2.807736811027700785e+00
2.823651182423211559e+00
2.747883003331836882e+00
2.956525325445395147e+00
3.075703171634089905e+00
3.224011941665228420e+00
2.913902537834784479e+00
2.819515029220451385e+00
2.817145008692310881e+00
2.749549963175792033e+00
2.730506546412221791e+00
2.857853215264912983e+00
2.808348447041427942e+00
2.804167969291426310e+00
2.928170418537828112e+00
2.715293538459516043e+00
6.022780919143580824e+00
5.839047182546138082e+00
5.993868200085818110e+00
5.917152271152061438e+00
2.697518489278618592e+00
2.983813331962976267e+00
5.751621075835924302e+00
2.703489596798922090e+00
2.804073108889994170e+00
2.774047944791149245e+00
2.735088115582384294e+00
2.901727244246088855e+00
3.016484709061194813e+00
2.819787935288751601e+00
2.958271285734288547e+00
2.722895517642937691e+00
3.071920734654459917e+00
2.793876518388026309e+00
2.931506609236964156e+00
5.950289236667408055e+00
2.790729832857347770e+00
2.977659819388372764e+00
6.026076252421636248e+00
5.756470185799627437e+00
3.010971437924976790e+00
6.087092080788658599e+00
2.794739522746261251e+00
2.733379410180737601e+00
2.927090876621359694e+00
2.744577380945925960e+00
2.816150919251310558e+00
2.767056739570043611e+00
2.897522735027285190e+00
2.739510905252979800e+00
2.752447274699371782e+00
2.934419874523753080e+00
5.792245851135809254e+00
5.529518062182273042e+00
2.849638749034691276e+00
2.952496232004369947e+00
2.928955103787014291e+00
5.717363553247247765e+00
6.128029046928546997e+00
6.013822245460868743e+00
2.726810957877352060e+00
2.660568360332055349e+00
5.676767566141843524e+00
5.692975759653293721e+00
6.024900746070428248e+00
2.809845903248076482e+00
2.928777389970087519e+00
2.841092747518109807e+00
2.865058638143379799e+00
2.770052707079776244e+00
2.886258650918174240e+00
2.977605917511583655e+00
2.998148428613899963e+00
3.141182261506008544e+00
2.912273682194034485e+00
2.801579732936401612e+00
2.894479227771379559e+00
2.792091151807189142e+00
2.971723742207541985e+00
2.909554261394689867e+00
2.832161188915630845e+00
2.822043762949115298e+00
3.068309306442230433e+00
2.928027663803741909e+00
2.948221497784722978e+00
3.010859179702697119e+00
2.909469023722369929e+00
2.726541582297985045e+00
2.650517873925773316e+00
2.786016690545841445e+00
2.840410005615386257e+00
2.912937177489414609e+00
2.912394204087077387e+00
2.872682544243271963e+00
2.842046621714710675e+00
2.896796506487813172e+00
2.776815082067943585e+00
2.880325155255913039e+00
2.852375325934509487e+00
2.906845197116626700e+00
2.722171743296149415e+00
2.843245680555938293e+00
2.862564759092796507e+00
2.847580551977415553e+00
2.923970246086645908e+00
2.768491647088717755e+00
2.669879585299681501e+00
2.901736893655246785e+00
2.871798043038542136e+00
2.816989172858142432e+00
2.782748641181952198e+00
2.812962317557773151e+00
2.805811469076281206e+00
2.941708007263807101e+00
2.853228522218295371e+00
3.002193364858433355e+00
2.873534931056171970e+00
2.745372470175950319e+00
3.064409404763012379e+00
3.202445627953736107e+00
2.757089044626596763e+00
2.746032228507160333e+00
2.817131874797485835e+00
2.813700943597239768e+00
2.711270919697992277e+00
2.680731803071691122e+00
3.076108905744398658e+00
2.947790528514534714e+00
2.882278612487002345e+00
2.761321784942856628e+00
2.984146946783954757e+00
2.813122642189636036e+00
2.683390020105165696e+00
2.852046458247130989e+00
2.959203609081335618e+00
2.755576709148195302e+00
2.784745051167161645e+00
2.897228503242365694e+00
2.737026488728232732e+00
2.869959058941433661e+00
2.742324196735316910e+00
2.907400729173740483e+00
2.741486640492709626e+00
2.688854402900982432e+00
2.748982902820605201e+00
2.993517830245879363e+00
3.139697278401215819e+00
3.051491766333312317e+00
2.899962413549527440e+00
2.911003435243593618e+00
2.790398000285980729e+00
2.976774428807127393e+00
3.000798227138905983e+00
2.895769845826840161e+00
2.954499449991487392e+00
2.884925822269959195e+00
2.875674877311410693e+00
2.869813582795928131e+00
2.626481486704218327e+00
3.054907854584160809e+00
2.994980133490037222e+00
2.837040887967602565e+00
2.993342947274835186e+00
2.965518673014890805e+00
2.932136763522465994e+00
3.162428497215391765e+00
2.850430493802646570e+00
2.961907662301443089e+00
2.646036658854143742e+00
2.952560244939974154e+00
2.904311966714320015e+00
2.773288841790555459e+00
2.758427269296763740e+00
3.061588149964001637e+00
3.303672804622152626e+00
2.760805317294212635e+00
5.794493075325916287e+00
5.964450016556430256e+00
2.906253602148305415e+00
2.823131948740618125e+00
2.932155009545027280e+00
2.798412764407709474e+00
3.220306041356939097e+00
2.879614036637549113e+00
2.813726887954835387e+00
2.803641382202794574e+00
2.788079805170576186e+00
5.493668537507518934e+00
3.012022742278019916e+00
2.817355320153991372e+00
3.027814558390259148e+00
3.113311420336873692e+00
2.794134034007674128e+00
5.735517151922745249e+00
2.756565435464937597e+00
2.885087693641217310e+00
2.904320230277646520e+00
2.805536312365249252e+00
2.781001618122506347e+00
3.105328324026301434e+00
2.778438950202073432e+00
2.904796894793162387e+00
6.118330082628755662e+00
5.924063892295557743e+00
6.086865285185799834e+00
2.883127815411588468e+00
2.793985683571052370e+00
2.870045644236342230e+00
6.002011912683945738e+00
2.830300690739412595e+00
2.843518946657468405e+00
2.852375325934509487e+00
2.807084074266390950e+00
2.857863012812195791e+00
2.842219027450206603e+00
2.898223593858831215e+00
6.155658453813044773e+00
2.754125087936275751e+00
2.831884708105186998e+00
2.809707102172751103e+00
2.867430382764331931e+00
5.917434917259336125e+00
6.024792942500181603e+00
6.027033266873512041e+00
2.838948749097101487e+00
2.934101225247690348e+00
2.944906450127066311e+00
2.721202307804401421e+00
2.780425327175681804e+00
2.913225875211189031e+00
2.770567631370871364e+00
2.854042746701598077e+00
2.938087813527702874e+00
5.598966868985741030e+00
2.801388941221836237e+00
2.659620649641598611e+00
6.062071758070833205e+00
2.877075946164786568e+00
5.930769343011073502e+00
2.758941282448758248e+00
2.814170392851150559e+00
2.754731384363999780e+00
6.035193203204021195e+00
2.692729098888337447e+00
6.066270188509574446e+00
5.870852834128955422e+00
6.247600819514639525e+00
2.844123766645888729e+00
3.177084197814090238e+00
6.124205254561608136e+00
3.173466401271644255e+00
2.773960706282625033e+00
6.005116734918647836e+00
2.746935747337385436e+00
2.761867665186005905e+00
2.837933403024108792e+00
2.734441442049911242e+00
2.868783365819036923e+00
6.156699521659311891e+00
5.864203697007804195e+00
6.060875431816759473e+00
2.763386871214379426e+00
6.181292421492450728e+00
2.733947695183651660e+00
6.094319075992001622e+00
2.774181861378233638e+00
2.817050407784709609e+00
5.730089004544344888e+00
2.957626751299088141e+00
2.787940637818532075e+00
6.085393002921010819e+00
2.846449542851585690e+00
5.989580536231230212e+00
2.943635507327630574e+00
2.707537072691710733e+00
2.722631264053213762e+00
2.950326083672785593e+00
2.744053935329989091e+00
2.854454238554193335e+00
2.760312663449559167e+00
2.872563663350213403e+00
2.902123877438728350e+00
2.892740396233301148e+00
2.983906164744461353e+00
2.961185235678443384e+00
2.884595118903170441e+00
2.768309953744341634e+00
2.797820044248736426e+00
2.791938394735815177e+00
2.743998177841960651e+00
3.081396598946652965e+00
2.777777708888887531e+00
2.741883476736384218e+00
2.796139123863474740e+00
2.786000358937521515e+00
2.729463134024711302e+00
2.831383054268708843e+00
2.830453850533514615e+00
2.785147213344385975e+00
2.907374244915848394e+00
2.889167354100485419e+00
2.704759138999256685e+00
2.684447615432269618e+00
2.797974267215479927e+00
2.915404946143846043e+00
2.850287178513772446e+00
2.988733176447841089e+00
2.726452090171400666e+00
2.727302330142369780e+00
2.852918856189218477e+00
2.756378421044541671e+00
2.772621503198732462e+00
2.716088731982075899e+00
2.803285929048266123e+00
2.922657352479075321e+00
2.750695548402257717e+00
2.781364233609111558e+00
2.888895463667732422e+00
2.733145257757077395e+00
2.739637384764633143e+00
2.761244103660522420e+00
3.443244109847571899e+00
3.202387546815657071e+00
2.952574977879477647e+00
2.753893244118224892e+00
2.858657202254232921e+00
3.137785365508609647e+00
2.879250770599878884e+00
2.894581144138128614e+00
2.916465154943566063e+00
2.772113453666714467e+00
2.774168884549027769e+00
2.680452387191385899e+00
2.783343672635486765e+00
2.761747454058752105e+00
2.949950847048132818e+00
2.704970424976953502e+00
2.838632593344901256e+00
2.770390766660905779e+00
2.816404977981682212e+00
2.791771659717176668e+00
2.761799594467346797e+00
2.769435502047303377e+00
2.861913695414310954e+00
2.716470688227649699e+00
2.847700124662004839e+00
2.850029298095021257e+00
2.932525532710670291e+00
2.824398874096929468e+00
2.817741826356701562e+00
2.976541113440229758e+00
3.052070936266062962e+00
2.850682023656795128e+00
2.663924923867037275e+00
3.122958853395286560e+00
3.089479891502775466e+00
2.754761151170823208e+00
3.039187555910296101e+00
2.843908226367369618e+00
2.894604808950610675e+00
2.782933883512146434e+00
