-5.696472988089999490e+02
-5.879095280709999543e+02
-5.964670521719999670e+02
-5.919578027479999491e+02
-5.927089803640000127e+02
-5.663392350420000412e+02
-5.935209866620000412e+02
-5.863283311879999928e+02
-5.821824658130000216e+02
-5.933087870750000548e+02
-5.742152157149999994e+02
-6.030532288489999928e+02
-5.936077643690000514e+02
-5.994344226619999745e+02
-6.030905256659999623e+02
-5.914427807140000368e+02
-5.826373591679999890e+02
-5.934421582200000103e+02
-5.954272640550000233e+02
-6.011426160339999569e+02
-5.993197595469999897e+02
-5.713600913789999822e+02
-6.000795558910000409e+02
-5.856704522600000473e+02
-5.844947533130000465e+02
-5.806944471369999974e+02
-5.851637770019999607e+02
-5.846966282280000087e+02
-5.906700610670000060e+02
-5.914915616719999889e+02
-5.841248153320000256e+02
-5.761138353920000554e+02
-5.959640734409999823e+02
-5.939441748819999702e+02
-5.978876136039999665e+02
-5.938257849640000359e+02
-5.969059142690000499e+02
-5.925743030290000206e+02
-6.013188090720000218e+02
-5.906025712509999721e+02
-5.930449588669999912e+02
-5.900242483509999829e+02
-5.727212800769999603e+02
-5.923342775139999503e+02
-5.935800854379999691e+02
-5.919844638570000370e+02
-5.924457545860000209e+02
-5.947760027529999434e+02
-5.853784380649999548e+02
-5.807549651709999807e+02
-5.926958345289999670e+02
-5.744067323340000257e+02
-5.803609396130000277e+02
-5.910279120039999725e+02
-5.797082779690000507e+02
-5.900209910390000232e+02
-5.961430913059999739e+02
-5.679221494189999930e+02
-5.985370251529999450e+02
-5.959383519760000354e+02
-5.868456697660000145e+02
-5.915620226260000436e+02
-5.965537539829999787e+02
-5.837361718829999973e+02
-5.833350692970000182e+02
-5.722983215259999952e+02
-5.967997425989999556e+02
-5.893479783630000384e+02
-5.960375537639999948e+02
-5.936534470550000151e+02
-5.872049666729999444e+02
-5.886652256710000302e+02
-5.916629717240000446e+02
-5.981916058440000370e+02
-5.990996839429999454e+02
-5.968131644820000474e+02
-5.988843472199999951e+02
-5.916223100019999492e+02
-5.987574998029999733e+02
-5.963468016880000278e+02
-5.963328309170000239e+02
-5.930735459530000071e+02
-6.012074695369999517e+02
-5.963299910299999738e+02
-6.016613534370000025e+02
-5.979257128819999707e+02
-5.961106172879999576e+02
-5.983413175990000354e+02
-5.840539850710000565e+02
-5.982875927200000206e+02
-5.902870477989999927e+02
-5.914846914820000165e+02
-5.838027564210000264e+02
-5.973174028659999522e+02
-5.816757276360000333e+02
-5.824900214010000354e+02
-5.838880368640000142e+02
-6.009860213780000322e+02
-5.845829782009999462e+02
-5.742904918279999720e+02
-5.866698755480000500e+02
-5.890869107629999917e+02
-5.910819495309999638e+02
-5.961920968340000400e+02
-5.876563111299999491e+02
-5.972372149630000422e+02
-6.038712782970000035e+02
-5.897994884810000258e+02
-5.874574816509999664e+02
-5.773904138440000224e+02
-5.938446302910000441e+02
-5.892078351059999477e+02
-5.743291633249999677e+02
-5.959974944770000320e+02
-5.933703796710000233e+02
-5.662272603569999774e+02
-5.850382448620000559e+02
-5.781589193879999584e+02
-6.021486666120000564e+02
-5.845753206360000149e+02
-6.020979373669999859e+02
-5.977570679909999853e+02
-6.032400854369999479e+02
-5.921779880799999773e+02
-5.899456860269999652e+02
-5.938896826019999935e+02
-5.961454811940000127e+02
-5.972671031720000201e+02
-5.895881585560000531e+02
-5.826584959350000190e+02
-5.927983493699999826e+02
-5.971214915960000553e+02
-5.842106899450000128e+02
-5.968967110840000032e+02
-5.924053983090000202e+02
-5.998547921529999485e+02
-5.962375745470000084e+02
-5.805280958319999627e+02
-5.801326917799999592e+02
-6.007265704379999534e+02
-5.829028831870000431e+02
-5.970186712339999531e+02
-5.873777408969999669e+02
-5.885690608649999831e+02
-5.863723502200000439e+02
-5.836663752760000534e+02
-5.894729206900000236e+02
-5.965672674659999757e+02
-6.008849068859999534e+02
-5.975486471939999547e+02
-5.920736505300000090e+02
-5.779655844699999534e+02
-6.005728866189999735e+02
-5.991386376570000039e+02
-5.870664081329999817e+02
-5.850310011130000021e+02
-5.870452010159999645e+02
-5.854296040719999610e+02
-5.924786628719999726e+02
-5.977676459450000266e+02
-5.795551610630000141e+02
-5.909817393160000165e+02
-5.988096966890000203e+02
-6.004292001710000477e+02
-5.957145762720000448e+02
-5.722543432730000177e+02
-5.977533121640000218e+02
-5.992434570789999952e+02
-5.991845499940000082e+02
-5.985271581140000308e+02
-5.939482406390000051e+02
-5.860894488129999900e+02
-5.997429474340000297e+02
-5.885900827020000179e+02
-5.971727905960000271e+02
-5.896656512419999672e+02
-5.857456630240000095e+02
-5.904346731580000096e+02
-5.825664064669999789e+02
-5.942442696299999625e+02
-5.982131684349999432e+02
-5.914575994470000069e+02
-5.996810947279999482e+02
-5.967743706630000133e+02
-5.923406845690000182e+02
-5.851319991049999771e+02
-5.917082895309999913e+02
-5.901846111400000154e+02
-5.859982130829999960e+02
-5.940946267179999722e+02
-5.976109004410000125e+02
-5.980587859019999541e+02
-5.912004423509999924e+02
-5.847927820429999883e+02
-5.784506625239999948e+02
-5.892538984719999462e+02
-5.896554646929999990e+02
-5.985273295499999904e+02
-5.961484752720000415e+02
-5.952085488479999640e+02
-5.936699583759999541e+02
-6.001927779579999651e+02
-5.975800407289999612e+02
-6.039521027920000051e+02
-6.007134854690000338e+02
-5.767226703219999990e+02
-5.991632410050000317e+02
-5.799679139449999639e+02
-5.988976383469999973e+02
-5.748036408059999758e+02
-5.822251554150000175e+02
-5.688941379799999822e+02
-5.788957275550000077e+02
-5.843922817820000546e+02
-5.936121314800000164e+02
-5.941945802369999683e+02
-5.900232627379999713e+02
-6.012164590569999518e+02
-5.995933208330000070e+02
-5.950406255200000487e+02
-5.881825674399999571e+02
-6.009897256689999949e+02
-5.995167968250000285e+02
-5.892001295799999525e+02
-5.851339708020000216e+02
-5.856155860229999917e+02
-5.872769171800000549e+02
-5.950758329080000522e+02
-6.029306467669999847e+02
-5.895488907139999810e+02
-5.920594381119999525e+02
-5.966055051360000334e+02
-5.691624342500000466e+02
-6.009366773000000421e+02
-5.874720496710000361e+02
-5.958996510360000229e+02
-5.856107448569999860e+02
-5.963949338620000162e+02
-5.955413567340000327e+02
-5.842902408359999527e+02
-5.871596072940000113e+02
-6.047168804860000364e+02
-5.852305950879999727e+02
-5.837360171149999815e+02
-5.907057600319999437e+02
-5.846532609680000405e+02
-5.800903595199999927e+02
-5.809147957559999895e+02
-5.894015122450000490e+02
-5.857325192460000380e+02
-5.961557956819999617e+02
-5.824433401869999898e+02
-5.953431859119999672e+02
-6.009652465740000480e+02
-6.009724297449999995e+02
-5.973221380319999980e+02
-5.816019150739999759e+02
-5.999061672990000034e+02
-6.001900164390000327e+02
-5.990766599659999656e+02
-5.957428415619999669e+02
-5.894073642060000111e+02
-5.897902359790000446e+02
-5.941539079750000383e+02
-5.974713209000000234e+02
-6.035972026660000438e+02
-6.002058868730000540e+02
-5.985693570700000237e+02
-5.841449108240000214e+02
-6.011655058500000450e+02
-5.773843234629999870e+02
-5.969306142489999729e+02
-5.896210440800000470e+02
-5.978424916899999744e+02
-5.958836559300000317e+02
-5.917579456070000106e+02
-5.959538583219999737e+02
-5.802437972310000305e+02
-5.795772410240000454e+02
-5.944868087820000255e+02
-5.809004275170000255e+02
-5.891102053979999482e+02
-5.839954790739999453e+02
-5.921764106499999798e+02
-5.920483265450000090e+02
-5.811832989969999517e+02
-5.952295256359999485e+02
-5.962715827849999641e+02
-5.980338913350000212e+02
-5.851073463840000386e+02
-5.882006837010000027e+02
-5.922591483930000322e+02
-5.815972963269999809e+02
-5.942658845559999463e+02
-5.876296116299999994e+02
-5.948639482879999605e+02
-5.962958997939999790e+02
-5.953042928710000297e+02
-6.016201543339999489e+02
-5.878355772820000311e+02
-5.864441402539999899e+02
-5.896127170219999698e+02
-5.860082485240000096e+02
-5.957322406700000101e+02
-5.940921059309999919e+02
-6.015948517079999647e+02
-5.929254704630000106e+02
-5.940992064990000472e+02
-5.906074395570000206e+02
-5.696397910409999668e+02
-5.966370474880000074e+02
-5.921667735739999898e+02
-5.931827759039999819e+02
-5.983561624389999452e+02
-5.976366368970000167e+02
-5.941575362070000210e+02
-5.732727558640000325e+02
-5.728450410469999952e+02
-5.973310658020000119e+02
-6.042816804719999482e+02
-5.960858107259999770e+02
-5.960052824709999868e+02
-5.887507397660000379e+02
-5.887527925619999678e+02
-5.902234169079999901e+02
-6.049948768470000005e+02
-5.822531727929999761e+02
-5.863669938660000298e+02
-5.995927321310000480e+02
-5.962798424889999751e+02
-5.909386801010000454e+02
-5.979877636510000229e+02
-5.912750483610000174e+02
-5.898706391489999987e+02
-6.001861021839999921e+02
-5.905982984089999945e+02
-5.915274601999999504e+02
-5.957066203130000304e+02
-5.740513129439999602e+02
-5.953201069819999702e+02
-5.981173976300000277e+02
-5.919833269409999730e+02
-5.994560440589999644e+02
-5.906339810929999885e+02
-5.909933393400000341e+02
-5.879586576379999769e+02
-5.941382951340000318e+02
-6.008635812180000357e+02
-5.954921890269999949e+02
-5.909577717040000380e+02
-5.929548654349999879e+02
-6.008042681160000029e+02
-5.922250882600000068e+02
-6.004433196999999609e+02
-5.988706705829999919e+02
-5.952375110320000431e+02
-5.892139055620000363e+02
-6.047322731149999981e+02
-5.974424923779999972e+02
-5.842256757100000186e+02
-5.900102807690000191e+02
-5.860234259180000436e+02
-5.996975691119999965e+02
-5.954528472700000066e+02
-5.879260573579999800e+02
-6.023397645149999562e+02
-5.936955153530000189e+02
-6.003885498869999537e+02
-5.889372441079999589e+02
-6.009877133899999535e+02
-6.014304722550000406e+02
-5.890778146620000371e+02
-5.946893113410000069e+02
-6.031527279460000273e+02
-5.968425009029999728e+02
-6.003475671170000396e+02
-6.041891551170000412e+02
-5.996708482970000205e+02
-6.028739920550000306e+02
-5.919363521830000536e+02
-6.016856048119999514e+02
-5.931298739869999963e+02
-5.967031037110000398e+02
-5.855754103320000468e+02
-5.970326316540000562e+02
-5.962873603309999453e+02
-6.020241546529999823e+02
-5.981102618749999920e+02
-5.924532479729999750e+02
-5.973982644709999477e+02
-5.811525207129999444e+02
-5.797221272970000427e+02
-5.831839613070000041e+02
-5.869447204099999453e+02
-5.958926072069999691e+02
-5.958457153829999697e+02
-5.870320469949999733e+02
-5.907091716910000514e+02
-5.923000241830000050e+02
-5.975804903089999698e+02
-5.930851634330000479e+02
-5.914217443520000188e+02
-5.929073929840000119e+02
-5.917179386469999827e+02
-5.912985988990000124e+02
-5.964239188569999897e+02
-5.947385342390000460e+02
-6.009589606969999522e+02
-5.989545814949999567e+02
-5.847367806910000354e+02
-5.935873805129999710e+02
-5.918291875209999944e+02
-5.861987922619999836e+02
-5.703428603730000077e+02
-5.803185387539999738e+02
-5.841663895899999943e+02
-5.951122811870000078e+02
-5.857029658809999546e+02
-5.948226609109999572e+02
-5.743863610339999468e+02
-5.862598241969999435e+02
-5.879566774139999552e+02
-5.825272430019999774e+02
-5.814251410599999872e+02
-5.886471494300000131e+02
-5.944733956600000511e+02
-5.981002793280000560e+02
-5.963681350760000441e+02
-5.983902394269999832e+02
-5.931888059899999917e+02
-5.939575607839999520e+02
-5.939629036659999883e+02
-5.945504929180000318e+02
-5.872775556970000252e+02
-5.958411630079999668e+02
-6.011080486529999689e+02
-5.975438810059999923e+02
-5.793630610110000134e+02
-6.023884576630000538e+02
-5.957900061840000490e+02
-5.990369886649999671e+02
-5.885062591370000291e+02
-6.010253881370000499e+02
-5.960561067109999840e+02
-5.926618288199999824e+02
-6.052139587919999713e+02
-6.003632708840000305e+02
-5.975890433270000131e+02
-5.969110032429999819e+02
-5.978343952230000014e+02
-5.802159907569999859e+02
-5.669178408069999477e+02
-5.981036848329999884e+02
-5.985921400529999801e+02
-5.962061544690000119e+02
-5.874795042739999644e+02
-5.949536458960000118e+02
-5.985094237969999540e+02
-5.983355178279999791e+02
-5.706278716489999852e+02
-5.977496888169999920e+02
-5.953185985059999439e+02
-5.890624856749999481e+02
-5.970139353939999864e+02
-5.789716448729999456e+02
-5.881809753520000186e+02
-5.885912737759999800e+02
-5.767293484440000384e+02
-5.868233382700000220e+02
-5.906273929159999625e+02
-5.988799513269999579e+02
-6.001875960429999850e+02
-5.927950986609999973e+02
-5.962575481820000505e+02
-5.792384466060000250e+02
-5.959835820199999716e+02
-5.901050339610000037e+02
-5.979589092520000122e+02
-5.999109050519999755e+02
-5.961069019359999857e+02
-5.971940565070000275e+02
-5.932938630400000193e+02
-5.967229459369999631e+02
-5.954772182479999856e+02
-6.015465265740000405e+02
-5.956905251419999558e+02
-5.892484145670000544e+02
-5.944870152449999523e+02
-5.955605243559999735e+02
-5.968341806250000445e+02
-5.950124746330000107e+02
-6.007868514970000433e+02
-5.899832288549999930e+02
-5.918993298310000455e+02
-5.876613523490000262e+02
-5.822931390909999436e+02
-5.875014472079999450e+02
-5.880573478930000419e+02
-6.011169266470000139e+02
-5.845962730459999648e+02
-5.851860029719999829e+02
-5.991056871389999969e+02
-5.939255837089999659e+02
-5.919088751230000298e+02
-5.777906062680000332e+02
-5.890845154749999892e+02
-5.905226545289999649e+02
-5.878480646030000116e+02
-5.944302059350000036e+02
-5.994031378780000523e+02
-5.934976374799999803e+02
-5.966692113640000343e+02
-6.013870285250000052e+02
-5.931536256670000284e+02
-5.991971625170000380e+02
-5.840058209500000430e+02
-5.919448041140000214e+02
-5.810419313290000218e+02
-5.888695882749999555e+02
-5.932599572520000493e+02
-5.976133086050000429e+02
-5.904534952779999912e+02
-5.968703082219999487e+02
-6.033794336030000522e+02
-5.914517285590000029e+02
-5.980038086670000439e+02
-5.901897695320000139e+02
-5.946175793239999621e+02
-5.990624046440000257e+02
-5.940460332430000108e+02
-6.026072998549999511e+02
-5.907910552480000206e+02
-5.913885591810000051e+02
-5.906215681850000010e+02
-6.046975822059999928e+02
-6.010720501600000034e+02
-5.965433137249999618e+02
-5.976256503810000140e+02
-5.921171033750000561e+02
-5.998265651819999675e+02
-5.901579149650000318e+02
-5.975381198049999512e+02
-5.959336616159999949e+02
-5.906714653059999591e+02
-5.904641111229999524e+02
-5.935428863260000298e+02
-5.946047093949999862e+02
-5.965869591079999736e+02
-6.032709364510000114e+02
-5.839488154350000286e+02
-6.032456271280000237e+02
-5.979631487149999884e+02
-5.981067245120000280e+02
-5.927184120010000470e+02
-5.907012715040000330e+02
-5.959891259449999552e+02
-5.956253829459999452e+02
-5.843848941909999439e+02
-6.018966022439999506e+02
-5.975676923329999681e+02
-5.828727269529999830e+02
-5.792088350059999584e+02
-5.771868470699999989e+02
-6.013519400679999762e+02
-5.998482142780000004e+02
-5.903615489740000157e+02
-5.945651932499999930e+02
-5.968259465879999652e+02
-5.925415070169999581e+02
-5.995236108530000365e+02
-5.920574315009999964e+02
-5.929774852880000253e+02
-6.032496423459999733e+02
-5.969610418309999886e+02
-5.888393504120000443e+02
-6.009887978059999796e+02
-6.013760399999999890e+02
-5.987661826089999977e+02
-5.976113842879999538e+02
-5.939008890049999536e+02
-5.878164442139999437e+02
-6.007260135960000298e+02
-5.979084352529999933e+02
-5.939965272599999935e+02
-5.893382134339999538e+02
-5.865701192249999849e+02
-5.884401981620000015e+02
-5.929031811749999861e+02
-5.639850584549999439e+02
-5.748940668230000028e+02
-5.776802457799999502e+02
-5.820894806019999805e+02
-5.822826088919999847e+02
-5.871005847469999708e+02
-5.886898686939999834e+02
-5.962689849990000539e+02
-6.010707088699999758e+02
-5.969873364559999800e+02
-5.915143311399999675e+02
-5.968601067729999841e+02
-5.930240087170000152e+02
-6.032587519300000167e+02
-5.968322432659999777e+02
-6.032981113710000045e+02
-5.828850454900000386e+02
-5.840528655509999680e+02
-5.831262673249999580e+02
-5.873179621870000346e+02
-5.979149486539999998e+02
-5.980018635039999708e+02
-5.797298611820000360e+02
-5.994468709129999979e+02
-5.782078949489999786e+02
-5.935115668270000242e+02
-5.840094260109999595e+02
-5.877240690559999621e+02
-5.735287611369999468e+02
-5.864651216380000278e+02
-5.858305718240000033e+02
-5.866275451400000520e+02
-5.897251399709999760e+02
-5.990338444129999971e+02
-5.932054924259999780e+02
-5.927330435549999947e+02
-5.930994409490000407e+02
-5.911475729310000133e+02
-5.943667963100000406e+02
-6.025733376709999902e+02
-5.996482723719999512e+02
-5.892121484159999909e+02
-5.954623010660000091e+02
-5.826729817340000182e+02
-5.892500364909999462e+02
-5.932811033770000222e+02
-5.937106561269999929e+02
-5.888840853469999956e+02
-5.997358653539999978e+02
-5.883343885790000058e+02
-5.969339753259999952e+02
-6.001767861099999664e+02
-6.001257499130000497e+02
-6.038955965420000211e+02
-5.842789785520000123e+02
-5.902769000250000317e+02
-5.816837779349999664e+02
-5.895429473499999631e+02
-5.980352524700000458e+02
-5.968631576510000514e+02
-5.776462428329999739e+02
-5.952074789350000401e+02
-6.019689099979999583e+02
-5.999310610190000261e+02
-5.977646704869999894e+02
-5.973330446700000493e+02
-6.038511676589999979e+02
-5.927899735959999816e+02
-5.813955961789999947e+02
-5.917147010400000227e+02
-5.864466117969999459e+02
-5.903914483580000478e+02
-6.028687657540000373e+02
-5.937209898419999945e+02
-5.904739303439999958e+02
-5.985940943350000225e+02
-5.897782344270000294e+02
-5.821015203480000082e+02
-6.022478161999999884e+02
-5.994052511940000159e+02
-5.945727023209999516e+02
-6.014338593730000184e+02
-5.757427844679999680e+02
-5.889698956779999435e+02
-5.858919408799999928e+02
-5.696139796639999986e+02
-5.969208425980000357e+02
-6.006295793150000009e+02
-5.864937744559999828e+02
-5.854279444000000012e+02
-5.830237928279999551e+02
-5.747249859239999523e+02
-5.705120955820000290e+02
-5.912442857859999776e+02
-5.901768498559999898e+02
-6.004148006379999742e+02
-5.937247652190000053e+02
-5.989836384970000154e+02
-5.982032222699999693e+02
-5.881104733690000330e+02
-5.982370879650000006e+02
-5.952283111489999783e+02
-5.952146403850000524e+02
-5.895368865679999999e+02
-5.925622531940000499e+02
-6.012382512850000467e+02
-5.987181936900000210e+02
-5.914427603980000185e+02
-5.945051593079999748e+02
-5.621923566939999546e+02
-5.955754238260000193e+02
-5.969636252349999950e+02
-5.912087047219999931e+02
-5.966468343080000523e+02
-5.808030996889999642e+02
-5.869881827169999724e+02
-5.677840383889999885e+02
-5.975399904990000550e+02
-5.816296170809999921e+02
-5.884950480410000182e+02
-5.791662659329999769e+02
-5.972335489099999677e+02
-5.874778388070000119e+02
-5.973265257900000051e+02
-5.936472737440000174e+02
-5.995308366519999481e+02
-5.961071338530000503e+02
-5.492963349489999700e+02
-5.762993467170000486e+02
-5.717118842610000229e+02
-5.789998149980000335e+02
-5.763977882740000496e+02
-5.919613794430000553e+02
-5.924942437509999991e+02
-5.981226899859999548e+02
-5.868268656699999610e+02
-5.917647849090000136e+02
-5.877800540270000056e+02
-5.965083114679999881e+02
-5.954837272160000339e+02
-5.976657341789999691e+02
-5.969362874920000195e+02
-5.880866736279999714e+02
-6.004283180109999876e+02
-5.911831350579999480e+02
-5.875278380400000060e+02
-5.991956186329999809e+02
-5.762354605409999522e+02
-5.868354884120000179e+02
-5.970286265940000021e+02
-5.936387886280000430e+02
-5.945695485740000095e+02
-5.943801304070000242e+02
-5.960153709769999750e+02
-5.970837865380000267e+02
-5.944486401030000025e+02
-5.925095282309999902e+02
-5.894023722719999796e+02
-5.800261097630000222e+02
-5.930986295809999547e+02
-5.979616491340000266e+02
-5.927974208010000439e+02
-5.848486213889999590e+02
-5.757577531199999612e+02
-5.779561613880000550e+02
-5.915622956209999757e+02
-6.008800270640000463e+02
-5.968427203359999567e+02
-5.912369922950000500e+02
-6.016098874140000135e+02
-5.884618392309999990e+02
-5.875524456780000264e+02
-5.853937091579999787e+02
-6.025328989880000563e+02
-5.973710881910000126e+02
-5.947671269999999595e+02
-5.967271064159999696e+02
-5.778109379139999646e+02
-5.909493219890000546e+02
-5.959144058560000303e+02
-5.824390675419999752e+02
-5.888379362079999737e+02
-5.943124210030000540e+02
-5.776907101589999911e+02
-5.864888192859999663e+02
-5.790831566829999701e+02
-5.973053188320000118e+02
-5.728690904239999782e+02
-5.936022970880000003e+02
-5.840179399989999638e+02
-5.999464240329999711e+02
-5.868692239360000258e+02
-5.905470929240000260e+02
-5.965566641550000213e+02
-5.947197734049999553e+02
-5.805306527159999632e+02
-5.949557195620000130e+02
-5.733396441810000397e+02
-5.866454153160000260e+02
-5.844393250800000033e+02
-5.968396447750000107e+02
-5.887679480470000044e+02
-5.896149361660000068e+02
-5.969545773199999985e+02
-5.935907468460000018e+02
-5.930060801519999814e+02
-5.963265657319999491e+02
-6.025516324279999480e+02
-5.967205496510000557e+02
-5.796321602980000307e+02
-5.899310204150000345e+02
-5.850647157739999784e+02
-5.901591146250000293e+02
-5.975424925470000517e+02
-5.926167346749999751e+02
-5.877438919920000444e+02
-5.963171641760000057e+02
-5.915382128730000204e+02
-6.001872305480000023e+02
-5.970232120650000525e+02
-5.947915508459999501e+02
-5.919500060120000171e+02
-5.958149912869999980e+02
-6.005998742980000316e+02
-5.929854389419999734e+02
-5.959561281469999585e+02
-5.878067934270000023e+02
-5.894391853089999813e+02
-5.972342256089999637e+02
-5.984350181349999502e+02
-5.909225855830000000e+02
-5.919097712689999753e+02
-5.996946894469999734e+02
-5.965794380620000084e+02
-5.883241009849999728e+02
-5.926479046389999894e+02
-5.996860918539999830e+02
-5.991563732380000147e+02
-5.922610199289999855e+02
-5.958098787200000288e+02
-5.915845678050000060e+02
-5.957570566760000474e+02
-5.931879690450000453e+02
-6.006011940260000301e+02
-6.007305959440000152e+02
-5.959308051880000221e+02
-5.873139885179999737e+02
-5.997525745069999630e+02
-5.896543582570000126e+02
-5.973652513729999782e+02
-5.986615447379999750e+02
-5.961591852540000218e+02
-5.914236783400000377e+02
-6.012398339620000343e+02
-5.995795241350000424e+02
-5.941329733090000218e+02
-5.798759972340000104e+02
-5.972605120780000334e+02
-5.863478860249999798e+02
-5.980476500119999628e+02
-5.983338984629999686e+02
-5.884351242999999840e+02
-6.001981639320000568e+02
-5.942527655630000254e+02
-5.994127521770000158e+02
-5.898602538330000016e+02
-5.915224547770000072e+02
-5.882346935470000062e+02
-5.890994162270000061e+02
-5.871507487779999792e+02
-6.034483706070000153e+02
-5.969790017940000553e+02
-5.926827496529999735e+02
-5.965392832180000369e+02
-5.583937796599999501e+02
-5.829179805769999803e+02
-5.990955515140000216e+02
-5.800449864079999998e+02
-5.968264152509999576e+02
-6.012679390219999505e+02
-5.822568260900000041e+02
-6.014264744429999610e+02
-5.873622610679999525e+02
-5.881383254969999825e+02
-5.952107466500000328e+02
-5.938169433000000481e+02
-5.849845125849999476e+02
-5.889885975060000192e+02
-5.845408081640000546e+02
-5.882654907659999708e+02
-5.873196489719999818e+02
-5.891169340999999804e+02
-5.984670820530000128e+02
-6.000139221959999531e+02
-6.039951161489999549e+02
-5.947408956440000338e+02
-6.006481012179999652e+02
-5.990393124280000166e+02
-5.942489998290000131e+02
-6.063498087970000370e+02
-6.004613609450000240e+02
-5.999273448830000461e+02
-5.881886556079999764e+02
-6.022153644740000118e+02
-5.896949103560000367e+02
-5.951205147130000341e+02
-5.939845310250000239e+02
-5.929651276869999492e+02
-5.981919418310000083e+02
-6.005715566679999711e+02
-5.931776172469999437e+02
-6.015761054240000476e+02
-5.980987880330000053e+02
-5.949384925849999490e+02
-5.868593180330000223e+02
-5.845902390380000497e+02
-5.900059520290000137e+02
-5.937239735389999851e+02
-5.943297295580000537e+02
-5.882270239660000470e+02
-5.953746793520000438e+02
-5.991603013870000041e+02
-6.005993762660000357e+02
-5.938210328449999906e+02
-6.005293940750000274e+02
-5.978290624969999953e+02
