4.860728649081329955e+00
4.763666445081980783e+00
4.710713852485629793e+00
4.614276974781639673e+00
4.681175600209844134e+00
4.635235269109864831e+00
4.524633686830349610e+00
4.688411031468977086e+00
4.620693670868043945e+00
4.539348080947307018e+00
4.514761787735871224e+00
4.620851112078812051e+00
4.664591514805985994e+00
4.576768510641542775e+00
4.521778190048689083e+00
4.500251215210101741e+00
4.544043793803048459e+00
4.618742361292735410e+00
4.550973961692156067e+00
4.508552982942531706e+00
4.525095689595967308e+00
4.474798431214527916e+00
4.629922029581059917e+00
4.273449543401676820e+00
4.292639281374571070e+00
4.267524458043562063e+00
4.278947767851343897e+00
4.632441904654606368e+00
4.486606066950830751e+00
4.378382463878641495e+00
4.401337637582465767e+00
4.309561230566286483e+00
4.376108545271701011e+00
4.264322454974529109e+00
4.170559434895994677e+00
3.995013892341302331e+00
3.980678585367073197e+00
3.879452280928326946e+00
3.966500472708908820e+00
3.921751394466508334e+00
3.968937011341953980e+00
3.962117237033755401e+00
4.004842318993345529e+00
3.879162151805464642e+00
3.803076780713216198e+00
3.680150404535118547e+00
3.636128160557599909e+00
3.661532056393880019e+00
3.595703686345692152e+00
3.536327756303140113e+00
3.915364606265934633e+00
3.633258730120936697e+00
3.848939334414092528e+00
3.838015242283438599e+00
3.608251099909761450e+00
3.581132083573573599e+00
3.629466765242519877e+00
3.658921835732488415e+00
3.654794522267975854e+00
3.610123266593538549e+00
3.568035453859728534e+00
3.549059875516331619e+00
3.437296903091148437e+00
3.475749703301433069e+00
3.288788530751102890e+00
3.263485406739242922e+00
3.159501384712467775e+00
2.963271502917004252e+00
2.843464436211573521e+00
2.694770120065903107e+00
2.713364332337255824e+00
2.751234813679123370e+00
2.718123433547490642e+00
2.850007719287791730e+00
2.741668470110855793e+00
2.710332451932788267e+00
2.705864741630667591e+00
2.702203915325414485e+00
2.755748355710295971e+00
2.719308184079178403e+00
3.321372306743102687e+00
3.244182947985516652e+00
3.281854506220529988e+00
3.290039817388233701e+00
3.300704470260856560e+00
3.173180581057434946e+00
3.122310842949497456e+00
3.087451376135338599e+00
3.124146603474299067e+00
3.160848936599153003e+00
3.111556684362347003e+00
3.007804681158668281e+00
2.865170326525108280e+00
2.973084761657494468e+00
2.921954653994479845e+00
2.941226104875311442e+00
2.925546444683454705e+00
2.981684926346175768e+00
2.941023461314105525e+00
2.904374975790833258e+00
2.911621713066448347e+00
2.868674606852439801e+00
2.902455512148291561e+00
2.859088840872210380e+00
2.814051527602150493e+00
2.814239506509707223e+00
2.783736697318911713e+00
2.818259924137586747e+00
2.768544744084877607e+00
2.861240290503404005e+00
2.779883810521583953e+00
2.824431447211987134e+00
2.952793423184222998e+00
2.934343878961700902e+00
2.808859733058950869e+00
2.756572509476215238e+00
2.731590745335032988e+00
2.754152319680231553e+00
2.935342228769926454e+00
2.912226982911874984e+00
2.888025103769010116e+00
2.778309378021101672e+00
2.808152595568837562e+00
2.898441822773056842e+00
2.849657347822716957e+00
2.827710027566475937e+00
2.876242514114551785e+00
2.924265035867987361e+00
2.876092661928680183e+00
2.818115327661378622e+00
2.769784287629634356e+00
2.803550070892260937e+00
2.745692990849486925e+00
2.736091738228088044e+00
2.774231965788009013e+00
2.749218980001410628e+00
2.784878632903056594e+00
2.678657499569514044e+00
2.690957078810437331e+00
2.822726341677492368e+00
2.875270595961360698e+00
2.823686951487363928e+00
2.764671770753265534e+00
2.808194793813277634e+00
2.758080854507351187e+00
2.725976338855493619e+00
2.789472530784270266e+00
2.868196994629204077e+00
2.893166085795974229e+00
2.733787116803354511e+00
2.833158131838037885e+00
2.925394674227735692e+00
2.839490623333699393e+00
2.827147148628808004e+00
2.804443081968325480e+00
2.801394474186025718e+00
2.910435362621887734e+00
2.928657713014616082e+00
2.809895015832442056e+00
2.809846259139457292e+00
2.832279823746234104e+00
2.729376851957237005e+00
2.774912250864880914e+00
2.884487302797501318e+00
2.846469040759094682e+00
2.856233358813666801e+00
2.888642241607637828e+00
2.832229687013395836e+00
2.845422639960538458e+00
2.797223623523868330e+00
2.745220027611629643e+00
2.754775308441688164e+00
2.745883282297337580e+00
2.802197708942037124e+00
2.802932928202172214e+00
2.792490465516399567e+00
2.819341235111493482e+00
2.795034525725934138e+00
2.901883009357889787e+00
2.814246080214024115e+00
2.870362346464292447e+00
2.905552271083760907e+00
2.888977846920948167e+00
2.893818238936232579e+00
2.882389460152809058e+00
2.838360442227167546e+00
2.948186900452547832e+00
2.865799190452813949e+00
2.865617036521105554e+00
2.894692557077521933e+00
2.915976337352551351e+00
2.886686855202690527e+00
2.838694770488718877e+00
2.789366594766633067e+00
2.748288376426316404e+00
2.780764822850001039e+00
2.747487215620848300e+00
2.727277213632673281e+00
2.781090972981646203e+00
2.788736990108604541e+00
2.743086218112730457e+00
2.697580582670330518e+00
2.715478779147427080e+00
2.761976647258263196e+00
2.738891381562985838e+00
2.744037353973155735e+00
2.813540296494792425e+00
2.934579015804481994e+00
2.906071747221668389e+00
2.871821199169614314e+00
2.801075686231987660e+00
2.801597758422861517e+00
2.902578508843473681e+00
2.863114912119316013e+00
2.909078204517712596e+00
2.906718596630915918e+00
2.852577255746108875e+00
2.828647203169741164e+00
2.771191260090143604e+00
2.737870340246228995e+00
2.759923368501378871e+00
2.753922656866020002e+00
2.829681607531136844e+00
2.853921862980835389e+00
2.880297380480008496e+00
2.894544351016235417e+00
2.878271182498272296e+00
2.877948748675000612e+00
2.812693193364679711e+00
2.834213471141508567e+00
2.938064328771580858e+00
2.997717465005666160e+00
2.866189456403745783e+00
2.837336250781707925e+00
2.877918171178604378e+00
2.826501017158847606e+00
2.905794383641072454e+00
2.941201115190867466e+00
2.955810717891116823e+00
2.946221478436405583e+00
2.930402190826371545e+00
2.888350740474570522e+00
2.966454786441216296e+00
2.935125891678242560e+00
2.864306024153146168e+00
2.835401558862518545e+00
2.771833328322610424e+00
2.788246222986771716e+00
2.833153896278845174e+00
2.789072426452924081e+00
2.762562216493956502e+00
2.793786319674430807e+00
2.739535362064158264e+00
2.784296500015758014e+00
2.746582967980395917e+00
2.799406187033243398e+00
2.933352007516316196e+00
2.951156044671308099e+00
2.941480069624814231e+00
2.916600246862774970e+00
2.906191666081230363e+00
3.003665427440279867e+00
2.981426504209016670e+00
3.000947517035243983e+00
2.990942326424901321e+00
2.968802620586286078e+00
2.925782288551217913e+00
2.807519545791266502e+00
2.763424686869537350e+00
2.754535895572973292e+00
2.761834354192879815e+00
2.787667663119116845e+00
2.867261411172689289e+00
2.901853200973474323e+00
2.930612905178710204e+00
2.871733622744282677e+00
2.907634605654568993e+00
2.854805422441256457e+00
2.944281576208362505e+00
2.887190502893773214e+00
2.942902988547193122e+00
2.844830223405256042e+00
2.836822165734045775e+00
2.876498392142780691e+00
2.765035081151774321e+00
2.756784540003081485e+00
2.816913736698375192e+00
2.910691670376647444e+00
2.936763524698576155e+00
2.930527597549629437e+00
2.818714068507127468e+00
2.858289873333354159e+00
2.898251024324842717e+00
2.884478115708282164e+00
2.863368820113818991e+00
2.884907277539435544e+00
2.813376085773105384e+00
2.742825368119524043e+00
2.881518002720093286e+00
2.836768231632608828e+00
2.893061354344217406e+00
2.845890721724922301e+00
2.841627350656662276e+00
2.830668119013600936e+00
2.854644286071383874e+00
2.781138076399659376e+00
2.885973839105267835e+00
2.923224418343552511e+00
2.882650689903304642e+00
2.893953351386300721e+00
2.886912884033739246e+00
2.914812343873957712e+00
2.886309754686769313e+00
2.903342212003263256e+00
2.777190846881071096e+00
2.798685941651902986e+00
2.880447361088204428e+00
2.850724995505529158e+00
2.877733309394739702e+00
2.883516256239940123e+00
2.890052248662643208e+00
2.934042433230985125e+00
2.942049115837463091e+00
2.859349926119572061e+00
2.842813043448337407e+00
2.771470728692619900e+00
2.785219021908330816e+00
2.767529584304385004e+00
2.935519204501990664e+00
2.947332013872885792e+00
2.853880516069305262e+00
2.854325139152861457e+00
2.794503533724729483e+00
2.727413793321431523e+00
2.764372442345639946e+00
2.798636453703839067e+00
2.884202836140342896e+00
2.852864174825012977e+00
2.938642373614046566e+00
2.910200852174983144e+00
2.865266828761328988e+00
2.861172661689608265e+00
2.850534511280296890e+00
2.814200596972433299e+00
2.815684819009400819e+00
2.780903809915042491e+00
2.934176034255613796e+00
2.887901833511658634e+00
2.939749138957268748e+00
2.855312767456482881e+00
2.822102230607531403e+00
2.786342584823337631e+00
2.790084765737414152e+00
2.747154891883601291e+00
2.745257364984201587e+00
2.716964850711175217e+00
2.806032964881204350e+00
2.843771615302466138e+00
2.892976667724784789e+00
2.878251900025429855e+00
2.807009262542608852e+00
2.912625962941346014e+00
2.794243189130108274e+00
2.722214723345680820e+00
2.726860649171496842e+00
2.740803714241499822e+00
2.747677200837099765e+00
2.737708713504780622e+00
2.737176099559543552e+00
2.793322573567185163e+00
2.736451351659663800e+00
2.721277641109043355e+00
2.746183715631567157e+00
2.759241018831084524e+00
2.768541854478635322e+00
2.817032836159350850e+00
2.762096848410641403e+00
2.832856861897544487e+00
2.907387831026332581e+00
2.894082929012228966e+00
2.843529848621251688e+00
2.869946515181075686e+00
2.913297787731285116e+00
2.872570451703491123e+00
2.845688844550647634e+00
2.908162650196855825e+00
2.878793149915429783e+00
2.917492416442585945e+00
2.851190803857222900e+00
2.827149270908771772e+00
2.806199030717529297e+00
2.842000879662073487e+00
2.893125126917257983e+00
2.936802683191364061e+00
2.880052950902117992e+00
3.035892619971925388e+00
2.875587766005412771e+00
2.874756337500624426e+00
2.893201341075315014e+00
2.807874997217646662e+00
2.797898139675567108e+00
2.751007451825603578e+00
2.749670162037621157e+00
2.865849263307475248e+00
2.898393693065177690e+00
2.818731807036632731e+00
2.745881643479922474e+00
2.797587889593461608e+00
2.855258131938336774e+00
2.771922437587314381e+00
2.787642731771774240e+00
2.717805180655890940e+00
2.758774003067304470e+00
2.828900493124492765e+00
2.816213770295145746e+00
2.794822713518695156e+00
2.811244564245522604e+00
2.817856099945488690e+00
2.913667276817996310e+00
2.896113430099035213e+00
2.876400702266636689e+00
2.842116992665854269e+00
2.756053156236287105e+00
2.779436993349552854e+00
2.763929991877507764e+00
2.774184745109812944e+00
2.721165375349319238e+00
2.769499954865498381e+00
2.814187093993574251e+00
2.742448905631607037e+00
2.815988103668053188e+00
2.726552585225526126e+00
2.736403844464482482e+00
2.835081303948795650e+00
2.821833800917410429e+00
2.755499410270305205e+00
2.757062930003594037e+00
2.742940939940194500e+00
2.760915427897058461e+00
2.743788257136472453e+00
2.795899497478405049e+00
2.799969285545825137e+00
2.766414647156135054e+00
2.699566817102329708e+00
2.784642526429559783e+00
2.759943840008343585e+00
2.859233988326244535e+00
2.864137915673754531e+00
2.850687987135736901e+00
2.867427244063919467e+00
2.735579280518113165e+00
2.742596579885565156e+00
2.847116962823971864e+00
2.760797891914581914e+00
2.698094883431641389e+00
2.773360596821119461e+00
2.827280672306872411e+00
2.815116871463775983e+00
2.827702424230668310e+00
2.741964624133579331e+00
2.810307456489414157e+00
2.702257759726114816e+00
2.769537687051757846e+00
2.828080797997114981e+00
2.831493245621468979e+00
2.877093498654501591e+00
2.715289119044232091e+00
2.729517356603544442e+00
2.755839255109049368e+00
2.778654710466919475e+00
2.787053103189818692e+00
2.818304099986373323e+00
2.722354495652614226e+00
2.735965277557447006e+00
2.890588002465934281e+00
2.856561219368491500e+00
2.864881498421880668e+00
2.875404319395796104e+00
2.845563213144279846e+00
2.869354631271638478e+00
2.831949505199554018e+00
2.742965183884038982e+00
2.894539341587880177e+00
2.746468459676899787e+00
2.754867147431977248e+00
2.779932912859589322e+00
2.837816766459738016e+00
2.806557143547945277e+00
2.782680362528187068e+00
2.750056363058764664e+00
2.694801662460522884e+00
2.732597665226258243e+00
2.811076306328236463e+00
2.759575329647661501e+00
2.734537255185966131e+00
2.834187185067352122e+00
2.738189913063007630e+00
2.744933332523761038e+00
2.760275710866579857e+00
2.873527796977088933e+00
2.795276193867074710e+00
2.807229595170298797e+00
2.727396927474987187e+00
2.741606463371429658e+00
2.730784685763416153e+00
2.763690648390300542e+00
2.817406253986102005e+00
2.836497488100421016e+00
2.850342786403066597e+00
2.853727562329662959e+00
2.812436132608170158e+00
2.913323531638736252e+00
2.878803223563569436e+00
2.848346186824909143e+00
2.859209681013268778e+00
2.814108206874781803e+00
2.844907379863182761e+00
2.870227517114279259e+00
2.844411714221413590e+00
2.806070740377013539e+00
2.818194457449663126e+00
2.843955344234505134e+00
2.819754776571891774e+00
2.834135847132243757e+00
2.817286105456809686e+00
2.725138528588959552e+00
2.729271148127280000e+00
2.854267156381826709e+00
2.747895558422845053e+00
2.742372148341650995e+00
2.822558236777409579e+00
2.812760565707646876e+00
2.717472538959685657e+00
2.724412964291573758e+00
2.762491809942610121e+00
2.763690467472796009e+00
2.832842035836096617e+00
2.854421832876143039e+00
2.817762232694590363e+00
2.747668466172729307e+00
2.955705668702484523e+00
2.694593475832672169e+00
2.866892045403872658e+00
2.819478143203100196e+00
2.762166359942861860e+00
2.943781581571567774e+00
2.966623164475056917e+00
2.957630470494919006e+00
2.931382267804729658e+00
2.907848173478113640e+00
2.768249085613504246e+00
2.704834375705839733e+00
2.797008938133734191e+00
2.737669812084722487e+00
2.681612574552856287e+00
2.741919947773822308e+00
2.762439139601087668e+00
2.804557184298440919e+00
2.826115531962556382e+00
2.762723837085422129e+00
2.743543876084360900e+00
2.753146200258896670e+00
2.687984560967566328e+00
2.858660000769591480e+00
2.735115354057301662e+00
2.757308470229618891e+00
2.770463860078308027e+00
2.785819807525246716e+00
2.723237962426346304e+00
2.788860340712671970e+00
2.787513228668161869e+00
2.845830107367620432e+00
2.861478464011218303e+00
2.955971921382204215e+00
2.862015024418984144e+00
2.873096761336102478e+00
2.862653663997795306e+00
2.874147699753789809e+00
2.851445422939040686e+00
2.840940161284640997e+00
2.788354532694864663e+00
2.751203373071499758e+00
2.762522398099244381e+00
2.753710405979539644e+00
2.733588118206545126e+00
2.701886933237584554e+00
2.741138814434613824e+00
2.785048653075921088e+00
2.840611377855126296e+00
2.908431536068882384e+00
2.903173780537430915e+00
2.876872607537566573e+00
2.892263819225348698e+00
2.844497495165007273e+00
2.782902262027899809e+00
2.762927613963131357e+00
2.820927684291109738e+00
2.892398485686230369e+00
2.957677467202940225e+00
2.888371167284426999e+00
2.844407495419739806e+00
2.865156889247078897e+00
2.834682521906112918e+00
2.752581697243516423e+00
2.733961411578444078e+00
2.735128150562601945e+00
2.807206974912965336e+00
2.807802343470779061e+00
2.886343534647253684e+00
2.818433784923818575e+00
2.700119626979515797e+00
2.781902047161258107e+00
2.783093602450337656e+00
2.859392417979736312e+00
2.795037924608537505e+00
2.871216118650771421e+00
2.917074733358746563e+00
2.849289736057040390e+00
2.717298842600865072e+00
2.756618580797858264e+00
2.764251978384026032e+00
2.710968277202815191e+00
2.801492637862894597e+00
2.790807230892166313e+00
2.801783717562795761e+00
2.918838981513026010e+00
2.917379303415995384e+00
2.872220917687216879e+00
2.856349593449653224e+00
2.952024051392535320e+00
2.888708188793046361e+00
2.736044407534350853e+00
2.713253766237135434e+00
2.846484674119992953e+00
2.897591413570933305e+00
2.853742279884432964e+00
2.839153571048948610e+00
2.766328433140214926e+00
2.743698598607361205e+00
2.788544602476352718e+00
2.745396692647530390e+00
2.766003253794181660e+00
2.751326407389715900e+00
2.759789847071693281e+00
2.811144606739397034e+00
2.767711870842050281e+00
2.712249804129406083e+00
2.786244964104915400e+00
2.816970890868415900e+00
2.885290106731037252e+00
2.903573660164315395e+00
2.865786279540049275e+00
2.824595015218996252e+00
2.696022626017816393e+00
2.715180104523454929e+00
2.693263076641418508e+00
2.800560479618320997e+00
2.839473190576026873e+00
2.826032908513274489e+00
2.876522031898938625e+00
2.748474849803068665e+00
2.750888765471988240e+00
2.701899331951507222e+00
2.717316507144502680e+00
2.742256370217781125e+00
2.735082082863327990e+00
2.730086628662175219e+00
2.802142929973415075e+00
2.780589865478186873e+00
2.773792530093049713e+00
2.765838390072710151e+00
2.742599132210173707e+00
2.762492714922520687e+00
2.740495210723784769e+00
2.776496353320133004e+00
2.807402714253870446e+00
2.786274394240452867e+00
2.829332960257594287e+00
2.799593184732381612e+00
2.713352170286783771e+00
2.716963930566616447e+00
2.740147623760442297e+00
2.768781139779740386e+00
2.715412491685194940e+00
2.771020028798059531e+00
2.787777250786009020e+00
2.772679931041445833e+00
2.824847606509066189e+00
2.777598603110247311e+00
2.825884109442565073e+00
2.887640732501188801e+00
2.843915083120450493e+00
2.791288770442785783e+00
2.800360155408586404e+00
2.941609423427930192e+00
2.871122776894084350e+00
2.789715039210994618e+00
2.878066885949664311e+00
2.874584839589883867e+00
2.687029772816073692e+00
2.766498328212037450e+00
2.774146715658708295e+00
2.726427149219285972e+00
2.825837574950124331e+00
2.794473295631934029e+00
2.797471179476207048e+00
2.689241900610654046e+00
2.735708317785359167e+00
2.730045054573275731e+00
2.757069095978553541e+00
2.709181057072413523e+00
2.757966460999843328e+00
2.762177764011578329e+00
2.738633783476717820e+00
2.770236271511872239e+00
2.705799327370749463e+00
2.911299538007039001e+00
2.858823709150320802e+00
2.773948269164368874e+00
2.770049458042220358e+00
2.852420200461355915e+00
2.825140881442905982e+00
2.828853654751337210e+00
2.858590037063727163e+00
2.910763645506107444e+00
2.792225456513137249e+00
2.711742244388282597e+00
2.740410370729172485e+00
2.893358774849742687e+00
2.895036787331034756e+00
2.771817093532688236e+00
2.804677521569993726e+00
2.751466699780318770e+00
2.797271170265764439e+00
2.735608159075418211e+00
2.719938602248220594e+00
2.782231298795986074e+00
2.894048721082629338e+00
2.902680313089955000e+00
2.884422472523745729e+00
2.917952364244488450e+00
2.843389702450228818e+00
2.745021311392681795e+00
2.742997265766045079e+00
2.777353236446527429e+00
2.756327085089866902e+00
2.868205885218144235e+00
2.903931989561738369e+00
2.955862141575618551e+00
2.959744583574737575e+00
2.990068393866601504e+00
3.008157243230479949e+00
2.801464795423993515e+00
2.927481853060749373e+00
2.904262557001346501e+00
2.951685281326585031e+00
2.938127294723630545e+00
2.973925015867077803e+00
2.982556118499700482e+00
2.927861677060580980e+00
2.876274500112950161e+00
2.837824871270248295e+00
2.820640707357107146e+00
2.751322954507521956e+00
2.748210508676510067e+00
2.793000358037929232e+00
2.771883114418788097e+00
2.744519447917978194e+00
2.757818159342635411e+00
2.746739703721486681e+00
2.723712539898437868e+00
2.740403984816837113e+00
2.736026498409692032e+00
2.731891103246979924e+00
2.667754299031303233e+00
2.773422073900761120e+00
2.765055153156985135e+00
2.805861899666482362e+00
2.861726052577360679e+00
2.868470149748816755e+00
2.844322239128330931e+00
2.881417880141650123e+00
2.928769536853317756e+00
2.922356070022953389e+00
2.912307847738627942e+00
2.885422326107566438e+00
2.943103633921170914e+00
2.957607309972032361e+00
2.918081732919762139e+00
3.069861723270284504e+00
3.077842426116061514e+00
2.938853688089967164e+00
2.808817010771616829e+00
2.888915021249327086e+00
2.931720655178456703e+00
2.975549865150977968e+00
2.918269692814561722e+00
2.989439077820452706e+00
2.931015523670933653e+00
2.902690131584836575e+00
2.982425355310673876e+00
2.969542220612463090e+00
2.874179709064831112e+00
2.898934459417804810e+00
2.842929826780816072e+00
2.905711272649091015e+00
2.885146270122192824e+00
2.834447741624460004e+00
2.835731651620089444e+00
2.902820869430285722e+00
2.822825003431845836e+00
2.756476736705753439e+00
2.725982208305842924e+00
2.744369873030966023e+00
2.731090807717678537e+00
2.836621053295627970e+00
2.779664727984294093e+00
2.738188269641077977e+00
2.682647572828007920e+00
2.833897845724153708e+00
2.731410807623050108e+00
2.855227136323834181e+00
2.934740022557364991e+00
2.890762010266497040e+00
2.983712285056988822e+00
2.991364404414814437e+00
3.016464155265234037e+00
2.962164917758631777e+00
2.915467200981688212e+00
2.890222482785711033e+00
2.795169046766223797e+00
2.845953267360516570e+00
2.903724160453261316e+00
2.844996485059339442e+00
2.816856048860147510e+00
2.934032378826110232e+00
2.905315989698882273e+00
2.929388332058417976e+00
2.850341207645148423e+00
2.851676875103489550e+00
2.849051947578351562e+00
2.927054662967536469e+00
2.977204225443729868e+00
2.927968749833235407e+00
2.933218028036784109e+00
2.815218641597842630e+00
2.760669846251087023e+00
2.733929406550213326e+00
2.820107267463420442e+00
2.876599033581149101e+00
2.855271966030556552e+00
2.883112727591482738e+00
2.910264077364801860e+00
2.861865999658264492e+00
2.797356430632321089e+00
2.702355639067515636e+00
2.769789522689404926e+00
2.807489091697419337e+00
2.790038171781884291e+00
2.678682698641255744e+00
2.766587970768325189e+00
2.854925042798847290e+00
2.852210896830736697e+00
2.844384291898688577e+00
2.789968100176057675e+00
2.770285364362306879e+00
2.719227463821296986e+00
2.724869354666385135e+00
2.749489588996473888e+00
2.718292478744698926e+00
2.713503454945285220e+00
2.681165791218439676e+00
2.754503766561228861e+00
2.770098193205432491e+00
2.769029613420556757e+00
2.767852958522182050e+00
2.891513963307111634e+00
2.830444664712595149e+00
2.765226030544338798e+00
2.704326348649511491e+00
2.737769347479805493e+00
2.804273524462263190e+00
2.774308021831750182e+00
2.744856644708425719e+00
2.760003985504368984e+00
2.802218585335555012e+00
2.779256195459497203e+00
2.845055183999073201e+00
2.900526331547431447e+00
3.047944389256470821e+00
3.012072708285774336e+00
3.029640572741262083e+00
2.978351557489478107e+00
3.027156586633734214e+00
3.095758065482508314e+00
3.084248692955871007e+00
2.982331973473107745e+00
2.843760362618481530e+00
2.787476277925966528e+00
2.697159431698467724e+00
