4.872266515698828293e+00
4.872341018442777560e+00
4.857280823670791392e+00
4.847193930512787574e+00
4.849973814362300573e+00
4.818284860819251669e+00
4.722910225697710906e+00
4.751116289883883681e+00
4.756272595215711441e+00
4.790855038508261998e+00
4.840604714289320931e+00
4.857635433006474379e+00
4.878902130602744691e+00
4.847482645662592127e+00
4.865364220693040309e+00
4.828045670869321349e+00
4.827597746291627523e+00
4.860315216115102643e+00
4.881260595379025347e+00
4.831010349812966176e+00
4.595271700345911370e+00
4.752277033170520859e+00
4.753498711475579341e+00
4.746400530928673867e+00
4.634153428621025306e+00
4.621692438923212798e+00
4.629959935031835450e+00
4.649185950249785648e+00
4.684486844895606517e+00
4.610359096643123600e+00
4.784562884945708028e+00
4.764018261929733100e+00
4.740445021303379747e+00
4.749925999423569856e+00
4.742284786893338655e+00
4.709874095981759545e+00
4.692357403267573446e+00
4.666365716486439830e+00
4.627918106449162572e+00
4.733158142297804183e+00
4.672515810567150929e+00
4.655843639986205318e+00
4.654090029210865787e+00
4.678209272788039996e+00
4.555927238224947828e+00
4.697871539325015888e+00
4.570962918248189233e+00
4.515316821663791558e+00
4.495289312157783712e+00
4.479042419982199874e+00
4.501978453968876970e+00
4.554749938251275942e+00
4.587012426405666865e+00
4.697038535077181720e+00
4.673251651687505337e+00
4.659148634675652545e+00
4.641620729874426310e+00
4.595657624323204793e+00
4.578566260304638647e+00
4.533581806916028079e+00
4.516175483747282726e+00
4.570163016786162657e+00
4.676639498614363788e+00
4.754138092230808965e+00
4.757769330263921681e+00
4.800688908896304952e+00
4.756205840793688466e+00
4.491047093941456403e+00
4.798506851094410663e+00
4.791926961046046429e+00
4.397167952216516795e+00
4.337498357348391842e+00
4.338155944638228512e+00
4.294529310646278297e+00
4.299911161872998377e+00
4.334882120657954196e+00
4.294433722855669266e+00
4.627303858620050114e+00
4.568583369054350030e+00
4.500631622339247073e+00
4.444666579171041576e+00
4.460098765722570135e+00
4.423994235981778544e+00
4.345458548876056426e+00
4.280136095967043808e+00
4.241714393968551988e+00
4.127043130377971103e+00
4.068318940299542774e+00
4.049941357600132186e+00
4.064300677853448285e+00
4.021321300269352861e+00
4.019102760567338173e+00
4.008697294633257968e+00
3.975306151732215909e+00
3.940414445207508720e+00
3.918221407730808625e+00
3.935054256296854902e+00
3.970709256543469845e+00
3.932340905872734549e+00
3.890620516061673584e+00
3.869997545218859525e+00
3.846466040406440801e+00
3.853011808961918749e+00
3.774945430069154728e+00
3.701376230539122236e+00
3.655683793765538425e+00
3.620437266408575550e+00
3.590893760611695296e+00
3.550637266745224618e+00
3.499188620237553948e+00
3.435759159196116741e+00
3.329680014656062337e+00
3.346301839344442808e+00
3.322930935183576739e+00
3.325360130873046050e+00
3.317045974960250554e+00
3.324696226725082138e+00
3.275573079630494266e+00
3.224448635038244415e+00
3.231265077334263047e+00
3.229280724867381824e+00
3.192567931931911129e+00
3.099859512945707607e+00
3.065149914767628658e+00
3.008831833120621635e+00
2.983323147096204497e+00
2.963217845518617555e+00
2.895268208646653019e+00
2.896600766415696526e+00
2.816101738218987016e+00
2.767385408648387557e+00
2.700006111104195305e+00
2.714092113396300743e+00
2.763342360258678188e+00
2.807257202324005441e+00
2.806137558994569847e+00
2.767336083673249458e+00
2.741143192173658871e+00
2.648817472005196461e+00
2.685385819579749089e+00
2.749254080655333166e+00
2.738730545343955658e+00
2.747718690113673201e+00
2.755974237905717494e+00
2.681584792617977442e+00
2.790514289517256774e+00
2.842695375871287400e+00
2.811024546317588246e+00
2.822178768256894621e+00
2.751748716725421318e+00
2.722717208966072278e+00
2.715226878181637105e+00
2.709698138169637449e+00
2.706294514645440685e+00
2.717820082345407506e+00
2.741660263417041499e+00
2.717480634705609521e+00
2.670897601930856791e+00
2.664930393087218796e+00
2.707900478230320651e+00
2.683146660173461040e+00
2.763150556882487674e+00
2.740965340897254077e+00
2.705192044938768969e+00
2.706093494319810500e+00
2.713911199726328771e+00
2.750466505885865498e+00
2.759711216776131959e+00
2.801660043616998497e+00
2.853997021722342708e+00
2.832515842850662935e+00
2.706990579961445320e+00
2.659649036997175031e+00
2.666268178559688007e+00
2.694233842857742811e+00
2.775380334296544405e+00
2.766332590271820990e+00
2.693274772465668487e+00
2.757663322452543753e+00
2.768096096597804756e+00
2.716166047943313622e+00
2.712664557220445971e+00
2.787656363327446041e+00
2.745122401642593246e+00
2.708876889044609548e+00
2.741504149185260086e+00
2.713855191420500468e+00
2.658098944734751612e+00
2.687705527024863539e+00
2.731448516813011818e+00
2.760615873315227731e+00
2.737342872202895627e+00
2.705647427141977257e+00
2.735763513171414196e+00
2.730803727842775697e+00
2.673127381925522794e+00
2.728751362803140790e+00
2.733047566362503122e+00
2.772959610235966377e+00
2.723530613009517598e+00
2.683299834159425412e+00
2.741979029824991532e+00
2.733495381375282474e+00
2.675637867873752462e+00
2.755999999999999783e+00
2.739368722899492958e+00
2.726810591148567386e+00
2.701409261848341181e+00
2.723751457090018313e+00
2.792467904918515043e+00
2.797379309282171711e+00
2.776538492439821759e+00
2.749394296931598092e+00
2.697422102675071098e+00
2.663603198676559813e+00
2.645302440175791858e+00
2.678202008811135126e+00
2.700275171163116550e+00
2.711655767238903003e+00
2.724636856537032248e+00
2.765596499853150814e+00
2.746078476664495671e+00
2.672226973892748880e+00
2.675570406474103713e+00
2.695544657393009746e+00
2.765557809918281595e+00
2.753379014955986470e+00
2.693620982989255008e+00
2.664754772957541373e+00
2.731433506421124591e+00
2.737463972365664411e+00
2.754447676032347303e+00
2.703295951241742934e+00
2.721253571426227591e+00
2.698700798532508216e+00
2.669223482588147345e+00
2.687440976096033385e+00
2.699094848277844960e+00
2.741089929206993236e+00
2.714224382765728638e+00
2.697396707938972238e+00
2.731505262671115819e+00
2.764942314045629956e+00
2.754171200197983893e+00
2.748791370766431541e+00
2.748201229895656628e+00
2.689708720289242905e+00
2.705408287116752852e+00
2.751911880856653170e+00
2.766701104203343142e+00
2.756193389441314423e+00
2.745191796578155152e+00
2.719365183273478426e+00
2.770066425196334059e+00
2.763186566267286537e+00
2.766776282969044320e+00
2.721186138433017820e+00
2.733188248181964930e+00
2.759559022742583245e+00
2.758107140776079547e+00
2.747776191759438547e+00
2.742490474003510315e+00
2.726074650481897788e+00
2.774561947407193863e+00
2.798698626147517299e+00
2.738529897591041262e+00
2.728491341382632829e+00
2.757699222177792286e+00
2.812609820078142864e+00
2.877460164798115727e+00
2.798103643541460794e+00
2.757483272841378952e+00
2.784997127467100153e+00
2.828638541772348081e+00
2.846029866322558277e+00
2.819259831941709926e+00
2.791783301046125043e+00
2.752176229822501430e+00
2.730896006808022136e+00
2.685722807737239481e+00
2.748416635082825632e+00
2.744078169440514081e+00
2.760285673621482250e+00
2.658891122253786321e+00
2.722071637558424406e+00
2.752909188476801550e+00
2.784804122375575286e+00
2.750429966387073932e+00
2.764738866511627702e+00
2.771975649243694662e+00
2.799876247265224993e+00
2.850194379336258521e+00
2.844300617023453714e+00
2.783391636115909673e+00
2.751366387815334047e+00
2.735526640338199478e+00
2.747191110934949165e+00
2.755839980840687709e+00
2.756487982923197855e+00
2.803438781211389674e+00
2.830123848880115922e+00
2.835116576086422757e+00
2.830189569622501455e+00
2.816130146140266799e+00
2.838249108165102008e+00
2.821340993215814663e+00
2.847921698361806531e+00
2.870546289471744839e+00
2.937090226738020782e+00
2.922096849866546719e+00
2.865099998254860392e+00
2.816145237731889850e+00
2.809984697467229786e+00
2.830812250927285056e+00
2.897789157271454030e+00
2.898731619174151675e+00
2.908389416842249275e+00
2.967432223320357387e+00
2.972697596460157410e+00
2.954495219153350227e+00
2.930666306490726569e+00
2.975681602591244701e+00
2.951421521911094192e+00
2.902610893661084823e+00
2.815905893313908503e+00
2.774625199914396045e+00
2.712696444499458348e+00
2.748535610102223359e+00
2.763107308810137663e+00
2.824827428357350012e+00
2.815069981368136798e+00
2.814337044492006168e+00
2.844626864810216649e+00
2.900664923771789638e+00
2.902383158716298706e+00
2.863398156037681996e+00
2.804496033158185408e+00
2.829969081103183903e+00
2.942361636509013501e+00
2.886574960052137762e+00
2.858269581407604232e+00
2.807832794167059998e+00
2.865650013522237582e+00
2.831572884458388728e+00
2.853712143857540795e+00
2.881824075130194451e+00
2.864442703214710839e+00
2.870183792024475267e+00
2.865920271047329493e+00
2.834987830661711783e+00
2.928601372669213276e+00
2.926857359011538318e+00
2.898677284555836842e+00
2.892884546607417118e+00
2.898394383102479654e+00
2.839648041571349424e+00
2.847472914708760072e+00
2.816878059128580691e+00
2.841879835601780702e+00
2.891344496942555242e+00
2.908399044147827794e+00
2.889944290120485704e+00
2.841981175166366391e+00
2.834058926698596270e+00
2.885118715061826045e+00
2.873030107743391071e+00
2.823425933152841960e+00
2.827087193561599321e+00
2.811204368237926410e+00
2.841953729391102801e+00
2.853499255300410820e+00
2.892790694122199913e+00
2.929244441831374779e+00
2.828604956511247437e+00
2.818555835884753336e+00
2.794406198103632555e+00
2.810219030609535817e+00
2.833931191825235008e+00
2.797899748025293398e+00
2.776632672861140794e+00
2.778315136913017902e+00
2.764294304157934423e+00
2.725484544076520521e+00
2.754270502329065007e+00
2.774784135748220582e+00
2.740233931619707075e+00
2.726047688504365851e+00
2.757040804921102595e+00
2.747629159839442448e+00
2.830340968858698680e+00
2.844859398986178345e+00
2.772284256709618422e+00
2.763613757383618363e+00
2.775149365349548702e+00
2.730299617258150402e+00
2.814165595696173749e+00
2.871123473485596822e+00
2.807348036849012018e+00
2.788925420300801594e+00
2.771949133732435566e+00
2.672766918382520895e+00
2.713371703250404110e+00
2.727795080280042139e+00
2.768019147332618779e+00
2.796122136102069611e+00
2.784505162501948128e+00
2.817586378445211093e+00
2.806467530544402678e+00
2.785238589421020983e+00
2.795362767155633144e+00
2.787270528671374148e+00
2.725862799188543573e+00
2.736320522161101110e+00
2.744893804867503118e+00
2.751224091200132893e+00
2.749810720758794069e+00
2.731798125777233022e+00
2.763641800233887391e+00
2.794198453939876980e+00
2.785992641770612899e+00
2.774429130469906024e+00
2.811103164239975527e+00
2.836952766614206478e+00
2.869105784037946361e+00
2.852508545123046968e+00
2.827119558844301661e+00
2.791480073366098491e+00
2.789190742849975369e+00
2.760139670379018639e+00
2.788389857964628238e+00
2.829384385338973740e+00
2.841824413998866206e+00
2.914553996754906340e+00
2.961633670797251483e+00
2.996872536495337691e+00
3.028655477270401075e+00
3.029921946189372939e+00
3.030359219630570422e+00
3.025951916339715719e+00
2.985331807354083100e+00
2.967492712712197722e+00
2.892482843510052692e+00
2.886448509847352462e+00
2.856394405539963710e+00
2.940741743166169098e+00
2.974247804067441603e+00
2.954217493685933782e+00
2.990092139048561748e+00
2.970394418254922453e+00
2.931013647187607596e+00
2.895525858976223610e+00
2.853922563770783238e+00
2.844941827173272486e+00
2.837446915803008007e+00
2.827374400393411147e+00
2.833220958555827451e+00
2.854920314124371750e+00
2.844759919571421936e+00
2.795088012925531995e+00
2.738832963143242871e+00
2.753376109433653074e+00
2.777335773722723555e+00
2.814086352619620701e+00
2.821377323223535072e+00
2.810450853510873870e+00
2.816133874658660385e+00
2.813651186625663048e+00
2.811384178656485044e+00
2.775899313736001073e+00
2.756345769311245419e+00
2.799627475218801731e+00
2.808442450896938780e+00
2.724671356329052774e+00
2.715145299979358384e+00
2.635374925888155140e+00
2.721158576783058169e+00
2.779474050967197130e+00
2.769506815301236546e+00
2.735108955782200812e+00
2.700398674270152899e+00
2.707580654385018271e+00
2.766838267770633575e+00
2.867110217623312529e+00
2.942317963782976165e+00
2.968473345004129182e+00
2.940864668766653978e+00
2.836089208752080371e+00
2.781973939489728931e+00
2.756135156337583769e+00
2.771756482810132649e+00
2.794894094594641221e+00
2.798986959598061208e+00
2.824506328546636968e+00
2.821194427897517620e+00
2.693789895296216041e+00
2.706916511457270413e+00
2.744584668032670205e+00
2.708946105037898899e+00
2.732510018279896258e+00
2.708260696461845196e+00
2.754774037920351581e+00
2.725128987772872158e+00
2.755545136629047764e+00
2.787271246219141130e+00
2.754570565442098218e+00
2.732639749399836226e+00
2.811221442718450092e+00
2.834914813534966882e+00
2.889505320984891323e+00
2.925482695214586037e+00
2.920449622917676624e+00
2.891258203620008960e+00
2.796933678155418157e+00
2.793683947765030151e+00
2.748732253239664747e+00
2.723977055703663996e+00
2.778522269120763610e+00
2.826721776192344215e+00
2.808481618241429612e+00
2.856082806922796369e+00
2.873844289449239309e+00
2.900373251841907862e+00
2.923271797147846573e+00
2.920676976319017903e+00
2.915468229976104553e+00
2.883230653277673472e+00
2.936467265269612437e+00
2.880089061122937277e+00
2.922958774940214610e+00
2.874924346830712629e+00
2.809414529755265288e+00
2.690058177809543150e+00
2.689410902037842277e+00
2.792359217579285513e+00
2.740712681037543508e+00
2.710243715978324364e+00
2.826018400506266737e+00
2.780088667650727707e+00
2.874004349335609554e+00
2.894058741629132570e+00
2.899524961092765363e+00
2.871847663090783875e+00
2.838286454887878119e+00
2.773450918981621438e+00
2.790666407867482768e+00
2.792808801189226031e+00
2.738453213038338774e+00
2.781219516686880056e+00
2.745882918115774451e+00
2.715379899756201532e+00
2.733885513330797767e+00
2.818230295770734806e+00
2.851037355069203638e+00
2.850000000000000089e+00
2.883889907746132852e+00
2.873158192651424248e+00
2.905462097498433760e+00
2.915407690186742951e+00
2.863378074931775430e+00
2.859784257597065782e+00
2.904332453421956561e+00
2.883691210930879656e+00
2.866447452858677192e+00
2.869148654217833272e+00
2.901694160313935900e+00
2.897971704485742706e+00
2.871768444704411838e+00
2.871919741218406319e+00
2.869610775000679403e+00
2.830716693701437414e+00
2.810910528636584083e+00
2.775517249090698524e+00
2.710767234566627160e+00
2.750057635759658226e+00
2.754758973122694687e+00
2.786902761131073269e+00
2.763384338089799996e+00
2.792467188706072800e+00
2.819635792083793113e+00
2.847785279827114824e+00
2.850661326780155935e+00
2.862355149173491764e+00
2.901270928403619553e+00
2.858659476048169612e+00
2.820519278430835275e+00
2.836713767724900137e+00
2.882399521232266615e+00
2.936147475860161560e+00
2.900118790670478841e+00
2.875397189954806976e+00
2.885636671516357055e+00
2.822893728074084230e+00
2.883076481815908920e+00
2.879695470010674718e+00
2.785910443643154988e+00
2.747468289170960087e+00
2.813004443650951814e+00
2.819286434543322617e+00
2.685481148695704867e+00
2.709655328634991367e+00
2.766056037031787707e+00
2.741293490307084912e+00
2.827590493688928230e+00
2.857739316312809308e+00
2.874373149053546239e+00
2.922264361757847873e+00
2.951319196562784075e+00
2.956540207742827331e+00
2.895202238186479704e+00
2.839125745718213523e+00
2.852694340443784338e+00
2.868410361158248989e+00
2.870792399321135058e+00
2.922080081038163968e+00
2.924104991275108034e+00
2.896571421525800716e+00
2.891539036568588017e+00
2.913103842982601499e+00
2.834005998582219021e+00
2.747294487309287270e+00
2.774344427067410912e+00
2.754489789416544543e+00
2.828042609297108712e+00
2.803296095670238408e+00
2.780748100781514243e+00
2.765600658084967023e+00
2.851766119442476377e+00
2.914563432145541810e+00
2.933192458738430819e+00
2.904516827288146086e+00
2.875827533076349418e+00
2.834646186034511128e+00
2.770843553865862230e+00
2.748731707533495161e+00
2.750615022135958210e+00
2.729882781366262723e+00
2.745156826121233351e+00
2.778078652594270448e+00
2.814408285945734001e+00
2.852588473649853018e+00
2.873048729137742896e+00
2.867257574756757244e+00
2.791396424730819170e+00
2.783208580038513791e+00
2.728886036462498055e+00
2.716667075664590314e+00
2.774975675569066436e+00
2.743721013514311302e+00
2.800151781600418666e+00
2.875739035448105607e+00
2.874398371833661425e+00
2.813693302405221530e+00
2.804281369620388098e+00
2.814036247101305399e+00
2.808328506425129323e+00
2.842452110414527500e+00
2.904940102652721290e+00
2.863857712945948375e+00
2.854068149151312905e+00
2.839022895293378923e+00
2.880287138463802243e+00
2.907828915187411933e+00
2.929848801559562066e+00
2.926340034924171274e+00
2.880684814414795181e+00
2.930996588193168773e+00
2.949784737908852872e+00
2.931513261099119916e+00
2.870531309705574685e+00
2.819454025161609589e+00
2.846338525193375268e+00
2.848919268775441882e+00
2.814321410215968378e+00
2.806586182535644181e+00
2.770301969100119610e+00
2.883325510586690843e+00
2.917309205415154594e+00
2.868292349116456030e+00
2.889446659829525199e+00
2.863783162182500064e+00
2.840165664182284555e+00
2.880125344494576023e+00
2.890683137253199142e+00
2.943939197741692659e+00
2.922974512376049105e+00
2.884916983207662433e+00
2.860738715786536268e+00
2.881545418694628324e+00
2.964784815125711237e+00
2.868842972349654907e+00
2.806952083666552245e+00
2.838410470668398133e+00
2.888442833084982730e+00
2.870948275396127958e+00
2.864233754427176759e+00
2.839822705733582087e+00
2.804448252330572711e+00
2.773565394938435347e+00
2.739709656149716732e+00
2.732526120643680390e+00
2.755309238542925865e+00
2.710109591880003777e+00
2.755391986632754531e+00
2.763238136679501356e+00
2.841475145061099994e+00
2.966653670383518016e+00
2.964440250705013380e+00
2.893936592256299178e+00
2.885495797952234209e+00
2.868066421824989831e+00
2.898775603595421746e+00
2.890498053969245973e+00
2.856099788172675513e+00
2.778895284101220220e+00
2.770377050150394371e+00
2.831592131646082144e+00
2.825314318797114144e+00
2.854067623585677893e+00
2.858904860256808345e+00
2.799557822228360582e+00
2.827940063014066308e+00
2.840853040901623050e+00
2.810898432885827525e+00
2.752848161450246245e+00
2.752604766398547120e+00
2.787509820610503564e+00
2.790438316824079390e+00
2.836399654491588596e+00
2.796725585394462144e+00
2.833206663835167394e+00
2.818178312314534750e+00
2.822216504806106752e+00
2.883111687049255245e+00
2.938375401476128967e+00
2.886627443921365721e+00
2.854673536501153297e+00
2.884213931039096401e+00
2.868629115100103100e+00
2.875216339686459399e+00
2.914610437091035955e+00
2.879978124916923843e+00
2.857845867082407398e+00
2.882487987832733634e+00
2.872503785898287809e+00
2.862258199394317248e+00
2.873429310075331866e+00
2.848476961465547408e+00
2.861069904773386963e+00
2.907368225732681388e+00
2.876121346535990941e+00
2.913372959303357490e+00
2.920356142664794596e+00
2.903095933654277427e+00
2.905064887399246842e+00
2.888209479937353663e+00
2.904314204765042096e+00
2.845046396809725486e+00
2.818781829088587099e+00
2.812872375348728582e+00
2.783714065776153213e+00
2.819457217267181459e+00
2.814414503942161083e+00
2.773461014689047932e+00
2.808425537556586082e+00
2.763314857195972696e+00
2.790104836740010530e+00
2.860993009428719702e+00
2.863365502341606472e+00
2.850743587206678420e+00
2.853649593064992551e+00
2.782189425614294720e+00
2.701977424035959530e+00
2.725872154008695425e+00
2.773202300590420499e+00
2.698680047727036513e+00
2.723141568115767353e+00
2.775482660727679463e+00
2.812313993849193672e+00
2.829345860795389189e+00
2.846390521344532409e+00
2.880109372923187916e+00
2.859967831986926612e+00
2.862390783942681427e+00
2.881095277841397184e+00
2.916144372283374864e+00
2.862688247085245941e+00
2.880161280206370744e+00
2.874476300128425255e+00
2.831087070367140690e+00
2.832320603321594632e+00
2.770190426667451966e+00
2.785237871349591110e+00
2.818760543217532888e+00
2.897736357918021088e+00
2.821003544840027022e+00
2.836225308398470535e+00
2.841737848570836000e+00
2.792745960519860571e+00
2.793557767435640660e+00
2.736905917272276056e+00
2.720549209259041756e+00
2.775469329681017783e+00
2.762569275149493908e+00
2.722657892574827709e+00
2.833021884843108573e+00
2.908639888332689161e+00
2.810304787741001675e+00
2.758101883542375621e+00
2.789347235465674757e+00
2.822175402061324778e+00
2.815128771477425573e+00
2.795955292918683277e+00
2.826773779417092847e+00
2.827128224895362418e+00
2.872281671424305127e+00
2.861245183482184817e+00
2.804891085229513692e+00
2.834951322333418844e+00
2.818438929620437960e+00
2.784765340203730677e+00
2.798641456135459116e+00
2.816481492926945940e+00
2.848145712564579934e+00
2.875727733983173717e+00
2.876436163032303206e+00
2.902264977564936288e+00
2.889435931111814515e+00
2.904855418088824859e+00
2.930631501912173142e+00
2.879876907091690530e+00
2.886380778760834431e+00
2.917252645898191776e+00
2.939272188824982202e+00
2.885321645848171634e+00
2.856299179007689037e+00
2.834302383303517470e+00
2.850579765591554349e+00
2.866438382383267758e+00
2.886846029839484906e+00
2.882472896663557549e+00
2.874617713714294531e+00
2.861946190968656545e+00
2.832363500682778312e+00
2.833683821459267893e+00
2.873426351935960188e+00
2.856599376881539865e+00
2.772734390452860964e+00
2.705162656847088343e+00
2.771991702729284412e+00
2.771230953926430818e+00
2.725121281704724563e+00
2.715711693092623058e+00
2.725822077832667389e+00
2.765360916770178257e+00
2.726766950071090712e+00
2.786556297654867453e+00
2.810139854170962348e+00
2.726189465169286841e+00
2.694529457994475408e+00
2.773723490184268670e+00
2.766867542908406197e+00
2.835886104906189864e+00
2.910068384076222703e+00
2.904343127111533640e+00
2.966417704909408037e+00
2.927521306498041653e+00
2.905574297793811045e+00
2.929389356162816149e+00
2.913951784089778396e+00
2.897676482977352030e+00
2.841700019354612028e+00
2.760638513098011781e+00
2.699326026992663330e+00
2.792013073035296333e+00
2.805626311539012097e+00
2.806475725888252892e+00
2.758240381112566642e+00
2.735506900009576636e+00
2.794423196296509371e+00
2.880929363937963839e+00
2.872631023991769172e+00
2.849279207097823896e+00
2.791296831223795127e+00
2.764942133210024355e+00
2.784797838264027270e+00
2.860871545525943471e+00
2.900579769632271709e+00
2.858877576952185695e+00
2.887631035987803685e+00
2.878237307797951061e+00
2.893514299256183087e+00
2.871447544358071369e+00
2.873999826026438775e+00
2.850606426709938024e+00
2.830683839640167232e+00
2.876473883072814708e+00
2.869398020491405799e+00
2.883057578335888049e+00
2.942985049231477301e+00
2.910502533927774582e+00
2.922066049903732754e+00
2.907097865569716166e+00
2.908068946913054287e+00
2.873352223449119336e+00
2.853061864033094697e+00
2.828399724225697298e+00
2.851448929930186171e+00
2.832352732270470241e+00
2.831895654857360611e+00
2.747091006865261420e+00
2.757182257305454076e+00
2.746911902482495282e+00
2.777925484961754510e+00
2.749254808125285443e+00
2.759492888195220761e+00
2.819771267319389985e+00
2.803145376180122383e+00
2.710990409426046188e+00
2.689000929713487587e+00
2.715019889429910016e+00
2.764111068680128458e+00
2.797319073684659152e+00
2.791227686879019565e+00
2.762355154573719496e+00
2.803899784229100689e+00
2.784095723929046251e+00
2.857021701002636860e+00
2.846041637081228703e+00
2.841024111126127405e+00
2.867377024390060924e+00
2.851244991227515957e+00
2.780332713903140185e+00
2.893403532174521953e+00
2.879863364814378990e+00
2.841798198324434477e+00
2.850686057776268267e+00
2.928382830164116157e+00
2.946531180897292934e+00
2.973852047429394130e+00
2.937156107529867555e+00
2.974679982788064336e+00
2.949171748135398730e+00
2.967574935869353947e+00
2.949143604506230254e+00
2.865175910829909522e+00
2.894045265713720561e+00
2.937936350569903432e+00
2.908681144436426447e+00
2.942925924993695652e+00
2.894798611302693114e+00
2.889029767932480119e+00
2.928876235008915252e+00
2.896897823534685390e+00
2.860004370626031189e+00
2.882464223542071657e+00
2.947243797177288460e+00
2.928828093282362932e+00
2.948702935190318009e+00
2.943005606518614758e+00
2.924531757392968334e+00
2.947392406857288982e+00
2.953675168328433465e+00
2.944483146496172488e+00
2.933394620571872391e+00
2.918409327013604670e+00
2.927319251465407834e+00
2.927555123306817997e+00
2.922879573297538336e+00
2.975168734710688323e+00
2.954077520986881922e+00
2.936159736799072828e+00
2.949047981976556709e+00
2.847616722805230260e+00
2.878066364766455276e+00
2.874064195525214860e+00
2.925615661702678061e+00
2.997960306608479009e+00
2.922446577783758048e+00
2.863525624121425306e+00
2.898411288965042854e+00
2.880392507975258809e+00
2.817100992154878636e+00
2.772051406449743016e+00
2.755975689297712528e+00
2.799895355187404178e+00
2.895943024301410151e+00
2.827261218918407870e+00
2.811759235781044364e+00
2.814094170421451935e+00
2.845354283740427093e+00
2.816899181724471735e+00
2.882742617716677280e+00
2.885133099182774163e+00
2.951509105525511156e+00
2.934663524154004666e+00
2.803179979951341494e+00
2.777841968147215734e+00
2.829303978012966958e+00
2.876144815547367450e+00
2.901362093913822271e+00
2.884823391474770737e+00
2.941722284648910168e+00
2.895475953966808014e+00
2.834692575924238955e+00
2.877149457362269569e+00
2.855402073263939133e+00
2.893021603790749463e+00
2.891550794988737572e+00
2.882720936892781971e+00
2.912297031554301974e+00
2.932052693933040466e+00
2.930150508079746974e+00
2.904867122606471508e+00
2.915101027408827150e+00
2.942998470947615353e+00
2.919215134244134369e+00
2.889178776053846320e+00
2.859537899731353860e+00
2.762467194375346935e+00
2.750641743302824072e+00
2.801331647627606003e+00
2.842307865098360420e+00
2.878093987346487026e+00
2.894746621036114131e+00
2.902600730379567562e+00
2.877452345391666721e+00
2.891326858035943470e+00
2.866118106428973356e+00
2.902028945410434879e+00
2.989024255505464911e+00
2.937237477630980198e+00
2.944779957823674188e+00
2.928061816287354624e+00
2.916794473390265985e+00
2.929731387004617549e+00
2.899261457681938658e+00
2.858221474973554166e+00
2.840681960375007975e+00
2.951791489926075762e+00
2.958288863515528888e+00
2.916965203769150250e+00
2.880407783630643870e+00
2.810070995544418526e+00
2.786575317482016256e+00
2.831548339689788474e+00
2.845149205226326750e+00
2.811564333249374936e+00
2.776369932123599504e+00
2.761725728597972385e+00
2.805688150882061471e+00
2.841375195217977989e+00
2.805955986825167336e+00
2.758385397293133590e+00
2.694782180436853025e+00
2.725093392895002964e+00
2.749308458503701758e+00
2.752205297575019305e+00
2.725345115760571257e+00
2.791183978171270397e+00
2.791080256818137428e+00
2.837017624196226162e+00
2.874687113409040151e+00
2.871240150179013462e+00
2.870757739691735644e+00
2.827460521386638614e+00
2.876373063425536003e+00
2.907709751677426624e+00
2.863991270936418143e+00
2.850410847579695872e+00
2.837661184849241458e+00
2.857303099077869835e+00
2.824188024902024363e+00
2.821202226002240909e+00
2.780498696277342141e+00
2.796459547356263897e+00
2.798125622626689513e+00
2.788167498555278456e+00
2.801589191869500617e+00
2.775810332137266023e+00
2.719269938788718033e+00
2.747427160089963127e+00
2.821346132611168844e+00
2.725150454562096591e+00
2.687894901219168187e+00
