4.811152148914020543e+00
4.341214806940564053e+00
3.820037957926596395e+00
3.039836344279079672e+00
3.042636028183456798e+00
2.687290270886269816e+00
2.876290145308709967e+00
2.975208732173256987e+00
2.853127757391876962e+00
2.730420114194882952e+00
2.929352488178914804e+00
5.099388786903779724e+00
5.240949341483849722e+00
3.008709191663427873e+00
2.608290052889056465e+00
2.758665075720501125e+00
2.977592483870148410e+00
2.826516407169787026e+00
5.960625806071036870e+00
2.746767190717116502e+00
2.813638569539449463e+00
3.086855681757732839e+00
2.885356303821072110e+00
2.784961220555862926e+00
3.028597860396787578e+00
3.032430213541607245e+00
2.823383431275320543e+00
2.730521928130224651e+00
2.988637649498513404e+00
2.818309067508387944e+00
2.933215471116978890e+00
2.910159617615501126e+00
2.845808321022341936e+00
2.882828645618743746e+00
2.919231063139743565e+00
2.933815433867645428e+00
2.761467001432391211e+00
2.835222037160405328e+00
3.183367556535060316e+00
2.733090924210169526e+00
2.757900106965442522e+00
2.906752483442647694e+00
2.839069918124595748e+00
2.820541437383964123e+00
2.723442490672420835e+00
2.880725255903450410e+00
2.870289880830854568e+00
2.713480053363208189e+00
5.729160584239195941e+00
2.940635815601789105e+00
5.533437990978122833e+00
2.981592862883863937e+00
5.611300562258272784e+00
2.756624566385491804e+00
2.901181311121384887e+00
2.838824580702371758e+00
2.827296942310800087e+00
2.804645075584430991e+00
2.753988198958012834e+00
2.696249617524312026e+00
2.799055019109128128e+00
2.820062056054795541e+00
2.745701549695450439e+00
2.906649445667640830e+00
2.843380734266869325e+00
2.804508156522280693e+00
2.925665907105594155e+00
2.844968013879945357e+00
2.786207099265953335e+00
2.764270066400893899e+00
2.662839461927812401e+00
2.944724265529795826e+00
2.877572240622292110e+00
2.845544939023103570e+00
2.982167164999306230e+00
2.816631498794260224e+00
2.728580766625756215e+00
2.843729593333374606e+00
2.770818290685984397e+00
2.772056817599523715e+00
5.768190530833737562e+00
2.831313652706107131e+00
2.846172166261204950e+00
2.941910093799604109e+00
3.080029382976727792e+00
2.778948902013132827e+00
2.692506638803329189e+00
2.756498684926223408e+00
2.721131749842334191e+00
2.876708014380326528e+00
5.754027024615021801e+00
6.053192628687773968e+00
5.817694818396716094e+00
2.682419430290497786e+00
2.778498875292196857e+00
2.947746427357685661e+00
6.035988320068222279e+00
2.747060246882110146e+00
2.723418807308196410e+00
2.982611104384880640e+00
2.684641689313492563e+00
2.719025376858406506e+00
5.935276404684115548e+00
2.749475950067575614e+00
2.920261118461841221e+00
2.808212420740282766e+00
2.826546479363111430e+00
2.887432769780103659e+00
6.019577227679698161e+00
2.801004462688340801e+00
2.867776316242255152e+00
2.852659636199173399e+00
2.889127723033372952e+00
3.156268049453341717e+00
5.808020833295969076e+00
5.644549051961547548e+00
5.304939113693953878e+00
5.157296384734931571e+00
5.681314812611601539e+00
5.734590569517584058e+00
6.129747629388995200e+00
6.038998426891664550e+00
5.820782937028317505e+00
3.215358922422191679e+00
2.798823681477631276e+00
2.857735292150061834e+00
5.839105753452320080e+00
5.568270647157876674e+00
5.724987772912707662e+00
2.857016100759671939e+00
2.937482085051754677e+00
2.954944500324836465e+00
5.948669262952849479e+00
2.829777729787270601e+00
2.866595192907432921e+00
2.776404509433018308e+00
6.233213296526920466e+00
5.873312012825471662e+00
6.090227253559590714e+00
2.750044908724219361e+00
2.798295552653435880e+00
2.685363662523196915e+00
6.198356153045741834e+00
2.779578924945287799e+00
5.852041182356802373e+00
5.167620051822695793e+00
5.572225408218874243e+00
2.728583148815517223e+00
2.754590895214750201e+00
2.830140279208788634e+00
2.969698132807440771e+00
3.285479873625769098e+00
2.754782387049837578e+00
2.806855892275198272e+00
2.821247419139271351e+00
2.906790842148777365e+00
2.778385322448994277e+00
2.981395981750830870e+00
2.823219793073149742e+00
2.924837260430056318e+00
2.907358079081419522e+00
2.634415494943802560e+00
2.716467191040598639e+00
3.018950976746723747e+00
3.047746872691365905e+00
2.743605839037379202e+00
2.929366143041869819e+00
2.789521464337566314e+00
2.772323754542387331e+00
2.933283825339784379e+00
2.751522124206891018e+00
2.651203688893027266e+00
2.859321947595269364e+00
2.983321806309202184e+00
2.966965453118724394e+00
2.794942217649588390e+00
2.713123108154143370e+00
3.177616402273880425e+00
2.803583064580037920e+00
2.849783500548769943e+00
2.985453734359317934e+00
2.952370234235536905e+00
3.172491292344235880e+00
2.708849940472893625e+00
2.910027663098754935e+00
2.790882656078538915e+00
2.824695912837344558e+00
2.768137821713362978e+00
2.923290953702692985e+00
2.710761332172199722e+00
2.906146761607197426e+00
3.087259140402697444e+00
2.641166787614897871e+00
2.824351961070008077e+00
3.051293823937642813e+00
2.921749647043702325e+00
2.828730457289983402e+00
2.934504387456253305e+00
2.990520021668472417e+00
3.010218264511728137e+00
2.920362648713341169e+00
2.723624239868635222e+00
3.282192102848338955e+00
3.093072420749310769e+00
2.825255032735983551e+00
2.888131575950098728e+00
2.690667389329271852e+00
2.906680925041480901e+00
2.875715215385556522e+00
2.810540695311135373e+00
2.887451817779822516e+00
2.720906650364911084e+00
2.948905051031653457e+00
2.923526295417915311e+00
2.777156999523073377e+00
3.048208162183153824e+00
3.051490947061780368e+00
2.853033999096401097e+00
2.966013486146008571e+00
2.830436185466826515e+00
2.922990420784850940e+00
2.980588700240273337e+00
2.676902127460023539e+00
2.805179673389924133e+00
2.937856701747040500e+00
2.821048386681802356e+00
2.669534416335552773e+00
2.896665151514755010e+00
3.076632737263256701e+00
2.848352155194297630e+00
2.920474276551669579e+00
2.826268564733365629e+00
2.995557043356043447e+00
2.736103981942206609e+00
3.050726634754415301e+00
2.902819491459983858e+00
3.027543393578365105e+00
3.007203351953439352e+00
3.169060586356783560e+00
2.820167902802952042e+00
2.799657300456611431e+00
2.998821101699799652e+00
2.738972435056621801e+00
2.774056416153066973e+00
2.657284516193175961e+00
2.762797495293493277e+00
2.946932133592492509e+00
2.637788088531753505e+00
2.636535605676510130e+00
2.777574841475923151e+00
2.697723114035241565e+00
2.876968022067676767e+00
2.862358642797929065e+00
2.802046038165682429e+00
2.735512566229590714e+00
2.839733262121638013e+00
2.881239490219443589e+00
2.920425996323139373e+00
2.856631932888800129e+00
2.985103013297865981e+00
2.984349342821647877e+00
2.761300056132980352e+00
2.674619038293117868e+00
2.749277359598336190e+00
2.730093404995513673e+00
2.716108981613219786e+00
2.806963840166096791e+00
2.837737655245812007e+00
2.702331400846313514e+00
3.054611922978105465e+00
2.934834066859658197e+00
2.576074727176989931e+00
2.888345027866304093e+00
2.999659313988840559e+00
2.747482666005374163e+00
3.347899938767584516e+00
3.165437568488755016e+00
2.735604503578688007e+00
2.753011623658716100e+00
2.828375859039954143e+00
2.890889309537810981e+00
2.913569803522819246e+00
2.765168168484513966e+00
3.031687483894076607e+00
2.732914195506327637e+00
2.703216787458970760e+00
2.680134698107541347e+00
2.683132124961422171e+00
2.854362275535465621e+00
2.697352405600721870e+00
2.798903535315213187e+00
2.870925112224280706e+00
2.750031817997747652e+00
2.816201164689767111e+00
2.774831166035152119e+00
2.688616372783592112e+00
2.825539417527209274e+00
2.852981072492420722e+00
2.604908635633887748e+00
2.768960996475032132e+00
2.741987235564746328e+00
2.808086537128085425e+00
2.901762395510700809e+00
3.001619063105776419e+00
2.878626234855786503e+00
2.776163900060657497e+00
2.790521994179584020e+00
2.983250073326069174e+00
2.856091034963696540e+00
2.801343963171963214e+00
2.752346271819736234e+00
2.812840201646726879e+00
2.736098316946962594e+00
2.813318503120469494e+00
2.934965417172747060e+00
2.820642834532582022e+00
2.861810615676725789e+00
2.726586694018731993e+00
2.959048157769657017e+00
3.248969836732868099e+00
3.165636428903357391e+00
3.657857706363111028e+00
2.773873465030443519e+00
2.923113750780150788e+00
2.775242872254607196e+00
2.905918271390301566e+00
2.936081402141295982e+00
2.751556105188480039e+00
2.714177223395701333e+00
2.876543237985481394e+00
2.773174534716486672e+00
2.977960879528137816e+00
3.424487844919295032e+00
2.900193786628749049e+00
2.728011913463722404e+00
2.639155357306575578e+00
2.782978260784657820e+00
2.812529288736385524e+00
2.738742959826642398e+00
2.746807783591710184e+00
5.896274501751084252e+00
5.921677211736553481e+00
2.819587558491490231e+00
5.891062807337909213e+00
2.921138305524063838e+00
2.780726703579479597e+00
2.916097734987631807e+00
5.505564185440035452e+00
2.855771174306513061e+00
2.855034850925641798e+00
3.140457450754587043e+00
3.091392728205202278e+00
5.874788251503197500e+00
2.741821292498837881e+00
2.821303422179188392e+00
2.792639969634467700e+00
3.180149839237139009e+00
5.417805459777971677e+00
5.601753832506387809e+00
2.885355264087941851e+00
3.072966807500529640e+00
2.894052521983662807e+00
2.721936075663791144e+00
2.836064350468797013e+00
2.880601326112310456e+00
2.783619406456277812e+00
2.702666831113298862e+00
2.710442768257613988e+00
2.778896183739147929e+00
2.984693786638756396e+00
5.894058194487055147e+00
5.741862502707634874e+00
5.975500397456265489e+00
3.113991168902056739e+00
2.750044363278527193e+00
2.792455192120367968e+00
3.073985849024031936e+00
2.855510812446697688e+00
5.745930385934030937e+00
3.236505831911940412e+00
2.765616386992237885e+00
2.729227912798782629e+00
5.652138533334086112e+00
5.416461944849238819e+00
2.800992324159421898e+00
2.748524149430017438e+00
2.855059193782153670e+00
2.891987033165949850e+00
2.960025168811914131e+00
3.103465482327779856e+00
2.756346132110406799e+00
2.840779822513529673e+00
2.805127269839997606e+00
2.920106847360213198e+00
2.835676462504141071e+00
3.085524590730075900e+00
2.671387841553524822e+00
2.854719250644447648e+00
2.922885047346200693e+00
2.957283550828361030e+00
3.295119724683762907e+00
2.835166309054902634e+00
2.656802777776325897e+00
2.876938129331251037e+00
2.760373887718836183e+00
2.853713720750559624e+00
2.857772209256714824e+00
2.877771012433059994e+00
2.697607273121867877e+00
2.701722783706722364e+00
2.784881146476452241e+00
3.086077931614818581e+00
2.661522872342073853e+00
2.915482292863395219e+00
2.759059259965251254e+00
2.764324148865323849e+00
2.757308288893355108e+00
2.629926805065113893e+00
5.949628643873498213e+00
5.915735795317435652e+00
5.457614588810756118e+00
6.224724009946142722e+00
