-5.076472546109999939e+02
-5.591796773390000226e+02
-5.677894259749999719e+02
-5.856654694689999587e+02
-5.883498769420000372e+02
-5.976187524919999987e+02
-5.783910478310000371e+02
-5.716165817549999701e+02
-6.015066379080000161e+02
-5.823709039029999985e+02
-5.871952188579999756e+02
-6.014390517939999654e+02
-5.995510781220000354e+02
-5.939772908229999757e+02
-5.897735911659999601e+02
-5.808115010430000211e+02
-5.864592780250000033e+02
-5.520219524599999659e+02
-6.008348167860000331e+02
-5.845866734390000374e+02
-5.305008579799999779e+02
-5.982540951539999696e+02
-6.008452970739999728e+02
-5.943959533549999605e+02
-5.814265144119999604e+02
-5.879433629630000269e+02
-5.964131244630000310e+02
-5.938662904179999487e+02
-5.657315484279999964e+02
-5.940653903679999530e+02
-5.783478969909999705e+02
-5.783879288250000172e+02
-5.788039517749999732e+02
-5.882932536629999731e+02
-5.815636714270000311e+02
-5.630350549300000011e+02
-5.930672212209999543e+02
-5.951350031560000389e+02
-5.700060086380000257e+02
-5.959718865940000114e+02
-5.779477092780000476e+02
-5.696129425179999544e+02
-5.859352056919999541e+02
-5.859365978780000432e+02
-5.922071361929999966e+02
-5.930253409929999862e+02
-5.821536264970000047e+02
-5.831669759659999954e+02
-5.794650695200000428e+02
-5.838964684899999611e+02
-5.929880982419999782e+02
-5.833421519099999841e+02
-5.920863193039999715e+02
-5.870479519709999749e+02
-5.983752851939999573e+02
-5.670440041900000097e+02
-5.565072690680000278e+02
-5.719194771429999946e+02
-5.976649355910000168e+02
-5.949203614379999863e+02
-5.673058535269999538e+02
-5.950440415870000379e+02
-5.909150014309999506e+02
-5.810551065930000050e+02
-5.889827250820000017e+02
-5.813163519959999803e+02
-6.010913817800000061e+02
-5.891109639669999751e+02
-5.749485586700000113e+02
-5.281856707539999434e+02
-5.789224306999999499e+02
-5.339983309560000180e+02
-5.496399876819999690e+02
-5.661707611069999757e+02
-5.777848176720000311e+02
-5.971969546990000026e+02
-5.823183046059999697e+02
-5.823075043379999443e+02
-5.766391814180000210e+02
-5.678962035759999480e+02
-5.691358599229999982e+02
-5.886007121620000362e+02
-5.959459794719999763e+02
-5.795280685029999859e+02
-5.975695715020000307e+02
-5.896253831840000430e+02
-5.913202512880000086e+02
-5.539766938059999575e+02
-5.613427299630000107e+02
-5.554276162830000203e+02
-5.735138877929999808e+02
-5.797102738290000161e+02
-5.898420404859999735e+02
-5.843403227920000518e+02
-5.783102216409999983e+02
-5.822155710770000496e+02
-5.931762894890000553e+02
-6.020773502120000558e+02
-5.825203650309999830e+02
-5.923643406810000442e+02
-5.950251545280000300e+02
-5.845015591280000535e+02
-5.668332970540000133e+02
-5.905897314280000501e+02
-5.924637526019999996e+02
-5.780953371800000014e+02
-5.871720885539999699e+02
-5.687900120790000074e+02
-5.806969844379999586e+02
-5.874370718760000045e+02
-5.985191857759999721e+02
-5.733567343409999921e+02
-5.889105093179999812e+02
-6.005349551849999443e+02
-5.917198745399999780e+02
-5.855970027140000411e+02
-5.761971123040000293e+02
-5.838835118360000251e+02
-5.769279058370000257e+02
-5.896400896080000393e+02
-5.606390607609999961e+02
-5.829408949009999787e+02
-5.782842660579999574e+02
-5.882293608820000372e+02
-5.948158527650000451e+02
-5.891675757460000113e+02
-5.861628832830000420e+02
-5.820662360329999956e+02
-5.851968009500000107e+02
-5.625469192240000211e+02
-5.981220509949999951e+02
-5.924894087950000312e+02
-5.899941563309999992e+02
-5.857121694510000225e+02
-5.831148865210000167e+02
-5.533539958650000017e+02
-5.841941827169999897e+02
-5.861395219889999453e+02
-5.596297232560000339e+02
-5.875405247999999574e+02
-6.009676798829999598e+02
-5.617793808730000364e+02
-5.946121714930000053e+02
-5.929651502350000101e+02
-5.805117625039999893e+02
-5.613246495570000434e+02
-5.871356790989999581e+02
-5.869437349590000395e+02
-5.949706577160000052e+02
-5.946976779650000253e+02
-5.832480935199999976e+02
-5.911511441049999576e+02
-5.894131513139999470e+02
-6.000886943970000402e+02
-5.881764305440000271e+02
-5.920914930899999717e+02
-5.760821983659999432e+02
-5.654267497509999885e+02
-5.747732878020000271e+02
-5.834330401839999922e+02
-5.810310766600000534e+02
-5.797123619610000560e+02
-5.982118200469999465e+02
-5.638575190719999455e+02
-5.805239801269999589e+02
-5.310347411430000193e+02
-5.655447152430000415e+02
-5.451905835750000051e+02
-5.855446190459999798e+02
-5.917514439599999605e+02
-5.737058219179999696e+02
-5.910995628069999839e+02
-5.915597556029999851e+02
-5.818576094359999615e+02
-6.022107657149999795e+02
-5.944231962740000199e+02
-5.890919674729999542e+02
-5.514108133800000360e+02
-5.864890997869999865e+02
-5.790263929310000321e+02
-5.826666578289999734e+02
-5.764148479000000407e+02
-5.860142769110000245e+02
-5.580508506759999818e+02
-5.802601476139999477e+02
-5.782253803490000337e+02
-5.621232712360000505e+02
-5.961842129829999521e+02
-5.635246450250000407e+02
-5.912210716509999884e+02
-6.012507301959999495e+02
-5.860772553739999466e+02
-5.905297420360000160e+02
-5.796571520060000466e+02
-5.697698470300000508e+02
-5.923584037059999901e+02
-5.597745166570000492e+02
-5.874014168100000006e+02
-6.006566138970000566e+02
-5.868067464639999571e+02
-5.925779327349999903e+02
-5.892552679970000327e+02
-5.845813936150000245e+02
-5.817798163669999667e+02
-5.714716154909999659e+02
-5.711864535769999520e+02
-5.965607015799999999e+02
-5.688114987139999812e+02
-5.949863331340000059e+02
-5.974498386520000395e+02
-5.921597995580000315e+02
-5.709380037480000283e+02
-5.966543996340000149e+02
-5.992750705319999724e+02
-5.385854324209999504e+02
-5.459312390689999575e+02
-5.563924564449999934e+02
-5.864425795769999468e+02
-6.018971814669999958e+02
-5.934071880730000430e+02
-5.546502431500000512e+02
-5.520322083119999661e+02
-5.846005836059999865e+02
-6.022009777719999875e+02
-5.591694488540000521e+02
-5.736684117129999549e+02
-5.753337790130000258e+02
-5.841893407869999919e+02
-5.811979946220000102e+02
-5.906737777470000310e+02
-5.771077136919999475e+02
-5.977938128389999974e+02
