-5.393932308769999509e+02
-5.761605431100000487e+02
-5.723922579820000465e+02
-6.019925645979999445e+02
-5.914411778090000098e+02
-6.005588713590000225e+02
-5.927626380189999509e+02
-5.943632356629999549e+02
-5.884869888509999782e+02
-5.725921881399999620e+02
-5.811654202769999529e+02
-5.701145069950000561e+02
-6.009809947969999939e+02
-5.980938636339999448e+02
-5.926080874829999630e+02
-5.908044305949999853e+02
-5.797215591860000359e+02
-5.754734164579999742e+02
-5.651210396019999962e+02
-5.865216167270000369e+02
-5.722351678149999543e+02
-5.922493526020000445e+02
-5.834051044130000037e+02
-5.992164420569999947e+02
-5.960777730170000268e+02
-5.931538537640000186e+02
-5.630809234099999685e+02
-5.837483672009999509e+02
-5.723340719430000263e+02
-5.906613431240000409e+02
-5.961299453000000312e+02
-5.951674702809999644e+02
-5.961196826569999985e+02
-5.855143862380000428e+02
-5.944214056700000128e+02
-5.972418625530000327e+02
-5.902896714409999959e+02
-5.918553418889999875e+02
-5.811964440330000343e+02
-5.893003478110000515e+02
-5.935641966660000435e+02
-5.967337955049999891e+02
-5.533109268389999897e+02
-6.025936053030000039e+02
-5.857682546669999510e+02
-5.995550673940000479e+02
-5.994661051120000366e+02
-5.990384297809999907e+02
-5.822699485499999810e+02
-5.804638838729999861e+02
-5.919262621560000071e+02
-5.990569335029999820e+02
-5.773260980520000203e+02
-5.527875362429999768e+02
-5.893944515739999588e+02
-6.008049571039999819e+02
-5.975109024509999927e+02
-5.942591259289999925e+02
-6.021297903280000128e+02
-5.882958897859999752e+02
-5.984146885909999583e+02
-5.659897165410000071e+02
-5.651992857449999974e+02
-5.966241677259999960e+02
-5.927082092919999923e+02
-5.883458998879999626e+02
-5.809309520799999973e+02
-5.930610455209999827e+02
-5.610378801430000522e+02
-5.970272146690000454e+02
-5.813334544519999554e+02
-5.708925203349999720e+02
-5.755608137619999525e+02
-5.968716830639999671e+02
-5.880916828809999970e+02
-5.765670957749999843e+02
-5.765816284479999467e+02
-5.611083438189999697e+02
-5.574289260040000045e+02
-5.780359265939999887e+02
-5.860259256729999606e+02
-5.851961468599999989e+02
-6.004860865680000188e+02
-5.827455440930000350e+02
-5.798474159549999740e+02
-5.868648288059999913e+02
-5.706781562779999604e+02
-5.690641183469999760e+02
-5.984375844910000524e+02
-5.910284487249999756e+02
-5.915436057209999490e+02
-5.900001544709999735e+02
-5.756930283110000346e+02
-5.836566406140000254e+02
-5.892106436479999729e+02
-5.846890657449999935e+02
-5.947005971620000082e+02
-5.988534075400000347e+02
-5.757237608819999650e+02
-5.676172182699999667e+02
-5.720462776069999791e+02
-5.963855064719999746e+02
-5.785442851359999850e+02
-5.666827822520000382e+02
-5.800750855000000001e+02
-5.937735604499999909e+02
-6.019167738239999608e+02
-5.881115063409999948e+02
-5.855279069370000116e+02
-5.841989275480000288e+02
-5.958438364940000156e+02
-6.041805194429999801e+02
-5.963299846600000365e+02
-5.953822159720000400e+02
-5.585151607249999870e+02
-5.774069795599999679e+02
-5.911773515779999570e+02
-5.789035379910000074e+02
-5.775992865810000012e+02
-5.917405370559999938e+02
-5.830195025909999913e+02
-5.795949513550000347e+02
-5.784389120309999726e+02
-5.865697668540000222e+02
-5.873848029160000124e+02
-5.792736164210000425e+02
-5.913646390339999925e+02
-5.888155763180000122e+02
-5.830528554530000065e+02
-5.730364859649999971e+02
-5.860484684880000259e+02
-5.748316464800000176e+02
-5.795711423200000354e+02
-5.639083387099999527e+02
-5.854722315300000446e+02
-5.804645488979999755e+02
-5.731916242160000365e+02
-5.723329492899999877e+02
-5.816568442609999465e+02
-5.890021543929999552e+02
-5.969921972140000435e+02
-5.861355071960000487e+02
-6.018590868830000318e+02
-5.906244113449999986e+02
-5.608691756690000148e+02
-5.965179919460000519e+02
-5.738341695520000485e+02
-5.597258139690000007e+02
-5.924092030880000266e+02
-5.712279765910000151e+02
-5.931889572569999700e+02
-5.918685182440000290e+02
-5.947553619459999936e+02
-5.909543140580000227e+02
-5.858391644719999931e+02
-5.727301791050000475e+02
-5.971963034999999991e+02
-5.896024300670000002e+02
-5.759499190919999592e+02
-5.983864357070000324e+02
-5.877821226290000141e+02
-5.885631115989999671e+02
-5.996406485290000319e+02
-6.020690733589999581e+02
-5.719102602100000468e+02
-6.025644216580000148e+02
-5.906590023679999604e+02
-5.899879286609999554e+02
-5.951531995850000385e+02
-5.778604961099999855e+02
-5.867830322710000246e+02
-5.773987801880000461e+02
-5.968455589169999485e+02
-5.894897149209999725e+02
-5.926536259529999597e+02
-5.977192015939999692e+02
-5.955014977820000013e+02
-5.888241751990000239e+02
-5.971203496709999854e+02
-5.682134192590000339e+02
-5.827365543869999556e+02
-5.990667191080000293e+02
-6.041925352810000049e+02
-5.872989976520000255e+02
-5.830805993149999722e+02
-5.724412856149999698e+02
-5.854109394979999479e+02
-5.972762464190000173e+02
-5.839924000470000465e+02
-5.818084799770000473e+02
-5.960577444340000284e+02
-5.992629749960000254e+02
-5.737170510270000250e+02
-5.862165674750000335e+02
-5.953460404300000164e+02
-5.881272785679999515e+02
-5.816551421069999606e+02
-5.981723981029999777e+02
-5.893446227670000326e+02
-6.000007686100000228e+02
-5.746129982700000483e+02
-5.890653217880000057e+02
-5.821674324650000472e+02
-5.940620969230000128e+02
-5.868589452940000228e+02
-5.944083593440000186e+02
-5.878135314099999960e+02
-5.933124231839999538e+02
-5.988884210520000124e+02
-5.854262904600000184e+02
-5.746424223919999577e+02
-5.767027419470000495e+02
-5.782345419609999908e+02
-5.916817526139999472e+02
-5.909533796829999801e+02
-5.771464891409999609e+02
-5.621814232660000243e+02
-5.988022389520000388e+02
-5.763269136999999773e+02
-5.940003299300000208e+02
-5.768053356350000058e+02
-5.774787318610000284e+02
-5.807387067619999925e+02
-5.924271953400000257e+02
-5.777465844409999818e+02
-5.968380476080000108e+02
-5.744812785709999616e+02
-5.512891270139999733e+02
-5.843015744849999464e+02
-5.848097202750000179e+02
-5.839369104150000567e+02
-5.797495085079999626e+02
-5.940708981689999746e+02
-5.820468337139999448e+02
-5.815172352609999962e+02
-5.888656364439999606e+02
-5.991762975740000456e+02
-5.434105581540000003e+02
-5.927186781579999888e+02
-5.945782376360000399e+02
-5.804259710019999829e+02
-5.731284786149999491e+02
-5.986521480919999476e+02
-5.533780836769999496e+02
-5.889534839000000375e+02
-5.665098246579999568e+02
-5.838145071720000487e+02
-5.677860615289999942e+02
-5.978713602310000397e+02
-5.726318230509999694e+02
-5.847043234300000449e+02
-5.943993651120000550e+02
-5.929923166349999519e+02
-5.880996018509999885e+02
-5.796412077090000139e+02
-5.758284516510000230e+02
-5.971888383770000246e+02
-5.830951571849999482e+02
-5.886016353390000404e+02
-5.933726106269999718e+02
-5.959011568519999855e+02
-5.806476351139999679e+02
-5.651792029590000084e+02
-5.823027933370000255e+02
-5.565447857780000049e+02
-5.703381809249999606e+02
-5.584687737870000319e+02
-5.773238526510000383e+02
-5.773806982600000310e+02
-5.470105477329999530e+02
-5.997802350819999901e+02
-5.670712378870000521e+02
-5.959012919479999937e+02
-5.709115430169999854e+02
-5.982958484880000469e+02
-5.747856300930000089e+02
-6.010157580940000344e+02
-5.868188293050000084e+02
-5.845514523790000112e+02
-6.014590783849999980e+02
-5.904892886059999455e+02
-5.678048248689999582e+02
-5.745915756560000318e+02
-5.625988692030000493e+02
-5.891247159900000270e+02
-5.851957796479999843e+02
-5.668903502770000387e+02
-5.942800455589999729e+02
-5.748420024160000139e+02
-5.956717655859999923e+02
-5.874584249370000180e+02
-6.009701437490000444e+02
-5.984588979400000426e+02
-5.784374757099999442e+02
-5.900272213599999986e+02
-5.918554135970000516e+02
-5.924303234300000440e+02
-5.921014714000000367e+02
-5.931224546949999876e+02
-5.940606622159999688e+02
-5.804517824920000066e+02
-5.847740256009999484e+02
-5.683564627920000021e+02
-5.908270112789999757e+02
-5.855793185950000179e+02
-5.659056501850000132e+02
-5.304965131220000103e+02
-5.780269405840000445e+02
-5.885173145009999871e+02
-5.699228352300000324e+02
-5.700018778639999937e+02
-5.583576760869999589e+02
-5.723047595939999610e+02
-5.819520794290000367e+02
-6.004418242799999916e+02
-5.946160139569999501e+02
-5.559610898270000234e+02
-5.693461066639999899e+02
-5.852308261739999580e+02
-5.927090966050000134e+02
-5.889513343349999559e+02
-5.675295267689999719e+02
-5.830101081740000382e+02
-5.823298962960000154e+02
-5.919094603820000202e+02
-5.919996978719999561e+02
-5.822036271700000043e+02
-5.569923794970000017e+02
-5.738468137979999710e+02
-5.962703643849999935e+02
-5.864145835340000303e+02
-5.958827145989999963e+02
-5.693443459369999573e+02
-5.982211916280000423e+02
-5.941093116350000400e+02
-6.010397937349999893e+02
-5.791225574809999443e+02
-5.976347296870000037e+02
-5.935152477760000238e+02
-5.545287264610000193e+02
-5.949776877189999595e+02
-5.804416389939999590e+02
-5.781212854899999911e+02
-5.596032558719999770e+02
-5.985009065259999943e+02
-5.983279884439999705e+02
-5.942610816269999532e+02
-5.995458911680000256e+02
-5.845466778459999659e+02
-6.006414615500000309e+02
-5.978634755550000364e+02
-5.829834377580000364e+02
-6.026526843699999745e+02
-5.670749827350000487e+02
-5.607665351379999947e+02
-5.767587681700000530e+02
-5.921381408060000240e+02
-5.538820421450000140e+02
-5.362503309439999839e+02
-5.807975291689999722e+02
-5.885517031770000358e+02
-6.024078176570000096e+02
-5.986326837459999979e+02
-5.814627733889999490e+02
-5.889890154729999949e+02
-5.861086824699999624e+02
-5.791220294500000136e+02
-5.989822354379999751e+02
-5.828872079760000133e+02
-5.903633778529999745e+02
-5.849955432909999899e+02
-5.973190590709999697e+02
-5.813213043529999595e+02
-5.905638415219999615e+02
-5.867965263500000219e+02
-5.807183836140000039e+02
-5.837666841239999940e+02
-6.001100902660000429e+02
-5.911266081380000514e+02
-5.650214621139999736e+02
-5.802882067880000250e+02
-5.920461641629999576e+02
-5.564813821620000454e+02
-5.740629394600000523e+02
-5.639677241360000153e+02
-5.776289120300000377e+02
-5.962834724110000479e+02
-5.996154095650000500e+02
-5.970761200949999647e+02
-5.800748649990000558e+02
-5.890994459539999752e+02
-5.686759645130000536e+02
-5.725237954599999739e+02
-5.759655979169999682e+02
-5.985780234960000143e+02
-6.041399108209999440e+02
-5.989252486829999498e+02
-5.941064761679999719e+02
-5.689101413199999797e+02
-5.866311064740000347e+02
-5.942028027909999537e+02
-5.914722168040000270e+02
-5.998043886130000146e+02
-5.872975252979999823e+02
-5.729981386279999924e+02
-5.968076732340000490e+02
-5.702939726690000271e+02
-5.922191540339999847e+02
-5.918861723700000539e+02
-5.523746274620000349e+02
-5.712817176309999923e+02
-5.949707095620000246e+02
-5.906515669619999471e+02
-5.863374170170000070e+02
-5.759446114490000355e+02
-5.761650776369999676e+02
-5.764139552489999687e+02
-5.913912177280000151e+02
-5.986099189970000225e+02
-6.000185988140000291e+02
-5.703889470990000063e+02
-5.919565370379999649e+02
-5.771072982250000223e+02
-5.961561137310000049e+02
-5.538089548640000430e+02
-5.733778857639999842e+02
-5.900864775720000353e+02
-5.912926306320000549e+02
-5.903934177920000366e+02
-5.853279061660000480e+02
-5.962885828930000116e+02
-5.955154678540000077e+02
-5.969473853230000486e+02
-5.762441598630000499e+02
-5.972866593510000257e+02
-5.648025139840000293e+02
-5.906152709289999621e+02
-5.771565157899999576e+02
-5.993548751319999610e+02
-5.743038054749999901e+02
-5.867838146809999671e+02
-5.981833689979999917e+02
-5.821443352940000295e+02
-5.830855689290000328e+02
-5.830480248930000471e+02
-5.832095714380000118e+02
-5.989962052719999974e+02
-5.937922761060000312e+02
-5.730044753959999753e+02
-5.872819181679999474e+02
-5.842076152429999638e+02
-5.584397060029999693e+02
-5.798343325990000494e+02
-5.593715816599999471e+02
-5.774290690569999924e+02
-5.931489921119999735e+02
-5.842498099509999747e+02
-5.831155307239999956e+02
-5.845171630559999585e+02
-5.848849295479999455e+02
-5.855829213959999606e+02
-5.985070700620000252e+02
-5.826669097029999875e+02
-5.821941186520000429e+02
-5.741903511560000197e+02
-5.744779422169999634e+02
-5.814565293860000565e+02
-5.854181636079999862e+02
-5.783266636920000110e+02
-5.920656900689999702e+02
-5.703880978019999475e+02
-5.803192542150000008e+02
-5.869083143630000450e+02
-5.884202592069999582e+02
-5.835232808030000342e+02
-5.921419408640000484e+02
-5.653153888030000189e+02
-5.776274663399999554e+02
-5.766187045289999560e+02
-5.922212032190000173e+02
-6.027150748550000117e+02
-5.802521322190000319e+02
-5.964285223560000304e+02
-5.839270380469999964e+02
-5.899852336269999569e+02
-5.842552168400000028e+02
-5.749521972589999450e+02
-5.701647472930000049e+02
-5.957357217710000441e+02
-5.803678971369999999e+02
-5.859306265369999664e+02
-5.826761261599999671e+02
-6.010640770539999949e+02
-5.947619606709999971e+02
-5.996520693639999990e+02
-5.876610311580000143e+02
-6.035980453939999961e+02
-6.021788576709999461e+02
-5.726764097599999559e+02
-5.848283477740000080e+02
-5.873202606549999700e+02
-5.922159986149999895e+02
-6.004327297150000504e+02
-5.890663155839999945e+02
-5.675207657170000175e+02
-5.952010239989999718e+02
-5.862087785339999755e+02
-5.890224402080000345e+02
-5.778071215469999515e+02
-5.859641026110000439e+02
-6.015900943300000563e+02
-5.928180729919999976e+02
-5.784138245699999743e+02
-5.996973029040000256e+02
-5.787497418689999904e+02
-5.806395063630000095e+02
-5.832382205190000377e+02
-5.707615681190000032e+02
-5.789231569739999941e+02
-5.878309254959999635e+02
-5.814805105729999468e+02
-5.896794995730000437e+02
-5.922440784550000217e+02
-5.961449165510000512e+02
-5.906102147609999520e+02
-5.986781833600000482e+02
-5.827875685379999595e+02
-6.009165913909999972e+02
-5.972186425999999528e+02
-5.864639362970000320e+02
-5.785067094229999611e+02
-6.011728512900000396e+02
-5.905033175610000171e+02
-5.960950376040000265e+02
-5.901341783440000199e+02
-5.882153010839999752e+02
-5.967834522829999742e+02
-5.920319515590000492e+02
-5.782570884389999719e+02
-5.903332562519999556e+02
-5.802033265070000425e+02
-5.965157498199999964e+02
-5.929687866949999488e+02
-5.955167707939999673e+02
-5.938630132629999707e+02
-5.864907256770000004e+02
-5.880643510840000090e+02
-5.858298759409999548e+02
-5.962774513059999890e+02
-5.671110416730000452e+02
-5.799403252399999928e+02
-5.886568058100000371e+02
-5.839373460909999949e+02
-5.813305365869999832e+02
-5.937595805250000467e+02
-5.730076791300000423e+02
-5.849111815689999503e+02
-5.707539911229999916e+02
-5.975291580340000337e+02
-5.841424337219999643e+02
-5.988690465600000152e+02
-5.990829685370000561e+02
-5.802664729800000032e+02
-5.914040199370000437e+02
-5.894640233449999869e+02
-5.981679362260000516e+02
-5.575057229340000049e+02
-5.550316759150000507e+02
-5.659411412140000266e+02
-5.874018841250000378e+02
-5.800641861650000237e+02
-5.921936425310000232e+02
-5.820331497519999857e+02
-6.008219871090000197e+02
-5.925277720530000352e+02
-5.995779067729999952e+02
-6.054557259099999555e+02
-5.791137794559999747e+02
-5.968351332629999888e+02
-5.973433925360000103e+02
-5.752592919239999674e+02
-5.861379843339999525e+02
-5.945665229490000456e+02
-5.808859302529999695e+02
-5.941802754799999775e+02
-6.001972665270000107e+02
-5.870823843890000262e+02
-6.007777468570000110e+02
-5.807753498880000507e+02
-5.884226306419999446e+02
-5.899284985360000064e+02
-5.804235084440000492e+02
-5.930147555280000233e+02
-5.761854232189999721e+02
-5.757652082570000402e+02
-5.670438775879999866e+02
-5.735514803199999960e+02
