4.843446190472234569e+00
4.643381957151489381e+00
4.202752193503680900e+00
3.690949064942511626e+00
2.702842392741389599e+00
2.818817837321170305e+00
2.760899128907102984e+00
3.081955548024662761e+00
2.848680571773536840e+00
2.813427447083006072e+00
2.854646387908667204e+00
2.909071329479564039e+00
2.869954877694073314e+00
2.747265185598215975e+00
2.854451260750479058e+00
2.756982771074204752e+00
2.810869794209614358e+00
2.881585327558425558e+00
2.972948872752438909e+00
2.929927132199707351e+00
2.877347737066203059e+00
2.776133101996371977e+00
2.776882604648601482e+00
2.995005342232297085e+00
2.820820625279104821e+00
3.017363584323241810e+00
2.867411899256889107e+00
2.944358164354330398e+00
2.734731796721572739e+00
2.779633968708830061e+00
2.964768119094645549e+00
2.803520287067671646e+00
2.825746803944047425e+00
2.850028771784594017e+00
2.758763128650229213e+00
2.785443950252813661e+00
2.766492544721565583e+00
2.912753164962661678e+00
2.871378414629461417e+00
2.937043751802141056e+00
2.888262107219495167e+00
2.907432028440217753e+00
2.928637396469559118e+00
2.786945281127708007e+00
2.975413080565453061e+00
2.699372519679342108e+00
2.863026545458494443e+00
2.838595955749954935e+00
2.747738160742394964e+00
2.773077892883645479e+00
6.063586809801604360e+00
2.952577518034030568e+00
2.723710887741207731e+00
5.783793046090083045e+00
5.842987335259250514e+00
2.870817479395024296e+00
5.905445876477067202e+00
6.184217492941204597e+00
2.951843322400428349e+00
5.783053950984721858e+00
6.106907073142672004e+00
3.045556435201948631e+00
6.153895432975766688e+00
3.027633564353520157e+00
2.760907821713720178e+00
2.785704578737666637e+00
2.733838876012995911e+00
2.923119737540698093e+00
2.854261375557606950e+00
2.862657681246572050e+00
6.145811175101298041e+00
6.123823968730649270e+00
5.765105029398856828e+00
2.787676451814306233e+00
6.234359389704766663e+00
2.769707204742046347e+00
2.716810814171645827e+00
2.739330027579736537e+00
2.783446245214733938e+00
5.913823636193423106e+00
5.925531959242141156e+00
2.894774948074547716e+00
2.744368779883636478e+00
2.709298986822975319e+00
2.890729146772488711e+00
5.953588665670479507e+00
5.915813553519075896e+00
5.849994615382136942e+00
2.763809146811696760e+00
5.861483174078041536e+00
6.033157050831678525e+00
6.111848411078272036e+00
2.913618712185930715e+00
2.785514494667008289e+00
6.150436976345664775e+00
2.876833154703275497e+00
2.720741259289460423e+00
2.754308806216180017e+00
2.727605909951069219e+00
2.772344314835370582e+00
3.050703033728454638e+00
2.803815079494366369e+00
2.779557878512336266e+00
2.882905131980586066e+00
2.810756481803430962e+00
2.820649747841798227e+00
2.719289980858974332e+00
2.790162181666148822e+00
2.972100435718819877e+00
5.782170959077568284e+00
6.046770543025425937e+00
6.065339149627165583e+00
5.957758471103037579e+00
2.795246500758028052e+00
2.800966618865708746e+00
5.690097538707047597e+00
5.716082749575971178e+00
6.171969620793673172e+00
6.317600968722224763e+00
8.033075002762018357e+00
5.754089415363650595e+00
5.963791243831393807e+00
5.657184900637418856e+00
2.833152660906220532e+00
2.869189955370679002e+00
5.842419105131024359e+00
7.529105856607410274e+00
5.745047432354235539e+00
7.633845754270908834e+00
2.740614894508165200e+00
2.747540900514494844e+00
2.735122849160527281e+00
2.755662352321125663e+00
6.123520311062909727e+00
2.952303168714216053e+00
5.813593897065739036e+00
5.807501872578260560e+00
5.733050671326742176e+00
5.987723189994675010e+00
2.885224601309229087e+00
2.968902322408064620e+00
2.672216308609765445e+00
6.086878017506183625e+00
6.117913124587500917e+00
6.010504637715538223e+00
2.698770460783947556e+00
6.136767390084131080e+00
5.321136814628994571e+00
5.595410083273611335e+00
2.885656424455274927e+00
5.696284841894759587e+00
5.527420827112768720e+00
7.446678789903590889e+00
6.271459319807472177e+00
5.948212336492368912e+00
5.898629162780110846e+00
5.699401021160031000e+00
2.731609964837586446e+00
2.782187808182618127e+00
2.808031516917144366e+00
2.741208857420389666e+00
2.820946826865051271e+00
2.688818513771429330e+00
2.816083805571133691e+00
2.739485718159523131e+00
2.788862671412847050e+00
2.748200502146813662e+00
2.722751916719553744e+00
5.721437756368587202e+00
2.732201676304295113e+00
5.899819404015685720e+00
6.130214188753929427e+00
2.909032828965668394e+00
5.957402957665362209e+00
2.786638656159065253e+00
6.158604468546426070e+00
5.883775488578740998e+00
7.976546997291497298e+00
2.733836315509763804e+00
2.810488569626285127e+00
2.835568020697087466e+00
2.762222474747463519e+00
2.752845981888561333e+00
2.738491555583109527e+00
2.787375288690061126e+00
2.929261169646707685e+00
2.863457001597894180e+00
2.907170101662439610e+00
2.757417632496028670e+00
3.005654837136160662e+00
2.704590357152076852e+00
2.754714322756536049e+00
2.713116289435453243e+00
2.715016390374098254e+00
2.915064664805911310e+00
6.102749871983940366e+00
6.244425193722797474e+00
6.027075659057218537e+00
6.164427953995406995e+00
5.898820983891612357e+00
2.750026363509993299e+00
2.876827766829289867e+00
2.714520399628634006e+00
2.779860068420711094e+00
2.803155543311858455e+00
5.886677161183548890e+00
6.060432080305825586e+00
2.808092591066042587e+00
6.192808894193328584e+00
2.913736261228871083e+00
5.842784781249434012e+00
6.230593069684458030e+00
2.785971105377799351e+00
2.818834333549951943e+00
5.765454882314144491e+00
2.851292689290245264e+00
6.102182068735740650e+00
6.129074563096780892e+00
2.783558154592786771e+00
2.681525871588786192e+00
2.901809607813717662e+00
2.784659763777255215e+00
2.753170172728159226e+00
2.700060369695462814e+00
5.763277105952828272e+00
5.985616258999569617e+00
2.816333254428530886e+00
2.814648112997431006e+00
5.509792282836078137e+00
2.818876017138745915e+00
2.718053899391989603e+00
2.730804643324014513e+00
2.726277131914509155e+00
2.912419097588806682e+00
2.724552440310150647e+00
3.064117164861682951e+00
2.853206792365390321e+00
2.998031687624398867e+00
2.753540448222977943e+00
2.949488599740639483e+00
2.806257650323647823e+00
2.954899152255453743e+00
2.749192245005794177e+00
2.996224624423209359e+00
2.753113510191688817e+00
3.001985676181683882e+00
3.007713749677651816e+00
2.753642859922107444e+00
2.914196115569438028e+00
2.960173474646376146e+00
2.798726496104969819e+00
2.825180525205424953e+00
2.789652487318088792e+00
2.977968602923811936e+00
2.895993266566757374e+00
2.877450260213024080e+00
2.752303943971304623e+00
2.804345378158688895e+00
2.763079622450283157e+00
2.914674081265347994e+00
2.825377142966935207e+00
2.604236164405985932e+00
2.710046863063441780e+00
2.939666647768076402e+00
2.808587367343234664e+00
2.712059365131965549e+00
2.843731527412530102e+00
2.817534738028974584e+00
2.770928725175008545e+00
2.893871800892361623e+00
2.876708188190105542e+00
2.689895351124277578e+00
2.968918321544060213e+00
3.020699753368413898e+00
3.024127642808748906e+00
2.878298976826417110e+00
2.811384534353136289e+00
3.058836053141782418e+00
2.909223607768918196e+00
3.046609591004400208e+00
2.820515378437068232e+00
2.871298138473258543e+00
2.685661371059278046e+00
2.971836805748256705e+00
2.849504167394742105e+00
2.916224099756395738e+00
2.734894879149836644e+00
2.849555228452327782e+00
2.707322108652754800e+00
2.972261260387450754e+00
2.946448370496248526e+00
2.712115963597427459e+00
2.786939001844138009e+00
2.745080326693555950e+00
2.868337846209891406e+00
2.886459942559397085e+00
2.824196522907001849e+00
2.780702609054049645e+00
3.276895024256956113e+00
3.363404376520908290e+00
2.833104480953711590e+00
2.773320212308705290e+00
2.838879356365818118e+00
3.049512911925444492e+00
2.892949705750170519e+00
2.768123190900289465e+00
2.873557725190152290e+00
2.799235788568015693e+00
2.782569495987476937e+00
2.933369734622623515e+00
2.742921982120527069e+00
2.832379035369383402e+00
2.912662527654036548e+00
2.727999633431060555e+00
2.908643842067983432e+00
2.814911366277808913e+00
2.832977409016881332e+00
2.973120414648555698e+00
2.976106516910979050e+00
2.840287485449316307e+00
2.908922824689579301e+00
2.678149174336635685e+00
2.702612439844084946e+00
2.885505328361048338e+00
2.953948374633517115e+00
2.879603444920845412e+00
2.818354839263501610e+00
2.778737483102712957e+00
2.808101137779762890e+00
2.895147146519499781e+00
2.726419446820315784e+00
2.976734116443723988e+00
2.738191556483950517e+00
2.633739736572313195e+00
2.832586274061215548e+00
2.786760305444298869e+00
2.820882308782129755e+00
2.727599860683381117e+00
2.757856776556752099e+00
2.749995272723209538e+00
3.070745023605834234e+00
2.923464554257498627e+00
2.967963274705399890e+00
2.851890776309640163e+00
2.810866414470812202e+00
2.886998094907580636e+00
2.968634366169064620e+00
2.768685428140943650e+00
2.963175830085012397e+00
2.934595883592833410e+00
2.837509118928078333e+00
2.748930519311101328e+00
2.810516500574227194e+00
2.792571216638887854e+00
2.944191909505900373e+00
2.927283553057339116e+00
2.735745967738963280e+00
2.828767576171644205e+00
2.790711916339628562e+00
2.824608468443015941e+00
2.943079679519397640e+00
2.764953706664905031e+00
2.864574313925194460e+00
2.696114426355083360e+00
2.910837164803280253e+00
2.873735374038465018e+00
2.782923822169769412e+00
2.887245919557251739e+00
2.931562211517948047e+00
2.886472068113599576e+00
2.873692050307409040e+00
2.890318667552074228e+00
2.860326904393970970e+00
2.861944968024367597e+00
2.968785105055602003e+00
3.095780838496162257e+00
2.894088630294518349e+00
2.756847112191752380e+00
3.179240318063420556e+00
2.745308179421756201e+00
2.749299183428387749e+00
2.767322171341819015e+00
2.934535397639633558e+00
2.719235738217633536e+00
2.944922409843763411e+00
3.107266483583279282e+00
2.853490143666173040e+00
2.763813488642097305e+00
2.832076799806106937e+00
2.954776641304718954e+00
2.725154307557647204e+00
2.809362561151551141e+00
2.922416294780741275e+00
2.694319023426884563e+00
2.868930114171483137e+00
2.804019436451894443e+00
3.238469545942959549e+00
3.593982470741893032e+00
3.268434793597693400e+00
2.931239157762464576e+00
2.747012559126732256e+00
2.915715006649312269e+00
3.035534384585356182e+00
2.825810503200807400e+00
2.962312103745991188e+00
2.856853338902786810e+00
2.866375760433373276e+00
2.854691226735389442e+00
2.749408299980197423e+00
2.967114086111283910e+00
2.790789494032110074e+00
2.660917510934903252e+00
3.001768811884086396e+00
2.863957227334235078e+00
2.750677371121521109e+00
2.829341089370456253e+00
2.779608065897061220e+00
2.764592917592027632e+00
2.809817253844100637e+00
6.112270690995286415e+00
2.955465614755144355e+00
2.724864216800536365e+00
2.655512944799931052e+00
2.726963696127984615e+00
6.131924086288087494e+00
2.737835824150162356e+00
2.891959889071769041e+00
2.875070955646138682e+00
2.798629307357442642e+00
2.781475507711689499e+00
2.884835697227833506e+00
2.757248447274927905e+00
2.821999822820689285e+00
2.823265131014089047e+00
2.745390500457084215e+00
3.052566952582695059e+00
2.942421791653943686e+00
3.021991892775359290e+00
2.843195913052774415e+00
2.774288016771149668e+00
2.829935688315195375e+00
2.827262280015775620e+00
2.899087615095480519e+00
2.724825865995843532e+00
2.760635615216177285e+00
2.860438777530467824e+00
2.753341606121550988e+00
2.984100869608800721e+00
2.804086303950004577e+00
2.810646544836258975e+00
2.893969073780851442e+00
2.748676772558025228e+00
2.865576730782129822e+00
3.012147904735091419e+00
2.895541054794423363e+00
2.711257457343363431e+00
2.731956258800641635e+00
2.772910023783678568e+00
2.877736784349812282e+00
2.813216308782529484e+00
2.932002216915942761e+00
2.867625149840892451e+00
2.844942705925727289e+00
2.945849622774387999e+00
2.770850771874948659e+00
2.713181527284895811e+00
2.800119104609659626e+00
2.709663632261391619e+00
2.900088619335623008e+00
3.025576969769567803e+00
2.739608731187721968e+00
2.805623103697287402e+00
2.825083007630041276e+00
2.731008604893071290e+00
2.880006597214666009e+00
2.912918467791366428e+00
2.849278680648841267e+00
2.805181990531095959e+00
2.825535347504964268e+00
2.716358591938847766e+00
2.862213304420200277e+00
2.954421263124133112e+00
2.786381524486551520e+00
2.975788971012561124e+00
2.932372077346256489e+00
3.038288992179644321e+00
3.126764142048453099e+00
2.805021568544526556e+00
2.951256512063971993e+00
2.986213153812031784e+00
2.895974792707975087e+00
2.783071324993307005e+00
2.883122959570056043e+00
2.816757000523829380e+00
2.774032083448207509e+00
2.738429111735412924e+00
2.838068004822999590e+00
2.890133906932341734e+00
2.751742902234873167e+00
2.784012931004451907e+00
2.689046485280609744e+00
2.815592832779625798e+00
2.732921330737494880e+00
2.981138205451065559e+00
2.863045406555753569e+00
2.944587577233864106e+00
2.691642435391447208e+00
2.882493538587728388e+00
2.827800205106436149e+00
5.668214533695774549e+00
3.037038195347566027e+00
3.029459687799130219e+00
5.628119579397722561e+00
2.659920487533414590e+00
2.800384259347278082e+00
2.654658923477740906e+00
2.895877932510277475e+00
2.976441163537421719e+00
2.784327207782878677e+00
2.860231633976520804e+00
2.787261918083767220e+00
2.714761131296822061e+00
2.782042774653186612e+00
2.989398099952564003e+00
3.024188651522917493e+00
2.684692161123877874e+00
2.819703707838821849e+00
2.784561365816885736e+00
2.720494991724851097e+00
2.912120533219736185e+00
2.871328264061773883e+00
2.710932496393076985e+00
2.945808887215869643e+00
2.718681481895222074e+00
2.695886867062488701e+00
2.842061575687620856e+00
3.068193442402222804e+00
2.876831764285148196e+00
2.909563712998910034e+00
2.948873344177399325e+00
2.900516850494063714e+00
2.749444671201804358e+00
2.926799446494412482e+00
2.995328362634053221e+00
2.757538576339413794e+00
2.785222432769059786e+00
2.753890702261075241e+00
2.898913417127182868e+00
2.915389682358088930e+00
2.934486667204333710e+00
2.914834815216807318e+00
2.753367574444066435e+00
2.944647517106249168e+00
2.895065629653324368e+00
2.855088439961186886e+00
