4.818793417443831828e+00
4.355811061099872816e+00
3.253928241372264996e+00
2.875096694026133104e+00
2.951569751843923672e+00
2.788725873943152411e+00
3.048077754913742332e+00
2.692323346108338900e+00
2.869768109098712827e+00
2.919922944188767300e+00
2.682002423563409454e+00
2.718580511958400336e+00
2.759370580404161721e+00
2.766369100463638375e+00
2.780491683138074155e+00
2.830287971214236364e+00
2.883994972256366474e+00
2.917961103236299092e+00
2.812904726434935831e+00
2.839638357256078383e+00
3.021204230104280519e+00
3.003617319167008137e+00
2.896940800223573920e+00
2.758076866223999613e+00
2.863681895741913674e+00
2.923241009564554904e+00
2.856646635480139196e+00
2.753536816532511811e+00
2.729762810208975043e+00
2.693824975754735451e+00
2.781973939489728487e+00
2.949834402131753741e+00
2.796915622610021135e+00
2.769152397395274967e+00
2.891240910059208691e+00
2.773232950907658978e+00
2.722478466397851626e+00
3.062785333646483199e+00
2.869033809490574516e+00
2.769855772418484463e+00
3.027331167877079121e+00
3.004855736969746616e+00
3.167266487051570767e+00
2.922441787273101887e+00
2.893475591740839459e+00
2.674130512895733336e+00
2.658424345359484242e+00
2.908669970966111684e+00
2.829719950807853213e+00
2.992254835404230651e+00
2.764290143961013246e+00
2.844933391135898049e+00
2.786090271330059043e+00
2.912211015706108075e+00
2.745467537597194418e+00
2.749524140646886217e+00
2.823383962552738158e+00
2.797147475554336626e+00
2.710034317125892045e+00
2.815642733018520083e+00
2.786738057299250393e+00
2.934748711559475698e+00
2.759768649724102740e+00
3.015156546516282621e+00
3.033911831283170102e+00
2.685043388848679324e+00
2.789482030772021393e+00
2.934377617144732664e+00
2.708000738552336362e+00
2.824026203844432814e+00
2.654110208714024477e+00
2.672509869018260265e+00
2.976088372343804966e+00
2.746846373570972499e+00
2.912306645942353445e+00
2.791714526952925990e+00
2.820882308782129755e+00
2.757557071032256335e+00
2.788040530551878060e+00
2.850821109785740770e+00
2.728340704530868965e+00
2.718150474127582150e+00
2.751688390788463057e+00
2.743981596148195479e+00
2.511507515417782166e+00
2.756299330624306876e+00
2.840822944148403195e+00
2.773488236859857459e+00
2.913326792517447750e+00
2.932368326114576096e+00
2.893892879841960752e+00
2.967473841502229703e+00
2.905201542062099573e+00
2.924869227845922293e+00
3.056119107626534159e+00
2.754754072508106777e+00
3.095086590064969112e+00
3.013782672987553202e+00
2.856150206134123959e+00
3.002771053543709545e+00
3.019157829594206977e+00
2.761966509572482131e+00
2.697625993350449392e+00
2.847952949049544991e+00
2.716178381476444859e+00
2.714769603483875748e+00
2.871546969840472308e+00
2.785233562917121208e+00
2.907177841137346341e+00
2.808744381391799383e+00
2.850464698956996390e+00
2.997505129270007007e+00
2.970195953131712141e+00
2.881145952568179069e+00
2.734642572622608903e+00
2.780632482008364548e+00
2.939140010275114623e+00
3.060860173219286828e+00
3.113025698576868727e+00
2.891403811299971149e+00
2.969380069980938064e+00
2.751347488050173595e+00
2.985716831851272346e+00
2.897610912458744359e+00
2.868550330741993726e+00
2.830436008815603088e+00
2.986600241076800000e+00
2.830837508582928486e+00
2.937014300271621359e+00
2.879503429412787252e+00
2.892146088979600460e+00
2.686283305982449576e+00
2.753903048402394305e+00
2.827910182449223431e+00
2.787481479759103209e+00
3.043848057968728593e+00
2.871547666329082205e+00
2.750255988085472669e+00
2.756834053765297554e+00
2.933594723202235244e+00
2.816087711702176755e+00
2.854250339406128933e+00
2.795704920051470310e+00
2.681704868176212564e+00
2.839105492932589403e+00
2.784564597921908025e+00
2.941947144324655650e+00
2.993703392121537465e+00
2.765946854153203294e+00
2.744282237671628266e+00
2.836319269757902273e+00
2.779672822473896687e+00
2.776060157849609578e+00
2.787063867226583724e+00
2.912186978887173261e+00
2.748244894473562017e+00
2.767876803616808434e+00
2.827710204387996029e+00
2.932564406794844203e+00
3.024058365838860230e+00
2.928109970612442492e+00
2.839382151102595397e+00
2.773480484878161345e+00
2.785769911532537169e+00
2.959223039921120790e+00
2.715610796855838061e+00
3.006089819017389253e+00
3.357088768561236947e+00
3.230796960503708348e+00
2.864978882993729936e+00
2.841489398185395032e+00
2.990736531358119343e+00
2.859408330406834509e+00
2.730545916112747218e+00
2.755095098177193336e+00
2.790104836740010530e+00
2.848313711654669511e+00
2.757440479865340244e+00
2.707752942939957830e+00
2.835354122503924934e+00
2.778929829988515010e+00
2.761026801753290183e+00
2.641613143516665207e+00
2.921881756676679487e+00
2.880044096884629035e+00
3.021132403586443083e+00
2.899437186765734698e+00
2.759394317599425772e+00
2.856704044874092130e+00
2.849501886295217279e+00
2.782244238020810112e+00
2.764990415896590559e+00
2.741020795251287279e+00
2.895797299536001734e+00
2.675647398294476620e+00
2.867151024972350637e+00
2.800112854868531898e+00
2.793344053280941708e+00
2.789604273010779956e+00
6.103872541264274254e+00
2.894504620828925123e+00
2.728821540518910904e+00
2.900909857268922032e+00
2.800128032787072119e+00
2.796234074608204168e+00
2.799462269793969060e+00
2.825499955760041981e+00
2.846911484398487513e+00
2.735366520230881004e+00
2.828273501626036079e+00
2.934764896886972618e+00
2.689877506504710691e+00
2.739197875291231821e+00
2.743294552176270162e+00
6.220335762641757249e+00
5.774984848464971954e+00
5.740922051378157143e+00
5.856098872116145770e+00
3.013298856734924147e+00
2.923618819203351205e+00
2.892673676721935649e+00
2.827823544707130488e+00
2.874760163909330313e+00
2.742242512980936464e+00
2.875724952077301833e+00
2.757584812838945520e+00
2.720958287074610737e+00
2.970151679628499686e+00
3.118884896882218261e+00
2.790561592224762411e+00
3.031401820940272884e+00
2.794045454175719367e+00
2.748713153459269254e+00
2.972231653152223707e+00
2.964805727193605023e+00
6.057661429957933663e+00
5.931000168605629064e+00
6.126625498592189523e+00
5.834359005066451331e+00
5.805845847075170596e+00
5.952569949190013254e+00
7.702078031284804283e+00
6.052493370504423709e+00
5.565499887701013115e+00
2.890973019590462822e+00
2.809255239382850711e+00
5.949377278337623309e+00
2.889680951247039609e+00
2.848130088321107589e+00
2.814565863503641019e+00
2.899329060317231921e+00
2.712025257994474803e+00
2.822065555581585006e+00
2.788522727180109850e+00
5.728029067663675811e+00
2.750576848590127632e+00
2.746892425997057963e+00
2.880372718937603604e+00
2.914065373322979546e+00
5.699195118611049438e+00
5.754109314220577254e+00
6.156400328113823761e+00
2.859826743003848648e+00
2.980455669859895629e+00
5.554879926695085679e+00
5.681520483110133135e+00
2.850097893055605347e+00
2.853654849486882306e+00
2.838399725197281231e+00
2.849974736730134683e+00
2.945673946654653097e+00
5.816023813568853562e+00
2.743526562656173340e+00
2.752942244217993384e+00
6.097568777799886597e+00
2.905514412285714609e+00
2.853142828531372466e+00
2.764216163761437528e+00
2.962007765013455085e+00
5.864970076650007691e+00
2.724287246235242321e+00
6.181195838994263170e+00
6.092786800799778746e+00
2.820774716279199179e+00
2.859714845924327786e+00
2.850304194292251125e+00
2.767370954534285499e+00
2.817076676272763702e+00
3.065139474803716180e+00
6.194654954071292075e+00
2.927669892593766754e+00
2.884256229949065720e+00
2.779566333081475271e+00
2.816973020815073170e+00
2.863076317529799741e+00
2.823313124681709585e+00
2.806221302748591384e+00
2.979617592913560653e+00
2.887408699855287253e+00
2.910029209475395895e+00
2.911780726634476402e+00
2.746033685153916437e+00
3.044946797564778151e+00
2.842427307777632084e+00
2.754743545232477775e+00
2.758189442369758826e+00
2.761251346762913172e+00
2.854209697972452719e+00
2.742958621634675520e+00
2.943761199554067343e+00
2.768280874477876630e+00
3.047731943593464887e+00
5.719334751524867144e+00
2.756320917455004516e+00
2.760148909026467923e+00
3.083212772417758707e+00
2.834273275462336539e+00
2.726323715188641916e+00
2.863111768688047842e+00
2.785040215149505283e+00
2.766815136578517631e+00
2.730548845928232105e+00
2.654171245417296099e+00
2.816897229222251831e+00
2.784714168456073224e+00
2.878697795879240573e+00
6.005400985779384193e+00
2.829708818942330950e+00
2.767103539804753876e+00
5.804732379705372480e+00
2.746191726737228223e+00
2.744639867086390961e+00
5.908261080893429273e+00
2.963130270507862818e+00
5.637929850574588286e+00
5.934367952865747142e+00
2.764718611359933575e+00
2.846710030895314159e+00
2.744328150932391353e+00
2.816016690291447855e+00
2.721736210583237447e+00
5.809127731424055696e+00
2.874354710191489026e+00
2.903609133475096193e+00
2.880085762611940048e+00
2.768996027443881847e+00
6.046339471118042042e+00
2.976099124693261988e+00
5.977508594724059598e+00
2.864525789725063554e+00
6.245507665514469231e+00
6.017072377826280238e+00
2.841306917599716542e+00
5.924318273016735859e+00
2.742385093308377542e+00
2.892886620661100139e+00
2.792380525644740707e+00
2.704646927049814131e+00
2.820498892040200545e+00
2.706344213140671862e+00
2.919119387760630957e+00
6.120244194474596000e+00
6.248130200307929094e+00
2.816315678328691785e+00
5.932396058929309213e+00
5.663448507755676431e+00
2.778523888686220911e+00
5.916438286672142333e+00
2.869054548104653879e+00
2.804121787654737297e+00
2.782695815212291812e+00
2.760846428181038537e+00
2.782299408762471504e+00
2.767027285734638298e+00
2.927978654293777794e+00
2.760730881487726940e+00
5.919510621664598737e+00
2.760653183578118508e+00
5.907456813214972513e+00
2.621262672835364516e+00
2.723428170523320091e+00
2.746707301479355046e+00
6.308587559826683844e+00
2.773499414097648330e+00
2.945860485494858683e+00
2.847823906072846079e+00
2.763671109231342182e+00
2.792274520887945144e+00
3.040638090927626713e+00
2.727918437197123680e+00
2.858144328056229977e+00
2.883871876488274477e+00
6.140678219871157140e+00
3.048985569004878382e+00
2.836418163811535109e+00
2.694624278076629853e+00
6.094839374421609612e+00
2.851702999963355190e+00
2.813979566379258834e+00
2.845962930187250439e+00
2.910299125519574925e+00
6.046905489587215854e+00
2.850297703749557154e+00
2.909154344478821042e+00
2.573316342776379440e+00
2.881910824435760077e+00
2.750335615883996443e+00
2.889098994496380524e+00
2.738728354547051325e+00
2.714218487889285658e+00
2.752149886906597676e+00
2.849418186226795324e+00
2.940031972615264166e+00
2.921903660287244797e+00
2.910499269884808005e+00
2.841181972348832296e+00
2.867096440652110445e+00
3.019476113500485948e+00
2.728803034299104535e+00
2.749023281094578053e+00
2.750658466622128540e+00
2.890791241165643122e+00
2.770174182249195205e+00
2.923938952851102613e+00
2.846607805792711776e+00
2.910815349691560527e+00
2.807222826923434944e+00
2.890398069470708098e+00
2.866378551412914533e+00
2.822004429479159970e+00
2.829208723300562944e+00
2.888391593949823033e+00
2.806933914434039501e+00
2.887366447127901470e+00
2.797808249326604546e+00
2.883862167302730040e+00
2.730012637333387726e+00
2.894601526980872475e+00
2.694739133942282372e+00
2.698122495365991025e+00
2.827968528820643979e+00
2.891996023510406300e+00
2.922011978072643235e+00
2.963693978804154305e+00
3.125206713163146688e+00
3.346417039162931317e+00
2.938377103096196929e+00
2.854546548928567962e+00
2.879048106579673139e+00
2.756559268363370840e+00
2.861389522592127310e+00
2.826727082687679804e+00
2.918028958046852583e+00
2.684164488253280911e+00
2.828426594416054041e+00
2.920414354162778725e+00
2.990629030822779644e+00
2.732036785989530259e+00
2.727219829790036965e+00
3.088124511738475686e+00
2.884525610910744220e+00
2.747919030830420883e+00
2.933593871005323983e+00
2.911483127205102051e+00
2.737548355737301264e+00
2.957414242205511634e+00
2.915877569446289730e+00
2.741630171996215282e+00
3.145104449775873334e+00
2.778709232719393185e+00
2.767042283739083341e+00
2.877489878348836516e+00
2.911096528801475625e+00
2.857580795008253016e+00
2.800067142052132585e+00
2.867293846120414713e+00
2.827476790355669678e+00
2.880678045183112879e+00
2.814733735187042729e+00
2.650624454727601886e+00
2.887474675213619779e+00
2.828776944193373666e+00
3.003365445629286423e+00
2.814518964228168052e+00
2.710614137054552675e+00
2.872533724780268027e+00
2.824908140099426479e+00
2.929503200203065205e+00
2.862483013050033609e+00
2.776058536846800262e+00
2.721269740396935255e+00
2.899160050773327058e+00
2.738614430693010249e+00
2.720860341877179067e+00
2.700213695247100532e+00
2.978766187534698240e+00
2.934167343557623653e+00
2.772162693638307918e+00
2.856384778001731295e+00
2.780971952393623159e+00
2.956561178125695744e+00
2.915912893074825707e+00
2.782808293792441212e+00
2.781276145944519662e+00
2.761176741898279552e+00
2.819595893031482170e+00
2.747094101045684855e+00
2.745219299072480190e+00
2.842817088734342246e+00
2.831161245849483699e+00
2.883938106131961110e+00
2.921007018136040578e+00
2.806866224101177032e+00
2.752328105440919437e+00
2.728242291293058841e+00
2.940067176103294155e+00
2.925629163103211638e+00
2.810619326767678672e+00
2.821979624306312662e+00
2.922343066787333132e+00
3.067662628125850333e+00
2.743869894874755300e+00
2.763329332526255122e+00
2.905035800123640932e+00
2.770412785127877253e+00
2.787606320842309415e+00
2.965607189092986040e+00
2.770729326368780665e+00
2.762721484333880984e+00
2.851724390610003823e+00
3.020222673909988664e+00
2.812032361122467350e+00
2.943441183377035308e+00
2.743263749623794379e+00
2.910584477385942392e+00
2.804361781225810368e+00
2.881049982211346894e+00
2.815567615952421221e+00
2.764039978003212994e+00
2.908734776496475050e+00
2.905416321286847570e+00
2.782826800215924656e+00
2.749011094921226306e+00
2.741937088993837701e+00
2.663174797117155101e+00
2.942388315637485707e+00
2.840175698790481817e+00
2.952111278390434190e+00
3.020063741049185513e+00
2.860795693509062598e+00
2.833818801546775124e+00
2.723718230654558869e+00
2.719066935549766306e+00
2.850469961252003692e+00
2.777968502341234380e+00
2.636719363148077644e+00
2.795253476878259313e+00
2.768609217639788511e+00
2.928067451408864486e+00
2.852275582758440287e+00
2.836567644178435543e+00
2.760824695629912728e+00
2.737932979457313287e+00
3.037022225799475006e+00
3.003009323994848767e+00
3.220605067374762598e+00
2.925052136287488391e+00
2.861277686628824757e+00
2.897466134400883853e+00
2.969103063216229632e+00
2.827439124013106486e+00
3.055029950753347379e+00
2.781134480747020188e+00
2.728088891513617664e+00
2.823314541456548366e+00
2.737180483636400652e+00
2.650556545331564706e+00
2.720260465470172750e+00
2.796340823290322852e+00
2.795573286465586005e+00
2.767999096820661808e+00
2.849115827761306896e+00
2.851017537652127398e+00
2.801013209536863169e+00
2.868114886122939744e+00
2.781913550058664253e+00
2.827085601816825111e+00
3.004823122914225486e+00
2.803553637796145637e+00
2.747018383629785898e+00
2.723469111262325271e+00
2.832493424528996329e+00
2.716259376421920280e+00
2.842492392250153266e+00
2.804476956582100389e+00
2.973547880899179763e+00
2.975242679177616090e+00
3.047490278901640703e+00
2.998632021439109341e+00
6.121033082740200193e+00
6.148476477957770747e+00
2.710952046790942038e+00
2.777977141734611077e+00
2.893122534563650206e+00
2.775528958595099738e+00
2.795736396729849194e+00
2.948781782363692816e+00
2.770162089120418614e+00
2.777488973875503753e+00
2.793531635761442811e+00
2.980347966261657877e+00
2.847883775718384580e+00
2.945955532590401660e+00
2.898935839234804579e+00
2.765070161858465436e+00
2.882999479708590052e+00
2.820597277173754858e+00
2.860815617966316893e+00
2.868305771705660145e+00
2.685451544898920684e+00
2.819192082849268921e+00
2.821470184141594117e+00
2.661639344464234114e+00
2.701533638509799662e+00
2.893765885485555689e+00
2.853370287922687432e+00
3.000688920897998990e+00
2.736905186519986266e+00
2.788275631999103776e+00
2.894469726910267937e+00
2.864690908283126003e+00
