-5.838996240559999933e+02
-5.945383917230000179e+02
-5.961786371800000097e+02
-5.984340901770000301e+02
-6.023975639400000546e+02
-5.868802828990000080e+02
-5.933499520799999800e+02
-6.041101824200000010e+02
-5.855563422259999697e+02
-5.941965209369999457e+02
-5.872096426059999885e+02
-5.941597471430000041e+02
-6.059143111339999450e+02
-5.827013592299999800e+02
-5.910075946890000296e+02
-5.939438203079999994e+02
-5.891302015410000195e+02
-5.974289826450000191e+02
-5.887266256809999732e+02
-5.950526395030000231e+02
-5.992993874310000137e+02
-5.927428996520000055e+02
-5.958460056279999435e+02
-5.930581129199999850e+02
-5.839408837879999510e+02
-6.006668861870000455e+02
-5.943136275240000259e+02
-6.021214241970000103e+02
-6.017362514430000147e+02
-5.950013997739999922e+02
-5.897759366020000016e+02
-5.979552728410000100e+02
-5.996151487590000215e+02
-5.936647690690000445e+02
-5.863036762850000514e+02
-6.022574424340000405e+02
-5.908522950330000185e+02
-5.909143717949999655e+02
-6.020868146640000305e+02
-5.940911451140000281e+02
-5.910253940490000559e+02
-5.816981220950000306e+02
-5.875965935589999845e+02
-6.014244568770000114e+02
-5.916323557880000408e+02
-6.011339398799999572e+02
-6.058171135430000049e+02
-5.765998904179999727e+02
-5.982800516910000397e+02
-5.882111574990000236e+02
-5.854962062150000293e+02
-5.865124479419999943e+02
-5.833313798950000546e+02
-5.957655202380000219e+02
-5.872495124700000133e+02
-6.010492553650000218e+02
-5.944183481679999659e+02
-5.980277088440000171e+02
-5.856668526150000389e+02
-5.916714034950000496e+02
-5.928977216150000231e+02
-5.972577239649999683e+02
-5.931576617020000413e+02
-5.941334493790000124e+02
-5.911916155599999456e+02
-6.023668136170000480e+02
-5.968163287380000384e+02
-5.914319145709999930e+02
-5.981594135919999644e+02
-5.972881938040000023e+02
-5.879033631199999945e+02
-5.884182221180000170e+02
-5.828303840580000497e+02
-5.935689966009999807e+02
-5.938404251619999741e+02
-5.997468293189999713e+02
-6.005731305519999523e+02
-5.938379977560000498e+02
-5.853609831879999774e+02
-6.000164820810000492e+02
-5.830762742780000281e+02
-5.988224268660000007e+02
-5.972343030539999518e+02
-5.907227883560000237e+02
-5.926623806190000323e+02
-5.902540041280000196e+02
-5.877091957249999723e+02
-5.759171835810000175e+02
-6.010832122609999715e+02
-5.890304297019999922e+02
-5.936617620480000141e+02
-5.927621664560000454e+02
-6.008001082990000441e+02
-5.989611442550000220e+02
-5.890658764290000136e+02
-6.014782324300000482e+02
-5.926572915210000474e+02
-5.856221278130000201e+02
-6.010296555759999819e+02
-5.984161123979999957e+02
-5.958460027820000278e+02
-5.828893257590000303e+02
-5.953286299439999993e+02
-5.904482895339999686e+02
-5.976917129839999916e+02
-5.936948695160000398e+02
-5.898076046830000223e+02
-5.882416720600000417e+02
-5.949285039210000150e+02
-6.025914913100000376e+02
-5.971057253830000491e+02
-5.995536518359999718e+02
-6.009477532879999444e+02
-5.991001338480000413e+02
-5.994841938929999969e+02
-6.062612719610000340e+02
-5.908575282680000100e+02
-6.039434541509999690e+02
-5.808165380809999760e+02
-6.054899192750000338e+02
-5.982614079569999603e+02
-6.005303066840000383e+02
-5.969630530540000564e+02
-5.986289246879999837e+02
-6.004581803949999994e+02
-5.915940393729999869e+02
-5.995182288959999823e+02
-5.844197268240000085e+02
-5.934470210450000422e+02
-5.927743681120000474e+02
-5.962484948869999926e+02
-5.932991974020000043e+02
-5.961559895279999637e+02
-5.989777706160000434e+02
-5.924477624779999587e+02
-5.819601178469999923e+02
-6.023274978800000099e+02
-5.890533747340000446e+02
-5.870425417550000020e+02
-5.794371406110000180e+02
-5.860727544989999842e+02
-5.885933376599999747e+02
-5.875341065510000362e+02
-5.949946579520000114e+02
-6.049177860739999915e+02
-6.014922774640000398e+02
-5.975296896419999939e+02
-5.970955369770000516e+02
-5.912655054509999673e+02
-5.910776331309999705e+02
-5.861774185739999439e+02
-5.906546839630000250e+02
-6.001701441889999842e+02
-6.033202843279999570e+02
-5.923095567289999508e+02
-6.014495300260000477e+02
-5.839059748639999725e+02
-6.009080877469999677e+02
-5.891730988289999686e+02
-5.946719301499999801e+02
-5.962825911029999588e+02
-5.998570727699999452e+02
-5.888346283659999472e+02
-5.918853166699999520e+02
-5.927842744900000298e+02
-5.942914046769999459e+02
-5.968087402270000439e+02
-5.935873575299999629e+02
-5.855536386049999464e+02
-6.023587631059999694e+02
-5.905593478629999709e+02
-5.967070287090000420e+02
-5.948215577229999553e+02
-5.798553900079999721e+02
-5.958190883380000287e+02
-5.901361117650000097e+02
-5.997715560030000006e+02
-6.028160855500000253e+02
-6.048218598270000257e+02
-6.012800723479999760e+02
-5.908294743489999519e+02
-6.029473040939999464e+02
-5.975183143960000507e+02
-5.973311482149999847e+02
-5.989175727040000083e+02
-6.006156224610000436e+02
-5.979107616500000404e+02
-5.932965054640000062e+02
-6.052746517409999569e+02
-6.012742363849999947e+02
-6.061756295779999846e+02
-5.978842155940000112e+02
-5.894543568880000066e+02
-5.928925859009999613e+02
-5.888191606599999659e+02
-5.975535255219999726e+02
-5.895708615519999967e+02
-5.900481287540000039e+02
-5.895345667620000540e+02
-6.044588566209999954e+02
-5.941869678589999921e+02
-5.816373244740000246e+02
-5.820339138010000397e+02
-5.920805986770000118e+02
-5.921284203510000452e+02
-5.994365004070000396e+02
-5.880798053959999834e+02
-5.934158094480000045e+02
-5.970294078309999577e+02
-5.952324570120000544e+02
-5.946891261150000219e+02
-6.018026500140000508e+02
-5.910150279780000346e+02
-6.032825326170000153e+02
-5.881344006479999962e+02
-5.966065887680000515e+02
-5.988545747409999649e+02
-6.004754960569999866e+02
-5.920183872909999536e+02
-6.064531694559999551e+02
-5.931475396959999671e+02
-5.908778533189999962e+02
-5.816349936230000139e+02
-5.771249261750000414e+02
-5.853591533269999445e+02
-5.799467601750000085e+02
-6.017130794930000093e+02
-5.988600835189999998e+02
-5.954698382190000530e+02
-5.923384247149999737e+02
-5.950156982309999876e+02
-5.940618516270000100e+02
-5.936884959120000076e+02
-5.972385773900000459e+02
-5.939496501029999536e+02
-5.638053718290000234e+02
-5.998299375399999462e+02
-5.909149021680000260e+02
-5.892612112509999633e+02
-5.997699852270000065e+02
-5.947407453240000450e+02
-6.009607378859999471e+02
-5.907159572179999714e+02
-5.836439655540000331e+02
-5.915811449750000293e+02
-5.905608323930000552e+02
-6.008760401340000499e+02
-5.984682267550000461e+02
-5.792870471590000534e+02
-5.998361061760000439e+02
-5.824297529479999866e+02
-6.002160696879999477e+02
-5.929318117090000442e+02
-5.942251395279999997e+02
-5.965158835600000202e+02
-5.939240929100000130e+02
-5.967500322040000356e+02
-5.980987692779999634e+02
-5.914811161720000428e+02
-6.000324694959999761e+02
-5.976181016130000216e+02
-6.051069261659999938e+02
-6.055371811810000509e+02
-6.011064859519999573e+02
-6.030499512149999646e+02
-5.952213499050000109e+02
-5.986594280110000454e+02
-6.016849580210000568e+02
-5.943147686959999874e+02
-6.001213890279999532e+02
-5.845739628070000435e+02
-6.018547579649999761e+02
-5.951052104980000195e+02
-5.961533645179999894e+02
-5.894865790679999691e+02
-5.883068425190000426e+02
-6.007835806939999657e+02
-5.933953004049999436e+02
-5.853364344369999799e+02
-5.794731693319999977e+02
-5.885887372460000506e+02
-5.964824013749999949e+02
-5.944704825439999922e+02
-5.897023251460000210e+02
-5.907353428510000413e+02
-5.984882017869999800e+02
-5.835579314289999502e+02
-5.911336676270000225e+02
-5.926527526989999615e+02
-5.889964476019999893e+02
-5.917203447169999890e+02
-5.908636050909999540e+02
-6.059625711090000095e+02
-5.968154218859999673e+02
-6.016954930399999739e+02
-5.882340030740000429e+02
-5.924841328930000373e+02
-5.986346277039999677e+02
-5.958677083579999589e+02
-5.696945341379999945e+02
-5.941699407859999837e+02
-5.900801617429999624e+02
-5.961001694679999900e+02
-5.973666237740000042e+02
-5.845034781130000283e+02
-5.937468782790000432e+02
-5.856692829139999503e+02
-5.854779304129999673e+02
-5.815066648910000140e+02
-6.004699297470000374e+02
-5.851724318870000161e+02
-5.979450845200000231e+02
-6.022834788090000302e+02
-5.975266112589999921e+02
-6.009965510690000201e+02
-5.932189823329999854e+02
-6.004784968980000031e+02
-5.994992973570000458e+02
-5.915643893879999951e+02
-5.947646183670000255e+02
-5.967092090239999607e+02
-5.902575947990000031e+02
-6.032980592840000327e+02
-5.976858471399999644e+02
-6.024708880929999850e+02
-5.991672222250000459e+02
-5.974636636320000207e+02
-6.011599796680000054e+02
-5.903025559159999602e+02
-5.923161593439999706e+02
-5.897614469579999650e+02
-5.883414329060000227e+02
-5.931681265309999844e+02
-5.983806386029999658e+02
-5.944654370429999517e+02
-5.991016235419999703e+02
-5.917320292309999559e+02
-5.979155309679999846e+02
-5.924160458369999560e+02
-5.833790872419999687e+02
-5.859881890359999943e+02
-5.923122221040000568e+02
-5.927879229449999912e+02
-5.956097116890000507e+02
-5.930357228770000120e+02
-6.045810619940000379e+02
-6.018323436370000081e+02
-6.012828225690000181e+02
-5.938343762980000520e+02
-5.942091376050000235e+02
-5.885481929710000486e+02
-5.887067529129999457e+02
-5.963648209049999878e+02
-5.901452565509999886e+02
-5.848149398389999760e+02
-5.907801777780000521e+02
-5.844497893059999569e+02
-5.945896373130000256e+02
-5.962489779820000422e+02
-5.936444900850000295e+02
-5.873208886690000554e+02
-5.942212813690000530e+02
-5.942167739100000290e+02
-5.969944215110000414e+02
-5.962286554500000193e+02
-5.975110668800000440e+02
-6.002263042829999904e+02
-5.781733507980000013e+02
-5.702583802630000491e+02
-5.905411415989999568e+02
-5.924721820889999435e+02
-5.769565374380000549e+02
-5.978376427859999467e+02
-5.931615052849999756e+02
-5.978076811680000446e+02
-5.840013460860000123e+02
-5.949032995479999499e+02
-6.015781302259999848e+02
-5.949346761919999835e+02
-5.998838561930000424e+02
-6.029205586000000494e+02
-5.959933729010000434e+02
-5.995452051390000179e+02
-5.992332940899999585e+02
-6.027585523569999850e+02
-5.735400865880000083e+02
-5.917932515479999438e+02
-5.861862463369999432e+02
-6.004135869130000174e+02
-5.940891273370000363e+02
-5.979307850930000541e+02
-5.914342680649999693e+02
-5.870436806899999738e+02
-5.899621826610000426e+02
-5.974523488779999525e+02
-5.965333241370000223e+02
-6.032739735769999925e+02
-5.941363887380000506e+02
-6.006830642490000400e+02
-6.016958822279999595e+02
-5.859038500289999547e+02
-5.920675602840000238e+02
-5.944933368939999809e+02
-5.895762694810000539e+02
-6.046422631950000550e+02
-5.957216123959999550e+02
-6.020549530939999840e+02
-5.967801919739999903e+02
-5.933430701720000116e+02
-5.846243882999999641e+02
-5.853175342189999810e+02
-5.909478302349999694e+02
-5.942632995259999689e+02
-5.892038093219999837e+02
-5.953380206929999758e+02
-5.912089178200000106e+02
-5.826986418149999736e+02
-6.013838060589999941e+02
-6.042434428620000517e+02
-5.974923564319999514e+02
-5.932188772050000125e+02
-5.942331968319999760e+02
-5.947201401229999647e+02
-6.014205838479999784e+02
-6.044034609080000564e+02
-5.996164247469999964e+02
-5.976637692440000365e+02
-5.917237371979999807e+02
-5.945801960860000008e+02
-5.854911779819999538e+02
-5.874306276620000062e+02
-5.956445822970000563e+02
-5.746654927089999774e+02
-5.952643788079999467e+02
-5.969486053870000433e+02
-6.012866322590000436e+02
-5.937677920690000519e+02
-5.995943203020000283e+02
-5.944398801730000059e+02
-5.969124421259999735e+02
-5.922698266979999744e+02
-6.006244150610000361e+02
-5.944867050039999867e+02
-5.801334867509999640e+02
-5.990769438490000312e+02
-5.979882733140000255e+02
-6.005853229829999691e+02
-6.018823627010000337e+02
-5.915143055920000279e+02
-5.816347307180000143e+02
-6.036908516239999472e+02
-6.010017583430000059e+02
-5.870080908600000384e+02
-5.989717316510000273e+02
-5.936309754569999768e+02
-5.875027592679999771e+02
-5.814475628799999640e+02
-5.872202822819999710e+02
-5.922136289559999796e+02
-5.983523831620000237e+02
-6.016192618669999774e+02
-5.959741976510000541e+02
-5.911813370800000484e+02
-6.000717355829999633e+02
-5.966116923759999509e+02
-6.020307936450000170e+02
-5.962746333710000499e+02
-5.932043346550000251e+02
-5.837296802209999669e+02
-5.801627227379999567e+02
-5.906489880029999995e+02
-5.921539829380000128e+02
-6.037785190340000554e+02
-5.996111285309999630e+02
-5.996947172779999846e+02
-5.965286188159999483e+02
-6.016335326270000223e+02
-5.723916292599999451e+02
-5.909612110640000537e+02
-5.984144814889999680e+02
-6.040394451150000350e+02
-5.880156667359999574e+02
-5.926727134889999888e+02
-5.923543501850000439e+02
-5.936745053749999670e+02
-5.731582437739999705e+02
-5.969821678880000491e+02
-5.940744456449999689e+02
-5.978170371310000064e+02
-5.910632658680000304e+02
-5.797204523660000177e+02
-5.977651506250000466e+02
-5.889334128819999705e+02
-5.920902586600000177e+02
-5.970017007709999461e+02
-5.996022179300000516e+02
-5.928434254620000274e+02
-5.931412296519999927e+02
-6.014097125319999577e+02
-5.975164520770000536e+02
-5.998103837449999673e+02
-5.915677095910000389e+02
-5.875349294689999624e+02
-5.958099635539999781e+02
-5.785826799599999504e+02
-5.954181576409999934e+02
-6.009315555099999528e+02
-5.915315123860000313e+02
-5.906050033730000450e+02
-5.903307769829999643e+02
-6.020310571630000140e+02
-6.042951930389999688e+02
-5.852795474260000219e+02
-6.001903849159999709e+02
-5.947835530359999439e+02
-6.004178262269999777e+02
-5.998525915120000036e+02
-5.989388190839999879e+02
-5.929342970950000336e+02
-5.817278429159999860e+02
-6.007301810750000186e+02
-6.009000279870000440e+02
-5.964613226950000353e+02
-6.042933754859999453e+02
-6.035920397150000554e+02
-5.918933175280000114e+02
-6.035465007940000532e+02
-5.928875094750000017e+02
-6.024414602529999456e+02
-5.845829068230000303e+02
-5.861856684709999854e+02
-6.009277841770000350e+02
-5.919616346400000566e+02
-5.968754751769999984e+02
-5.874437453279999772e+02
-5.901672519640000019e+02
-5.835780082009999887e+02
-5.923175747020000017e+02
-5.971812026699999478e+02
-5.863583167199999480e+02
-5.925361529729999575e+02
-5.940089993940000568e+02
-5.983412452899999607e+02
-5.852551523460000453e+02
-5.965678765520000297e+02
-5.935783745579999504e+02
-5.973353919930000302e+02
-5.870226019389999692e+02
-5.851612062169999717e+02
-5.895553969970000026e+02
-5.899422180960000333e+02
-5.981002457450000520e+02
-5.937611686310000323e+02
-5.956520019060000095e+02
-5.949491512009999497e+02
-6.021219950390000122e+02
-5.933539361949999602e+02
-6.031203807389999838e+02
-5.950690377290000015e+02
-5.923598290899999483e+02
-5.959152396969999472e+02
-5.968508923650000497e+02
-5.975085643149999441e+02
-5.958499500909999824e+02
-5.972248221260000491e+02
-6.025300772379999898e+02
-5.994599100169999701e+02
-5.888104605290000109e+02
-5.923317488669999875e+02
-5.968604411329999948e+02
-5.914795754770000258e+02
-5.937268624839999802e+02
-5.960063821769999777e+02
-5.921786972800000513e+02
-5.858577206740000065e+02
-5.868052376619999677e+02
-5.849923735529999931e+02
-5.880236993319999783e+02
-5.911877598739999939e+02
-5.852865341519999447e+02
-5.818964995000000044e+02
-5.962948735190000207e+02
-6.014190610919999926e+02
-5.921715193420000105e+02
-6.027471455869999772e+02
-6.002875212799999645e+02
-6.004481898059999594e+02
-5.876983258310000338e+02
-5.995884463219999816e+02
-6.058134371710000323e+02
-5.992151178340000115e+02
-6.008896334150000484e+02
-5.891154387320000296e+02
-5.904413964530000385e+02
-6.043966220209999847e+02
-6.012879390580000063e+02
-5.967061672539999790e+02
-5.680607981309999559e+02
-5.879946739209999578e+02
-5.903610819670000183e+02
-5.759965725979999434e+02
-5.963610312329999488e+02
-5.884431984719999491e+02
-5.942082342290000270e+02
-5.898814662470000485e+02
-5.839053379099999574e+02
-6.027990570690000141e+02
-6.015479258059999665e+02
-5.953046301680000170e+02
-5.881086242799999582e+02
-6.008869088520000332e+02
-5.991771324630000208e+02
-5.982639437459999954e+02
-5.911436297970000169e+02
-5.957951019009999527e+02
-5.911009684040000138e+02
-5.798121190829999705e+02
-6.029784958259999712e+02
-5.925171432219999588e+02
-5.921958988930000487e+02
-5.902207525070000429e+02
-5.853952059890000328e+02
-6.005411719119999816e+02
-6.032883551449999686e+02
-5.959165054410000266e+02
-6.000649984560000121e+02
-5.846693405690000418e+02
-5.987610559309999871e+02
-5.875201747390000264e+02
-5.978793054159999656e+02
-5.980856459090000499e+02
-6.018277099800000087e+02
-6.010903850070000090e+02
-5.776099100059999500e+02
-6.036065824590000375e+02
-5.905005997020000450e+02
-6.025785499779999554e+02
-6.000703318160000208e+02
-6.017306173489999992e+02
-5.901273786870000322e+02
-5.890032950419999906e+02
-5.843546192679999649e+02
-6.021385898140000563e+02
-6.018586532909999960e+02
-5.878932787119999830e+02
-6.018838218500000039e+02
-5.963126510109999572e+02
-5.961527823730000364e+02
-6.055150089659999821e+02
-6.022242391390000193e+02
-6.010431223079999654e+02
-5.850104450349999752e+02
-6.018065990070000453e+02
-6.018501381620000075e+02
-5.980153936909999857e+02
-6.022708588719999625e+02
-5.986912619109999696e+02
-5.846945527149999862e+02
-5.878452219739999691e+02
-5.937669826510000348e+02
-6.037278118039999981e+02
-5.852599345500000254e+02
-5.970110025660000019e+02
-5.778872077129999525e+02
-5.955442654879999509e+02
-5.796842023240000117e+02
-5.894529715080000187e+02
-5.851220248189999893e+02
-5.848358909380000341e+02
-5.905741961799999444e+02
-5.990379130600000508e+02
-6.012851147049999554e+02
-6.020287290989999747e+02
-5.967922587980000344e+02
-6.028516892449999887e+02
-6.033136744580000368e+02
-5.952869824910000034e+02
-6.002734167119999711e+02
-5.962217454410000528e+02
-6.007369126639999877e+02
-5.944905956679999690e+02
-5.925288403419999668e+02
-6.002441995409999436e+02
-5.949168119979999574e+02
-5.966258288349999930e+02
-5.982334170369999811e+02
-5.981864030450000200e+02
-5.996866921629999752e+02
-5.982790541000000530e+02
-6.004225177499999972e+02
-5.965530713089999608e+02
-6.027130166240000335e+02
-5.914485318910000160e+02
-5.891368455460000177e+02
-5.947913686900000130e+02
-5.902548140039999680e+02
-5.942199744060000057e+02
-6.014748213300000543e+02
-5.932335503560000234e+02
-5.938683237620000455e+02
-5.943768714929999533e+02
-6.012982794150000245e+02
-5.959151147280000487e+02
-5.956021369009999944e+02
-5.992427989799999750e+02
-5.973679308920000040e+02
-5.987591934499999979e+02
-5.814014072579999493e+02
-5.809820132309999963e+02
-5.932105439509999769e+02
-6.024321350019999954e+02
-5.951377315610000096e+02
-5.979042694839999967e+02
-5.831602384550000124e+02
-5.921660280390000253e+02
-5.912550628550000056e+02
-5.903834287140000470e+02
-5.848153426190000346e+02
-5.915675426609999477e+02
-5.903708999350000113e+02
-5.844794968259999450e+02
-6.020864836289999857e+02
-5.953630722120000200e+02
-5.947856840209999518e+02
-5.824552074739999625e+02
-6.056404358480000383e+02
-6.000024020439999504e+02
-5.855655980059999592e+02
-5.853117506769999636e+02
-5.777744545540000445e+02
-6.009122623969999495e+02
-5.916975458959999514e+02
-5.970972126589999789e+02
-5.932206856379999635e+02
-5.899970524719999503e+02
-5.916843603070000199e+02
-5.978942477059999874e+02
-5.887464416510000547e+02
-5.965741146679999929e+02
-6.013950000029999501e+02
-5.938475687359999711e+02
-5.796376078350000398e+02
-5.881809710119999863e+02
-5.890129528730000175e+02
-5.863235158129999718e+02
-5.985638091199999735e+02
-6.004527306710000403e+02
-5.956892564339999581e+02
-5.865788046100000201e+02
-5.960813227359999473e+02
-6.033106538329999466e+02
-5.960581606629999669e+02
-6.017446575139999823e+02
-5.953632886550000194e+02
-5.879022710279999728e+02
-5.895827902170000243e+02
-5.961492573399999628e+02
-6.007368162960000291e+02
-5.845245498079999606e+02
-5.963041372190000402e+02
-5.864506289509999988e+02
-5.809667113430000427e+02
-5.851805613919999587e+02
-5.849601663089999875e+02
-5.840743228979999913e+02
-5.933365908020000461e+02
-5.979332495639999934e+02
-5.864794044779999922e+02
-5.953077070959999446e+02
-5.952719784659999505e+02
-5.951117615809999961e+02
-6.011835665930000232e+02
-6.016074771590000410e+02
-6.048562392249999675e+02
-6.023265153339999642e+02
-5.950003783979999525e+02
-5.925852987590000112e+02
-5.902193501709999737e+02
-5.939797453359999508e+02
-5.930684310719999530e+02
-6.010617104460000064e+02
-6.021536096380000345e+02
-5.966871558560000040e+02
-5.944959933940000383e+02
-5.953564589110000043e+02
-6.006840662839999823e+02
-5.978542631510000547e+02
-5.989355546929999718e+02
-5.951779431960000011e+02
-5.973904970769999636e+02
-5.956308588020000343e+02
-6.015985930760000429e+02
-5.974231208510000215e+02
-5.965908850040000289e+02
-5.953301191870000366e+02
-5.854265908280000303e+02
-5.997436656119999725e+02
-6.011418218600000500e+02
-5.984019972620000090e+02
-5.945084278409999570e+02
-5.915259279580000111e+02
-5.816861779700000170e+02
-5.870881242220000331e+02
-5.975859224199999744e+02
-5.852752804369999922e+02
-5.972289107760000206e+02
-6.008382397340000125e+02
-5.948915469879999591e+02
-6.007516446710000082e+02
-5.992681830369999716e+02
-5.976400110340000538e+02
-5.918954590739999730e+02
-5.985392909250000457e+02
-6.035145054590000200e+02
-6.018424688019999849e+02
-5.974225418140000556e+02
-5.998092898759999798e+02
-5.941812410920000502e+02
-5.932943697650000558e+02
-6.004223085090000041e+02
-5.986262923210000508e+02
-6.030922061879999774e+02
-6.015704288189999716e+02
-5.964794586550000304e+02
-6.014718447669999932e+02
-5.793988350040000341e+02
-5.917940283289999570e+02
-5.896897228159999713e+02
-6.028232918129999689e+02
-5.915687406089999740e+02
-5.998232173799999600e+02
-5.954993030509999699e+02
-6.021847084769999583e+02
-5.977572449870000355e+02
-5.866575026980000303e+02
-5.893893481300000303e+02
-5.896917094550000229e+02
-6.024954521070000055e+02
-6.026113868769999726e+02
-5.895018210859999499e+02
-5.909752657100000306e+02
-5.885372248999999556e+02
-5.847941611049999437e+02
-5.880225868579999542e+02
-5.943252588389999573e+02
-5.955526343379999616e+02
-5.774227056539999694e+02
-5.872866402529999732e+02
-5.989854703239999481e+02
-5.868749966110000287e+02
-5.931839332480000166e+02
-5.928434477470000274e+02
-5.990726501249999956e+02
-6.008612290129999565e+02
-6.021042164780000121e+02
-5.834151443700000073e+02
-5.959599617789999684e+02
-6.025246697830000357e+02
-5.721926242150000235e+02
-5.988812935580000385e+02
-5.973705180749999499e+02
-5.847748106369999732e+02
-5.882661733950000098e+02
-5.987757981600000221e+02
-6.016246836159999702e+02
-5.992105242779999799e+02
-5.914554467020000175e+02
-5.937390175259999978e+02
-5.905948327300000074e+02
-6.028750641269999733e+02
-5.889315011099999992e+02
-6.005542897300000504e+02
-5.934172346240000024e+02
-5.947050692579999804e+02
-6.018492726199999652e+02
-5.927144467639999448e+02
-5.937731343090000564e+02
-5.900603897720000077e+02
-5.921366321660000267e+02
-5.968090149399999973e+02
-5.888610376189999442e+02
-5.658624827099999948e+02
-5.817932808750000504e+02
-5.753469337049999695e+02
-5.945912102749999804e+02
-5.743079562030000034e+02
-5.910507265319999988e+02
-5.795458486750000020e+02
-5.999466303909999851e+02
-5.890752794329999915e+02
-5.888695585939999546e+02
-5.899885350409999774e+02
-6.019570567609999898e+02
-5.977592794729999923e+02
-6.024194912670000122e+02
-5.933725638829999980e+02
-6.007168057100000169e+02
-5.915319791309999573e+02
-5.908597423799999433e+02
-5.934666190159999815e+02
-5.916967659870000489e+02
-6.044364097940000420e+02
-5.999023437719999947e+02
-5.930801098059999958e+02
-5.930213180619999775e+02
-5.902072126860000481e+02
-5.884738531729999522e+02
-5.887469780679999758e+02
-5.971323526170000378e+02
-5.947798896699999887e+02
-5.935687578609999946e+02
-5.956766919310000503e+02
-5.927908975799999780e+02
-5.912180804910000234e+02
-5.945603442880000102e+02
-6.017713414730000068e+02
-5.852788342029999740e+02
-6.025794339840000475e+02
-5.962051469870000346e+02
-5.899506233629999770e+02
-6.024183107310000196e+02
-6.026863038510000479e+02
-6.014307435189999751e+02
-5.951624812380000549e+02
-5.986912313300000505e+02
-6.030178826699999490e+02
-5.947568906300000435e+02
-6.044664426640000556e+02
-5.976054158780000307e+02
-5.903076313829999435e+02
-5.951903683140000112e+02
-5.983197100150000551e+02
-5.884475724940000418e+02
-6.023112052469999753e+02
-5.913544273649999923e+02
-5.992613690050000059e+02
-5.993462487819999751e+02
-5.971269915230000151e+02
-5.899204522249999627e+02
-5.947447656379999898e+02
-6.031579554390000339e+02
-5.954586230209999940e+02
-5.966858285470000283e+02
-5.975358703980000428e+02
-6.007812548680000191e+02
-5.926962513129999479e+02
-5.887953396589999784e+02
-5.921598720230000481e+02
-6.031768679210000528e+02
-5.931665254319999576e+02
-5.937292794149999509e+02
-5.959588575989999981e+02
-5.913423216659999753e+02
-6.000004794809999566e+02
-5.985253489619999527e+02
-5.935282106109999631e+02
-5.919878161799999816e+02
-5.985287923560000536e+02
-5.939565226019999500e+02
-5.909779871270000058e+02
-5.997689158609999822e+02
-5.908243607140000222e+02
-5.976591425200000458e+02
-5.860247208309999678e+02
-5.839051585509999995e+02
-5.956427196209999693e+02
-5.919630165710000256e+02
-5.854943244830000140e+02
-6.055216886849999582e+02
-5.951230350429999589e+02
-5.882429449310000109e+02
-5.999816984709999588e+02
-5.938332748039999842e+02
-5.891872383969999873e+02
-5.948369286529999727e+02
-5.885609407020000390e+02
-6.023899130429999786e+02
-5.893353457660000458e+02
-5.922688648289999946e+02
-5.849645840079999743e+02
-6.021398372400000198e+02
-5.947120871670000497e+02
-5.935263146949999964e+02
-5.987554098519999570e+02
-5.947829835300000241e+02
-5.953854543200000080e+02
-6.005656505619999734e+02
-5.953368252200000370e+02
-5.974263496360000545e+02
-5.967690336699999989e+02
-5.908241751900000054e+02
-5.763890074400000003e+02
-5.987381272039999658e+02
-6.009445697080000173e+02
-5.777985318390000202e+02
-5.949621327659999679e+02
-5.984500831520000474e+02
-6.022585405339999625e+02
-5.992658424500000365e+02
-5.824889512329999661e+02
-5.961199363360000234e+02
-5.867146333739999591e+02
-5.894014943270000231e+02
-5.846752151270000013e+02
-5.930352442780000501e+02
-5.921810224629999766e+02
-5.962904173309999578e+02
-6.033645864339999889e+02
-5.936556416849999778e+02
-5.999368010619999723e+02
-5.960092112950000001e+02
-5.964491234890000442e+02
-5.971681954970000561e+02
-5.993967961719999948e+02
-5.883504526069999656e+02
-6.001257995290000054e+02
-5.927819201089999979e+02
-6.012686043720000271e+02
-5.994250033829999893e+02
-5.948574861020000526e+02
-6.044976679530000183e+02
-5.902222809700000425e+02
-5.821776566639999828e+02
-5.942758771830000342e+02
-6.018866730820000157e+02
-5.905124678119999544e+02
-6.005080656359999693e+02
-5.930901658640000278e+02
-5.922729039990000501e+02
-5.824046430700000201e+02
-5.827079162909999468e+02
-5.902910279310000305e+02
-5.980581421829999726e+02
-5.989638945379999768e+02
-5.785439649239999653e+02
-5.865665379609999945e+02
-5.956495626949999860e+02
-6.026328098950000367e+02
-6.052385103770000114e+02
-6.009316964670000516e+02
-5.927450531859999501e+02
-5.781864879690000407e+02
-5.989688626260000319e+02
-5.980273707100000138e+02
-5.991892986350000001e+02
-5.947811842610000213e+02
-5.850255883060000315e+02
-5.931946119469999985e+02
-5.843630801760000395e+02
-6.058789002580000442e+02
-6.009864967480000360e+02
-5.818593996160000188e+02
-5.919018117739999525e+02
-6.048484712260000151e+02
-5.806899513439999510e+02
-5.968331439400000136e+02
-5.974459180869999955e+02
-6.043906928059999473e+02
-5.869509312699999555e+02
-6.031609856940000327e+02
-6.001135615370000096e+02
-5.984739934230000244e+02
-5.807076022869999861e+02
-6.028580703500000482e+02
-5.953729979419999836e+02
-5.928184591970000383e+02
-5.970494005870000365e+02
-5.876940785680000090e+02
-5.966916675300000179e+02
-5.987647790959999838e+02
-5.971552529570000161e+02
-6.005091015909999896e+02
-5.930337685209999563e+02
-5.906313329439999507e+02
-5.707430801450000217e+02
-5.695229013309999573e+02
-5.969222639160000199e+02
-6.049987138290000530e+02
-5.998665132050000466e+02
-5.971351700819999451e+02
-5.984387214680000397e+02
-5.900264238510000041e+02
-5.830224963360000174e+02
-5.906457434100000228e+02
-5.890396021379999638e+02
-5.764333248799999865e+02
-5.933826005769999483e+02
-5.921172535910000079e+02
-5.964488606480000499e+02
-6.004501907579999624e+02
-5.860838009020000072e+02
-6.009870971320000308e+02
-5.961713346369999726e+02
-5.792447487680000222e+02
-5.904912622099999453e+02
-6.021960749889999533e+02
-5.847642158469999458e+02
-5.939955374119999760e+02
-5.954070314780000217e+02
-5.929126090099999828e+02
-5.951351900549999527e+02
-5.846073747440000261e+02
-5.982430334990000347e+02
-5.942651462019999826e+02
-5.655279549450000331e+02
-5.969711196079999809e+02
-5.992771682149999606e+02
-6.008858182169999509e+02
-5.998713325469999518e+02
-5.860557416350000040e+02
-5.925369379830000298e+02
-6.041652778349999835e+02
-5.967788041210000074e+02
-5.901451230909999595e+02
-5.994330894830000034e+02
-5.892960557630000267e+02
-5.956344007229999988e+02
-5.882205346399999826e+02
-5.936452466529999583e+02
-6.018684269670000049e+02
-5.874020219919999590e+02
-5.804005583980000438e+02
-5.836646825640000316e+02
-5.765586019500000248e+02
-5.807218361129999948e+02
-5.821308298769999965e+02
-5.893011651509999638e+02
-5.921084392100000287e+02
-5.899561631080000552e+02
-5.987292236350000394e+02
-5.919784878939999544e+02
-5.850322326379999822e+02
-5.865807250340000110e+02
-5.970955452609999838e+02
-5.990938776420000522e+02
-5.890272366750000401e+02
-5.974413717810000435e+02
-6.010137868379999873e+02
-5.951896488070000260e+02
-5.893013713540000253e+02
-5.917356763830000546e+02
-5.870112620859999879e+02
-6.017811993620000521e+02
-5.900027997619999951e+02
-5.973077723689999630e+02
-5.966012663000000202e+02
-5.952325831839999637e+02
-5.803920783490000304e+02
-5.936088090120000516e+02
-5.878299056240000482e+02
-5.911762322460000405e+02
-5.850008634759999495e+02
-5.989790757140000323e+02
-6.002882259790000035e+02
-5.894259497619999593e+02
-5.927498279379999531e+02
-5.912033951959999740e+02
-5.965795080369999823e+02
-5.968944427369999630e+02
-5.899738261449999754e+02
-5.930031545150000056e+02
-5.882841728309999780e+02
-5.932443584860000101e+02
-5.922631406740000557e+02
-5.756180175020000434e+02
-5.829511280839999472e+02
-5.814247250399999984e+02
-5.893135667289999446e+02
-5.839874299959999462e+02
-5.883375545830000419e+02
-5.884718935050000255e+02
-6.025900471920000427e+02
-5.916501328939999667e+02
-5.907071485709999479e+02
-6.015145038230000409e+02
-6.001840461519999508e+02
-6.046761327980000260e+02
-5.978704392639999696e+02
-6.040658540260000109e+02
-5.990647609039999679e+02
-6.007348532160000332e+02
-6.015629453630000398e+02
-5.944460811860000149e+02
-5.825318157210000436e+02
-6.001939326740000524e+02
-5.996478483229999483e+02
-5.900127794500000391e+02
-5.931785804869999765e+02
-5.927744027710000410e+02
-5.927731282859999737e+02
-5.935942619319999949e+02
-6.004724846670000034e+02
-5.975277035889999979e+02
-5.741020838240000330e+02
-5.994419390750000503e+02
-5.836836040260000118e+02
-5.962049240080000345e+02
-5.911470677989999558e+02
-5.958576183730000366e+02
-5.953315647309999576e+02
-6.031265482060000522e+02
-5.972898259319999852e+02
-5.939349147230000199e+02
-5.860554897409999739e+02
-5.975644995229999950e+02
-5.878232180649999918e+02
-5.941608337249999749e+02
-5.999966972370000349e+02
-6.009088465999999471e+02
-5.998595144209999717e+02
-5.966679384730000493e+02
-5.992902861300000268e+02
-5.893084915169999931e+02
-6.019862594439999839e+02
-5.920042357620000075e+02
-5.991990012600000455e+02
-5.958395811359999925e+02
-5.996675878150000472e+02
-5.920626709929999834e+02
-5.974144088130000227e+02
-6.011129321439999558e+02
-5.955339068199999701e+02
-5.880099977219999801e+02
-5.935666262460000553e+02
-6.001686920219999593e+02
-6.039912123049999764e+02
-6.027628336699999636e+02
-6.038715346860000182e+02
-5.983735875999999507e+02
-6.005987082569999984e+02
-5.659180693680000331e+02
-5.981586364309999908e+02
-5.976156619670000509e+02
-5.986766068629999609e+02
-5.958553360329999578e+02
-5.973521983609999779e+02
-6.023808893450000141e+02
-5.863728050610000082e+02
-5.910502346870000565e+02
-6.002415689929999871e+02
-6.011838533169999437e+02
-5.859541077439999981e+02
-5.942143398580000166e+02
-5.976296033610000222e+02
-6.036418864590000339e+02
-5.978084680480000088e+02
-5.950343478510000068e+02
-5.963142447760000096e+02
-5.835846586469999693e+02
-6.003682583209999848e+02
-5.976365355970000337e+02
-6.001824821010000051e+02
-5.849006794890000265e+02
-5.749807059370000388e+02
-5.847895517810000001e+02
-5.974430250950000527e+02
-5.951178413740000224e+02
-5.988873996239999542e+02
-5.914625145620000239e+02
-5.966846834509999553e+02
-5.942005567590000510e+02
-5.959482436189999817e+02
-5.978808662070000537e+02
-5.858282617669999581e+02
-5.921319897629999787e+02
-5.976034179600000016e+02
-5.939332212220000429e+02
-5.789173644879999756e+02
-5.898255871239999806e+02
-5.902826364469999589e+02
-5.967990259849999575e+02
-5.999354446999999482e+02
-5.900154990009999665e+02
-5.930684183170000097e+02
-5.810270745210000314e+02
-5.993595551470000373e+02
-5.746438422259999470e+02
-5.862330597610000495e+02
-5.911733983279999620e+02
-5.936672849809999661e+02
-5.811939788930000077e+02
-5.897300734750000402e+02
-5.970522785509999721e+02
-5.954805289250000442e+02
-5.898938624849999997e+02
-6.043945281710000472e+02
-5.867962536510000291e+02
-5.924856999229999701e+02
-5.925007645890000276e+02
-6.054264512280000190e+02
-5.959306702249999717e+02
-5.999219978529999935e+02
-5.858949079300000449e+02
-5.818852394809999851e+02
-5.934604234739999811e+02
-5.968320263440000417e+02
-5.994375726810000060e+02
-6.035611378029999514e+02
-5.887106008319999546e+02
-5.965262714420000520e+02
-5.820305059590000383e+02
-5.899926746229999708e+02
-5.920665325119999807e+02
-5.819231694809999453e+02
-5.915659656190000533e+02
-5.866901169980000077e+02
-5.943272715199999539e+02
-5.999653508730000340e+02
-5.932513282170000366e+02
-5.905412197709999873e+02
-5.943820507049999833e+02
-5.923060514009999906e+02
-5.925111627009999893e+02
-6.010011610899999823e+02
-6.041910959839999578e+02
-5.828124962050000022e+02
-5.891905516010000383e+02
-5.863393790779999790e+02
-5.932695440539999936e+02
-5.995792158829999607e+02
-5.858066091450000386e+02
-5.651419921409999461e+02
-6.013943773649999684e+02
-5.981052990919999957e+02
-5.951995172700000012e+02
-5.983395525869999574e+02
-5.952840893950000236e+02
-5.910379098910000266e+02
-5.913942664349999632e+02
-5.922127343040000369e+02
-5.860606432780000432e+02
-6.026331486020000057e+02
-6.048921386299999767e+02
-5.952524736730000541e+02
-5.957645889100000431e+02
-6.011009097139999540e+02
-5.955371775370000478e+02
-5.983806703630000356e+02
-5.837415130839999620e+02
-5.978842949419999968e+02
-5.944015531889999693e+02
-5.975002265140000191e+02
-6.005432995620000156e+02
-5.841443432459999485e+02
-5.894441687400000092e+02
-6.004182096509999838e+02
-5.875256432039999481e+02
-5.879786134260000381e+02
-5.943596811810000418e+02
-5.929146073269999988e+02
-5.961791099380000105e+02
-5.999992174440000099e+02
-5.974916229680000015e+02
-6.002326035559999582e+02
-5.957721958140000424e+02
-5.985188320030000568e+02
-5.963318998989999500e+02
-6.037818404419999752e+02
-5.885891679449999856e+02
-5.929730250320000096e+02
-5.964348864490000324e+02
-5.954827216490000410e+02
-6.039257324889999836e+02
-5.954231692680000378e+02
-5.886187597770000366e+02
-5.879988902750000079e+02
-5.887454920390000552e+02
-5.916181575729999622e+02
-5.938233716979999599e+02
-5.963420063290000144e+02
-5.926591815570000108e+02
-5.915583000819999597e+02
-5.990376344840000229e+02
-5.909924826310000299e+02
-6.010590751400000045e+02
-5.964299228300000095e+02
-6.010004378160000442e+02
-6.023315983280000410e+02
-6.034742062269999678e+02
-6.047731506149999632e+02
-5.994899133249999750e+02
-5.972846765689999984e+02
-5.977422695029999886e+02
-6.036467362680000406e+02
-5.991355892320000294e+02
-6.004730962469999440e+02
-5.877939123319999908e+02
-5.880374680480000507e+02
-5.928077562099999795e+02
-5.991902760210000451e+02
-5.959546851100000140e+02
-6.015299968289999697e+02
-5.969996074839999665e+02
-5.993417669469999964e+02
-6.020907685710000123e+02
-6.040541973370000051e+02
-6.041927009209999824e+02
-5.958707083609999700e+02
-6.007980014830000073e+02
-6.006420522099999744e+02
-5.938894765159999451e+02
-5.939184753600000022e+02
-5.902730470019999984e+02
-5.969791604910000160e+02
-6.047410216990000436e+02
-5.966199546420000388e+02
-5.967542669599999954e+02
-5.979503659749999542e+02
-5.956663843989999805e+02
-5.914452688119999948e+02
-5.975698854459999438e+02
-5.950903116829999817e+02
-5.811309036269999524e+02
-5.915744019769999795e+02
-5.920044116059999624e+02
-5.959917843020000419e+02
-5.924995730900000126e+02
-5.947420389740000246e+02
-6.013205854550000140e+02
-5.982513083940000342e+02
-6.002483584650000239e+02
-6.020999820009999439e+02
-5.947288139610000144e+02
-5.921607341180000503e+02
-5.935389239249999491e+02
-5.956359516219999932e+02
-6.039857456830000046e+02
-5.995312845260000358e+02
-5.985910169960000076e+02
-5.842994293030000108e+02
-5.885941948529999763e+02
-5.945768886969999585e+02
-5.923134563380000372e+02
-6.011667737709999528e+02
-5.949825785819999737e+02
-5.955709039979999488e+02
-5.953353332640000417e+02
-5.864981901950000065e+02
-5.927243112659999724e+02
-5.897340567969999938e+02
-6.013268572270000050e+02
-5.955589859589999833e+02
-6.067789658890000055e+02
-6.012762058419999676e+02
-6.007480366749999803e+02
-5.876598027700000557e+02
-5.950358909220000214e+02
-5.939484029940000482e+02
-5.912558253869999589e+02
-5.921599463810000543e+02
-5.933914596250000386e+02
-6.025818151590000298e+02
-5.965630224550000094e+02
-5.998463433650000525e+02
-5.967619789609999543e+02
-5.911925279140000384e+02
-5.923941738690000420e+02
-5.915479357619999519e+02
-5.919537954180000270e+02
-5.883941157860000430e+02
-5.981121848909999699e+02
-5.837167340900000454e+02
-5.934363511669999980e+02
-6.020595639199999596e+02
-5.998798525160000281e+02
-5.894931409490000078e+02
-5.815001401470000246e+02
-6.000687924659999908e+02
-5.994115880529999458e+02
-5.891178269580000233e+02
-5.991616710009999451e+02
-5.927345009639999489e+02
-5.933196690229999604e+02
-5.977873161490000484e+02
-5.946829026780000049e+02
-6.001070832530000416e+02
-5.903707850670000425e+02
-5.963997804560000304e+02
-5.974864656800000375e+02
-5.993609765459999608e+02
-6.000202597119999837e+02
-5.943148224650000202e+02
-5.970713192109999454e+02
-6.005790222760000461e+02
-5.977774858169999561e+02
-5.898776539069999671e+02
-5.977242193600000064e+02
-6.006282450280000376e+02
-5.952947126530000332e+02
-6.007826865089999728e+02
-5.983281231079999998e+02
-5.979673900750000257e+02
-5.957534869730000082e+02
