-5.674991844759999822e+02
-5.907327400049999824e+02
-5.881992523899999696e+02
-5.907929295070000535e+02
-5.921452999409999620e+02
-5.904535230610000553e+02
-5.948614785280000206e+02
-5.857332875470000317e+02
-5.672102693870000394e+02
-5.827967469310000297e+02
-5.797653775500000393e+02
-5.927449078449999433e+02
-5.743274109349999890e+02
-5.970120958989999735e+02
-5.945452871090000144e+02
-5.882531480180000472e+02
-5.836256522730000142e+02
-5.931617889530000411e+02
-5.816535602610000524e+02
-5.922295826790000319e+02
-5.780506113000000141e+02
-5.874359936990000506e+02
-5.912502402059999440e+02
-5.985893505049999703e+02
-6.039489801780000562e+02
-6.017214261259999830e+02
-5.967703127969999741e+02
-5.998683938330000274e+02
-5.989635424890000195e+02
-6.014039451600000348e+02
-5.995224792379999599e+02
-5.895519708780000201e+02
-5.965750442070000190e+02
-5.875963303739999901e+02
-5.917149548769999683e+02
-6.013995017009999628e+02
-6.025102730180000208e+02
-6.018658841400000483e+02
-5.965756349739999678e+02
-5.935830924010000444e+02
-5.979472405310000340e+02
-5.992440033499999572e+02
-5.968124164280000059e+02
-5.895826137059999610e+02
-5.914968571189999693e+02
-6.007926383080000505e+02
-5.979897156929999937e+02
-6.011576307469999847e+02
-5.958062734679999721e+02
-5.752955459050000400e+02
-5.992679029040000387e+02
-5.939388343540000506e+02
-5.987753733929999953e+02
-5.947797381939999468e+02
-5.946618312309999510e+02
-5.943432067950000146e+02
-5.894404954709999629e+02
-5.902331582350000190e+02
-5.877836448210000526e+02
-5.894485966009999629e+02
-5.724172589309999921e+02
-5.837541858340000545e+02
-5.960237268869999525e+02
-5.896066883129999496e+02
-5.814749168270000155e+02
-5.894951549820000309e+02
-5.627258231509999860e+02
-5.651087594320000562e+02
-5.846377819819999786e+02
-5.998790342219999729e+02
-6.036481004299999995e+02
-5.868927665359999537e+02
-5.941375661370000216e+02
-5.974578296390000105e+02
-6.019613188570000375e+02
-6.046564481059999707e+02
-5.941714786400000321e+02
-6.006383274349999510e+02
-5.991456265450000274e+02
-6.014012473809999619e+02
-5.885576998190000495e+02
-5.942018723180000279e+02
-5.865482222499999807e+02
-5.845287244879999662e+02
-5.939643845699999929e+02
-5.941369637220000186e+02
-5.983124777780000159e+02
-6.000131777090000469e+02
-5.955181037060000335e+02
-5.991882264329999543e+02
-5.867810548600000402e+02
-5.901618807940000124e+02
-5.885503558499999599e+02
-5.879880612030000293e+02
-5.941518338490000133e+02
-6.012995049569999537e+02
-5.967225962960000061e+02
-5.922453842720000239e+02
-5.902397066209999821e+02
-6.010505368719999524e+02
-5.995849555999999438e+02
-6.032800090560000399e+02
-5.910669580669999732e+02
-5.786284003580000217e+02
-5.988315144429999464e+02
-5.985191477769999437e+02
-5.980114607279999746e+02
-5.979494516360000489e+02
-5.977101279029999432e+02
-5.993612330380000230e+02
-5.966756277770000452e+02
-6.031370009759999675e+02
-5.789464940210000350e+02
-6.013670158679999531e+02
-5.660011517310000499e+02
-5.921468449510000482e+02
-6.012274302590000161e+02
-5.974020558209999763e+02
-5.948497676920000004e+02
-5.929694070289999672e+02
-5.932794915219999439e+02
-5.866895731409999826e+02
-5.952467384279999578e+02
-5.933643531190000431e+02
-5.890564010250000138e+02
-5.959259738319999542e+02
-5.963914498560000084e+02
-5.885119418709999763e+02
-5.904278929670000480e+02
-5.836162434770000118e+02
-5.895121945150000329e+02
-5.799144602510000368e+02
-5.798018584999999803e+02
-5.903425755399999844e+02
-5.942497172040000351e+02
-5.947687594210000270e+02
-5.939223521540000093e+02
-6.003056080430000065e+02
-5.922403211729999839e+02
-5.891605927690000044e+02
-5.925400315939999700e+02
-5.966985959710000316e+02
-5.883925631749999638e+02
-6.023095676850000473e+02
-6.016177266559999453e+02
-5.888618484260000514e+02
-5.807694086410000409e+02
-5.956421218210000461e+02
-5.997405604159999939e+02
-5.906889496439999903e+02
-5.790788281840000309e+02
-5.924969931040000120e+02
-6.029015058810000482e+02
-6.045939431330000389e+02
-6.020374634629999946e+02
-5.969517246479999812e+02
-5.947197622600000386e+02
-6.017040954049999755e+02
-6.041255342870000504e+02
-5.968115710480000189e+02
-6.004156977379999489e+02
-5.944221524949999775e+02
-5.952281006670000352e+02
-5.952111200040000085e+02
-5.916699995259999696e+02
-6.034898605729999872e+02
-5.868857840670000314e+02
-5.979847791329999609e+02
-5.925609156179999673e+02
-5.786694875010000487e+02
-5.956231658589999824e+02
-5.991998775439999463e+02
-6.042722415749999527e+02
-5.883752324739999722e+02
-5.829873848989999487e+02
-5.963904255109999895e+02
-5.951588712929999474e+02
-5.958800368759999628e+02
-6.031060864470000524e+02
-5.890286942379999573e+02
-6.012156155789999730e+02
-6.021006802150000112e+02
-5.887619596770000499e+02
-5.887116793070000540e+02
-6.041118834190000371e+02
-5.811802503999999772e+02
-5.863429842110000436e+02
-5.975114951289999681e+02
-5.897410441140000330e+02
-5.922897376529999747e+02
-5.886081681419999541e+02
-5.844679237399999465e+02
-5.944248986269999477e+02
-6.013051851740000302e+02
-5.974735301079999772e+02
-6.017435864909999736e+02
-5.857881461499999887e+02
-5.996084440629999790e+02
-5.936521859619999759e+02
-5.904358297039999570e+02
-5.967487535879999996e+02
-5.927089857140000504e+02
-5.955843392880000238e+02
-5.845287542700000358e+02
-6.033653459539999631e+02
-5.961238074960000404e+02
-5.921563396000000239e+02
-5.969411658510000507e+02
-6.013371802100000423e+02
-5.911164334310000186e+02
-5.978630085600000257e+02
-5.942473695119999775e+02
-5.945210839659999920e+02
-5.994515284689999817e+02
-6.020191872560000093e+02
-5.927734647060000270e+02
-5.835277631389999442e+02
-5.940547565230000373e+02
-5.974833821080000007e+02
-5.923871423089999553e+02
-5.982895980480000162e+02
-5.922455146569999442e+02
-5.972739270849999684e+02
-5.952179781930000217e+02
-5.998724963979999529e+02
-5.839539238319999868e+02
-6.004887693959999524e+02
-5.994791891480000459e+02
-5.919501975970000558e+02
-6.003382342050000489e+02
-6.012632119139999531e+02
-5.920371115469999950e+02
-6.008503560110000308e+02
-6.031709423710000237e+02
-5.946852112550000129e+02
-6.021798700120000376e+02
-6.042541823289999456e+02
-5.891866718229999833e+02
-5.961277645220000068e+02
-5.993261214819999623e+02
-5.818856367749999663e+02
-5.946265246389999675e+02
-5.960224395730000424e+02
-5.987493802320000214e+02
-5.990690310659999795e+02
-5.903225134929999740e+02
-5.949876262239999960e+02
-5.888537247040000011e+02
-5.988210771919999615e+02
-5.818200715289999607e+02
-5.939244985139999926e+02
-5.801850506660000519e+02
-5.847086666400000468e+02
-5.997894031519999771e+02
-6.017637042420000171e+02
-5.927093415199999527e+02
-5.941486641650000138e+02
-6.007618700839999519e+02
-6.046497928989999764e+02
-5.884754777389999845e+02
-5.929375434060000316e+02
-5.920381180120000408e+02
-5.974610103280000430e+02
-6.042405952520000483e+02
-5.662722376990000157e+02
-5.921736847539999644e+02
-5.781932480589999841e+02
-6.033613714059999893e+02
-5.953395202530000461e+02
-5.960921611329999905e+02
-5.767073841190000394e+02
-6.007904561369999783e+02
-5.943256318229999806e+02
-5.984785429239999530e+02
-5.884031493039999532e+02
-5.862450021040000365e+02
-5.855175930149999886e+02
-5.764824123470000359e+02
-5.911917677550000008e+02
-6.030218387539999867e+02
-5.896697157620000098e+02
-5.970113647360000186e+02
-5.918294963849999704e+02
-5.974835535030000528e+02
-5.865292601630000036e+02
-5.951433711900000390e+02
-5.906038190059999806e+02
-6.005187333190000345e+02
-5.910329731780000202e+02
-5.972158533130000251e+02
-5.993024188299999651e+02
-5.920240127219999522e+02
-5.879705360010000277e+02
-5.967564607450000267e+02
-5.854368952260000469e+02
-5.884131582630000139e+02
-5.970097272760000351e+02
-6.010379833240000380e+02
-6.013153758390000121e+02
-5.965354959129999770e+02
-5.905939717950000158e+02
-6.005238869129999557e+02
-5.925640124599999581e+02
-5.935194883960000425e+02
-5.972067244129999608e+02
-6.001525189210000235e+02
-5.916572862790000045e+02
-5.924922491449999598e+02
-5.960874304760000086e+02
-5.781912374329999693e+02
-5.918895334549999916e+02
-5.946333822340000097e+02
-5.877885935919999838e+02
-5.883327733559999615e+02
-5.903738438929999575e+02
-5.680569359950000035e+02
-5.921091246979999596e+02
-5.977773574609999514e+02
-5.906522520209999811e+02
-5.957431337689999964e+02
-5.931588729170000533e+02
-5.864441368020000027e+02
-6.010558600939999678e+02
-5.931086771220000173e+02
-6.016528407639999614e+02
-6.031114590129999442e+02
-5.902443582729999889e+02
-5.938136563089999527e+02
-5.945271155409999437e+02
-5.999604940619999525e+02
-6.044306558040000255e+02
-5.890800055959999781e+02
-5.882913231039999573e+02
-5.857486799959999644e+02
-5.746204234499999757e+02
-5.838187242489999562e+02
-5.920391650399999435e+02
-5.851683769439999878e+02
-6.005536258339999449e+02
-5.931520214040000383e+02
-5.991487628439999753e+02
-5.910605566130000170e+02
-5.891767673829999694e+02
-6.027261276699999826e+02
-5.826140287639999542e+02
-5.899954560180000271e+02
-5.918419992320000347e+02
-5.978228112100000544e+02
-5.808475264549999793e+02
-5.936161381749999464e+02
-5.956962067130000378e+02
-5.952594661770000357e+02
-5.676917925960000275e+02
-5.928119381049999674e+02
-5.818740909949999605e+02
-5.787202391460000399e+02
-5.893784922410000036e+02
-5.998917304919999651e+02
-5.821838232920000564e+02
-6.004590965229999711e+02
-5.793829372769999964e+02
-5.885175191030000406e+02
-5.975101788330000545e+02
-5.982361516570000504e+02
-5.947983419360000426e+02
-5.884278451149999682e+02
-5.974214588610000192e+02
-5.933140656419999459e+02
-6.035307945900000277e+02
-5.935973179620000337e+02
-5.891392604200000278e+02
-5.902357897470000125e+02
-5.974465222210000093e+02
-5.946714727910000420e+02
-6.002275900790000378e+02
-5.853162530380000135e+02
-5.965857601000000159e+02
-5.928546580119999589e+02
-5.981730230880000363e+02
-6.012502156189999596e+02
-5.854212211550000120e+02
-5.817420235079999884e+02
-5.962000758640000413e+02
-6.024793967269999939e+02
-5.933164483929999733e+02
-6.034883577179999747e+02
-5.881558120610000060e+02
-5.948931417999999667e+02
-5.950208075250000093e+02
-5.839837844959999984e+02
-5.864420797489999586e+02
-5.952919432749999942e+02
-5.818565025729999434e+02
-5.987262769559999924e+02
-5.929503312790000109e+02
-5.904352579330000026e+02
-6.012886060839999800e+02
-5.985481698969999798e+02
-5.752714136240000471e+02
-6.041419582570000557e+02
-5.936040438219999942e+02
-5.946857477979999658e+02
-5.977561163259999830e+02
-5.911957558889999973e+02
-5.914535198810000338e+02
-5.899182275749999462e+02
-5.937670384159999912e+02
-6.022595193140000447e+02
-5.988573620729999902e+02
-5.927553669139999784e+02
-5.952976461069999914e+02
-5.975206311150000147e+02
-5.911953980170000023e+02
-5.814657701370000495e+02
-5.885036446630000455e+02
-5.862034148080000477e+02
-5.904888950700000123e+02
-6.019069313740000098e+02
-5.871161680459999843e+02
-5.884371569319999935e+02
-5.908650254269999778e+02
-5.925815948319999507e+02
-5.937865396299999929e+02
-5.980480668139999807e+02
-5.994570072489999575e+02
-5.979215305999999828e+02
-6.015123691530000087e+02
-5.935672901619999493e+02
-5.867084622480000462e+02
-5.888078565299999809e+02
-5.876171963199999482e+02
-6.008176180670000122e+02
-5.964340734820000307e+02
-5.948748418530000208e+02
-5.953994920249999723e+02
-6.007791267640000115e+02
-6.033242042440000432e+02
-5.965995842109999785e+02
-5.886233146570000372e+02
-5.860172770799999853e+02
-5.891028083559999686e+02
-5.756978494080000246e+02
-5.868920309310000221e+02
-5.886244901459999710e+02
-5.981095558949999713e+02
-5.923254099419999648e+02
-5.994997616660000403e+02
-5.972527734620000501e+02
-5.801574003819999916e+02
-5.800605753260000483e+02
-5.890733080579999523e+02
-5.830111127169999463e+02
-5.955516792250000435e+02
-6.037828376700000490e+02
-5.953595050039999705e+02
-5.933718654880000258e+02
-5.941038604609999538e+02
-5.885678715620000503e+02
-5.894303739509999787e+02
-5.978056317550000358e+02
-5.885299341160000495e+02
-5.857181876040000361e+02
-5.989441767890000392e+02
-5.976351097169999775e+02
-5.825848466090000102e+02
-6.000685144159999709e+02
-5.938966611450000528e+02
-5.846890463129999489e+02
-5.935451723899999479e+02
-5.995638292999999521e+02
-6.034460547439999800e+02
-6.031723493920000010e+02
-6.027444043909999891e+02
-5.987039106790000460e+02
-5.929509183830000438e+02
-5.959200122030000557e+02
-5.912725339249999479e+02
-5.834283758039999839e+02
-5.865969308390000378e+02
-5.949951877969999714e+02
-5.975189474349999728e+02
-5.988073581690000537e+02
-5.952962014539999700e+02
-5.805275999409999486e+02
-5.826082042389999742e+02
-5.811253105509999841e+02
-5.932824853590000203e+02
-5.658417325230000188e+02
-5.667338285289999931e+02
-5.887255463049999662e+02
-5.863303117079999538e+02
-5.906503788750000012e+02
-5.966431854170000406e+02
-5.947715865029999804e+02
-5.870974779140000237e+02
-5.936241026720000491e+02
-5.773358928000000105e+02
-5.945573063909999973e+02
-5.946511343019999458e+02
-5.879006970249999995e+02
-6.006626221870000109e+02
-5.873548330789999454e+02
-5.918533268390000330e+02
-5.972896008049999637e+02
-5.969782109080000509e+02
-5.964118053070000087e+02
-6.012878733170000487e+02
-6.013649770550000540e+02
-5.964619857930000535e+02
-5.981118597580000369e+02
-6.017946487760000309e+02
-5.920717184220000036e+02
-5.893739269840000361e+02
-5.915465745469999774e+02
-5.870272251879999885e+02
-5.881662149999999656e+02
-6.004652416420000236e+02
-6.001700423429999773e+02
-6.049066624859999592e+02
-5.979760176449999562e+02
-5.873767778010000029e+02
-6.016405270789999804e+02
-6.046092128039999807e+02
-5.909834789139999884e+02
-5.884255741099999568e+02
-5.827646326919999638e+02
-5.962020121030000155e+02
-6.031674808579999763e+02
-5.962134516520000034e+02
-6.020439753760000485e+02
-6.042107407439999633e+02
-5.999479975809999814e+02
-5.842598239830000466e+02
-5.919589770979999912e+02
-5.932854288070000166e+02
-5.838938275059999796e+02
-5.832042422399999850e+02
-6.054474678799999765e+02
-6.019385050719999981e+02
-5.836494921339999564e+02
-5.764217617309999468e+02
-5.963394648570000527e+02
-5.996132116720000340e+02
-6.013800759990000415e+02
-6.001443744990000368e+02
-5.914631977709999546e+02
-5.979818971720000036e+02
-5.915413900229999626e+02
-5.962864035239999794e+02
-5.898061399240000355e+02
-5.916165184049999652e+02
-5.898340933419999601e+02
-5.854249217279999584e+02
-5.949625725370000282e+02
-5.995680813999999828e+02
-5.866588680779999549e+02
-6.038524234190000470e+02
-5.938910807160000331e+02
-5.913398830610000232e+02
-5.832686506779999718e+02
-5.896260231960000056e+02
-6.011967701800000441e+02
-5.946941451459999826e+02
-5.950240675029999693e+02
-5.957305226549999588e+02
-6.023877057470000409e+02
-5.900907512249999627e+02
-6.000390662849999899e+02
-5.958042812349999622e+02
-5.910269566360000226e+02
-5.967651821900000186e+02
-6.004062431559999595e+02
-6.002526018109999768e+02
-5.946628385809999600e+02
-5.905840526370000134e+02
-5.957882549590000281e+02
-5.876800792000000229e+02
-5.985861123460000499e+02
-5.860899388039999849e+02
-6.008308612219999532e+02
-5.926052962750000006e+02
-5.967406743899999810e+02
-5.976011920439999585e+02
-5.886498069629999463e+02
-5.894568836429999692e+02
-5.924995143930000268e+02
-5.743047537840000132e+02
-5.978731652269999586e+02
-5.876253648699999985e+02
-5.985346367240000518e+02
-5.889920088290000422e+02
-6.045176092819999667e+02
-5.806117884620000495e+02
-5.899764250050000101e+02
-5.746038065630000347e+02
-5.765546070540000301e+02
-5.847634491500000422e+02
-5.929817746710000392e+02
-5.858225475870000309e+02
-5.894551751550000063e+02
-5.888942340950000016e+02
-5.931969410369999878e+02
-5.873627168860000438e+02
-6.005038791910000100e+02
-5.815439630939999915e+02
-5.991160417910000433e+02
-5.830918244959999583e+02
-5.919245354949999864e+02
-5.837850056459999450e+02
-5.958462983330000498e+02
-5.981348685089999435e+02
-6.016682713139999805e+02
-6.025851021570000512e+02
-5.966114200670000400e+02
-5.856771592920000558e+02
-6.004286476620000030e+02
-5.990002565610000147e+02
-5.965693191579999848e+02
-5.959991784039999629e+02
-6.009415400489999683e+02
-6.021578968070000428e+02
-5.885855020359999799e+02
-6.043945469379999622e+02
-5.910503114870000445e+02
-6.036753628660000004e+02
-5.953194166130000440e+02
-5.916430799969999725e+02
-5.920988951709999810e+02
-6.027911230710000154e+02
-5.974728118939999604e+02
-5.936179675849999740e+02
-5.941610945710000351e+02
-5.918635376759999644e+02
-5.864587319329999673e+02
-5.840954198980000456e+02
-5.872074409719999721e+02
-5.943231492190000154e+02
-5.795219596639999509e+02
-5.892292455360000076e+02
-5.986232949950000375e+02
-5.953557235580000224e+02
-5.884225889760000427e+02
-6.015293624680000448e+02
-5.940536174229999915e+02
-5.933820131539999920e+02
-6.000000142950000281e+02
-5.915739303420000397e+02
-5.887371370670000488e+02
-5.971794443679999631e+02
-5.879269168230000560e+02
-5.962468942210000478e+02
-6.018166016269999545e+02
-5.852320978530000275e+02
-5.959607685759999640e+02
-6.036229257200000120e+02
-5.909016454329999988e+02
-5.925966604840000400e+02
-6.004140803510000524e+02
-5.926467855600000121e+02
-5.964481145810000271e+02
-5.974758338650000269e+02
-5.925018925880000324e+02
-5.836159235489999446e+02
-5.844099696340000492e+02
-5.930006508290000511e+02
-5.930871483610000041e+02
-5.980070942349999541e+02
-5.917053684080000266e+02
-6.011996261120000327e+02
-6.013590776070000175e+02
-6.025209536280000293e+02
-6.012110496130000001e+02
-6.006009688320000350e+02
-6.057664908460000106e+02
-5.812572450220000064e+02
-5.801768941379999660e+02
-6.017902528979999488e+02
-5.854581391310000527e+02
-5.801073761589999549e+02
-5.877480963120000297e+02
-6.002765287879999505e+02
-5.894847755660000530e+02
-5.974824629930000128e+02
-5.985881794780000291e+02
-5.974421031050000011e+02
-5.961959160569999767e+02
-5.842765662379999867e+02
-5.892325239729999566e+02
-5.827108717969999816e+02
-5.988091989839999769e+02
-6.052311563719999867e+02
-5.777700294339999800e+02
-5.937217544919999455e+02
-5.947203897360000155e+02
-5.878357295069999964e+02
-5.745139266769999722e+02
-6.014862721419999616e+02
-5.865260896160000357e+02
-5.955220345950000365e+02
-5.917688094170000568e+02
-5.986925523820000308e+02
-5.978972383269999682e+02
-5.964921836700000313e+02
-5.935057436910000206e+02
-5.933255063440000185e+02
-5.936591081770000073e+02
-5.971509449080000422e+02
-5.946588214869999547e+02
-5.902141333260000238e+02
-5.910333424140000034e+02
-6.014904494830000203e+02
-5.972118944789999659e+02
-5.949401009399999793e+02
-5.889817768919999708e+02
-5.838391669669999828e+02
-5.983539700669999775e+02
-6.049150666919999821e+02
-5.876912074480000001e+02
-5.876512072990000206e+02
-5.683008467150000342e+02
-5.867250039000000470e+02
-5.981169018909999977e+02
-5.982854598610000494e+02
-5.910411526310000454e+02
-5.857568946129999858e+02
-6.011529622089999521e+02
-5.941890181449999773e+02
-5.704155608730000040e+02
-5.939125702899999624e+02
-5.981649719069999946e+02
-5.916001186639999787e+02
-5.970385658799999646e+02
-5.785218442520000508e+02
-5.963506779230000348e+02
-5.939363018149999789e+02
-5.944213321629999882e+02
-5.808763787929999580e+02
-5.906436140060000071e+02
-5.862881551120000267e+02
-5.879670937839999851e+02
-6.016951419150000220e+02
-5.979399349259999781e+02
-5.910993821170000047e+02
-5.959769474800000353e+02
-5.932518153620000021e+02
-5.873638920659999485e+02
-5.914290325299999722e+02
-5.985380764149999777e+02
-5.991070364780000546e+02
-5.970909491319999916e+02
-5.897591328370000383e+02
-5.761584222579999732e+02
-5.951683116299999483e+02
-5.890826926239999466e+02
-5.946424977870000248e+02
-5.971246705519999978e+02
-5.991498698929999591e+02
-5.880637316820000251e+02
-5.999932955240000183e+02
-5.881094521060000488e+02
-5.958747830040000508e+02
-5.917799671320000243e+02
-5.794961147489999576e+02
-5.969513814299999694e+02
-5.975341486739999937e+02
-5.895134724230000529e+02
-5.937704007019999608e+02
-5.985009891780000544e+02
-6.035732017840000481e+02
-5.979762841519999483e+02
-5.943893240999999534e+02
-5.929926575670000375e+02
-5.995419442239999626e+02
-5.946750001840000550e+02
-6.004061530589999620e+02
-5.987778147770000032e+02
-5.915313822150000078e+02
-5.913158687549999968e+02
-5.910375389280000036e+02
-5.904517907770000420e+02
-5.803309972020000487e+02
-5.951546889139999621e+02
-5.972730792659999679e+02
-5.926604188830000339e+02
-5.960063446030000023e+02
-6.029861215989999437e+02
-5.949107609860000139e+02
-5.861959332549999999e+02
-5.902634693080000261e+02
-5.941381549410000389e+02
-5.967481284609999648e+02
-5.833518303700000160e+02
-5.854529776179999772e+02
-6.045827733270000408e+02
-5.950037714009999945e+02
-5.984174450509999588e+02
-5.804263993030000393e+02
-5.971155237010000292e+02
-5.917755435039999838e+02
-6.009478253319999794e+02
-5.924886595660000239e+02
-5.834597506630000225e+02
-5.992585934740000084e+02
-5.941910495629999787e+02
-5.928533241439999983e+02
-5.881681819399999540e+02
-5.867300756509999928e+02
-5.856279266630000393e+02
-5.944061716050000541e+02
-5.983423096039999791e+02
-5.993569260839999515e+02
-6.004759371280000551e+02
-5.923051262589999624e+02
-5.861774561009999616e+02
-6.016598131140000305e+02
-5.886450908030000164e+02
-5.858635315039999796e+02
-5.928224524920000249e+02
-5.893367626269999846e+02
-5.924528694809999934e+02
-5.981500294720000284e+02
-5.900455437580000080e+02
-5.861400405880000335e+02
-5.999342387809999764e+02
-5.886176566890000004e+02
-5.945023800860000165e+02
-5.793801373569999669e+02
-5.883138981849999709e+02
-5.908056610200000023e+02
-5.853330110739999554e+02
-5.758746589879999647e+02
-5.864796309780000456e+02
-5.894799878009999929e+02
-5.900678129809999746e+02
-6.019156634549999580e+02
-5.941287480790000473e+02
-5.997650026129999787e+02
-6.030661951370000224e+02
-5.935056331189999810e+02
-6.026255670619999592e+02
-5.920636069820000102e+02
-5.923616609700000026e+02
-5.918004916580000554e+02
-5.973662779249999630e+02
-5.982683124850000240e+02
-5.798526122030000352e+02
-6.020668290029999525e+02
-5.919746967910000421e+02
-5.889175956039999846e+02
-5.992999733179999566e+02
-5.807830682349999734e+02
-5.848533464260000301e+02
-6.009585392699999602e+02
-5.968311685710000347e+02
-5.829058769910000137e+02
-5.979849900860000389e+02
-5.904549178739999888e+02
-5.972061194369999839e+02
-5.905516841969999859e+02
-6.040513067010000441e+02
-5.992635273629999801e+02
-5.967688561730000174e+02
-5.918022446530000025e+02
-6.039770163059999959e+02
-5.923051577930000349e+02
-5.921969272219999993e+02
-5.880422897610000064e+02
-5.921020515110000133e+02
-5.881887799410000071e+02
-5.769457950639999808e+02
-5.957597239550000268e+02
-5.872183142650000036e+02
-6.048628181750000294e+02
-5.928513994280000361e+02
-5.978103823930000544e+02
-6.046643460620000496e+02
-5.916760065780000559e+02
-5.732957284289999507e+02
-5.765419154429999935e+02
-5.639199885189999577e+02
-5.689333205140000018e+02
-5.723746507949999796e+02
-5.862908701579999615e+02
-5.965710523029999877e+02
-5.939621198800000457e+02
-5.793548380910000333e+02
-5.952194208869999557e+02
-5.990525450569999748e+02
-5.964639608190000217e+02
-5.926944238490000316e+02
-5.946225480860000516e+02
-5.897472285820000479e+02
-5.940463531130000092e+02
-6.024316353909999862e+02
-5.983353296830000545e+02
-5.943604570180000337e+02
-5.861285807259999956e+02
-5.962718903659999796e+02
-5.790834727100000237e+02
-5.849833159900000510e+02
-5.951645362310000564e+02
-5.779981249459999617e+02
-5.932604333210000505e+02
-5.972066837170000326e+02
-5.933557742430000417e+02
-5.937399190559999624e+02
-5.791805112299999792e+02
-5.805273193340000262e+02
-5.842610616389999905e+02
-5.995839454800000112e+02
-6.024883675480000420e+02
-5.963644957159999649e+02
-5.960782663510000248e+02
-5.945357914109999911e+02
-5.795453674379999711e+02
-5.972586370359999819e+02
-6.011697589479999806e+02
-5.973374549559999878e+02
-5.812401457949999894e+02
-5.943477730030000430e+02
-6.014346495720000121e+02
-5.933137397870000314e+02
-5.935727176540000301e+02
-5.930724867339999946e+02
-5.929691986399999450e+02
-5.938713483210000277e+02
-5.959408974630000557e+02
-5.925137024069999825e+02
-5.948494465500000388e+02
-5.947193102319999980e+02
-5.900083727319999980e+02
-5.995497230109999691e+02
-5.982079744010000013e+02
-5.974135598450000089e+02
-5.956396826999999803e+02
-5.964958723739999868e+02
-6.013260048070000039e+02
-5.886438849630000050e+02
-5.767587088880000010e+02
-5.997183103380000375e+02
-5.989099984140000288e+02
-5.929327457199999571e+02
-5.812611900970000534e+02
-6.011220337439999639e+02
-6.002232077490000393e+02
-5.818897066370000175e+02
-6.047467033970000330e+02
-6.001318679900000461e+02
-5.853735632350000060e+02
-5.989204173489999903e+02
-5.978881483720000460e+02
-5.928466616270000031e+02
-6.027011979960000190e+02
-5.926606546100000514e+02
-5.917155253180000045e+02
-5.806851161429999593e+02
-5.899247995130000390e+02
-6.007319830269999557e+02
-5.874231663000000481e+02
-6.032325935669999808e+02
-5.946059865869999612e+02
-5.974464851239999916e+02
-5.812321282890000020e+02
-5.961034188469999435e+02
-5.958506989630000135e+02
-5.992445151949999627e+02
-5.900577447540000549e+02
-5.965233851970000387e+02
-6.038039412990000301e+02
-5.970763248450000447e+02
-5.884664712310000141e+02
-5.946764605859999619e+02
-5.829093762080000261e+02
-5.984856877590000295e+02
-6.030717029420000017e+02
-6.030894954569999982e+02
-5.924163955039999792e+02
-5.929371417390000261e+02
-5.780659106419999489e+02
-5.811099374359999956e+02
-5.756580679999999575e+02
-5.819417469779999692e+02
-5.881796513560000221e+02
-5.960205895330000203e+02
-5.925210737539999855e+02
-5.929020382190000191e+02
-6.043617962289999923e+02
-5.942267883629999687e+02
-5.961520245159999831e+02
-5.879683297579999817e+02
-5.890766098479999755e+02
-5.901935240719999456e+02
-5.909655013599999620e+02
-5.938328896379999833e+02
-5.975396734319999723e+02
-6.037239119179999989e+02
-5.778825950880000164e+02
-5.976109721740000396e+02
-5.976412751479999770e+02
-5.936895135180000125e+02
-5.947340025810000270e+02
-5.913281115009999667e+02
-5.810650465850000046e+02
-5.774018096769999602e+02
-5.906754908709999654e+02
-5.955386893720000216e+02
-5.893778092329999936e+02
-5.860929497509999919e+02
-5.863869755340000438e+02
-5.843381911579999723e+02
-5.931930423049999490e+02
-6.027538696909999771e+02
-5.886506414970000378e+02
-5.932003452100000231e+02
-5.925110225920000175e+02
-5.890969193070000074e+02
-5.960873149489999605e+02
-5.971828890450000245e+02
-5.909974744339999688e+02
-5.807668812480000042e+02
-5.898672195650000276e+02
-5.936125554830000510e+02
-5.932378933060000463e+02
-5.863213594259999581e+02
-6.004130360990000099e+02
-6.047889372869999534e+02
-6.006211370669999496e+02
-5.920580762199999754e+02
-6.036649767940000402e+02
-5.961536729829999786e+02
-5.997836146109999618e+02
-5.844765910879999637e+02
-5.859139465900000232e+02
-5.947074055929999759e+02
-6.014871726139999737e+02
-5.800273395880000180e+02
-5.939325174159999960e+02
-6.032021851319999541e+02
-5.936364554420000559e+02
-5.983728624509999463e+02
-5.924817749669999785e+02
-5.902745843320000176e+02
-5.881748935849999498e+02
-5.966788875329999655e+02
-5.880028396589999602e+02
-5.975846058329999551e+02
-5.881880647460000091e+02
-5.813258980560000282e+02
-5.860459711250000510e+02
-5.851588637199999994e+02
-5.929997013529999776e+02
-5.849328229669999928e+02
-5.966138226660000328e+02
-5.891822600570000077e+02
-5.966110434669999449e+02
-6.009202984790000528e+02
-5.969960236550000445e+02
-6.025861683629999561e+02
-5.964669974580000371e+02
-5.903888878520000389e+02
