4.863024881696576429e+00
4.819830494944817190e+00
4.824548269009234502e+00
4.759299948521841017e+00
4.747065198625357141e+00
4.844718464472419939e+00
4.968745213834172780e+00
5.024725763661137989e+00
4.577761352451654275e+00
4.612312435210780492e+00
4.923533081030329051e+00
4.913163746507946072e+00
4.973555971334795878e+00
5.038676909665869452e+00
5.259826708172047560e+00
5.219600272051491352e+00
5.061336384790088516e+00
5.208001152073605589e+00
4.628857958503371783e+00
4.527111220193292596e+00
4.495133590895825648e+00
4.498384710093167982e+00
4.448167937477180978e+00
4.358193777243045020e+00
4.458876203708732611e+00
4.389591780564566115e+00
4.235804528067838248e+00
4.195033015364717954e+00
4.288713326861565811e+00
4.290537029323951757e+00
4.209036350520151792e+00
4.139902051981422915e+00
4.183850021212519366e+00
4.218078828092239441e+00
4.230920585404552625e+00
4.293232232246468882e+00
4.293719366702951845e+00
4.218917633706540826e+00
4.161766211598147969e+00
4.143079289610566818e+00
4.135654845366087962e+00
4.136715363667168965e+00
4.200224041643493500e+00
4.253699566259939502e+00
4.287082924320452015e+00
4.185091277379741292e+00
4.239927593721382948e+00
4.243312974551842309e+00
4.302707403484462567e+00
4.341734791532066318e+00
4.303156632055124220e+00
4.160855801394708564e+00
4.039029710215065627e+00
3.937571967596274369e+00
3.823933838339779623e+00
3.748582398720881947e+00
3.711217724682830177e+00
3.654192797322001862e+00
3.687281925755067746e+00
3.714091544375286436e+00
3.714331972239422797e+00
3.643863608863536996e+00
3.638567437879913768e+00
3.611734624802880322e+00
3.459969653046107041e+00
3.426003064797227715e+00
3.465660398827328681e+00
3.435284267713517359e+00
3.375967565010066451e+00
3.302513436762975374e+00
3.263489696628441905e+00
3.179316593231948040e+00
3.086231520803324191e+00
3.188687974700566752e+00
3.114215310475497489e+00
3.156192801461913167e+00
3.279686570390530242e+00
3.231360549366164570e+00
3.233898421410295487e+00
3.182307653260445068e+00
3.186882802991035657e+00
3.067534840877931934e+00
2.944820707615320998e+00
2.816315678328692229e+00
2.756495238523005487e+00
2.684208821980882842e+00
2.742214798297172074e+00
2.751019629155706081e+00
2.693515546641600533e+00
2.754969328322912858e+00
2.763534512178199787e+00
2.686469430311835715e+00
2.773976748280345461e+00
2.735143506289934745e+00
2.739489368477271203e+00
2.785630449287916477e+00
2.783958692222281872e+00
2.838121385705692390e+00
2.874652848606245037e+00
2.813897475033516393e+00
2.740758106801838956e+00
2.840677912048460207e+00
2.802737590285612423e+00
2.850981936105523751e+00
2.771039696575998246e+00
2.754576373963880442e+00
2.759643636413948276e+00
2.774771522125740741e+00
2.704163271697920479e+00
2.707539104057409496e+00
2.735088481201293664e+00
2.759609573834675533e+00
2.883831825887217093e+00
3.041151262268945388e+00
3.052178893839612606e+00
3.083294017767361783e+00
3.087349834404905735e+00
2.956439412536640887e+00
2.915270313367183785e+00
2.810096973415686428e+00
2.777054734786478463e+00
2.848699878892123838e+00
2.886151243438223268e+00
2.937072862562316367e+00
2.998223974288778848e+00
2.962532869015970682e+00
2.891161185406306622e+00
2.872667227508261423e+00
2.725013761433142001e+00
2.684495297071685993e+00
2.700733233771895225e+00
2.801956102439865148e+00
2.872633112668584676e+00
2.884168337666856541e+00
2.975508864043258317e+00
2.987855585532875224e+00
2.941718035434395251e+00
2.979271890915631271e+00
2.962009284252836050e+00
2.971899224401796769e+00
3.024764618941447214e+00
2.973148163142899758e+00
2.921942162329706605e+00
2.975213773832058983e+00
2.964146757500377038e+00
2.872071377943103965e+00
2.893635256904366848e+00
2.958343286368233294e+00
2.921549246547112677e+00
2.916192209028753535e+00
2.917839269048245310e+00
2.815358946919557237e+00
2.832409927958874807e+00
2.800148031801175996e+00
2.784078123903853452e+00
2.701928570484423364e+00
2.777917385380638038e+00
2.877941799272528911e+00
2.914103121030551247e+00
2.896601629496192931e+00
2.925222384708554113e+00
2.833000529474006601e+00
2.889006403592765171e+00
2.946464152166117678e+00
3.007623147935924113e+00
2.847678001460136610e+00
2.705881187339902461e+00
2.725047706004428694e+00
2.756737564586081213e+00
2.735044789395596254e+00
2.735283166328488225e+00
2.792619021635425636e+00
2.786047558818764980e+00
2.838252455297097132e+00
2.850839525473154445e+00
2.754682921862333433e+00
2.760952371918066639e+00
2.767027647133291968e+00
2.774901259504560791e+00
2.834154194817211980e+00
2.903171369382110623e+00
2.913627464175885695e+00
2.916574360444115221e+00
2.855944677335329196e+00
2.806718724774536433e+00
2.791785271112375622e+00
2.779177936009135763e+00
2.722516666615652170e+00
2.788279397764865664e+00
2.820470173570357009e+00
2.877174308240639355e+00
2.905566037797110646e+00
2.936893086239265482e+00
2.935759697250441391e+00
2.944426769338982730e+00
2.934792326553958830e+00
2.931177408482809721e+00
2.871473663469682247e+00
2.892167699148858073e+00
2.848870828942582811e+00
2.923845071134925977e+00
2.956550185604837733e+00
2.986063127263052674e+00
2.957027054323311699e+00
2.870907522021564517e+00
2.891960753537294870e+00
2.905353851082514538e+00
2.825118227614554556e+00
2.823607621465843653e+00
2.866993721653397387e+00
2.866443964217685103e+00
2.859475651233981175e+00
2.939870405307008827e+00
2.895545026415579759e+00
2.935370675059625345e+00
2.937500638297803057e+00
2.938913744906440417e+00
2.917471679382680705e+00
2.843841591931590251e+00
2.848696192997771881e+00
2.828322647789675237e+00
2.783271815687429651e+00
2.759811225428289827e+00
2.769228954059234304e+00
2.780378391514363390e+00
2.751698748046377485e+00
2.756818093382296997e+00
2.850063332629645174e+00
2.925706923121316194e+00
2.829326598326888043e+00
2.751835750912470679e+00
2.640064582543389271e+00
2.701867687359986281e+00
2.746895338377493001e+00
2.778936667144467076e+00
2.723577426841395699e+00
2.767132450751138339e+00
2.817357627281279697e+00
2.820476910027805761e+00
2.869709741419853355e+00
2.905446953568417534e+00
2.894250161959052381e+00
2.924202968331712782e+00
2.848840114853762984e+00
2.799473879142293509e+00
2.810361898403833436e+00
2.858057557153109052e+00
2.861321373072239105e+00
2.836470518091100956e+00
2.850217360132381028e+00
2.784761031040185575e+00
2.725353738508085488e+00
2.717296818531240277e+00
2.795648940764916546e+00
2.894360896640224112e+00
2.856017156811212487e+00
2.750431602494415539e+00
2.757698496935443000e+00
2.758974084691626860e+00
2.727821475096931625e+00
2.780231285343001790e+00
2.722653852402100672e+00
2.758941463677690553e+00
2.884468755247662664e+00
2.852094142906225649e+00
2.942385766686617998e+00
2.881542295368923146e+00
2.952937689826861334e+00
2.824567400505784143e+00
2.853906270359977349e+00
2.908883118999455508e+00
2.887812493912995659e+00
2.893434118828351664e+00
2.925770667704494343e+00
2.773602891547382043e+00
2.714974401352616695e+00
2.814710464683712665e+00
2.914365110963277772e+00
2.909287197923229762e+00
2.925095212125581767e+00
2.821196554655488686e+00
2.772746111709472938e+00
2.741862323312386884e+00
2.713161071517870671e+00
2.718415163289080283e+00
2.794481705075200217e+00
2.859019412316047948e+00
2.889099167560712278e+00
2.910513528571891051e+00
2.924201258463583031e+00
2.960076181452091948e+00
2.938910852679951002e+00
2.933697666767999035e+00
2.867561681986980915e+00
2.870415300962563254e+00
2.904382378406809906e+00
2.961654267466072632e+00
2.973000168180284231e+00
2.928884770693445549e+00
2.939057161744221158e+00
2.992734034290384315e+00
2.961016210695240236e+00
2.980792344327259702e+00
2.946042260389351686e+00
2.887327657194451280e+00
2.835034214961082100e+00
2.793962956089432126e+00
2.803661356155554341e+00
2.894987564740131525e+00
2.889719882618382751e+00
2.887036369705099137e+00
2.927602944389829709e+00
2.913599320428256867e+00
2.891703650099712863e+00
2.858231796058535057e+00
2.966327021756029581e+00
2.935047699782747710e+00
2.877533318660272066e+00
2.916365032021882353e+00
2.987793500227215571e+00
2.914665847056914671e+00
2.842393709534272617e+00
2.827437355627884230e+00
2.811711578380684085e+00
2.791590586027972165e+00
2.815767390961120942e+00
2.851197993826454891e+00
2.799765347310377628e+00
2.732337826843525885e+00
2.735901131254563801e+00
2.761216579698158924e+00
2.749658524253511871e+00
2.807689085351154468e+00
2.832165425959436877e+00
2.813974591214355669e+00
2.800205885287723184e+00
2.834103914820344183e+00
2.779178475737029697e+00
2.738236293675182509e+00
2.807842410107804110e+00
2.876122041916858496e+00
2.771676207640422884e+00
2.733614457087904626e+00
2.764697994356707156e+00
2.846067110944504819e+00
2.828043139699251807e+00
2.851874821937316007e+00
2.816167963740799696e+00
2.874276430686512729e+00
2.783375289104939032e+00
2.778019798345576774e+00
2.752837990147622094e+00
2.754451124997500777e+00
2.815014920031508883e+00
2.766242577938529568e+00
2.765825374097214961e+00
2.776646898689136389e+00
2.775588225944187304e+00
2.835503658964311668e+00
2.892370308242012911e+00
2.873776087310909055e+00
2.804398866067378648e+00
2.878236612928131155e+00
2.970961797129004101e+00
2.983586097299691264e+00
3.018472627008567333e+00
2.995506968778407497e+00
2.918434169207865025e+00
2.888043455351736899e+00
2.964255387108202466e+00
2.951704253477980266e+00
2.923486959095251692e+00
2.908176920340301397e+00
2.817812981728915034e+00
2.756566705160605757e+00
2.785673886153940515e+00
2.757164848172847016e+00
2.759390150015035736e+00
2.795852106245965363e+00
2.808376399274142621e+00
2.776571446946756172e+00
2.796868606137942859e+00
2.788697545450204984e+00
2.730245593348700872e+00
2.753455102230650375e+00
2.689664105422831408e+00
2.763353578534603283e+00
2.794406734890251709e+00
2.824465436148936082e+00
2.737688988910171872e+00
2.770558427465481088e+00
2.798856373592614410e+00
2.857163803494647158e+00
2.893334062979938004e+00
2.867653221712834100e+00
2.810575385930788705e+00
2.773753053175426420e+00
2.701589532108828351e+00
2.681902309928533512e+00
2.793222153714236988e+00
2.827067738841784195e+00
2.787733846693403628e+00
2.832574800424518369e+00
2.820959234019520867e+00
2.730011172138311792e+00
2.815713941436523093e+00
2.888625451663819010e+00
2.934933219001754079e+00
3.024705109593329944e+00
2.980111575092450060e+00
2.973651963495392181e+00
2.936463348996544376e+00
2.986439686315462971e+00
2.942062881720919343e+00
2.924732295441755614e+00
2.993378860084369375e+00
2.968818283425241233e+00
3.020372659126684844e+00
3.026671439056443536e+00
2.922362229430157665e+00
2.885782562841490595e+00
2.955856897754016721e+00
2.926384971257198764e+00
2.918577050550489993e+00
2.893202205169905117e+00
2.847085702960133968e+00
2.782280719122353307e+00
2.724918163908780055e+00
2.771842888765522872e+00
2.847414616805919341e+00
2.877579885945827698e+00
2.810815006363812874e+00
2.745191614441512495e+00
2.712316721918736295e+00
2.763086136912853874e+00
2.852043653242354981e+00
2.885121487909998006e+00
2.920213348370286788e+00
2.901151840217950806e+00
2.939525301813202596e+00
2.949017633043248487e+00
2.947174579152039176e+00
2.926172585477487154e+00
2.883166488428997809e+00
2.942854736476132160e+00
2.922858361262139493e+00
2.801469078894143649e+00
2.802249453564047421e+00
2.931017741331497728e+00
2.942818546903630761e+00
2.977759728386426552e+00
2.840549418686462602e+00
2.763490184531148142e+00
2.734776956170283935e+00
2.731750171593295917e+00
2.748007641910772403e+00
2.742493391058582031e+00
2.738591426262778405e+00
2.742074761927544735e+00
2.785189760142027016e+00
2.783257264429574995e+00
2.818839654893481317e+00
2.880676309480119102e+00
2.725978356480476261e+00
2.697628032179381297e+00
2.763741304825761080e+00
2.805710783384488760e+00
2.774194838146736952e+00
2.704712369180870990e+00
2.762637326903406354e+00
2.726619518744777260e+00
2.681326910318844181e+00
2.794103434019577836e+00
2.803457329798332953e+00
2.814764821437130582e+00
2.786666287878762027e+00
2.746905531684699309e+00
2.735548573869599487e+00
2.773053551592540522e+00
2.764132775392672769e+00
2.788578490916115538e+00
2.775440325425859278e+00
2.780214380223223092e+00
2.720531933280695647e+00
2.751899344089460353e+00
2.768681455133472191e+00
2.753889794454382312e+00
2.741858676153823726e+00
2.673237737276653370e+00
2.747517606858962846e+00
2.724320282198846144e+00
2.762271710024196469e+00
2.696212343269720701e+00
2.749173694039719784e+00
2.771593043720523841e+00
2.764818438885273011e+00
2.780799345512006138e+00
2.826641293125110810e+00
2.887020955933641719e+00
2.885006932400683510e+00
2.835121514150671818e+00
2.759184299752374336e+00
2.734678226044153782e+00
2.767506097554258471e+00
2.790376856268701022e+00
2.745254450866076112e+00
2.814546855179355322e+00
2.733576046134440496e+00
2.948861644770741197e+00
2.890648024232629343e+00
2.879109931906040032e+00
2.956822111659745733e+00
3.000400139981332703e+00
2.989310622869426837e+00
2.835278645918245299e+00
2.768233010423797769e+00
2.840787214840280850e+00
2.766991326332628010e+00
2.733482943060007830e+00
2.790516439657721115e+00
2.796663905441624909e+00
2.749263355882807680e+00
2.737544154895040549e+00
2.751127405264975678e+00
2.726008804094366855e+00
2.814146584668254292e+00
2.896094093775269940e+00
2.889672818849912783e+00
2.811471500833682580e+00
2.803362445350226384e+00
2.746483752000000500e+00
2.688861841002619713e+00
2.682352325851323105e+00
2.724317712749377396e+00
2.742366496294760481e+00
2.699479579474532542e+00
2.806565338630120365e+00
2.781582463275177108e+00
2.763569792858505014e+00
2.672403038465568592e+00
2.751672218851656471e+00
2.833775926215762464e+00
2.726879902012554702e+00
2.785717501829644949e+00
2.785396560635486907e+00
2.832848213371129464e+00
2.835960860096627290e+00
2.829367950620774508e+00
2.848825898506260224e+00
2.900236024877975272e+00
2.797223266026506838e+00
2.780220674694726668e+00
2.763130109133480339e+00
2.840915873446448803e+00
2.765159308249707681e+00
2.900341704006615284e+00
2.922965959432302530e+00
2.907088921928602243e+00
2.910489477733943176e+00
2.986792928878733377e+00
2.966063215779461970e+00
2.867893652142631034e+00
2.800280164554967754e+00
2.806677929510259961e+00
2.782170016372112364e+00
2.836494491445382682e+00
2.863364105383735758e+00
2.839075553767458349e+00
2.724984036650490271e+00
2.756881208902552505e+00
2.712819013498688925e+00
2.759808326677778645e+00
2.792866985733477581e+00
2.769634994001917594e+00
2.766460916044179541e+00
2.673737085055297946e+00
2.727250080209000060e+00
2.737861026421903432e+00
2.722308395461469299e+00
2.802709581815425732e+00
2.851888321796630432e+00
2.824330363112644626e+00
2.861685167868750934e+00
2.903731736920612594e+00
2.928849262082294569e+00
2.889378306833495280e+00
2.929099008227615375e+00
2.910998797663784110e+00
2.858502580023323691e+00
2.890929954184293216e+00
2.841503475275017010e+00
2.714569210758863704e+00
2.742722187900189734e+00
2.760072643971532180e+00
2.779199345135213051e+00
2.848186967177541273e+00
2.795521239411355552e+00
2.727286930266047182e+00
2.710117340633058536e+00
2.727470256483102151e+00
2.735300714729552052e+00
2.783751964525575939e+00
2.825196099388500581e+00
2.899368724395019026e+00
2.888212769170581673e+00
2.950101015219648737e+00
2.893527950443886887e+00
2.873818017898837063e+00
2.772511136136337040e+00
2.731541872276534999e+00
2.753592199291681641e+00
2.722099557327028130e+00
2.720723800755967758e+00
2.730890880280645305e+00
2.751747444806663001e+00
2.857116203447104930e+00
2.839998943661775410e+00
2.874799471267517337e+00
2.977802377593247840e+00
2.934989097083667176e+00
2.975103527610425402e+00
2.943785488108805914e+00
2.984028317560005306e+00
2.923190038297202697e+00
2.848956475624012885e+00
2.849360103602210703e+00
2.948539129806487580e+00
2.967215192735437768e+00
2.987060930078260235e+00
2.958869716631673086e+00
2.875287985576401528e+00
2.881213286100146043e+00
2.810465086066717078e+00
2.812384753194341780e+00
2.835080245777885644e+00
2.899541170599237994e+00
2.910934729601472704e+00
2.825153093196898002e+00
2.778926951180977323e+00
2.814419655985937574e+00
2.824627763086669407e+00
2.745086701727287970e+00
2.770421267605343907e+00
2.764063313312486336e+00
2.845370626122369018e+00
2.914286190476151450e+00
2.874664850030347107e+00
2.883245046817907831e+00
2.848032303187587821e+00
2.838068709527660882e+00
2.789487945842390904e+00
2.775824382053014627e+00
2.704194889426425608e+00
2.727015584847289009e+00
2.879478077707832817e+00
2.900221198460559258e+00
2.811054250632669671e+00
2.927324033994186614e+00
2.904556592666081904e+00
2.907068970630040106e+00
2.737995799850686751e+00
2.819925353621972164e+00
2.900751109626609203e+00
2.962703157591054293e+00
2.773382952280481373e+00
2.838514752471791525e+00
2.780894460420963110e+00
2.855694311371579808e+00
2.787872665671801808e+00
2.767554335509964325e+00
2.848607554578201917e+00
2.836760476318013424e+00
2.828089814698253157e+00
2.873787396450892651e+00
2.843188702847561533e+00
2.760962694423812813e+00
2.738225885495935596e+00
2.810634803740962973e+00
2.765729921738563579e+00
2.793908552547846202e+00
2.812176914776166381e+00
2.846413884170746922e+00
2.935355685432345929e+00
2.927852796846180272e+00
2.929471795392473155e+00
2.756334885314192018e+00
2.709455480350249523e+00
2.783790401592763253e+00
2.837769546668651000e+00
2.805664627142737899e+00
2.743092780056846980e+00
2.799537461796144378e+00
2.726242469040491834e+00
2.749252625714849962e+00
2.872678715067175759e+00
2.829388979974298390e+00
2.863877965277151993e+00
2.886840141053882647e+00
2.942773861512297806e+00
2.895497366602152400e+00
2.911486561878656953e+00
2.878555887941035341e+00
2.843612139515514503e+00
2.823913950530362538e+00
2.845052020614034394e+00
2.794225116199480219e+00
2.754038489200904216e+00
2.757009611880233635e+00
2.776614485304000457e+00
2.844647429823245588e+00
2.878037178356109838e+00
2.808528084246265877e+00
2.747020931845987946e+00
2.718713298602851491e+00
2.727135310174396921e+00
2.821956236372208604e+00
2.775655057819685023e+00
2.754247628663769820e+00
2.779816720577096056e+00
2.794813052781885521e+00
2.802754359554186614e+00
2.779881472293378231e+00
2.801161544788161262e+00
2.846621506277222213e+00
2.831943855375667951e+00
2.797819865538165640e+00
2.773422614748787041e+00
2.765676951489453472e+00
2.825771576047858336e+00
2.801871874301178345e+00
2.836467168856357191e+00
2.761296072499289433e+00
2.809618123517856780e+00
2.788458534746393269e+00
2.736110195149311419e+00
2.898953086891886688e+00
2.971672088235846942e+00
2.992314655914380506e+00
2.929754597231652102e+00
2.875334589226095527e+00
2.917966586511915317e+00
2.916011659784644383e+00
2.904364646527704874e+00
2.837762675066398455e+00
2.840591135661730604e+00
2.766018438116419453e+00
2.879382051760411620e+00
2.993195449682495735e+00
2.963956814800107864e+00
2.908284202068291968e+00
2.874849735203563572e+00
2.920215403013962874e+00
2.919950855750829355e+00
2.898902895924594159e+00
2.936972080221397441e+00
2.849892278665985046e+00
2.885744791210753668e+00
2.930026791686383358e+00
2.963169924253416632e+00
2.911725605203896894e+00
2.779477288987985073e+00
2.680111937960800716e+00
2.772167022385195523e+00
2.848293524200060656e+00
2.902822936384512165e+00
2.925620959728036929e+00
2.910569360108086645e+00
2.971786163235840661e+00
2.910754884905288442e+00
2.837125481891838774e+00
2.734545483256770382e+00
2.784220896408903023e+00
2.861041244022881624e+00
2.874551443269018680e+00
2.974668552965187285e+00
2.860494712457969158e+00
2.890845032166200035e+00
2.733862834891319427e+00
2.750263078325417609e+00
2.855956757375713639e+00
2.954014556497649213e+00
2.919802904307069458e+00
2.844605245020827677e+00
2.854487870004005057e+00
2.912036744273671207e+00
2.966819340640747260e+00
2.949451982996162958e+00
2.878283863693780642e+00
2.922364795845993957e+00
2.842496437992491298e+00
2.850781822588323244e+00
2.778433011609241277e+00
2.803399721766413055e+00
2.797013764714074480e+00
2.844815283985939303e+00
2.844426479977994138e+00
2.885875083921686457e+00
2.904973838092178351e+00
2.877753464075753609e+00
2.913545263077269798e+00
2.955093907137301024e+00
2.863838857198497845e+00
2.889194005254752451e+00
2.906905399217525332e+00
2.897678035945332908e+00
2.902807434191940761e+00
2.865035601873038296e+00
2.896987400732009110e+00
2.918546556078898124e+00
2.798707737510296223e+00
2.824065332105474280e+00
2.745855968546056403e+00
2.748942160177255900e+00
2.696819608353513864e+00
2.856841087635082488e+00
2.903148118853049464e+00
2.938890096618109737e+00
2.875578028849156365e+00
2.840810095729737306e+00
2.701095148268569002e+00
2.790712812168246071e+00
2.799227929269069381e+00
2.808172893537717485e+00
2.874381672638482765e+00
2.841908161781446118e+00
2.883936719139308380e+00
2.941239364621655472e+00
2.944452580701546918e+00
2.886188836510875433e+00
2.860323058677114005e+00
2.755478361373937535e+00
2.740766498627710490e+00
2.748964896101803834e+00
2.792911384201080871e+00
2.748132820662058329e+00
2.692268003004158583e+00
2.735728422193986820e+00
2.703728351739501434e+00
2.774104900684182695e+00
2.748531426052829740e+00
2.787765054662964648e+00
2.754778575493864068e+00
2.770925657609745851e+00
2.895310173366576478e+00
2.913639991488309544e+00
2.956072732528752134e+00
3.039577273240475108e+00
3.044524593429982939e+00
3.040787398027030797e+00
2.981554124948933016e+00
3.089062317273641334e+00
2.977527161924807597e+00
2.976971783541120686e+00
3.000435635037019377e+00
2.999865496984822855e+00
2.904852836203583255e+00
2.914408001636010326e+00
2.953786383610026434e+00
2.903209603180590292e+00
2.849865610866589183e+00
2.829837627850757542e+00
2.854508889458920340e+00
2.864359265176070757e+00
2.789183572302117220e+00
2.837802847274631279e+00
2.871913995926758112e+00
2.859513769856687482e+00
2.856063199580849865e+00
2.820713384943603241e+00
2.860024825067083221e+00
2.850735519124845130e+00
2.778223353152154296e+00
2.799173270806935676e+00
2.836557949346355301e+00
2.821786313667284052e+00
2.941185645279808192e+00
2.910403580261678780e+00
2.898353498108883208e+00
2.932858503235368008e+00
2.915665790175546945e+00
2.785980258365087447e+00
2.777138815399763150e+00
2.761884320531907910e+00
2.768191828613038918e+00
2.798727032062970022e+00
2.796448819485169768e+00
2.777568360994918439e+00
2.711379906984633603e+00
2.761520233494587195e+00
2.772416455008157588e+00
2.794035790751435488e+00
2.899851375501854456e+00
2.912003777470077548e+00
2.873585391109858556e+00
2.851021746672584900e+00
2.857448512222048986e+00
2.867306052726147136e+00
2.943612916128749646e+00
2.902242236616372040e+00
2.925357243141425645e+00
2.898765426867099482e+00
2.977566456017396668e+00
2.731894946735689889e+00
2.783056772687183766e+00
2.740102735300266268e+00
2.783437263528675487e+00
2.830010777364637686e+00
2.748292196983428859e+00
2.783844284438337091e+00
2.815706128131982400e+00
2.797526764840686742e+00
2.684585629105542548e+00
2.730461682573114057e+00
2.776257913090928842e+00
2.758724705366593977e+00
2.721186138433017820e+00
2.763763014442446320e+00
2.752109917863020616e+00
2.778091071221388209e+00
2.734308322044169071e+00
2.729848713756862999e+00
2.769744753582900287e+00
2.708923402387007684e+00
2.754801989254400230e+00
2.830983927895035279e+00
2.797495129575742645e+00
2.764992043388190268e+00
2.764304071552187381e+00
2.776520124184227889e+00
2.772497249773207439e+00
2.735295779253132054e+00
2.654242076375099568e+00
2.623224923638840522e+00
2.745074862367145485e+00
2.868498910580235872e+00
2.817241558688214909e+00
2.817221503538548610e+00
2.747663916857373323e+00
2.767789370598853882e+00
2.859908215310414725e+00
3.003316000689904453e+00
2.925587462374009906e+00
2.946822186695355672e+00
2.737136642551847299e+00
2.674300843211174339e+00
2.754824676817020368e+00
2.951894815199214150e+00
2.788706868783450865e+00
2.744794345665992008e+00
2.758792127000510686e+00
2.743947885802498377e+00
2.696200660188332598e+00
2.734665793108913334e+00
2.751453797540492907e+00
2.716850750409378179e+00
2.726033198623964093e+00
2.750363430530591291e+00
2.743691855875947549e+00
2.825497301361302505e+00
2.834055927465088054e+00
2.842366267742424402e+00
2.805496569236896942e+00
2.854734663677168882e+00
2.944417259832579958e+00
2.894739711960299555e+00
2.817452217873446241e+00
2.878568220487400797e+00
2.811315706213017851e+00
2.753644312542924855e+00
2.781386344972593072e+00
2.883692944819194803e+00
2.676348445176748747e+00
2.701945595307204240e+00
2.822895145059412414e+00
2.831615439991807648e+00
2.737955624183854741e+00
2.844108823515724360e+00
2.740551404371025956e+00
2.893132039848855808e+00
2.861470076726297052e+00
2.829008660290738941e+00
2.867248332460933025e+00
2.860882730906668669e+00
2.727531118062633375e+00
2.773818126698288200e+00
2.748231977108191337e+00
2.743523464452236382e+00
2.759929165757701419e+00
2.783465645557710033e+00
2.835699560954932696e+00
2.824941946306153806e+00
2.885086307201225164e+00
2.858012246299865389e+00
2.813136328015405585e+00
2.853951996793218537e+00
2.923771194878285851e+00
2.932780762348253134e+00
2.800050535258248097e+00
2.848248058017419648e+00
2.850020701679199853e+00
2.768390507135869871e+00
2.844212720595982180e+00
2.914572009746885684e+00
2.824286989666595193e+00
2.719879960586495837e+00
2.770341134228779811e+00
2.722440265644042068e+00
2.786291800942608088e+00
2.816257800699360825e+00
2.878204475015630592e+00
2.886089742194445140e+00
2.806595802747521073e+00
2.764553671029014392e+00
2.820357601439930750e+00
2.850011403485957828e+00
2.782920408491770026e+00
2.764464866841320756e+00
2.831734450826913108e+00
2.815186317102298386e+00
2.742695754180546786e+00
2.720097976176593768e+00
2.860690476091392487e+00
2.858107940578871631e+00
2.864363629150461055e+00
2.684690484953526468e+00
2.713420166505733366e+00
2.760972654699789253e+00
2.749537779336737930e+00
2.850313140691738578e+00
2.912137874483280875e+00
2.882166719674627675e+00
2.892544381681982024e+00
2.892423897010948597e+00
2.782505884989283640e+00
2.864623011846410439e+00
2.886541356017612969e+00
2.951986619210865914e+00
2.946604995583900877e+00
2.903266608494645240e+00
2.733515867888825834e+00
2.806897397483563594e+00
2.849946490725747239e+00
2.854058513765966865e+00
2.851717727966777804e+00
2.928358243111658599e+00
2.832894279707592666e+00
2.840741100487688353e+00
2.769112493200664105e+00
2.727811760367639504e+00
2.740519293856549243e+00
2.743380761031906090e+00
2.739175423371055018e+00
2.723790373725555547e+00
2.862336982257679185e+00
2.885610853874791104e+00
2.903623425997248653e+00
2.940291652200508921e+00
2.985188436263278788e+00
2.921250759520654050e+00
2.812304748778126751e+00
2.793277823633016244e+00
2.838819120690855069e+00
2.897125126742026158e+00
2.942449489795873951e+00
2.951841797928878908e+00
2.830040635750660005e+00
2.821248836951466110e+00
2.756260872994427125e+00
2.771737000510690052e+00
2.711554720082189451e+00
2.701048129893282468e+00
2.774227460032792525e+00
2.715963733189381113e+00
2.747616785507032588e+00
2.738122531955061945e+00
2.707030845779190287e+00
2.804084164214762254e+00
2.748965259875068234e+00
2.752313572251534168e+00
2.855453203959049446e+00
2.900669922621323948e+00
2.709783939726560398e+00
2.767717290476034098e+00
2.859574269012784331e+00
2.791082943948459238e+00
2.947163212311119995e+00
2.980830253469660462e+00
2.896083907624225073e+00
2.896592653446459664e+00
2.824158812814888897e+00
2.770414770390888570e+00
2.851146085348837289e+00
2.919696045823948705e+00
2.880954529318364710e+00
2.943667950024254854e+00
3.056114690256241051e+00
3.020268531107788590e+00
2.998725896109879940e+00
2.887444718085525608e+00
2.841076380529041767e+00
2.923985465080153112e+00
2.928059084103324938e+00
2.930516848612203962e+00
2.928350730360008924e+00
2.933128193584453758e+00
2.948705817812282248e+00
2.977506842981221258e+00
2.946587178415056130e+00
3.015575898563987778e+00
3.033298864273020978e+00
2.970074746534167698e+00
2.979511033710061874e+00
