-5.661148584549999896e+02
-5.769331080760000532e+02
-5.951039698590000171e+02
-5.748988653689999637e+02
-5.797939214309999443e+02
-5.961770899189999682e+02
-5.799343555929999638e+02
-5.873980390079999552e+02
-5.973462696269999697e+02
-5.977634649589999754e+02
-5.891274674649999952e+02
-5.673939978739999788e+02
-5.977596241259999488e+02
-6.004345419930000389e+02
-5.901782045730000164e+02
-5.953911299200000258e+02
-5.856116948559999855e+02
-5.942583445929999471e+02
-5.899712971279999465e+02
-5.948522957779999842e+02
-5.927733756210000138e+02
-5.842441437480000559e+02
-5.823487049840000509e+02
-5.956653636119999646e+02
-5.920180288689999770e+02
-5.907970262620000312e+02
-5.800247696010000027e+02
-5.827171617530000276e+02
-5.858436404010000160e+02
-6.025613480189999791e+02
-5.921406914970000344e+02
-5.952221084940000537e+02
-5.880188883140000371e+02
-5.912150386539999545e+02
-5.947011442970000417e+02
-5.911892330120000452e+02
-5.973689460970000482e+02
-6.035781283110000004e+02
-5.887945227989999921e+02
-5.915482006290000072e+02
-5.845308323809999820e+02
-5.721135409510000045e+02
-5.957675362759999871e+02
-5.819975694360000489e+02
-5.960171756439999626e+02
-5.985789851869999438e+02
-6.010724333150000120e+02
-6.008221778880000556e+02
-5.909286435110000184e+02
-5.937247683020000295e+02
-5.868998856670000350e+02
-5.895252770280000050e+02
-5.795086171560000139e+02
-5.949431384069999922e+02
-5.944501725039999656e+02
-5.949152097109999886e+02
-5.797854402640000444e+02
-5.863358075759999792e+02
-5.932431633710000369e+02
-5.577898637770000505e+02
-5.803389042380000546e+02
-5.879770375800000011e+02
-5.815372688850000031e+02
-5.956853956380000454e+02
-5.923831797999999935e+02
-5.886604007559999445e+02
-5.827444465620000074e+02
-5.702275698089999878e+02
-5.978380279550000296e+02
-5.756631580690000192e+02
-6.032802401320000172e+02
-5.938795442279999861e+02
-5.894461306279999917e+02
-5.932981734730000198e+02
-5.877319495939999570e+02
-5.627902308819999462e+02
-5.852990104350000138e+02
-5.818653417269999863e+02
-5.819341319119999980e+02
-5.764474261000000297e+02
-5.816697889350000423e+02
-5.875115487550000353e+02
-5.811371531969999751e+02
-6.016892570500000375e+02
-5.975649468320000324e+02
-5.941165284100000008e+02
-5.940652027529999941e+02
-5.873093816800000013e+02
-5.949675248029999466e+02
-5.789344457539999667e+02
-5.965042490969999562e+02
-5.959675810749999982e+02
-5.844582680080000046e+02
-5.973021791080000185e+02
-5.804605344689999811e+02
-5.991024256680000235e+02
-5.775513786029999892e+02
-5.981751630759999898e+02
-5.883295936829999846e+02
-5.825862994929999559e+02
-5.948070912550000457e+02
-5.915730825699999968e+02
-5.997462276730000212e+02
-6.004397614360000262e+02
-6.023211717140000019e+02
-5.925773141749999695e+02
-5.766337397739999915e+02
-5.945785760610000352e+02
-5.921319835079999621e+02
-5.973962172400000554e+02
-5.920841320020000467e+02
-5.973141978490000383e+02
-5.812443607899999733e+02
-5.963334385480000037e+02
-5.847622118169999794e+02
-5.846236808549999751e+02
-5.989832912309999529e+02
-5.938814990670000498e+02
-6.012957523259999562e+02
-5.974433289490000334e+02
-5.803981950749999896e+02
-5.979830084459999853e+02
-5.959945845219999683e+02
-5.878151853519999577e+02
-5.829665353440000217e+02
-5.905492758939999476e+02
-5.925611336529999562e+02
-5.957954175659999692e+02
-5.946832784179999862e+02
-5.919594121170000562e+02
-5.858820887670000275e+02
-5.773454054200000201e+02
-5.871760440900000049e+02
-5.927993745989999752e+02
-5.804771505700000489e+02
-5.620028247980000060e+02
-5.771719406729999946e+02
-5.702165235249999569e+02
-5.818286258099999486e+02
-6.025654333009999846e+02
-5.968949069770000051e+02
-5.974267725170000176e+02
-5.996824216369999476e+02
-5.893817728840000427e+02
-5.913880682569999863e+02
-5.933446566510000366e+02
-5.907947861879999891e+02
-5.973285633399999597e+02
-5.915774121150000155e+02
-5.792431629100000237e+02
-5.759014788550000503e+02
-5.966391554489999862e+02
-5.935008428419999973e+02
-5.888179428959999768e+02
-5.911244559079999590e+02
-5.785107650590000503e+02
-5.949790401320000228e+02
-5.744647827539999980e+02
-5.897751422809999440e+02
-5.983470843960000138e+02
-5.928427595230000406e+02
-5.992072365559999980e+02
-5.954928894329999594e+02
-5.885891684539999460e+02
-5.965092252650000546e+02
-5.867022624569999607e+02
-5.889736156660000006e+02
-5.779289767789999814e+02
-5.852921219150000525e+02
-6.031947619400000349e+02
-5.934893717029999607e+02
-5.965197669750000387e+02
-5.800776819889999842e+02
-5.938312952349999705e+02
-5.921762226170000076e+02
-6.004936672159999489e+02
-5.933835341630000357e+02
-5.991819877059999726e+02
-5.883814250100000436e+02
-5.880911978670000053e+02
-5.902595667389999790e+02
-5.872702064080000355e+02
-6.031513855839999678e+02
-5.958602273330000116e+02
-5.970007909160000281e+02
-5.960642449719999831e+02
-5.793548159969999460e+02
-5.936136257079999723e+02
-5.866203328289999490e+02
-5.945128808260000142e+02
-5.947163465480000468e+02
-5.886022720070000105e+02
-6.011885912950000375e+02
-5.977714534699999831e+02
-5.948209852579999506e+02
-5.769045975289999433e+02
-5.970663077550000253e+02
-5.914787873640000271e+02
-5.864317120099999556e+02
-5.941729388049999443e+02
-5.886373768180000070e+02
-5.837607016800000110e+02
-5.957699613190000036e+02
-6.022580467980000094e+02
-5.868879521850000174e+02
-5.822014930860000277e+02
-5.949912209359999906e+02
-5.874234550710000349e+02
-5.814296022459999449e+02
-5.845406405349999659e+02
-5.885159477180000067e+02
-5.803221533449999470e+02
-5.896067724179999914e+02
-5.853121436669999866e+02
-5.844748667159999513e+02
-5.940590016940000169e+02
-5.940027476120000074e+02
-5.974419309039999462e+02
-5.833282952340000520e+02
-5.938200261550000505e+02
-5.935313156989999470e+02
-5.965530609109999887e+02
-5.898416977770000358e+02
-5.924521041919999789e+02
-5.943448983770000495e+02
-5.856834636060000321e+02
-5.922701864560000331e+02
-5.965476468660000364e+02
-5.913234886340000003e+02
-5.828749443789999987e+02
-5.869276758759999666e+02
-5.954243699889999561e+02
-5.962309103930000447e+02
-5.797452768389999846e+02
-5.901929119699999546e+02
-5.950816889730000412e+02
-5.959287864509999508e+02
-5.913923426259999587e+02
-5.889513721690000239e+02
-5.715855786409999837e+02
-6.019772347650000484e+02
-5.803665249780000295e+02
-5.746149797309999485e+02
-5.915932612880000079e+02
-5.917793933000000379e+02
-5.675378959529999747e+02
-5.767146879959999524e+02
-5.654751115970000228e+02
-5.788778982420000148e+02
-5.908421010529999648e+02
-5.823397096820000343e+02
-6.027767424910000500e+02
-5.994980880900000102e+02
-5.884416268549999813e+02
-5.941826525760000095e+02
-5.985385139459999664e+02
-5.974634163959999569e+02
-5.908545773509999890e+02
-5.909240995579999662e+02
-5.703208896119999736e+02
-5.960177609950000033e+02
-5.947562355620000289e+02
-5.772976502750000236e+02
-5.941750392440000041e+02
-5.959547217519999549e+02
-5.821795754859999761e+02
-5.834291149599999926e+02
-5.838187917029999880e+02
-6.029302203460000555e+02
-6.023639889209999865e+02
-6.038463606080000545e+02
-5.969295588100000032e+02
-5.926846343050000314e+02
-5.960196409630000289e+02
-5.986493589689999908e+02
-6.036741577450000023e+02
-5.942516094080000357e+02
-5.922325344580000319e+02
-5.945316157150000436e+02
-5.914737837840000338e+02
-5.980098856150000302e+02
-5.881546166340000354e+02
-5.843436748310000439e+02
-5.945683132489999707e+02
-5.863334898990000283e+02
-5.971062331829999721e+02
-5.854612033119999523e+02
-5.849838104200000544e+02
-5.931580690370000184e+02
-5.841391931340000383e+02
-6.053162968860000319e+02
-5.990330252200000132e+02
-5.615531177550000166e+02
-5.864279434349999747e+02
-5.833592519479999510e+02
-5.776169920219999767e+02
-5.904379118580000068e+02
-5.825714935060000244e+02
-5.901447470809999913e+02
-5.830553166720000036e+02
-6.021809846849999985e+02
-5.956572544319999452e+02
-6.001412979499999665e+02
-5.821178044240000418e+02
-5.905292217270000492e+02
-5.901373372890000155e+02
-5.986604627079999545e+02
-5.946539644010000529e+02
-5.880069159439999567e+02
-5.906148961169999438e+02
-5.968538568730000407e+02
-5.870287617000000182e+02
-5.821584660930000155e+02
-5.897220207640000353e+02
-5.918993906099999549e+02
-6.021711443149999923e+02
-5.431301094929999635e+02
-5.905357459440000412e+02
-5.986486424800000350e+02
-5.781076730390000193e+02
-5.960799725169999874e+02
-6.014247128839999732e+02
-5.952730463980000195e+02
-5.946606957550000061e+02
-5.780478519949999736e+02
-5.847330672220000451e+02
-5.952811819209999840e+02
-5.962432901309999806e+02
-5.811584628609999754e+02
-5.821586993570000459e+02
-5.692039685219999683e+02
-5.749711883459999626e+02
-5.687328299509999852e+02
-5.994450825850000228e+02
-5.870994337629999791e+02
-5.987144960609999771e+02
-5.913891805870000553e+02
-5.929152066330000252e+02
-5.907754622019999715e+02
-5.924817556540000396e+02
-5.994456113170000435e+02
-5.865817186579999998e+02
-5.884595170310000185e+02
-5.891040154910000410e+02
-5.903832017779999433e+02
-5.932313207470000407e+02
-5.962732460229999560e+02
-5.840099280700000008e+02
-5.903695166019999760e+02
-5.949688694149999719e+02
-5.867462601989999484e+02
-5.925874415150000232e+02
-5.812285909749999746e+02
-5.997281138710000050e+02
-5.985772536509999782e+02
-5.984962673290000339e+02
-5.862390409240000508e+02
-6.006719104290000359e+02
-5.966367074710000225e+02
-5.904233945559999484e+02
-5.896168031739999833e+02
-5.901940110980000327e+02
-5.950155085510000390e+02
-5.926808306279999670e+02
-5.765509070479999991e+02
-5.832627484849999746e+02
-6.010969907940000212e+02
-5.930408541499999728e+02
-5.814325195330000042e+02
-5.822409509149999849e+02
-5.893251401320000014e+02
-5.971737705990000222e+02
-5.919546934290000308e+02
-5.891590229810000210e+02
-5.925347691560000385e+02
-5.984141842249999854e+02
-5.950744554310000467e+02
-5.932304399229999490e+02
-5.939729968640000379e+02
-6.006480620040000531e+02
-5.942328838539999651e+02
-5.935423610919999646e+02
-6.037165085699999736e+02
-5.936381426540000348e+02
-5.954337521319999951e+02
-5.845378213269999605e+02
-5.929120742339999879e+02
-5.881713433129999657e+02
-6.011902413179999485e+02
-5.952921769800000220e+02
-5.962981817859999865e+02
-5.992995607149999842e+02
-5.911249121670000477e+02
-5.980309551750000310e+02
-5.746054762590000564e+02
-5.849582342019999714e+02
-5.926915928949999852e+02
-5.858479594870000255e+02
-5.990091689600000109e+02
-5.931116093540000520e+02
-5.985756042320000461e+02
-5.817096546650000164e+02
-5.966672635520000085e+02
-5.997703703710000127e+02
-5.794713558060000196e+02
-5.615923268359999838e+02
-5.865688171389999752e+02
-5.933044557560000385e+02
-6.006912536290000162e+02
-5.911076114170000437e+02
-5.990902402179999626e+02
-5.886577354669999522e+02
-5.825260070379999888e+02
-5.730879447150000487e+02
-5.741416196799999625e+02
-5.874283680549999644e+02
-5.948649380839999594e+02
-6.008794110759999967e+02
-5.836791773610000291e+02
-6.005478084229999922e+02
-5.917706468059999452e+02
-5.824186308590000181e+02
-5.887425472380000429e+02
-5.984112571939999725e+02
-5.896606451220000054e+02
-5.967505709729999808e+02
-5.999054220369999939e+02
-5.925817799909999621e+02
-5.844738897629999883e+02
-5.866567660380000007e+02
-5.857932243550000067e+02
-5.693765662680000332e+02
-5.888739450729999589e+02
-5.863215475870000546e+02
-5.957960178219999534e+02
-6.049274473389999685e+02
-5.990039994569999635e+02
-5.896461319960000083e+02
-5.853978784280000127e+02
-5.929042511229999945e+02
-5.974661542439999948e+02
-5.928207883400000355e+02
-5.946706597700000430e+02
-5.940340145310000253e+02
-6.009794979280000007e+02
-5.867544824120000158e+02
-5.866521915380000110e+02
-5.750426717990000043e+02
-5.840629147500000045e+02
-6.042183134599999903e+02
-5.867684666970000080e+02
-5.767512087979999933e+02
-5.971907126789999438e+02
-5.810146523619999925e+02
-5.873723644059999742e+02
-5.826800381949999519e+02
-5.886162888329999987e+02
-5.841504981079999652e+02
-5.850076617080000005e+02
-5.987648408950000203e+02
-5.889903798660000120e+02
-5.974858894889999874e+02
-5.968725468119999960e+02
-5.990809736590000512e+02
-5.926677869210000154e+02
-5.977284504059999790e+02
-5.879331743049999659e+02
-5.829087112380000235e+02
-5.860548802240000441e+02
-5.791665715609999552e+02
-5.973378918350000504e+02
-5.838725601249999499e+02
-5.767689682520000360e+02
-5.806235277209999595e+02
-5.941974722459999612e+02
-6.005797713250000243e+02
-5.957126516499999980e+02
-6.006119301569999607e+02
-5.922173811750000141e+02
-5.815595628779999515e+02
-5.827692108490000464e+02
-5.989086837400000150e+02
-5.995778070889999753e+02
-5.960613235150000264e+02
-5.986581569060000447e+02
-5.927043348400000013e+02
-5.968532781100000193e+02
-5.863401351229999818e+02
-5.824919473899999502e+02
-5.979614588719999801e+02
-5.910722828159999835e+02
-5.836988995379999778e+02
-5.930569090029999870e+02
-5.733968529259999514e+02
-5.954662948730000380e+02
-5.886505845359999967e+02
-5.884191140420000465e+02
-5.935439212559999760e+02
-5.975422235329999694e+02
-5.761995079140000371e+02
-5.929448940910000374e+02
-6.012831305610000072e+02
-5.998287448790000553e+02
-5.987444676999999729e+02
-5.888238083769999776e+02
-5.859331926710000289e+02
-5.935672506690000318e+02
-5.964494162009999627e+02
-5.994140051599999879e+02
-5.953554833739999594e+02
-5.961125816090000171e+02
-5.808658819720000110e+02
-5.682180610860000343e+02
-6.038587629310000011e+02
-5.877050302019999890e+02
-6.044337674209999705e+02
-5.996543542519999619e+02
-6.008168515549999711e+02
-5.853182705130000159e+02
-5.882122223280000526e+02
-5.971948568349999960e+02
-5.965759341189999532e+02
-5.868402559410000094e+02
-5.950595555050000485e+02
-6.050158712920000426e+02
-5.852841028289999485e+02
-5.905546901310000294e+02
-5.825193289530000129e+02
-5.943806763759999967e+02
-5.882875618030000169e+02
-5.976053940130000228e+02
-5.786919066379999776e+02
-5.935185079059999680e+02
-5.808281297209999821e+02
-5.813790776929999993e+02
-5.952354672149999715e+02
-5.864775016900000537e+02
-5.875055323840000483e+02
-5.958918160440000520e+02
-5.852765825740000309e+02
-5.967978344959999504e+02
-5.936926254859999972e+02
-5.666521923940000534e+02
-6.002952473029999965e+02
-6.001434279129999823e+02
-5.690769157400000040e+02
-5.895172643399999970e+02
-5.824168676799999957e+02
-5.875273375880000231e+02
-5.896181182719999470e+02
-6.011298787209999546e+02
-5.853414283869999508e+02
-5.874777808329999971e+02
-5.894193473999999924e+02
-5.806972197640000104e+02
-5.881297737260000531e+02
-5.700056451049999851e+02
-5.830460264140000390e+02
-5.946210128249999798e+02
-5.915397729439999921e+02
-5.690964277709999806e+02
-5.895054510439999831e+02
-5.862351373010000088e+02
-5.877216451809999853e+02
-5.932529769069999475e+02
-5.883387175689999822e+02
-5.918113142030000517e+02
-5.949752011379999885e+02
-6.009858285110000224e+02
-5.942164926460000061e+02
-5.871948161699999673e+02
-5.949347008119999600e+02
-5.937852413949999573e+02
-6.005201783590000559e+02
-5.965523272059999726e+02
-5.973445512439999447e+02
-5.847221586309999566e+02
-5.979966764790000298e+02
-5.986527679900000294e+02
-5.937021306530000402e+02
-5.811039638199999899e+02
-5.959441870250000193e+02
-5.936638131180000073e+02
-5.901000883619999513e+02
-5.973531993569999941e+02
-5.936130205529999557e+02
-5.995983841889999439e+02
-6.003409779050000452e+02
-5.961420965239999532e+02
-5.948702197589999514e+02
-5.948013318050000180e+02
-6.003545356260000290e+02
-5.744335918470000024e+02
-5.843330705920000128e+02
-5.934342137380000395e+02
-6.004692132799999627e+02
-5.682755625690000443e+02
-5.856607164710000006e+02
-5.874462130959999513e+02
-5.733488345729999764e+02
-5.985697143300000107e+02
-5.965834485049999785e+02
-5.948903200639999795e+02
-5.884230546310000136e+02
-5.911887772300000279e+02
-5.959956283149999763e+02
-5.717887549680000348e+02
-5.851236452179999787e+02
-5.758610107939999807e+02
-5.990384234309999556e+02
-5.890142415049999727e+02
-5.781722281610000209e+02
-5.950113641289999578e+02
-5.929813387729999477e+02
-6.049631889040000488e+02
-5.963882117760000483e+02
-5.930892363919999752e+02
-5.856994674589999477e+02
-5.808790935250000302e+02
-5.966666842119999501e+02
-5.909961107420000417e+02
-6.027378630220000559e+02
-5.849084930269999631e+02
-5.928104166780000241e+02
-5.950863515339999594e+02
-5.980296959849999894e+02
-5.990961182849999886e+02
-5.771018149660000063e+02
-5.680159528389999650e+02
-5.929891116290000355e+02
-5.943574278810000351e+02
-5.935952304749999939e+02
-5.902581256019999500e+02
-5.960340969909999558e+02
-5.768512420609999936e+02
-6.013907399199999873e+02
-5.926497592709999935e+02
-5.999864540800000441e+02
-5.941356149340000457e+02
-5.940310072409999975e+02
-5.898598883800000294e+02
-5.873645211629999494e+02
-5.833580475720000322e+02
-5.862862428160000263e+02
-6.021269707129999915e+02
-5.909810885489999919e+02
-5.859895770189999666e+02
-5.959406734159999814e+02
-5.763474017620000041e+02
-5.921755234849999852e+02
-5.727805836510000290e+02
-5.891047097540000550e+02
-5.923225057979999519e+02
-5.974113347730000214e+02
-6.041405744590000495e+02
-5.948143684719999555e+02
-5.751696735589999889e+02
-5.819119812459999821e+02
-5.813737048619999541e+02
-5.919891232070000342e+02
-5.776502836539999635e+02
-5.847943006530000503e+02
-5.820115986119999434e+02
-5.954278117620000330e+02
-5.871469859740000174e+02
-5.961868783310000026e+02
-5.948769441389999884e+02
-5.914451569289999497e+02
-5.945250167630000533e+02
-5.920470911339999702e+02
-5.730323505830000386e+02
-5.789323515360000556e+02
-5.942964903580000282e+02
-5.997393052810000427e+02
-5.983190211390000286e+02
-5.789232925439999917e+02
-5.989293549230000053e+02
-5.991080054719999453e+02
-5.968675422640000079e+02
-5.946131692310000290e+02
-6.006147790139999643e+02
-5.974714744630000496e+02
-5.932772379780000165e+02
-6.006649741019999738e+02
-5.829007349759999670e+02
-5.936665871589999597e+02
-5.968051093220000212e+02
-5.863229418130000568e+02
-5.806402247459999444e+02
-5.861975883290000411e+02
-5.962075394890000553e+02
-5.909037890470000320e+02
-6.064166410399999450e+02
-5.875596892979999666e+02
-5.946031502629999750e+02
-5.893057913139999755e+02
-6.004922725210000181e+02
-5.893342672830000311e+02
-5.936899490429999560e+02
-5.907338053759999639e+02
-5.850104455360000202e+02
-5.829021365679999462e+02
-5.942544201499999872e+02
-5.898876639630000227e+02
-5.966316892869999720e+02
-5.949212707340000179e+02
-5.972494564060000357e+02
-5.870676713679999921e+02
-5.609015581930000280e+02
-5.896386330819999557e+02
-5.875786419549999664e+02
-5.894635915190000333e+02
-5.885916109849999884e+02
-5.796825418590000254e+02
-5.795606445949999852e+02
-5.861787613010000086e+02
-5.759471294600000419e+02
-5.959261172950000400e+02
-5.873934001999999737e+02
-5.699519032440000501e+02
-5.984623567820000289e+02
-5.910930213359999925e+02
-6.017804539029999660e+02
-5.878247951299999841e+02
-5.984009264400000347e+02
-5.830825923649999822e+02
-5.859990790069999775e+02
-5.906557866020000347e+02
-5.898408825740000339e+02
-5.934356151330000557e+02
-5.896154614140000376e+02
-5.977819460849999587e+02
-5.933591023169999517e+02
-5.947103432630000270e+02
-5.772455074209999566e+02
-5.992892034190000459e+02
-5.853489234490000399e+02
-5.944793132969999760e+02
-5.733280452310000328e+02
-5.916513540519999879e+02
-5.907098820659999774e+02
-5.979113084360000130e+02
-5.916751570699999547e+02
-5.871566707629999655e+02
-5.937428370950000271e+02
-5.981905199010000160e+02
-5.940761922540000342e+02
-5.798232257549999531e+02
-5.922205171250000149e+02
-5.975624107050000475e+02
-5.887074038619999783e+02
-5.804492918219999638e+02
-5.873588278119999586e+02
-5.737248939959999916e+02
-6.027922281090000070e+02
-5.903107582789999697e+02
-6.036029873840000164e+02
-5.880976356329999817e+02
-5.839224737869999444e+02
-6.055371110439999711e+02
-5.842383731149999448e+02
-5.944111624240000538e+02
-5.887506264899999451e+02
-5.713532209960000046e+02
-5.897994963979999739e+02
-5.938379501570000230e+02
-5.959151736380000557e+02
-5.736023235809999505e+02
-5.807634662350000099e+02
-5.932589434709999523e+02
-5.956536949090000235e+02
-5.935866718949999949e+02
-5.970843558210000310e+02
-5.805843260569999984e+02
-5.795545365100000481e+02
-5.760854592739999589e+02
-5.791749557890000233e+02
-5.934110428799999681e+02
-5.889538172750000058e+02
-5.636699762639999562e+02
-5.948581803380000110e+02
-5.884925034420000429e+02
-5.920436174420000270e+02
-5.940429137439999749e+02
-5.899821316139999681e+02
-5.743541709869999750e+02
-5.882775667449999446e+02
-5.782044522720000259e+02
-5.985436837390000164e+02
-5.765538343859999486e+02
-5.705054339270000128e+02
-5.733630438769999955e+02
-5.942111020930000223e+02
-5.816922847580000280e+02
-5.863456161719999500e+02
-5.954702991139999995e+02
-5.826023221650000323e+02
-5.893780522299999802e+02
-5.866005266290000009e+02
-5.889838861480000105e+02
-5.926322785170000316e+02
-6.011043380239999578e+02
-5.920138780580000457e+02
-5.870676283159999684e+02
-5.966424318409999614e+02
-5.869331190980000201e+02
-5.989954878839999992e+02
-5.726721479909999744e+02
-6.008696247269999731e+02
-6.028995213829999784e+02
-5.823421036969999705e+02
-5.681661812580000515e+02
-5.989623267470000201e+02
-6.001612005780000345e+02
-5.831407029020000437e+02
-5.966185329200000069e+02
-5.789886707819999856e+02
-5.876911991839999700e+02
-5.927113815860000159e+02
-5.889368167359999688e+02
-5.784111428439999827e+02
-5.830401052830000026e+02
-6.006389694709999958e+02
-5.813235897450000493e+02
-5.851842542419999518e+02
-5.998879248690000168e+02
-5.969407013689999530e+02
-5.853118249799999830e+02
-5.923122972290000234e+02
-5.847105795679999574e+02
-5.894348675899999535e+02
-5.751125032229999761e+02
-5.840780126749999681e+02
-5.935688535870000351e+02
-5.956961516699999493e+02
-5.959671556929999952e+02
-5.934687276910000264e+02
-5.952365751229999660e+02
-5.801651660830000310e+02
-5.959880194989999609e+02
-5.779564885610000147e+02
-6.014870776640000258e+02
-5.972474750489999451e+02
-5.886574502109999685e+02
-5.877097506119999935e+02
-5.846270836630000076e+02
-5.706212100369999689e+02
-5.980045936650000158e+02
-5.858625988950000192e+02
-5.987897679750000179e+02
-5.764954138240000248e+02
-5.852337602620000325e+02
-5.856376893799999834e+02
-5.858112286279999807e+02
-5.784020180479999453e+02
-5.909227085940000279e+02
-5.961836323720000337e+02
-5.874301728829999547e+02
-5.940382829149999679e+02
-5.852077234939999926e+02
-5.910194287360000089e+02
-5.792032683850000012e+02
-5.758795191100000466e+02
-5.937670331990000250e+02
-5.979236526539999659e+02
-5.963596271999999772e+02
-5.907865176069999507e+02
-6.007498280380000324e+02
-5.963729643679999981e+02
-6.006819671870000548e+02
-5.990718939659999478e+02
-5.924457770550000077e+02
-5.961416382610000255e+02
-5.823433876330000203e+02
-5.737206738600000335e+02
-5.689578045499999917e+02
-5.671467702850000023e+02
-5.849211473670000032e+02
-5.937009356040000512e+02
-5.957954877009999564e+02
-5.930869028580000304e+02
-5.765678149200000462e+02
-6.023724955630000295e+02
-5.968611370800000486e+02
-5.915935055180000290e+02
-5.919806907329999603e+02
-5.933906279829999448e+02
-5.883268168009999499e+02
-5.989601012870000432e+02
-6.010488861720000386e+02
-5.990514398139999912e+02
-5.993160461989999703e+02
