-5.316995294590000185e+02
-5.849509930729999496e+02
-5.844905748920000406e+02
-5.896864809070000319e+02
-5.877780747210000527e+02
-6.006039441950000537e+02
-5.935782328010000128e+02
-5.911823482060000288e+02
-5.894789943399999856e+02
-5.738134526459999734e+02
-5.970117022670000324e+02
-5.901035534589999543e+02
-5.897453624790000504e+02
-5.970627178019999519e+02
-5.787363518180000028e+02
-5.925043842999999697e+02
-5.967637481839999509e+02
-5.864516449889999876e+02
-6.020860584609999933e+02
-6.001696946219999518e+02
-5.977173473599999625e+02
-5.909777305779999779e+02
-5.851005970039999511e+02
-6.002404957149999518e+02
-5.837674144149999620e+02
-6.002325413199999957e+02
-5.877700232189999952e+02
-6.061416748760000246e+02
-5.991608297279999533e+02
-5.849693127189999586e+02
-5.879951517099999592e+02
-5.955293766639999831e+02
-6.050657563710000204e+02
-6.050251065180000296e+02
-5.867251551289999725e+02
-6.039900864410000167e+02
-5.982140740380000352e+02
-5.962590712029999622e+02
-5.960103339150000465e+02
-5.998260935780000409e+02
-5.873765835100000459e+02
-5.903436609850000423e+02
-5.620391880290000017e+02
-5.695151711009999644e+02
-5.656488209609999558e+02
-6.012493252729999540e+02
-5.987606060939999679e+02
-5.949508524619999434e+02
-5.905126695760000075e+02
-6.000276608899999928e+02
-5.877275924839999561e+02
-5.810976376400000163e+02
-5.843112725270000283e+02
-5.691114545950000547e+02
-5.924126108540000359e+02
-6.016074498929999663e+02
-5.908046932500000139e+02
-5.924086180399999648e+02
-5.885728252950000297e+02
-5.947920262049999565e+02
-5.831702935949999755e+02
-5.920598160939999843e+02
-6.001599392919999900e+02
-6.007088637589999962e+02
-5.762080390710000302e+02
-5.976277523239999709e+02
-5.938649646809999467e+02
-5.939238160600000356e+02
-5.966903321250000545e+02
-5.904482715589999771e+02
-5.971039042569999538e+02
-5.970607513810000455e+02
-6.022833024279999563e+02
-5.932761137549999830e+02
-5.906411406600000191e+02
-5.790662090030000400e+02
-5.893760272600000008e+02
-5.907096205970000256e+02
-5.874225736180000013e+02
-5.989760917910000444e+02
-5.981356587000000218e+02
-5.980552976559999934e+02
-5.882258871889999909e+02
-5.935872574659999827e+02
-5.965495467389999931e+02
-5.976770571140000357e+02
-6.003683983299999909e+02
-5.985822268629999598e+02
-5.894912747130000525e+02
-5.944889194239999597e+02
-5.962358833539999523e+02
-5.948543452520000301e+02
-5.902347258009999678e+02
-5.825706977779999534e+02
-5.888468155809999871e+02
-5.944146563309999465e+02
-5.640341719739999462e+02
-5.770758669360000113e+02
-5.948628089119999913e+02
-5.928055499089999785e+02
-5.820266597070000216e+02
-5.992473442049999903e+02
-5.950877791350000052e+02
-5.943415453039999647e+02
-5.931233238470000515e+02
-5.978002020960000209e+02
-5.963219566799999711e+02
-5.873460843809999687e+02
-5.860334054700000479e+02
-5.903195669069999667e+02
-6.015290141540000377e+02
-6.026742308509999475e+02
-5.948643827229999488e+02
-5.976127534690000402e+02
-5.874574403579999853e+02
-5.939937310750000279e+02
-5.845878506850000349e+02
-6.004702785219999441e+02
-5.837370320600000468e+02
-6.054946955330000264e+02
-5.931682010729999774e+02
-5.919242638890000308e+02
-6.024989472969999724e+02
-5.945019138710000561e+02
-5.915582935520000092e+02
-5.830153203470000562e+02
-5.919891870000000154e+02
-6.003060493509999560e+02
-5.760607146620000094e+02
-5.912854376760000150e+02
-5.695523218929999985e+02
-5.883243419880000147e+02
-5.961194647050000412e+02
-5.885310217909999437e+02
-5.763622455470000432e+02
-5.757427376130000312e+02
-5.985532471530000294e+02
-5.945873217900000327e+02
-5.980604712470000095e+02
-5.899466576810000333e+02
-5.993341547070000388e+02
-5.825245607709999831e+02
-5.917287904649999746e+02
-5.982889901999999438e+02
-5.867329862940000567e+02
-5.833739052119999542e+02
-5.930835317180000175e+02
-5.925464250259999517e+02
-6.013674323650000133e+02
-5.991854923070000041e+02
-5.835315359070000341e+02
-6.011806165360000023e+02
-6.013906233430000157e+02
-5.948912313289999929e+02
-5.829156279290000384e+02
-6.000073162559999673e+02
-6.010448985589999893e+02
-5.883108867109999665e+02
-6.006763293159999648e+02
-6.014787728210000068e+02
-5.943857667559999527e+02
-5.969653458000000228e+02
-5.931983515650000527e+02
-5.980745774440000559e+02
-5.993252797190000365e+02
-5.934136381380000103e+02
-5.923467183059999570e+02
-5.989091899539999986e+02
-6.012130017969999471e+02
-5.940563755079999737e+02
-5.785280004239999698e+02
-5.951500260779999962e+02
-6.045070571830000290e+02
-5.899823995089999471e+02
-5.981336663179999960e+02
-6.038979009629999837e+02
-5.918574003989999710e+02
-6.001185937290000538e+02
-5.935319330480000417e+02
-5.836408459010000342e+02
-5.840212725170000567e+02
-5.890204769319999514e+02
-5.934814312539999719e+02
-5.907609725769999613e+02
-5.975647749989999511e+02
-5.856017335789999834e+02
-5.932988857100000359e+02
-5.967396643350000431e+02
-5.942014307440000493e+02
-5.875161129939999682e+02
-5.913518102650000401e+02
-5.942487657640000407e+02
-5.954842318070000147e+02
-5.847055797719999646e+02
-6.003209258829999726e+02
-6.017932089639999731e+02
-5.978463733429999820e+02
-5.983074611900000264e+02
-5.801792905730000030e+02
-5.940192406920000394e+02
-6.004572150940000483e+02
-6.012968343750000031e+02
-5.978936883469999657e+02
-5.931718843329999800e+02
-5.884331078999999818e+02
-5.913299557640000330e+02
-5.708088964170000281e+02
-5.564242350050000141e+02
-5.869309768800000029e+02
-6.030659347040000284e+02
-5.862675222569999960e+02
-5.993626538580000442e+02
-5.960563427920000095e+02
-5.901537685900000270e+02
-5.645961693550000291e+02
-5.985077568770000198e+02
-5.889564537170000449e+02
-5.903832448160000013e+02
-5.938245087770000055e+02
-6.038509021539999821e+02
-5.917880723810000063e+02
-5.897644394870000042e+02
-5.785966464900000119e+02
-5.928852410470000223e+02
-5.779262000019999732e+02
-5.938628257090000488e+02
-6.055834455939999543e+02
-5.963129851050000525e+02
-5.981269253059999755e+02
-5.979723036760000241e+02
-5.988115923909999765e+02
-5.981403828640000029e+02
-5.962773753909999641e+02
-5.995678292019999844e+02
-5.890252796779999471e+02
-6.025122041109999600e+02
-6.025675968020000255e+02
-5.809271520910000390e+02
-6.004226758050000399e+02
-5.997924868439999955e+02
-6.015468418369999881e+02
-5.922319025460000148e+02
-5.889711730819999502e+02
-5.988639846050000415e+02
-5.993148283890000130e+02
-5.983096209330000192e+02
-5.974706767559999889e+02
-5.941781312760000446e+02
-5.952704795350000495e+02
-6.005880219990000342e+02
-6.007585930540000163e+02
-5.974792066429999977e+02
-5.951035284719999936e+02
-6.012724270090000118e+02
-5.959696050420000120e+02
-6.024794599849999486e+02
-6.020705500799999754e+02
-5.721767770610000525e+02
-5.904967934400000331e+02
-5.930531558410000343e+02
-6.009471446129999777e+02
-5.951458305920000385e+02
-5.993109837969999489e+02
-5.935795370729999831e+02
-5.969362629219999690e+02
-5.935951953589999448e+02
-5.903948634529999708e+02
-6.018265242349999653e+02
-5.710635737650000010e+02
-5.794895661140000129e+02
-5.757568141210000476e+02
-5.968664404209999930e+02
-5.877964930839999624e+02
-6.007550147849999576e+02
-5.937387207709999757e+02
-5.913111658010000156e+02
-5.844282584439999937e+02
-5.898744299889999638e+02
-6.026344996210000318e+02
-5.997995661740000060e+02
-5.902284387180000067e+02
-5.908124873780000144e+02
-6.001315862239999888e+02
-5.923031001059999880e+02
-5.937453213799999503e+02
-5.883934081080000169e+02
-5.956196642390000306e+02
-5.927628995329999952e+02
-5.907442138119999981e+02
-5.961957180860000562e+02
-6.001605672770000410e+02
-5.774467774380000265e+02
-5.946800781819999884e+02
-5.941098690119999901e+02
-5.817326567210000121e+02
-5.737140255230000321e+02
-5.936070522740000115e+02
-5.928741948570000204e+02
-6.031204565320000484e+02
-5.857101622569999790e+02
-5.912047395060000099e+02
-5.914480455770000162e+02
-6.014307058949999600e+02
-6.038825191810000206e+02
-5.982544778689999703e+02
-6.000284137510000164e+02
-5.970092013940000015e+02
-5.832336256539999795e+02
-5.829149907029999440e+02
-6.004996082110000089e+02
-5.962250831510000353e+02
-6.048707091029999674e+02
-5.949744919779999464e+02
-6.056522123639999791e+02
-6.013391064310000047e+02
-6.037502708189999794e+02
-6.043214183249999678e+02
-6.006124579129999574e+02
-6.002526516679999986e+02
-5.942504572829999461e+02
-5.867107189719999951e+02
-5.973327646369999684e+02
-5.932427367420000337e+02
-5.977032782090000183e+02
-5.818065219390000493e+02
-5.639185016159999577e+02
-5.674589437020000560e+02
-5.924293170759999612e+02
-5.834470942890000060e+02
-5.850896782830000120e+02
-5.600565003899999965e+02
-5.935489582630000314e+02
-5.851342331639999657e+02
-5.998800975440000229e+02
-5.955577232650000497e+02
-5.802885647450000306e+02
-5.884537343360000250e+02
-5.917856179679999968e+02
-5.874360038170000280e+02
-5.926915235620000431e+02
-5.732054625120000537e+02
-5.925626285629999757e+02
-5.913328604849999692e+02
-5.863846367930000270e+02
-5.802854913850000003e+02
-5.945321086369999648e+02
-5.946165123030000359e+02
-5.919909236570000530e+02
-5.940893864600000143e+02
-5.942621150649999890e+02
-5.878361953370000492e+02
-6.018499514710000540e+02
-6.038448532300000124e+02
-5.978792222390000006e+02
-5.823721032800000330e+02
-5.955875669800000196e+02
-5.998248448230000349e+02
-5.927310379340000281e+02
-5.908463285589999714e+02
-5.864424480940000421e+02
-5.944998431200000368e+02
-5.998228248100000428e+02
-5.919777357660000234e+02
-5.886923580549999997e+02
-5.993971153620000223e+02
-5.818079159139999774e+02
-6.012741693289999603e+02
-5.884226540150000346e+02
-5.783711568339999758e+02
-5.905037512090000291e+02
-5.969022221310000305e+02
-5.877959349410000414e+02
-5.858485415710000552e+02
-5.796387625649999791e+02
-6.015437480860000505e+02
-5.952483913639999855e+02
-5.929202557529999922e+02
-6.007797962949999828e+02
-5.977783936199999744e+02
-5.937162862440000026e+02
-6.031259577240000453e+02
-5.990499670829999559e+02
-5.838397021179999911e+02
-5.770001753279999548e+02
-5.974287491579999596e+02
-5.853856712450000259e+02
-5.948693127029999914e+02
-5.995924623939999947e+02
-5.661239469209999697e+02
-5.806288222519999636e+02
-5.978308411330000354e+02
-5.970473072639999828e+02
-5.751793741300000420e+02
-5.761538408290000461e+02
-5.762765502949999927e+02
-5.836920280240000238e+02
-5.836957315429999653e+02
-5.809240378219999457e+02
-5.835709751240000287e+02
-5.922920975800000178e+02
-5.962376005170000326e+02
-6.048573193519999904e+02
-5.986678431279999586e+02
-5.950332038599999578e+02
-5.817732900930000142e+02
-5.827180160369999840e+02
-5.973416356400000495e+02
-6.025507829419999553e+02
-5.891084147120000125e+02
-6.003966547559999754e+02
-5.850451985590000277e+02
-6.055704188509999994e+02
-5.968534916730000077e+02
-5.894011849080000047e+02
-5.821001606070000207e+02
-5.795497869570000375e+02
-5.965042308859999594e+02
-6.005681134860000157e+02
-5.885456067080000366e+02
-5.946976480639999636e+02
-5.996379990640000415e+02
-5.787425692040000058e+02
-5.959658383900000445e+02
-5.879160054879999961e+02
-5.876014454830000204e+02
-5.922619089339999618e+02
-5.978332347739999477e+02
-5.944931547180000280e+02
-5.942812860609999461e+02
-5.971877111820000437e+02
-5.658397870070000408e+02
-5.775490414229999487e+02
-5.786826842750000424e+02
-6.010047134750000168e+02
-5.893013203470000008e+02
-6.044195638439999811e+02
-5.920906707609999557e+02
