-5.596010574990000350e+02
-5.945962822340000002e+02
-5.867672773340000276e+02
-6.004422190340000043e+02
-5.906724636080000437e+02
-6.028225029080000468e+02
-5.818544550149999850e+02
-6.015088788760000398e+02
-6.051148462920000384e+02
-6.029005690960000265e+02
-5.980358328949999986e+02
-6.051148429400000168e+02
-6.000873757670000259e+02
-5.952222637040000564e+02
-5.959099855580000167e+02
-5.922951349200000095e+02
-5.909571002500000532e+02
-5.897314055279999820e+02
-5.939152720869999484e+02
-5.961891628859999628e+02
-6.038144220169999699e+02
-5.933440220679999584e+02
-5.911210963160000347e+02
-5.875289124680000441e+02
-5.913395465789999434e+02
-5.720646815850000166e+02
-5.908838438340000039e+02
-5.979846721889999799e+02
-5.995014694190000455e+02
-5.812195019900000261e+02
-5.904611485619999485e+02
-5.918487342749999698e+02
-5.954981964500000231e+02
-6.016617581939999582e+02
-6.048787714320000077e+02
-5.964566723249999995e+02
-5.863327024300000403e+02
-5.947027086540000482e+02
-5.831947473449999961e+02
-5.951943921570000384e+02
-6.046591463590000330e+02
-5.875909835129999692e+02
-5.876785008839999591e+02
-5.980053910130000077e+02
-5.946047396349999872e+02
-6.021782093499999746e+02
-5.992536404610000318e+02
-6.033239371800000299e+02
-5.979717544129999851e+02
-6.000895885329999828e+02
-6.021086497390000432e+02
-5.948964073560000543e+02
-5.877110723439999447e+02
-5.930112501080000129e+02
-5.939661487119999492e+02
-5.960158575789999986e+02
-5.982897584549999692e+02
-6.018196271240000215e+02
-5.954609875200000033e+02
-5.974374636630000168e+02
-5.940216041260000566e+02
-5.889054398649999484e+02
-5.877740568770000209e+02
-5.931496658669999533e+02
-5.936007532529999935e+02
-5.938560634630000550e+02
-5.960013938250000365e+02
-5.925422967060000019e+02
-5.878804245100000117e+02
-5.933685500770000090e+02
-5.973359864100000323e+02
-5.984974639810000099e+02
-6.031406346700000540e+02
-6.022687892950000332e+02
-5.960531661569999642e+02
-5.841218740489999846e+02
-6.014902182979999452e+02
-6.046052877829999943e+02
-5.899067960109999831e+02
-5.838343453879999743e+02
-5.996322194360000140e+02
-5.964693319980000297e+02
-5.847632047109999576e+02
-5.894132401770000342e+02
-5.986673356999999669e+02
-6.011302285389999724e+02
-5.986817729939999708e+02
-5.964563792110000122e+02
-5.799510938030000489e+02
-5.996742730370000345e+02
-5.987118799339999669e+02
-5.956004890619999514e+02
-5.998848805420000190e+02
-5.922990666660000443e+02
-5.917610204029999750e+02
-5.963865134610000496e+02
-5.981020219700000098e+02
-6.015249676529999761e+02
-5.951722453190000124e+02
-5.908830484799999567e+02
-6.011184954999999945e+02
-6.030774272950000068e+02
-5.952309295779999729e+02
-5.997746590169999763e+02
-5.966842532749999464e+02
-5.981457406230000515e+02
-6.056510884589999932e+02
-6.023257450950000020e+02
-6.001954705809999950e+02
-5.821447143369999822e+02
-5.761667101939999611e+02
-5.888387434899999562e+02
-5.979377299770000036e+02
-5.892387292879999450e+02
-6.020862823410000146e+02
-6.039996135339999910e+02
-5.957179994519999582e+02
-5.986703177489999916e+02
-5.806937697580000304e+02
-6.011769321929999705e+02
-6.039300071129999878e+02
-6.009355542780000405e+02
-5.989622188770000548e+02
-5.888562627359999624e+02
-5.989436892050000552e+02
-6.033093005859999494e+02
-5.932937951359999715e+02
-5.845987091880000435e+02
-5.818962043359999825e+02
-5.689604120610000564e+02
-5.890802938099999437e+02
-5.946096572679999781e+02
-5.973134646119999616e+02
-5.913037572649999447e+02
-5.888585007159999805e+02
-5.949661371119999558e+02
-6.004165217620000021e+02
-5.945131595349999998e+02
-5.970293050579999772e+02
-6.036625070899999628e+02
-5.827209265540000160e+02
-5.785585495520000450e+02
-5.918757560029999922e+02
-5.947021155879999696e+02
-5.896660786080000207e+02
-5.944019530890000169e+02
-5.980104794769999899e+02
-6.001206931210000448e+02
-5.897628022840000312e+02
-5.924338936670000066e+02
-5.982450934319999760e+02
-6.005140321090000270e+02
-5.922005620490000410e+02
-5.969062132340000062e+02
-5.886070380610000257e+02
-6.014160188560000506e+02
-5.922689324560000159e+02
-6.007259243070000139e+02
-5.989322667870000032e+02
-5.973206968209999559e+02
-5.876020989469999449e+02
-5.812022404800000004e+02
-5.949978940659999580e+02
-6.005005668280000464e+02
-5.986184866040000543e+02
-6.004483367210000324e+02
-6.015582945500000278e+02
-5.902481437659999983e+02
-6.026570010069999626e+02
-5.973135774639999909e+02
-5.953485157809999464e+02
-5.965257608040000150e+02
-5.981424169550000443e+02
-5.824607659079999848e+02
-5.973099010729999918e+02
-5.990571488340000315e+02
-5.971668669270000009e+02
-5.981430324530000462e+02
-5.995033013620000020e+02
-5.995869309199999861e+02
-5.807124555460000010e+02
-5.959789903820000063e+02
-5.967484321959999534e+02
-5.986787336590000450e+02
-5.979351555859999507e+02
-5.883900805509999827e+02
-5.906719948170000407e+02
-5.934672869680000531e+02
-6.029438698300000397e+02
-5.954513766960000112e+02
-6.015102834450000273e+02
-5.985109205920000477e+02
-5.882904065540000147e+02
-5.913137759889999643e+02
-5.878167869559999872e+02
-5.982715344279999954e+02
-6.053526761829999714e+02
-5.943543501450000122e+02
-5.998700655970000071e+02
-5.803945646109999643e+02
-5.929947349510000549e+02
-5.927830550730000141e+02
-6.029095994479999945e+02
-5.973004133250000223e+02
-5.864847163179999825e+02
-5.845017008319999832e+02
-6.024889233479999575e+02
-6.038903540290000365e+02
-5.971458923300000379e+02
-5.969635191739999982e+02
-5.855729741249999734e+02
-6.029211481309999954e+02
-5.951434968290000143e+02
-5.932660092620000114e+02
-6.000706029699999817e+02
-5.920892532909999773e+02
-5.947393862239999862e+02
-6.001956835400000045e+02
-5.823614505320000490e+02
-6.015722400250000419e+02
-6.027739310880000403e+02
-6.022772499430000153e+02
-5.822948622520000299e+02
-5.973743658500000038e+02
-6.023423964439999736e+02
-5.896752446010000313e+02
-6.025927421760000016e+02
-6.019666297679999616e+02
-5.934149714699999549e+02
-5.880813098800000489e+02
-5.927805309159999752e+02
-6.000552482699999928e+02
-6.022179831129999457e+02
-5.981197102649999806e+02
-5.989389921729999742e+02
-5.934499844099999564e+02
-5.935917305369999895e+02
-5.927689048720000073e+02
-6.007162926940000034e+02
-6.054986161279999806e+02
-6.004261628299999529e+02
-6.005061505810000426e+02
-5.952518902089999528e+02
-5.884085180060000084e+02
-5.920792731840000442e+02
-5.953443190560000176e+02
-5.909271246409999776e+02
-5.939389557749999540e+02
-5.973939819739999848e+02
-5.980839184420000265e+02
-5.902652605859999539e+02
-5.931508163879999529e+02
-6.006804105469999513e+02
-5.977697828799999797e+02
-5.903844294660000287e+02
-6.020409368750000567e+02
-6.054317458450000231e+02
-5.978693681830000060e+02
-5.961876510910000206e+02
-6.041617777019999949e+02
-5.910114465870000231e+02
-5.838632683289999932e+02
-5.874739202629999681e+02
-5.916226158829999804e+02
-5.999568665330000385e+02
-5.948353583939999680e+02
-6.004435355829999708e+02
-5.927581193590000339e+02
-5.952576404879999927e+02
-5.913078578460000472e+02
-6.005407598100000541e+02
-5.967436446829999568e+02
-5.916728468520000206e+02
-5.968035467790000439e+02
-5.890992367060000561e+02
-5.942147110869999551e+02
-5.978582068739999613e+02
-5.968031551990000025e+02
-5.940695383019999554e+02
-5.957703630649999695e+02
-5.891042292399999951e+02
-5.923726863089999597e+02
-5.980705300539999598e+02
-5.958888837319999539e+02
-5.950582117110000127e+02
-6.023527436619999662e+02
-6.012299745740000390e+02
-6.029425937680000516e+02
-5.891333930189999819e+02
-6.014067700350000223e+02
-6.010458439359999829e+02
-6.018953665479999700e+02
-5.992125859750000245e+02
-5.977339626870000302e+02
-6.014136767909999435e+02
-5.988020973440000034e+02
-5.999626963949999663e+02
-5.904660843829999521e+02
-5.981959522429999652e+02
-5.920660593789999666e+02
-5.908851674310000135e+02
-5.845445381660000521e+02
-6.028882837579999432e+02
-5.965767460600000049e+02
-5.960107422569999471e+02
-6.013861787319999621e+02
-5.954942574179999610e+02
-5.942614716470000076e+02
-5.982698832949999996e+02
-5.978912334929999588e+02
-6.011726951580000105e+02
-5.963059657049999487e+02
-5.936089706029999888e+02
-5.937030113289999917e+02
-6.029021899450000319e+02
-5.944202964979999706e+02
-5.871140471979999802e+02
-5.954458661459999576e+02
-6.012482862189999651e+02
-5.973279366330000357e+02
-5.912980538059999844e+02
-6.017970907820000548e+02
-5.984516627240000162e+02
-6.005318839650000200e+02
-6.006044798899999932e+02
-5.995297029199999770e+02
-6.025205133399999795e+02
-5.867985900950000087e+02
-5.881946106860000327e+02
-5.989885523169999715e+02
-6.010536362530000360e+02
-5.997625332369999569e+02
-5.961069524020000472e+02
-6.015488555189999715e+02
-5.972752404540000271e+02
-6.058166754970000056e+02
-6.008823255019999579e+02
-6.028754043139999794e+02
-5.869858722630000329e+02
-5.926896187319999854e+02
-5.832032412160000376e+02
-5.988760315759999457e+02
-5.976595272499999965e+02
-5.959530529630000046e+02
-5.955421382439999434e+02
-5.948248073610000120e+02
-5.958926741609999453e+02
-5.812321629049999956e+02
-5.941155213020000474e+02
-5.959400559919999978e+02
-5.958262408719999712e+02
-5.989820793540000068e+02
-6.014997409809999454e+02
-5.875936227060000192e+02
-5.959959814730000289e+02
-5.973928361219999488e+02
-5.925921175879999510e+02
-5.919786727719999817e+02
-6.027868819090000443e+02
-6.052632800100000168e+02
-5.937010128729999678e+02
-5.885120384880000302e+02
-5.936377224210000350e+02
-5.978885827660000132e+02
-5.967720154789999469e+02
-5.893828390950000085e+02
-5.945999473179999768e+02
-5.852174952730000541e+02
-5.926174608769999850e+02
-5.924853006260000257e+02
-5.889509974669999792e+02
-5.962669131479999578e+02
-5.947649484669999538e+02
-5.998874942679999549e+02
-5.971769847739999477e+02
-5.975683691479999879e+02
-5.935340141189999486e+02
-5.905084135179999976e+02
-5.934172074990000283e+02
-5.831989602410000089e+02
-5.962931213269999944e+02
-5.876301425770000151e+02
-5.978169578670000419e+02
-5.961246747320000168e+02
-6.008863330030000043e+02
-6.001951738669999941e+02
-6.026528739650000261e+02
-5.958971903860000339e+02
-6.008600042870000379e+02
-5.907565309059999663e+02
-5.865298404999999775e+02
-5.971563272519999828e+02
-5.997643007919999718e+02
-6.023393937299999834e+02
-5.757835648889999902e+02
-5.778414380399999573e+02
-5.924956334290000086e+02
-5.955649978159999591e+02
-5.976502263830000174e+02
-5.931489497170000504e+02
-5.955060737049999489e+02
-5.988260638880000215e+02
-6.027559065230000215e+02
-5.909141655140000466e+02
-5.924335897939999995e+02
-5.877267895510000244e+02
-6.021349725500000432e+02
-5.975226367059999575e+02
-5.917623510570000462e+02
-5.978178615599999830e+02
-5.901965400169999612e+02
-6.011216678980000552e+02
-5.951313535069999716e+02
-5.968657476350000479e+02
-5.929881142499999669e+02
-6.009665682610000204e+02
-5.700804959179999969e+02
-5.903504804890000059e+02
-5.953753837389999717e+02
-5.922604047349999519e+02
-5.913353879689999530e+02
-5.881079482059999464e+02
-5.860839466170000378e+02
-5.967190093169999727e+02
-5.965303365119999626e+02
-5.858218511479999506e+02
-5.936214717819999578e+02
-5.744624045809999870e+02
-5.967644138949999615e+02
-5.999406753260000187e+02
-6.011507360000000517e+02
-6.001122746270000334e+02
-5.937765279579999742e+02
-6.013711030819999905e+02
-5.845135165909999841e+02
-5.943259558739999875e+02
-5.969640125079999962e+02
-6.002080724930000315e+02
-5.817378653350000377e+02
-5.966871393039999703e+02
-5.829355958690000534e+02
-5.832926556109999865e+02
-5.964015847079999730e+02
-5.976990884780000215e+02
-5.983935718779999888e+02
-5.983341933899999958e+02
-5.868053823200000352e+02
-5.873502699819999862e+02
-5.902831500649999725e+02
-5.939272331019999456e+02
-5.983420301129999643e+02
-6.028925685020000174e+02
-5.851703435179999815e+02
-5.977495814589999554e+02
-6.017781348140000546e+02
-5.944764095909999924e+02
-5.983656606020000481e+02
-6.030982736079999995e+02
-5.959014893419999908e+02
-6.033669224410000425e+02
-5.952359839800000145e+02
-6.037750716660000307e+02
-5.866538782919999448e+02
-6.022028571309999734e+02
-5.870018696030000456e+02
-5.954284092399999508e+02
-5.909508218070000112e+02
-5.799665621640000381e+02
-5.955347745750000286e+02
-5.993687496789999614e+02
-5.975803718189999927e+02
-5.896609387610000113e+02
-5.846507866429999467e+02
-5.884859889460000204e+02
-5.910326659610000206e+02
-5.926526841600000353e+02
-5.822635692359999666e+02
-5.832650399660000176e+02
-5.877167276830000446e+02
-6.010004785569999513e+02
-6.001582690540000158e+02
-5.986627732429999469e+02
-5.921794547360000252e+02
-5.981138295550000521e+02
-5.919311315209999975e+02
-6.011081901830000334e+02
-5.990113222779999660e+02
-5.954454691830000002e+02
-5.991541765250000253e+02
-5.985221357870000247e+02
-6.026458331960000123e+02
-5.900745211419999805e+02
-5.888892364450000514e+02
-5.987943033100000321e+02
-5.931773497479999833e+02
-5.819221488309999586e+02
-6.063725739699999622e+02
-5.938279630170000019e+02
-5.971128971460000230e+02
-6.040090877699999510e+02
-5.932177090640000188e+02
-5.916733980190000466e+02
-6.055533919980000519e+02
-6.014236718160000237e+02
-5.997397595899999487e+02
-6.012354058759999589e+02
-5.926841303779999635e+02
-6.011550501689999919e+02
-5.974675254280000445e+02
-5.830664173420000225e+02
-5.933224052880000272e+02
-5.878929735379999784e+02
-5.939437231409999640e+02
-5.930436852020000060e+02
-5.972868143020000389e+02
-6.021328526600000259e+02
-6.000568331870000520e+02
-6.011437324260000423e+02
-5.923854072889999998e+02
-5.933086537469999939e+02
-5.955799506089999795e+02
-5.933233904779999648e+02
-6.032615059229999588e+02
-5.878302500449999570e+02
-5.814688592940000262e+02
-5.948524413789999699e+02
-5.737525297209999735e+02
-5.987842378760000202e+02
-5.750948418680000032e+02
-5.826304871119999689e+02
-5.974425774449999835e+02
-5.891344680519999883e+02
-5.799805267560000175e+02
-5.786460510670000303e+02
-5.948244512610000356e+02
-5.800102153279999584e+02
-5.909020298890000049e+02
-5.877753082839999479e+02
-5.970450177129999929e+02
-5.885385345869999583e+02
-5.966284660019999819e+02
-5.942226029580000386e+02
-5.984722258210000518e+02
-6.018205744130000312e+02
-5.984040510739999945e+02
-5.835403506190000371e+02
-6.031049186080000482e+02
-6.005158452839999654e+02
-5.900940745230000175e+02
-5.970748381070000050e+02
-5.993716844299999593e+02
-5.934832099269999617e+02
-6.018866049790000261e+02
-5.992143604259999847e+02
-5.986445126739999978e+02
-6.017711675000000469e+02
-5.913015702989999909e+02
-5.945371062640000446e+02
-5.950192589920000046e+02
-6.030616381869999714e+02
-5.904898934230000123e+02
-6.000084933780000256e+02
-5.942299800260000211e+02
-5.897803545550000308e+02
-5.810484072210000477e+02
-5.874975114759999997e+02
-5.896893614619999653e+02
-6.010645066040000302e+02
-5.969779660100000456e+02
-5.906585918609999908e+02
-5.984530758429999651e+02
-6.041813551980000057e+02
-5.993873797019999756e+02
-5.936541525830000410e+02
-5.962830984570000510e+02
-5.933242073320000145e+02
-5.695962997090000499e+02
-5.704029261350000297e+02
-5.683091147909999563e+02
-5.874437766940000074e+02
-5.942092043059999469e+02
-5.905311903169999823e+02
-5.897841793110000026e+02
-5.926955111820000184e+02
-5.786769882580000512e+02
-6.021901493310000433e+02
-5.944277414619999718e+02
-5.868459858820000363e+02
-5.771103261929999917e+02
-5.914253682869999693e+02
-5.763840155179999556e+02
-6.034002411889999848e+02
-5.791577855360000058e+02
-5.949469613439999875e+02
-5.966230622059999860e+02
-5.918780094579999513e+02
-5.907237830080000549e+02
-5.928071765449999475e+02
-5.981091326399999843e+02
-5.857795279609999852e+02
-5.961652548150000257e+02
-6.054285825480000085e+02
-6.029273596079999606e+02
-5.998770448369999713e+02
-5.914162631010000268e+02
-5.980581663699999808e+02
-5.746812975569999935e+02
-5.956425553469999841e+02
-5.935656024349999598e+02
-6.010018042069999638e+02
-5.926811445949999779e+02
-5.965825094140000147e+02
-5.916104697900000247e+02
-6.010249662999999600e+02
-6.059628391429999965e+02
-5.979382266889999755e+02
-5.966527347830000281e+02
-6.000321160610000106e+02
-5.974763913780000166e+02
-5.957847336280000263e+02
-5.970065843730000097e+02
-5.860846764899999926e+02
-5.960563968540000133e+02
-5.880331851170000164e+02
-6.010902395709999837e+02
-5.971144750270000259e+02
-5.880047788000000537e+02
-5.916973442190000014e+02
-5.954304530289999775e+02
-5.954857882940000309e+02
-6.023714774029999717e+02
-5.980460200080000277e+02
-6.032736898179999798e+02
-5.693544336549999798e+02
-5.981266188179999972e+02
-5.905499349540000367e+02
-5.890303592190000472e+02
-6.000903341939999791e+02
-6.025789037949999738e+02
-5.968110692540000173e+02
-5.882508854430000156e+02
-5.992808365270000195e+02
-5.954341646240000046e+02
-5.962344785279999542e+02
-6.013551701679999724e+02
-5.976288257149999481e+02
-6.015625887889999603e+02
-5.974645240249999461e+02
-5.988726699210000106e+02
-6.042765490030000137e+02
-5.975998756279999498e+02
-5.977849725859999808e+02
-6.002440406910000092e+02
-6.026070894010000529e+02
-5.974284013830000504e+02
-5.966343155380000098e+02
-5.951083979620000264e+02
-5.938226095139999643e+02
-5.997264470500000471e+02
-5.935597969540000349e+02
-5.840695369799999526e+02
-5.717427951900000380e+02
-5.881037614980000399e+02
-5.833153961709999749e+02
-5.976342021929999646e+02
-5.969412158070000487e+02
-5.908406666070000028e+02
-5.999501262649999944e+02
-5.987947190779999573e+02
-5.982663263330000518e+02
-5.976446138239999755e+02
-5.907893287619999683e+02
-5.749002585020000424e+02
-6.002503960120000102e+02
-6.030965279480000163e+02
-5.970244442690000142e+02
-5.951964142350000202e+02
-5.967139660579999827e+02
-5.952545423630000414e+02
-5.812795470849999901e+02
-5.898767858800000567e+02
-6.012273152159999654e+02
-6.029261657529999638e+02
-5.840303429990000268e+02
-5.964643824040000482e+02
-5.934013125889999856e+02
-5.912143798990000505e+02
-6.011746659640000416e+02
-5.849763797770000338e+02
-5.959521340049999480e+02
-5.953761105429999816e+02
-5.943255732899999657e+02
-5.938794909550000511e+02
-5.889028860219999615e+02
-6.018198863750000100e+02
-5.934524467740000091e+02
-5.883426290690000542e+02
-5.889232331069999873e+02
-5.838916769710000381e+02
-5.810674084199999925e+02
-5.909766884120000441e+02
-5.941468317390000493e+02
-5.884190472709999540e+02
-5.924202680920000148e+02
-5.999864323909999939e+02
-5.965578795540000101e+02
-6.031529202350000105e+02
-6.011446167760000208e+02
-5.860916192890000502e+02
-5.802605327429999988e+02
-5.975874329350000380e+02
-5.881201489930000434e+02
-6.063442374490000475e+02
-5.892882623189999549e+02
-6.011523456400000214e+02
-5.998753237590000253e+02
-5.921420743070000299e+02
-5.956749140450000368e+02
-6.040870810830000437e+02
-5.999411833450000131e+02
-6.024741210299999921e+02
-6.053483055499999637e+02
-5.897333672040000465e+02
-5.991782164820000389e+02
-5.974641623490000484e+02
-5.934933760830000438e+02
-5.933038233040000478e+02
-5.931129979209999874e+02
-5.911529105289999961e+02
-5.908782142029999704e+02
-5.933067925359999890e+02
-6.015272569769999791e+02
-5.994922071610000103e+02
-5.988399040900000045e+02
-5.962599716549999584e+02
-5.965378578950000019e+02
-6.031040346730000010e+02
-5.869925859239999681e+02
-5.824824182769999652e+02
-5.821560117909999690e+02
-5.732785620560000552e+02
-5.999064842190000491e+02
-5.919919000879999658e+02
-5.931856781599999522e+02
-5.997404126120000001e+02
-5.976010832590000064e+02
-5.931739428219999581e+02
-5.933804660199999716e+02
-5.941532256899999993e+02
-5.999958665560000100e+02
-5.965886780260000251e+02
-5.884309649519999539e+02
-5.965408673309999585e+02
-6.037422601859999531e+02
-5.931163437100000237e+02
-5.903912225479999734e+02
-6.005644909400000415e+02
-5.944109073719999969e+02
-6.057454000870000073e+02
-6.057000130440000021e+02
-5.969698041469999907e+02
-5.989691260450000527e+02
-5.964504824550000421e+02
-6.023764951529999507e+02
-6.050540547780000225e+02
-5.878034026420000373e+02
-5.919623918969999750e+02
-5.873527128079999784e+02
-5.851982415710000396e+02
-6.000169500920000019e+02
-5.913476578089999975e+02
-5.989478508189999957e+02
-6.053699996740000415e+02
-5.959646882939999841e+02
-5.926272730069999852e+02
-5.895273868269999866e+02
-5.990700374980000333e+02
-5.987599664959999473e+02
-5.982724265189999642e+02
-6.000281674719999501e+02
-5.932557196970000177e+02
-5.887122119529999509e+02
-5.957769287879999638e+02
-5.803515278070000249e+02
-5.898524307830000453e+02
-5.893720871839999518e+02
-5.993618029450000222e+02
-5.845113380530000313e+02
-6.044686486230000355e+02
-6.014436150340000040e+02
-5.837000867430000426e+02
-5.876065234779999855e+02
-5.827318123420000120e+02
-5.989587766360000387e+02
-6.039570342160000109e+02
-5.998157807779999757e+02
-5.939224243229999729e+02
-5.941762786089999508e+02
-5.931759842420000268e+02
-5.933091554300000325e+02
-5.968497169889999441e+02
-5.944203556569999591e+02
-5.950551148160000139e+02
-6.070565228330000309e+02
-5.986926343479999559e+02
-6.016372979059999579e+02
-5.912526247170000033e+02
-6.011951829880000560e+02
-5.934056437220000362e+02
-5.955112359429999742e+02
-5.888373605650000400e+02
-5.890904132939999727e+02
-5.983230813909999597e+02
-5.981558619349999617e+02
-5.941318360239999947e+02
-5.927215043019999712e+02
-5.987234768790000317e+02
-5.896476787719999493e+02
-6.016437018999999964e+02
-6.022640969520000453e+02
-5.849228497069999548e+02
-5.986157595839999885e+02
-5.962490491800000427e+02
-6.004065154119999761e+02
-5.924721625099999756e+02
-6.007944732140000497e+02
-5.924902758709999944e+02
-5.974709280350000427e+02
-5.906247656389999747e+02
-5.816068413839999494e+02
-5.844603158469999471e+02
-6.058142656879999777e+02
-5.883349952070000199e+02
-6.039684516390000226e+02
-5.987852518170000167e+02
-5.970653381109999600e+02
-5.942073434540000108e+02
-5.862335531789999550e+02
-5.981518772519999629e+02
-5.929614046460000054e+02
-5.873689679789999900e+02
-5.939038589619999584e+02
-6.024722778479999761e+02
-5.663193722769999567e+02
-6.022409012150000081e+02
-5.964406664480000018e+02
-5.979993017350000173e+02
-5.945546283749999930e+02
-5.942838664280000103e+02
-5.911482347910000499e+02
-6.033964113900000257e+02
-5.924586232230000178e+02
-5.940041529740000215e+02
-5.931970574770000439e+02
-5.937338580340000362e+02
-5.862274686370000154e+02
-5.870471055939999587e+02
-6.041353676920000453e+02
-5.903907423980000431e+02
-5.976472014619999982e+02
-5.986575576499999443e+02
-6.046833306050000374e+02
-5.948843515109999771e+02
-5.975025672699999859e+02
-5.891648131770000418e+02
-5.726287479439999970e+02
-6.006975248009999859e+02
-6.039091951259999860e+02
-5.927765508710000404e+02
-6.031998954990000357e+02
-6.019347206410000126e+02
-6.043451454150000473e+02
-6.002784661650000544e+02
-6.005014746179999747e+02
-5.933580238140000347e+02
-6.044315706779999573e+02
-5.977836670330000288e+02
-5.991995192430000543e+02
-6.009496303690000332e+02
-5.949621366110000054e+02
-5.963907865749999928e+02
-6.030402254299999640e+02
-5.915147599509999736e+02
-6.001863098679999666e+02
-5.914182225370000197e+02
-5.852662443640000447e+02
-5.928876529540000320e+02
-5.874708002590000433e+02
-6.004504173599999604e+02
-5.859606844099999989e+02
-5.989243451370000457e+02
-5.979215197710000211e+02
-5.882522934940000141e+02
-5.910937395879999485e+02
-6.008306905489999963e+02
-6.016784307440000248e+02
-6.002254395190000196e+02
-5.983844912179999938e+02
-5.806407785979999971e+02
-5.904872984669999596e+02
-6.007323395519999849e+02
-5.946805653019999909e+02
-5.971493057279999448e+02
-5.991493825129999777e+02
-5.944094233199999735e+02
-6.025767650100000310e+02
-6.033831526139999823e+02
-5.973665497260000166e+02
-5.989207967849999932e+02
-5.986446862540000211e+02
-5.782321314849999681e+02
-5.903322265089999519e+02
-5.934060200989999885e+02
-5.848530455100000154e+02
-6.023387239480000517e+02
-6.002009893409999677e+02
-5.959624027190000106e+02
-6.033569896599999538e+02
-5.975543326529999604e+02
-5.995992052840000497e+02
-5.967409692090000135e+02
-5.998925531249999494e+02
-5.869800373550000359e+02
-5.879380898749999460e+02
-5.834736081480000394e+02
-5.890184925590000375e+02
-5.950772345579999865e+02
-5.986012078520000159e+02
-5.966125330879999638e+02
-6.039102431620000289e+02
-5.882963421749999497e+02
-6.049300912820000349e+02
-5.964428638330000467e+02
-6.036554445799999939e+02
-5.963647026520000054e+02
-5.953968217589999767e+02
-5.849145888839999543e+02
-5.892786026239999728e+02
-5.991499842059999992e+02
-5.963234953620000169e+02
-5.903755312429999549e+02
-5.906952900070000396e+02
-5.978406797110000070e+02
-5.701248604329999807e+02
-5.763287040650000108e+02
-5.885059962670000004e+02
-5.876931083770000441e+02
-5.922459484839999959e+02
-5.964215535089999776e+02
-5.888417781809999951e+02
-5.890635198999999602e+02
-5.988218676139999843e+02
-5.908729049649999752e+02
-6.032786857490000330e+02
-5.968818382780000320e+02
-5.888563378249999687e+02
-5.944893405709999570e+02
-5.985828118480000057e+02
-5.967192678300000352e+02
-6.041293864560000202e+02
-5.879598132610000221e+02
-5.947044492909999462e+02
-5.880654831750000540e+02
-6.016567699129999482e+02
-5.956455069480000475e+02
-6.002293034560000251e+02
-5.966470280779999484e+02
-5.924753215199999659e+02
-5.769937122899999622e+02
-5.946863825709999674e+02
-5.759199644870000157e+02
-6.004769455970000536e+02
-6.056629301770000211e+02
-5.995583345860000009e+02
-5.948807651250000390e+02
-5.778147520310000118e+02
-5.935985460379999950e+02
-5.925016131910000468e+02
-5.830300622209999801e+02
-5.876708830129999797e+02
-5.901525601990000496e+02
-5.934255633379999608e+02
-5.890909828329999982e+02
-5.959678347660000099e+02
-5.981632379239999864e+02
-5.922889256500000101e+02
-5.928373502120000467e+02
-5.906336333149999973e+02
-5.954468621529999837e+02
-5.929364148339999474e+02
-5.903751303630000393e+02
-5.939271284750000177e+02
-5.798507373370000550e+02
-5.855186947559999453e+02
-5.923966202489999660e+02
-5.972569468589999815e+02
-5.928123802329999990e+02
-5.995736940850000565e+02
-5.980990810939999847e+02
-5.953665436869999894e+02
-5.999369842629999994e+02
-5.875204525789999934e+02
-5.993161769710000044e+02
-6.017423108360000015e+02
-5.956437987670000211e+02
-6.036436756340000329e+02
-6.021040776219999771e+02
-5.943998502350000308e+02
-5.972217503499999793e+02
-5.953320489919999545e+02
-5.848490363109999635e+02
-5.966289978710000241e+02
-6.001904723989999866e+02
-5.874075542030000179e+02
-5.997563978130000351e+02
-6.056578139179999880e+02
-5.885829093649999777e+02
-5.998212878350000210e+02
-5.927471868869999980e+02
-6.005660920970000234e+02
-6.062274745590000293e+02
-6.005534575240000095e+02
-5.921970542630000409e+02
-5.941588054479999528e+02
-6.020974038389999805e+02
-5.942306989979999798e+02
-6.045876015349999761e+02
-5.992950810510000110e+02
-6.050464555610000161e+02
-6.008050751800000171e+02
-5.970922029790000352e+02
-5.953843099450000409e+02
-5.797109129220000341e+02
-5.989851488210000525e+02
-6.020136854359999461e+02
-5.921288901469999928e+02
-6.015360470360000136e+02
-5.861447215109999433e+02
-5.909086967279999953e+02
-5.990174016859999711e+02
-5.990965641779999942e+02
-6.020220905080000193e+02
-5.871182380909999665e+02
-6.018186799339999880e+02
-5.897830332099999850e+02
-5.946450719519999666e+02
-6.015577286000000186e+02
-6.007085254840000061e+02
-5.952160150229999545e+02
-5.995364713239999901e+02
-5.993633505010000135e+02
-6.051021455869999954e+02
-6.040339003179999509e+02
-5.950051510780000399e+02
-5.815143670170000405e+02
-5.937360133649999625e+02
-5.918430406449999737e+02
-5.972498277820000112e+02
-6.023388075660000140e+02
-6.022272938569999496e+02
-5.874786878889999571e+02
-5.916143001839999442e+02
-5.732888762019999831e+02
-5.874196154730000217e+02
-5.829012243610000041e+02
-6.037322760419999668e+02
-5.880606829119999475e+02
-5.928546359660000462e+02
-5.939485643479999908e+02
-5.851864414330000272e+02
-6.030461711699999796e+02
-5.982318872009999495e+02
-5.920444629959999929e+02
-5.951929491040000357e+02
-5.821232997350000460e+02
-5.834480848289999813e+02
-5.917301575320000211e+02
-5.919708719479999672e+02
-5.985249468680000291e+02
-5.991996550290000414e+02
-5.995692748630000324e+02
-5.972860285220000378e+02
-6.027093181440000080e+02
-5.947906615179999790e+02
-5.907489764240000341e+02
-5.985514428679999810e+02
-6.012247966810000435e+02
-5.950490082659999871e+02
-5.840054451900000458e+02
-5.841128051040000173e+02
-5.928796241390000432e+02
-5.860043838389999564e+02
-6.044752398470000117e+02
-5.954259573010000395e+02
-5.967060387020000007e+02
-5.983768018770000481e+02
-5.847542596060000051e+02
-5.967997110070000417e+02
-6.010798373799999581e+02
-5.809792910679999522e+02
-5.760117419059999975e+02
-6.011023547250000547e+02
-5.851372963019999816e+02
-5.953012411690000363e+02
-5.911675489130000187e+02
-5.843563589179999553e+02
-5.960291096509999988e+02
-5.903107943720000321e+02
-6.052766635030000089e+02
-5.910148493550000239e+02
-5.853638343779999786e+02
-5.945669710659999510e+02
-5.946807810669999981e+02
-5.780029632340000489e+02
-5.965245841539999674e+02
-5.765894956790000379e+02
-5.966955913589999909e+02
-5.878741483559999779e+02
-5.972323429220000435e+02
-5.964378262400000494e+02
-5.979269611510000004e+02
-5.953359444840000378e+02
-5.937204029010000568e+02
-6.019152211159999979e+02
-6.005966504839999516e+02
-5.934487210490000280e+02
-5.962032582640000555e+02
-6.023612236049999638e+02
-6.011201909469999691e+02
-5.959066038329999628e+02
-5.976565085419999832e+02
-5.998931866829999535e+02
-6.012387145320000172e+02
-6.006856517510000231e+02
-6.019135938599999918e+02
-6.031473333850000245e+02
-5.901519498200000271e+02
-5.931684087080000154e+02
-6.009144783980000284e+02
-5.830336699299999736e+02
-5.995331200460000218e+02
-6.019292797399999699e+02
-5.951616356539999515e+02
-5.986272705799999585e+02
-6.019377733920000537e+02
-6.039346541260000549e+02
-5.952828442310000128e+02
-6.003423992269999871e+02
-5.937162011589999793e+02
-6.006687278939999715e+02
-6.019036688029999596e+02
-5.922943455519999816e+02
-5.952121949070000255e+02
-6.008345871349999925e+02
-6.000439809859999514e+02
-5.964748249210000495e+02
-5.895991431659999762e+02
-5.850419401679999964e+02
-5.804398479339999994e+02
-5.870106904079999595e+02
-5.932062424690000171e+02
-5.948230850420000024e+02
-5.931735119940000232e+02
-5.918994883550000168e+02
-5.749871174740000015e+02
-6.005548947529999850e+02
-5.947963020460000507e+02
-5.947102112359999637e+02
