4.886235667668926475e+00
4.597127146381748908e+00
4.719444988555327569e+00
4.623751290889249077e+00
4.603722515530231263e+00
4.720542659483123238e+00
2.691652466422810530e+00
4.411969741510021414e+00
2.676176937349247442e+00
2.675661039818011400e+00
4.130520911458989808e+00
4.176908904920001220e+00
3.488276651872669554e+00
3.624902895251126633e+00
2.956771888394503556e+00
2.695862385211826862e+00
2.891368015317316686e+00
2.844306769671653967e+00
3.062156103140400099e+00
2.951217714774700074e+00
2.795148296602525839e+00
2.929078011934813652e+00
2.860251387553199187e+00
2.746356313372320113e+00
2.735321553309591813e+00
2.820954625654230163e+00
6.169818554868530036e+00
2.816946218868936924e+00
5.861471743512886690e+00
2.921568243255666442e+00
3.012118357568308369e+00
5.790537539814417656e+00
6.151007315879246207e+00
5.959644788072524513e+00
5.984031166362687948e+00
2.745824466348859794e+00
2.784033225376449927e+00
5.718006733119505469e+00
2.819987234013658473e+00
2.955017597240328087e+00
2.816629368589342874e+00
2.753468176681909796e+00
2.735335080022189835e+00
3.195234576678212868e+00
2.842492040446199741e+00
2.775409519332237007e+00
2.899632562929310264e+00
2.816809187715773710e+00
2.733591593490146909e+00
2.805124061427587190e+00
2.956345886394215139e+00
2.861025864965222265e+00
2.763199051823809871e+00
2.815458932394503844e+00
2.967702983790662774e+00
2.840184148959358890e+00
2.866964596921280695e+00
2.783288702236977663e+00
2.730668416340584770e+00
2.798494952648655332e+00
2.851394395729920372e+00
3.164562845007190539e+00
2.919250074933628980e+00
2.863611181707460762e+00
2.749550326871650796e+00
2.793815670369110382e+00
2.822817918322044761e+00
2.993770866315590418e+00
2.918416351379631291e+00
2.951079294088859495e+00
3.053808114469539259e+00
2.603319995697801481e+00
2.873424089827326888e+00
2.884041781944221672e+00
2.960506037825290981e+00
2.789070454470449434e+00
2.783106717321490287e+00
2.878130469593065399e+00
2.704533970945826926e+00
2.877649040449512974e+00
2.786731956970386559e+00
2.748552710063971283e+00
2.804232693625833939e+00
2.854223186788307220e+00
2.948440265631983692e+00
2.794435005506479719e+00
2.940591267075382209e+00
2.784379284508487817e+00
2.906912623385849326e+00
2.827296058073861751e+00
3.023018689985226715e+00
2.813619910364582921e+00
3.008801921031027060e+00
2.839430400626153705e+00
2.801855456657249110e+00
3.009403429253046713e+00
2.814111938072116015e+00
2.966993596218232554e+00
2.838504007395444617e+00
2.897114771630561414e+00
2.780378931009224175e+00
2.784317151475384389e+00
2.876363155097075630e+00
2.844060477556691779e+00
2.803451444202306408e+00
2.913077753854160346e+00
2.688820001413259497e+00
2.759028089744647527e+00
2.730402168179625999e+00
2.883487818597470387e+00
2.973749485077718635e+00
2.903009472943552272e+00
2.739347550056399960e+00
2.820355651331938329e+00
2.959463126987731396e+00
2.938140568454817192e+00
2.703114130035948026e+00
2.766419707853455368e+00
2.731062247551307998e+00
2.877439486765968280e+00
2.905356776714350442e+00
2.863839904743280318e+00
2.908278184768437580e+00
3.021460242995098522e+00
2.959306675557638044e+00
2.709252479928735191e+00
5.808018853275185300e+00
6.213752730838264959e+00
2.853314914270768110e+00
2.784027837504503111e+00
5.775005887442885566e+00
2.995998664886217799e+00
6.193065961218239934e+00
5.723790177845445193e+00
2.698895514835652598e+00
2.835564317732891748e+00
2.833705877468584156e+00
2.689346760832451277e+00
5.669781389083709655e+00
2.968343308985670337e+00
2.774922521440914114e+00
2.767716929167431950e+00
6.019092041163683682e+00
5.952648318185780774e+00
2.817396138280877871e+00
2.910924938915464555e+00
2.849421871187206801e+00
6.070722362289351359e+00
7.735029023862805886e+00
5.462918725370165873e+00
2.745067212291895764e+00
2.710746576129904550e+00
2.998492454551119568e+00
5.655411921336941816e+00
2.791306145875080524e+00
2.778307758330599064e+00
2.654508240710508726e+00
7.842529566409042197e+00
5.849158657448095155e+00
2.738915113690089331e+00
2.751015994137438803e+00
2.812816737720394311e+00
2.841448398264518449e+00
5.866533985242052829e+00
2.819984929037742116e+00
2.995402310208096441e+00
5.886728972867699028e+00
2.817259661444077690e+00
6.133633425629542835e+00
2.820132798291598686e+00
3.020893079868932407e+00
2.786091348107595067e+00
2.917070619645674601e+00
2.952146845941103326e+00
2.785902187802005603e+00
2.893229683243278672e+00
2.849473986545586257e+00
2.760872869220891701e+00
2.803457329798333397e+00
2.863139011644387111e+00
2.740155105098979860e+00
2.844549876518251530e+00
2.905969717667408858e+00
2.973761590982034075e+00
2.828167958237275403e+00
2.754589987638814019e+00
2.722076597011921173e+00
2.740159484409620649e+00
6.201225443410358196e+00
5.920696580639814854e+00
5.873286047861111747e+00
2.713339823907060744e+00
5.670137211743644379e+00
2.715007550634068068e+00
2.722662483672920963e+00
2.866561180229719508e+00
2.694119151039908733e+00
2.889261670392627934e+00
2.808242510895381905e+00
2.963969972857350310e+00
6.218925469886256607e+00
2.730713826090167107e+00
2.972907667587407765e+00
2.704422304300864610e+00
2.699740357886291520e+00
2.849927893824684588e+00
2.759868475127030596e+00
2.843272938006479400e+00
2.785741194009235144e+00
2.791087780776520422e+00
2.780501033986500836e+00
2.813122464451200955e+00
2.792645698974361324e+00
2.657480009332149340e+00
2.696223655411397857e+00
2.841288616103615716e+00
2.776553619147305252e+00
2.771319000043120262e+00
2.774266389516334641e+00
2.781852979580337504e+00
2.784908077477603161e+00
2.774401737312028438e+00
2.797638647145124224e+00
2.758907754891417596e+00
2.763237593838069106e+00
2.951454048431044530e+00
2.790741299368323602e+00
2.965677831457759428e+00
2.878003822096141473e+00
2.809563845154617656e+00
2.739333130526479199e+00
2.867774398379343115e+00
6.103317868176292293e+00
2.750674462745455795e+00
2.779682355953644102e+00
2.927662719645143685e+00
2.829578943942013147e+00
2.728537520357746882e+00
2.829933038077049545e+00
6.065646296974462004e+00
2.978346856898974604e+00
2.893659620618844741e+00
2.872028029111136860e+00
2.770107940135185576e+00
3.006318180100036930e+00
2.880900380089530088e+00
2.944273424802798633e+00
2.918744079223116739e+00
2.840346809810379458e+00
2.739955839060184140e+00
3.020898376311259348e+00
2.781102659018540812e+00
5.986127045093513566e+00
6.085244530830293819e+00
2.740191234202459913e+00
2.879917533541542340e+00
2.957685074513512369e+00
5.989052178767521717e+00
5.615203736285977243e+00
2.854590863854223226e+00
2.964080464494849299e+00
5.768855432405981531e+00
5.573064596790530345e+00
5.908165959077317453e+00
5.825737549872976651e+00
5.036515263552767685e+00
2.826658451245922965e+00
2.933546999793934962e+00
6.013997256401103719e+00
6.345813974581984596e+00
5.569643525397293793e+00
2.948441791862270733e+00
2.885364621672623198e+00
5.653842056513428638e+00
5.690982076935403811e+00
3.187720502177064930e+00
2.736503974051563759e+00
2.808499421399263785e+00
2.873134351192091263e+00
2.780875761338503338e+00
2.976166325997255058e+00
2.935135090587825069e+00
2.862397771100305910e+00
3.001929712701481456e+00
2.993447176751245387e+00
2.949957287826384444e+00
2.838794638574618556e+00
2.851021746672585344e+00
2.828065416499412787e+00
5.778846511199271951e+00
2.909669053346101819e+00
2.769497066255893536e+00
2.953230773238014528e+00
6.097425932309469054e+00
5.780573414463309412e+00
5.802580374281772535e+00
6.078539380476201792e+00
2.753515934219375350e+00
5.823442710287445756e+00
8.120140392874990454e+00
8.341303615143139893e+00
8.028671247473020856e+00
2.868258879529530958e+00
2.857059502355525193e+00
2.822834214048002277e+00
2.896980669593776092e+00
2.760723637019830257e+00
2.769024738062121127e+00
2.946828294963925732e+00
2.886026507154776599e+00
2.793142495469931763e+00
2.788639273911202920e+00
2.827580768077191387e+00
2.938373870017224387e+00
2.804733498926413215e+00
2.971179395458981354e+00
2.723240900104138884e+00
2.775108466348657821e+00
2.751079969757331600e+00
2.769741684706355400e+00
2.718775643557224342e+00
2.905543838939622869e+00
2.921523917410226989e+00
2.823986366822616390e+00
2.932363381301846150e+00
2.825441027521189863e+00
2.721331659316813756e+00
2.778717329992383522e+00
6.137329549567954956e+00
2.924491237805304067e+00
5.718039349287480810e+00
2.789075474059459658e+00
2.777729468468806306e+00
2.808019586826274505e+00
2.682843267878315174e+00
2.899028285477739608e+00
2.823022493711305536e+00
2.803510121258705023e+00
2.718201059524478769e+00
2.780551743809131171e+00
3.091534246939535269e+00
2.839762842210595828e+00
2.960319239541573388e+00
5.953742184542424098e+00
2.685494740266679337e+00
2.961837774085542385e+00
6.113420073902987362e+00
2.726412661355577249e+00
2.751367114726786411e+00
2.894207490834062479e+00
3.037665715644168429e+00
2.733199590223882591e+00
2.789487587353634446e+00
2.746070101071711456e+00
2.688646871569414287e+00
6.011372721766635507e+00
2.823804879944788571e+00
2.865227914145748844e+00
2.885455596608619278e+00
2.716072532168461784e+00
2.678574620950478824e+00
2.714083823318653721e+00
2.760814553714175279e+00
2.899361308978237961e+00
2.833974417668585932e+00
2.868195425698883749e+00
2.792985857465088984e+00
2.901916952636653058e+00
2.710281350708815040e+00
2.981178961417781270e+00
2.771758647501618267e+00
2.769696373251046229e+00
2.941264013991263582e+00
2.738509448586950334e+00
2.787730438905454911e+00
2.861815332966122671e+00
2.770570518864300613e+00
2.836414285678309888e+00
2.953248042410254293e+00
2.758481647573534090e+00
2.919014217163048208e+00
2.894487519406501175e+00
2.888375494979834368e+00
2.895917298542898255e+00
2.720117276883480262e+00
2.794418007385437441e+00
2.853466137875128261e+00
3.000104164858280686e+00
2.727478505873144332e+00
2.945706197162235807e+00
2.888861540468839806e+00
2.840093484376878585e+00
2.753129310439304422e+00
2.887649216923690254e+00
2.838473885735079083e+00
2.815455913346895045e+00
2.983708095642065405e+00
2.980239755455925899e+00
2.924866150783655971e+00
2.675829964702540309e+00
2.805767096535277005e+00
2.746165690558382444e+00
2.863006461746113729e+00
2.798276791169879374e+00
2.954570357937004843e+00
2.745645461453462666e+00
2.906942551891936066e+00
3.001515283985740634e+00
2.838371892476389213e+00
2.720524030402966531e+00
2.831337139939360981e+00
2.975222512687076382e+00
2.913549896603797595e+00
2.868107041238175281e+00
2.731276075390402625e+00
2.928568421601243976e+00
3.061494732969501698e+00
2.826126677981721347e+00
2.846220652022608100e+00
2.809993950171423283e+00
2.755197452089414245e+00
2.969852016515301063e+00
2.926356608480928045e+00
2.941656336148055217e+00
2.743390238372951373e+00
2.850669219674566435e+00
2.899159188454473401e+00
2.712257546768005678e+00
2.796835712014561270e+00
2.726004768887977825e+00
2.849734373586422898e+00
2.793040637011928506e+00
2.703436516731990924e+00
2.906329644069991058e+00
3.067777371322762736e+00
2.950271004501111793e+00
6.175704737113004050e+00
2.909682285061377716e+00
2.832518490672214284e+00
2.859959964754752004e+00
2.830501192368588104e+00
2.781424275438754368e+00
2.869724725474553484e+00
3.124445230756973668e+00
3.023994212957425542e+00
2.934579526951007544e+00
3.029946699201159888e+00
2.875915506408350808e+00
2.811872329960945827e+00
2.826814638422547876e+00
2.893919660253200909e+00
2.869479918033928101e+00
2.734055046995213178e+00
3.005692432701655648e+00
2.690144605778655773e+00
5.680538530808500575e+00
2.773993691413158214e+00
2.772357300205007924e+00
2.914242611726072241e+00
2.789369821303729680e+00
2.787476277925966528e+00
2.718600743029398803e+00
2.968459196283486534e+00
2.752497956402511381e+00
2.747406959298166917e+00
2.655224472619970744e+00
2.728361413009647407e+00
2.729323176173902521e+00
2.822384275749848737e+00
2.881595738475471791e+00
2.890654078232122615e+00
2.708206232915063794e+00
2.922293790843077055e+00
2.730124722425698813e+00
2.933578872299158036e+00
2.893327841776662357e+00
3.113228228061668990e+00
3.326460280839078631e+00
2.896210627699581153e+00
2.932978349732571655e+00
2.792825272013986559e+00
2.719506389034597849e+00
2.872176004356278955e+00
2.810538204686070518e+00
2.975501806418541229e+00
2.961563100796604786e+00
2.941022951287527665e+00
2.686152825138585332e+00
2.739804737567989257e+00
2.990065383900492701e+00
2.751850468321271226e+00
2.824419763420445317e+00
2.676276144197380802e+00
2.746330824937155857e+00
3.105494163575259758e+00
2.857286474961865608e+00
2.735320639340112603e+00
2.728209302821175353e+00
5.984434309105581384e+00
6.021803882558780074e+00
6.209350690692223118e+00
2.963869430322462417e+00
2.960081924541954290e+00
2.943131835307415844e+00
2.771927307849179289e+00
2.876444332852627461e+00
2.932443520342719268e+00
2.862526331756618081e+00
6.096758236964952893e+00
6.073583538570948903e+00
2.699425309209350754e+00
6.049754457827194010e+00
5.823006955173590349e+00
5.676563925474634509e+00
2.780627806809102598e+00
3.010862501011960735e+00
2.804252841667455698e+00
2.785716424907603184e+00
2.943650115078217055e+00
2.770423252862276975e+00
2.954010324965029799e+00
5.887382950004186100e+00
2.526976058454056595e+00
5.293004723217237917e+00
5.760254334662662679e+00
6.127437800581904348e+00
5.984806596708033943e+00
2.853600357443207169e+00
5.993614185114020998e+00
5.756565990241057307e+00
5.727697093946222395e+00
2.686698717757538102e+00
2.898847529622763819e+00
2.734424619549787216e+00
2.715527388924663388e+00
2.994601142055482779e+00
2.650505234856177950e+00
5.867902010088442921e+00
5.986236380230904430e+00
5.816633734386238430e+00
3.035640294896613689e+00
2.727903957253627443e+00
5.435268990583630888e+00
5.928205208998757136e+00
2.924820336362560447e+00
2.908555311490569117e+00
2.864522822391191603e+00
2.793407596467082143e+00
2.753021067845285774e+00
2.818547320872935469e+00
2.832233041259140993e+00
2.730219221967349341e+00
2.866188060822248307e+00
2.946538986675723226e+00
2.813067009511148964e+00
2.859641411086362162e+00
2.737711818289134680e+00
2.827249369970749715e+00
2.729842669459175752e+00
2.944223666775334980e+00
2.942092112766015344e+00
2.778616202356849474e+00
2.880125344494576023e+00
2.784698188314130185e+00
2.749941999388350933e+00
2.756075833499506356e+00
2.834130554508736743e+00
3.047878114360874413e+00
2.810200526652857800e+00
2.750565396423069409e+00
2.800689915003087727e+00
2.681761175048963608e+00
2.740287028761768440e+00
2.709917157405369537e+00
2.724327623469688486e+00
2.938775595379817140e+00
2.672426051362319477e+00
2.735834790333656397e+00
3.045561360406320972e+00
2.814065564268181774e+00
2.753061023660754003e+00
2.888510688919118330e+00
3.028812473561213636e+00
2.983570009233904585e+00
2.923444030591316523e+00
2.730668416340585214e+00
2.818714245892974368e+00
2.904639392420339750e+00
2.779714733565298967e+00
2.731782568214388363e+00
2.779220214376687537e+00
2.711299503927959709e+00
2.845576391524219595e+00
2.813775577404850736e+00
2.839701568827259326e+00
2.790086378591171368e+00
2.815632610977504946e+00
2.700050369900532488e+00
2.698955353465485096e+00
2.835498368893905941e+00
2.738497033045681039e+00
2.826134816317154907e+00
2.775985950973094862e+00
2.919883216842756202e+00
2.833861323353703110e+00
2.953060446384395021e+00
2.855892329903212623e+00
3.179418343030687044e+00
3.190656828930369393e+00
2.786424770202849288e+00
2.760279152549611315e+00
2.889553598741508189e+00
2.946793850950554905e+00
2.960681509382594889e+00
2.823350668974719646e+00
2.988401914067115861e+00
2.793710435961465066e+00
2.787426411584707608e+00
3.007667036092925184e+00
2.719713771704662442e+00
2.859002623293655176e+00
