4.861631207732647120e+00
4.820494269263266851e+00
4.346609943392666153e+00
4.650213220917939871e+00
4.168431359636380229e+00
3.798911554642987465e+00
3.543035421781724370e+00
3.268112758152631692e+00
2.793579066359139329e+00
2.763192718577551776e+00
2.891950898614981558e+00
2.707545198145360654e+00
2.943046890554073425e+00
2.755089109266704028e+00
2.826115885805109418e+00
2.917201055806747156e+00
2.784339418964577373e+00
2.843222995123667829e+00
2.965033052092336696e+00
3.007463715491842215e+00
2.735492825799402450e+00
2.842611123597457823e+00
2.726132425250101132e+00
3.182591711168744730e+00
2.952500465706990873e+00
3.014758530960647498e+00
2.886723748473345452e+00
2.930680125841099049e+00
2.803286285772468300e+00
2.777602383351512660e+00
2.814727162621628587e+00
2.736440571253101695e+00
2.936730494955231752e+00
2.744849904821755171e+00
2.788990856922983319e+00
2.976815412483615475e+00
2.739139098329984368e+00
2.861205864666155119e+00
2.984506826931377699e+00
2.966184249165921383e+00
2.709009782189795157e+00
2.872145365401967076e+00
2.750594662977444482e+00
2.891769181660251320e+00
2.828295069472066103e+00
2.927019644621470018e+00
2.778084411964474754e+00
2.909121688757622781e+00
2.765253695413858015e+00
2.899003621936337538e+00
2.941253134294972149e+00
2.804833150117846507e+00
2.815254340197347105e+00
2.761492893345916411e+00
2.824258132678385547e+00
2.954720629771959040e+00
2.684802786053381851e+00
2.815206741964078052e+00
2.725675329161564076e+00
2.772475788893385307e+00
2.695963464144127020e+00
2.748028020235601776e+00
2.770512948895925476e+00
2.699320470044266340e+00
2.851098034091426925e+00
2.967130263402670831e+00
2.912552488797412131e+00
2.838096016698519630e+00
2.839093693416968378e+00
2.872429981740199256e+00
3.009190256530816843e+00
2.812561110447202140e+00
2.698805291235364834e+00
2.884833617385932136e+00
2.740191234202459913e+00
2.744807643533513364e+00
2.591936920528737698e+00
2.899511165696728732e+00
2.895383394302039726e+00
2.847815478573005876e+00
2.769501579707078331e+00
2.697838579307516582e+00
2.871442494635753739e+00
2.764369548378074803e+00
2.885564416193130199e+00
2.943618691338945048e+00
2.919547567689213086e+00
2.748925062638121641e+00
2.779012234589836705e+00
3.063379016706877955e+00
3.140895413731568109e+00
3.076879750656499102e+00
3.054006712500809684e+00
2.756781093957225703e+00
2.972336791145983259e+00
3.148191385541863507e+00
2.796663905441624021e+00
2.928257843838209862e+00
2.784131282824140907e+00
2.959675151093444256e+00
2.853863521614164789e+00
2.808449572272929018e+00
2.854849032786147323e+00
2.825361923718800128e+00
3.002531931553768185e+00
2.740739681180976550e+00
2.961338548697193485e+00
2.924931623132410952e+00
2.789516983278645945e+00
2.855417657716643465e+00
5.848837918766427890e+00
5.951610622344173152e+00
5.868469050783176044e+00
5.974138096830371225e+00
5.906787451737195660e+00
2.897854551215433450e+00
2.773049945457167542e+00
2.915597708875488969e+00
2.928292847377119479e+00
2.909971477523448424e+00
2.889289358994699075e+00
2.869819680746510393e+00
2.702128050259645864e+00
2.784897484648222843e+00
2.881644322257693513e+00
2.943947859592625171e+00
2.929455580820436111e+00
2.735033820631839863e+00
2.970169355440864578e+00
2.778361747505173174e+00
2.762036205410783651e+00
2.889873526644375357e+00
2.844232937014828710e+00
2.771483537746526338e+00
2.794443772917966751e+00
2.840735292138286905e+00
2.904459502213794231e+00
2.801019457269085411e+00
2.899091409390190055e+00
2.980359374303710229e+00
2.727109275405002808e+00
2.907736576789582639e+00
2.974074814122873001e+00
2.874150135257377503e+00
2.792186598349043258e+00
2.922564627172511198e+00
2.877305857916394594e+00
2.870892892463944968e+00
2.782130119171279947e+00
2.856108191228056814e+00
2.918294193531556502e+00
2.754485251367303711e+00
2.814899110092580425e+00
2.673770932596882144e+00
2.748904690963293707e+00
2.753868007003966945e+00
2.750222172843495461e+00
2.837153150607135910e+00
2.848750252303630326e+00
2.751509767382263938e+00
2.877924599429248609e+00
2.900739733240471185e+00
2.973378213413153226e+00
2.887844351761361672e+00
2.771552994261520464e+00
2.780117443562411861e+00
3.126439028671437192e+00
2.923609755080181838e+00
2.952342290453463303e+00
3.238338771654379666e+00
2.860612696608892502e+00
2.726571656861414894e+00
2.744491756227370960e+00
2.770497789206842754e+00
2.847082717449564981e+00
2.915167576658330262e+00
2.723586238766821488e+00
2.791205832610701432e+00
2.795061537784096828e+00
2.848882938978012813e+00
2.773145686760794426e+00
2.720457498289579501e+00
2.724888621577036041e+00
2.913102298238082533e+00
2.791297189480188568e+00
2.743350506224095486e+00
2.934821289278105372e+00
2.702686071300179460e+00
2.768294420758023122e+00
2.822089474130825337e+00
2.975963205417701651e+00
2.714157143571461983e+00
2.791009315641924005e+00
2.839795943373396803e+00
2.885388015501554548e+00
2.889032537026885006e+00
2.836114419412587573e+00
2.912241233139864605e+00
2.791484372157580385e+00
2.766818750840033037e+00
2.698032616555996910e+00
2.686172183609978337e+00
2.867320003069067980e+00
2.779557698627607376e+00
2.841741015645162349e+00
2.909488786711507124e+00
2.812043562962707632e+00
2.979035750037249741e+00
2.844142928897913425e+00
2.760783403311458883e+00
3.081826406532333973e+00
2.968724473574467559e+00
2.735863300678599064e+00
2.812815848931458085e+00
2.747971979478684990e+00
2.685866154520734739e+00
2.825107962538776718e+00
2.726508023094742938e+00
5.586079394351640914e+00
5.153838763484942298e+00
5.290629263140632865e+00
5.460339183603890589e+00
2.687798355531902050e+00
3.567384616213956416e+00
3.854290855656848702e+00
3.665122781026577847e+00
3.654852801413484897e+00
3.611840804908211577e+00
5.627912223906837319e+00
3.167152190849059856e+00
3.086253554068427274e+00
2.669406113726422003e+00
2.712593777180800636e+00
2.776922937353501819e+00
2.907793837258755509e+00
2.924383524779196275e+00
2.865261070129561549e+00
2.914859344805508901e+00
2.771594486933468993e+00
2.841419715564738713e+00
2.798454752180210114e+00
2.819728533032922702e+00
2.928597958067990170e+00
2.782636699247675427e+00
2.893067230466654927e+00
2.853997021722342708e+00
2.753939723378127979e+00
3.000330815093562808e+00
2.872744506565106715e+00
3.204202708943364897e+00
3.100351431692865312e+00
3.251380476043983503e+00
2.867231940391289147e+00
2.856266269100273814e+00
2.884158802840093738e+00
2.803151262418779766e+00
2.703506426846438604e+00
2.880145482436607285e+00
2.951845863184594077e+00
2.689789954624709711e+00
2.874912520408229089e+00
2.708157122472771405e+00
2.942388315637485263e+00
3.111628191156520451e+00
2.722060983887025554e+00
2.884694264562537747e+00
2.874714942389940742e+00
2.774009012242029559e+00
2.910564550048666543e+00
2.837746641263098724e+00
2.787314298747093133e+00
2.873417651508392012e+00
2.882391194824186265e+00
2.874483779742025291e+00
2.732049413901586288e+00
2.806204910550902376e+00
2.783914330578439511e+00
2.735459193627277852e+00
3.023505581274821719e+00
2.683297039092019887e+00
2.943134553499040962e+00
2.865636404012204874e+00
2.729291116755411029e+00
2.730035347756508468e+00
2.862929618415373856e+00
2.741533147711331608e+00
2.743346496525730593e+00
2.761835621466274482e+00
2.764093160513950487e+00
2.765720159379831511e+00
2.841976249021092915e+00
2.698466416318720640e+00
2.812881974061478552e+00
2.900491510072042978e+00
2.755767406730836200e+00
2.812570887995537117e+00
2.742279890893706717e+00
2.939949829503897938e+00
2.767652796143331706e+00
2.821417197083763373e+00
6.246251756053386117e+00
2.938913064382816742e+00
2.770719220707865027e+00
2.860608501700293793e+00
2.757294688639572833e+00
2.978974487974007879e+00
2.907315256383455448e+00
2.705129386924034041e+00
2.736879610066909052e+00
7.676324511118585825e+00
5.686930718762098991e+00
5.891304439595699272e+00
2.738047844724412094e+00
6.125734731442425307e+00
5.774899739389419473e+00
5.860055375164981761e+00
5.458227367928162543e+00
5.831041759411435876e+00
2.840389585954715468e+00
2.802088685248916633e+00
2.949297373951972112e+00
2.882202109498915199e+00
5.792271920412576769e+00
6.053719352596385050e+00
5.955822949013847456e+00
2.791303279831841788e+00
5.844512468974635944e+00
2.891622727812188209e+00
2.840288189603302094e+00
2.859460613472407875e+00
2.733106840209507560e+00
2.895482861285833653e+00
2.780764463236683692e+00
5.715890656756826615e+00
7.845733171603530565e+00
5.769915597302960997e+00
5.789655861966236827e+00
5.806011195304397354e+00
2.746713126629717561e+00
5.886587296558167814e+00
5.942665226983596227e+00
2.925389204875139093e+00
2.950038813303987872e+00
2.792197879807231775e+00
2.848036867738898970e+00
2.895428983760437447e+00
2.902551636060932694e+00
2.877489357061116415e+00
2.704939740548761407e+00
2.843134361932267318e+00
2.810082205203257022e+00
7.674575818897094059e+00
5.773266926099988261e+00
7.722140441613323247e+00
5.427338758544559383e+00
2.900960702939630931e+00
2.764131870949719794e+00
2.822438130411364376e+00
2.736140712755833260e+00
2.779454083088979566e+00
2.863309448872056073e+00
2.766780077996803922e+00
2.848619314685624904e+00
2.868813517815334890e+00
5.941931251705964812e+00
2.805887025523301048e+00
2.990301657023919812e+00
5.944505362097000756e+00
2.843245504700570248e+00
5.975839522611027910e+00
2.838891509022491544e+00
2.932252547104358786e+00
2.862249814394264291e+00
2.839276492348006720e+00
2.930210572638082489e+00
2.756899163915865980e+00
2.758834717774879763e+00
3.152032042984334925e+00
5.743854629079673479e+00
6.031130408140749743e+00
6.109874957803964612e+00
6.121366187380068880e+00
5.964079895507772733e+00
5.956966593829447376e+00
5.889204020918276328e+00
2.781650948627451214e+00
6.150536074197110459e+00
5.747084565238273157e+00
5.694963827804352619e+00
5.870783593354468088e+00
2.935909058537065963e+00
2.926250501922211811e+00
2.844664655104358175e+00
2.761628686119840914e+00
2.791148150851186838e+00
2.794879246049818189e+00
2.775230981377946105e+00
2.805649122752166491e+00
2.855491901581932002e+00
2.787500852017807063e+00
2.912619782944557034e+00
2.797344633755376009e+00
2.847822677064005603e+00
3.014740121469842826e+00
2.797527837216279956e+00
2.895556250532874909e+00
2.916066185805802125e+00
2.783188638953530081e+00
2.702153215493155347e+00
2.934016700702298142e+00
2.729274628907834899e+00
2.737903212314124257e+00
2.777515076466732680e+00
2.889670742489531374e+00
5.656250171270714944e+00
5.941780204618813954e+00
5.845093669052704222e+00
5.286153421912761274e+00
5.815871903678759836e+00
2.963253785958941400e+00
6.182810364227581346e+00
6.145309918954453998e+00
5.701058849020943065e+00
2.760061231204844034e+00
2.800021071349285684e+00
2.766842604847626674e+00
2.726191115824420308e+00
2.847312768207946654e+00
2.856880991571052242e+00
