-5.660921260789999678e+02
-5.823669456879999871e+02
-5.898103019769999946e+02
-6.008715080450000414e+02
-5.926852172169999449e+02
-6.009660839849999547e+02
-5.836896421940000437e+02
-5.974160335200000418e+02
-5.863446916890000011e+02
-5.979461317110000209e+02
-5.959153412099999514e+02
-5.860115564919999542e+02
-5.706871234459999869e+02
-5.900805686239999659e+02
-5.964159470119999469e+02
-5.853622746930000176e+02
-5.803601946610000368e+02
-6.030728397950000499e+02
-5.733054144180000549e+02
-5.759987431140000353e+02
-5.927712850020000133e+02
-5.884015624749999915e+02
-5.788167965989999857e+02
-5.803118874939999614e+02
-6.028713848950000056e+02
-5.915461355060000415e+02
-5.798950568369999701e+02
-5.777136199359999864e+02
-5.888074111590000257e+02
-5.892671937500000467e+02
-5.931239646589999666e+02
-5.878376509170000190e+02
-5.907072660950000227e+02
-5.967859808729999713e+02
-5.935096080710000024e+02
-5.863799019739999494e+02
-6.020093690539999898e+02
-5.902698279060000459e+02
-5.700364707960000032e+02
-6.005386695619999955e+02
-5.858349347849999731e+02
-5.748577001239999618e+02
-5.931299865260000388e+02
-5.927723119280000219e+02
-6.004209760899999537e+02
-5.982123696029999564e+02
-5.948075327169999582e+02
-5.882106558189999532e+02
-6.011984948079999640e+02
-5.860887400499999558e+02
-6.002250436790000094e+02
-6.019234405659999538e+02
-5.904278840289999835e+02
-5.919688550549999491e+02
-5.924062109139999848e+02
-5.971533754990000489e+02
-5.945391981320000241e+02
-5.900790322609999521e+02
-5.676930022540000209e+02
-5.513758166170000550e+02
-5.985842711159999681e+02
-5.853080064419999644e+02
-5.846828836199999841e+02
-5.812550202370000534e+02
-5.857550150040000290e+02
-5.651607904879999751e+02
-5.946794017549999580e+02
-5.735852645769999754e+02
-5.942889171499999748e+02
-5.952909721769999578e+02
-5.771400981489999822e+02
-5.888464870149999797e+02
-5.979497595389999560e+02
-5.936325036030000319e+02
-6.002553370780000250e+02
-5.916945627740000191e+02
-5.916572246959999575e+02
-5.834531821739999486e+02
-5.919671015459999808e+02
-5.969786155970000436e+02
-6.050165723589999516e+02
-6.019944312259999606e+02
-5.717549801469999693e+02
-5.956809398929999588e+02
-5.927981123570000364e+02
-5.835642279329999838e+02
-5.842577185159999544e+02
-5.888877916799999639e+02
-5.815522682609999947e+02
-5.820882753009999533e+02
-5.829778681129999995e+02
-5.946226078129999451e+02
-5.960708209289999786e+02
-5.981034935440000027e+02
-5.952989844090000133e+02
-5.901256950209999559e+02
-5.801000285349999785e+02
-5.940332365199999458e+02
-5.938920298939999611e+02
-5.979032422740000356e+02
-5.613174730209999552e+02
-5.836314292890000388e+02
-5.734375813770000150e+02
-5.793230359689999887e+02
-5.987852553169999510e+02
-5.947544585350000261e+02
-5.993613347169999770e+02
-5.914766626919999908e+02
-5.982596739440000420e+02
-5.842972853559999749e+02
-5.979602687929999547e+02
-5.846565343360000497e+02
-5.955031619799999589e+02
-5.876633948490000421e+02
-5.872116628180000362e+02
-6.021032212200000231e+02
-5.965667630579999923e+02
-5.942863374610000164e+02
-5.961967405929999586e+02
-5.928525838960000556e+02
-5.876458724599999641e+02
-5.878931678850000253e+02
-5.890511229549999825e+02
-5.757695269700000154e+02
-5.815970518039999888e+02
-5.719171474930000159e+02
-5.916120802379999759e+02
-6.026733735320000278e+02
-5.928943442659999619e+02
-5.875281632249999575e+02
-5.927333836379999639e+02
-5.898585309669999788e+02
-5.921106792030000179e+02
-5.757847402539999848e+02
-5.939359918320000133e+02
-5.714446400900000071e+02
-5.854258657750000339e+02
-5.724445734629999833e+02
-6.023057248469999649e+02
-5.757742039060000252e+02
-6.025513869090000298e+02
-5.994619676879999588e+02
-5.968597270210000261e+02
-5.836618985210000119e+02
-6.005614236870000013e+02
-5.998670325250000133e+02
-5.854704531119999729e+02
-5.977471013140000196e+02
-5.897414373069999556e+02
-5.997461799799999653e+02
-5.915494510810000293e+02
-5.956799355330000481e+02
-5.967442906310000126e+02
-5.786161429080000289e+02
-5.830066724939999858e+02
-5.961729455900000403e+02
-5.888057141120000324e+02
-5.879545086750000564e+02
-5.897876110610000069e+02
-5.902470476810000264e+02
-5.667217627620000258e+02
-5.885791378840000334e+02
-6.034016029550000439e+02
-5.841345648520000395e+02
-5.888962240189999875e+02
-5.878010469549999470e+02
-5.617531418309999935e+02
-5.754538203050000220e+02
-6.008412303799999563e+02
-6.010536003600000186e+02
-5.914475088899999946e+02
-5.960407792989999507e+02
-5.877994119720000299e+02
-5.786005624389999866e+02
-6.002852247050000187e+02
-5.897551464729999680e+02
-5.832559925199999498e+02
-6.010112855490000356e+02
-5.810552685400000428e+02
-5.753599387110000407e+02
-5.950442452239999511e+02
-5.888099048940000557e+02
-5.890740912879999769e+02
-5.963355875490000244e+02
-5.993417385799999693e+02
-5.911180533320000450e+02
-5.944705242300000236e+02
-5.877434315640000477e+02
-5.973526473509999732e+02
-5.944921225640000557e+02
-5.919731867120000288e+02
-6.007992650999999569e+02
-5.948317562900000439e+02
-5.985542507799999612e+02
-5.990585212439999623e+02
-6.012656721490000109e+02
-6.039693933319999815e+02
-5.922101611179999736e+02
-5.907604100429999789e+02
-5.824163040060000185e+02
-5.910779338390000248e+02
-5.987855040480000071e+02
-5.948510492450000129e+02
-5.854907260369999449e+02
-5.840233153010000251e+02
-5.563006178870000440e+02
-5.819170953520000467e+02
-5.981700946879999492e+02
-5.862848834549999992e+02
-5.968870865970000068e+02
-5.994084805969999934e+02
-5.928140604369999664e+02
-5.948594786170000361e+02
-5.960893991299999470e+02
-5.904313369989999956e+02
-5.962698386490000075e+02
-5.889233379360000527e+02
-5.915719918099999859e+02
-5.758018290060000481e+02
-5.858327944850000222e+02
-5.859038384000000406e+02
-5.822123498739999832e+02
-5.869208909320000203e+02
-5.782791033879999532e+02
-5.990542240029999448e+02
-5.839530070529999648e+02
-5.983899081910000177e+02
-5.962150451710000425e+02
-5.926187211819999447e+02
-5.940554805350000152e+02
-5.876935169880000558e+02
-5.757241195679999919e+02
-5.849379557390000173e+02
-5.743663541879999457e+02
-5.846692877729999509e+02
-5.945517580380000027e+02
-5.824350823199999923e+02
-5.975771374859999696e+02
-5.957293005950000406e+02
-6.043190906620000078e+02
-5.909316330929999594e+02
-5.684162121729999626e+02
-5.907684572800000069e+02
-5.788110740170000099e+02
-5.827040858399999479e+02
-5.709803468919999432e+02
-6.027724128639999890e+02
-6.016095519819999708e+02
-5.851050842619999912e+02
-5.941517024710000214e+02
-6.021311197090000178e+02
-5.996073516799999652e+02
-5.973623212170000443e+02
-5.942215098299999454e+02
-6.026972149480000098e+02
-5.878424350889999914e+02
-5.850378503340000407e+02
-5.861820626329999868e+02
-5.913740430899999865e+02
-5.989392707519999703e+02
-5.811013257920000115e+02
-5.895618217649999906e+02
-5.958926117830000067e+02
-6.001794258840000111e+02
-5.781461523420000503e+02
-5.784532344360000025e+02
-5.722500416750000340e+02
-5.947569716259999950e+02
-5.876712020469999516e+02
-5.814318931340000063e+02
-5.913647568310000224e+02
-5.986257097180000528e+02
-5.984894161500000109e+02
-5.966345049520000430e+02
-6.011461116250000032e+02
-5.934887073539999847e+02
-5.888292049599999700e+02
-5.942611923770000431e+02
-5.960826865110000199e+02
-5.887801025439999876e+02
-5.981757320750000417e+02
-6.001431833689999849e+02
-5.861953141139999843e+02
-6.000988452740000412e+02
-5.962195173489999434e+02
-5.973610587360000181e+02
-5.776738476960000526e+02
-5.876343279090000351e+02
-5.943992462769999747e+02
-5.980757515159999684e+02
-5.897762031429999752e+02
-6.000500209379999887e+02
-5.886750416600000335e+02
-5.909652288180000141e+02
-5.986607432660000541e+02
-5.961223047500000121e+02
-5.961450756589999855e+02
-5.917594158519999610e+02
-5.956789048289999755e+02
-5.901260108080000464e+02
-5.947272876490000044e+02
-5.989941577289999941e+02
-5.921809870040000305e+02
-5.940233970819999740e+02
-5.986991053250000050e+02
-6.018743342770000027e+02
-5.967156380500000523e+02
-6.008181516710000096e+02
-5.750342881560000023e+02
-5.808803383939999776e+02
-5.955080275430000256e+02
-5.944076319619999822e+02
-5.956890650620000542e+02
-5.947387560930000063e+02
-5.906432638329999918e+02
-5.891102173379999840e+02
-5.805417173179999963e+02
-5.866975414769999588e+02
-5.863469151479999937e+02
-5.943898907840000447e+02
-5.850554194809999444e+02
-5.976262322730000278e+02
-5.897066019000000097e+02
-5.854782760240000243e+02
-5.980605812820000438e+02
-5.909153963119999844e+02
-5.920757152510000196e+02
-5.958973557049999954e+02
-5.800386067709999907e+02
-5.774121552269999711e+02
-5.812963210699999763e+02
-5.908198118000000250e+02
-5.981907416550000107e+02
-5.865888706040000216e+02
-5.970726311979999537e+02
-6.011230814120000332e+02
-5.971331700560000399e+02
-5.989280214860000342e+02
-5.827040781609999840e+02
-5.968402198060000501e+02
-5.975776835059999712e+02
-5.808249064589999762e+02
-6.023366155889999618e+02
-5.901939308669999491e+02
-5.799533466049999788e+02
-5.988367233049999641e+02
-5.823880605660000356e+02
-5.966181305060000568e+02
-5.890845813299999918e+02
-5.821936947450000162e+02
-5.704923040410000112e+02
-5.832085587719999467e+02
-5.946991577789999610e+02
-5.941926130059999878e+02
-5.843953939900000023e+02
-5.650895855479999454e+02
-5.836172425729999986e+02
-5.788919958149999729e+02
-5.989787394329999870e+02
-5.989308111349999990e+02
-5.914710772329999600e+02
-5.975208580959999836e+02
-5.883731622090000428e+02
-5.933174317259999953e+02
-6.020828699769999730e+02
-5.973846115359999658e+02
-5.890679269029999432e+02
-5.933063579820000086e+02
-5.804829467130000467e+02
-5.938544733439999845e+02
-5.676304333350000206e+02
-5.931714555559999553e+02
-5.851617608750000272e+02
-5.887896045459999641e+02
-5.919342272359999697e+02
-5.811019268500000408e+02
-5.997279425430000401e+02
-5.825046241219999956e+02
-5.902586082909999732e+02
-5.904587088250000306e+02
-5.642966645069999458e+02
-5.936770229229999813e+02
-5.692497420570000486e+02
-5.815896766869999510e+02
-5.879768813639999507e+02
-6.035740469429999848e+02
-5.876363226350000559e+02
-5.960348533049999560e+02
-5.984625157699999818e+02
-5.899071662850000166e+02
-5.846879592950000415e+02
-5.945672728529999631e+02
-5.840436637630000405e+02
-5.971402562120000539e+02
-5.975111156699999810e+02
-5.950928209420000030e+02
-5.897677008279999882e+02
-5.676679438940000182e+02
-6.028215333450000344e+02
-5.967389449400000103e+02
-5.961737031720000459e+02
-5.969060811690000037e+02
-5.391295387300000357e+02
-5.748888876070000151e+02
-5.985439710189999687e+02
-5.781329433449999442e+02
-5.915474865620000173e+02
-5.983772537539999803e+02
-6.024985145829999738e+02
-5.886753184169999713e+02
-5.972992992040000217e+02
-5.828317471980000164e+02
-5.943548014130000183e+02
-5.700901842189999797e+02
-5.754770719059999919e+02
-5.731891599499999757e+02
-5.500600904579999906e+02
-5.897928722230000176e+02
-5.768784206980000135e+02
-5.863711306200000308e+02
-5.871211211849999927e+02
-5.941809231659999568e+02
-6.023596250350000219e+02
-5.916292501289999564e+02
-5.756156290019999915e+02
-5.833923503360000495e+02
-5.985849360439999600e+02
-5.787926437190000115e+02
-5.985636547699999710e+02
