-5.673997219860000314e+02
-5.792205206469999439e+02
-5.869980592160000015e+02
-5.861524446810000200e+02
-5.969211027410000270e+02
-5.872295824870000160e+02
-5.979238819680000461e+02
-5.917800120399999741e+02
-5.916379853380000213e+02
-5.986963821499999767e+02
-5.954812398369999755e+02
-5.888885949829999618e+02
-5.923629387529999804e+02
-5.953396538639999562e+02
-5.992730891989999691e+02
-5.706550187220000225e+02
-5.659952592900000354e+02
-5.937991314019999436e+02
-5.955368845450000208e+02
-5.942422407719999455e+02
-5.855986941050000496e+02
-5.865529633239999612e+02
-5.747923885950000340e+02
-5.973251246639999863e+02
-5.896962541569999985e+02
-5.791637590000000273e+02
-5.959338515440000492e+02
-6.003769250679999914e+02
-6.003319652919999498e+02
-5.982696845929999654e+02
-5.980433430240000234e+02
-5.828323266559999638e+02
-5.792622140680000484e+02
-5.930795950499999662e+02
-5.896178206340000543e+02
-5.860499474719999853e+02
-5.814308447170000136e+02
-5.887448613220000198e+02
-5.951425538470000447e+02
-5.878384761959999878e+02
-5.884988304669999479e+02
-5.918348775810000006e+02
-5.972699287299999469e+02
-5.832760675829999855e+02
-6.005270801760000268e+02
-5.940667490859999589e+02
-5.573477305249999745e+02
-5.787518353829999569e+02
-5.870816455330000281e+02
-5.924909134109999513e+02
-5.804038434269999698e+02
-6.008432541079999964e+02
-5.932149189839999508e+02
-5.873782028519999585e+02
-5.844834176430000525e+02
-5.971858565449999787e+02
-5.959437849109999661e+02
-5.905452944090000074e+02
-5.958887397019999526e+02
-5.896117164050000383e+02
-5.956392129839999825e+02
-5.995781711939999923e+02
-5.949208511609999732e+02
-5.983642810310000186e+02
-5.955310267290000183e+02
-5.895252751110000418e+02
-5.990040080820000412e+02
-5.930920050690000380e+02
-5.972546130160000075e+02
-5.992177824159999773e+02
-5.983545410350000111e+02
-5.937173668049999833e+02
-5.856534464090000256e+02
-5.968052815349999491e+02
-5.947392913500000304e+02
-6.019553818949999595e+02
-5.940766223240000272e+02
-5.894297407520000434e+02
-5.846274310730000252e+02
-5.948013219480000089e+02
-5.990584126539999943e+02
-6.008644437599999719e+02
-5.835503592879999815e+02
-6.004149023630000102e+02
-5.760256184669999584e+02
-5.856537344160000202e+02
-5.943933939029999465e+02
-5.875509229079999614e+02
-5.942863973639999813e+02
-6.019115042900000390e+02
-5.973693308269999989e+02
-5.955875906080000277e+02
-5.819203558320000411e+02
-6.004181246929999816e+02
-5.987454611079999722e+02
-5.865225671709999915e+02
-5.884873639820000335e+02
-5.780549974619999603e+02
-5.913678787610000427e+02
-5.926879880259999709e+02
-6.022517228379999779e+02
-6.031755484999999908e+02
-5.990951507439999659e+02
-6.055281984109999485e+02
-6.037495132760000160e+02
-6.026064835729999913e+02
-5.895501521689999436e+02
-5.768625715089999630e+02
-5.867636321359999556e+02
-5.969644307180000169e+02
-5.957401046799999449e+02
-6.004014452110000093e+02
-5.888149431819999791e+02
-5.854042544740000267e+02
-6.048624871109999503e+02
-5.897109933519999458e+02
-5.947787781219999488e+02
-5.947372909700000037e+02
-5.719300531540000065e+02
-5.879936409519999643e+02
-5.787574981950000392e+02
-5.598092493599999671e+02
-5.942962835590000168e+02
-5.811206810620000169e+02
-5.935398134990000472e+02
-5.784429968519999647e+02
-5.963830555910000157e+02
-6.028735022869999511e+02
-6.037731508309999526e+02
-5.979814757770000142e+02
-6.022040844540000535e+02
-6.018354724990000477e+02
-5.990806048419999570e+02
-5.900443846220000523e+02
-5.991984443390000479e+02
-5.923604016240000192e+02
-5.880295694039999717e+02
-5.978984455050000406e+02
-6.061709475280000561e+02
-5.893085026710000420e+02
-5.658462276919999567e+02
-5.866757628440000190e+02
-5.955214403859999948e+02
-5.936411536069999784e+02
-5.988841598049999675e+02
-5.767446677389999650e+02
-5.892288912679999839e+02
-6.015329268220000358e+02
-5.935499720179999485e+02
-5.973341219989999900e+02
-5.813143328219999830e+02
-6.030497518380000201e+02
-6.026329088490000458e+02
-5.876801318689999789e+02
-5.992317133919999605e+02
-5.833799050410000291e+02
-6.020207610569999588e+02
-5.846195085040000095e+02
-5.709531664859999864e+02
-5.737887115219999714e+02
-5.853386303419999876e+02
-5.999804829759999620e+02
-5.933836054839999861e+02
-5.953869747950000146e+02
-6.005692284990000189e+02
-5.922087972550000359e+02
-5.879106036619999713e+02
-5.926701703510000243e+02
-5.991779187309999770e+02
-5.997511471819999542e+02
-5.952749439460000076e+02
-5.886549308649999830e+02
-5.991801212240000041e+02
-5.951410614870000018e+02
-5.669301060090000419e+02
-5.927648927809999577e+02
-5.799257249900000488e+02
-5.900015869469999643e+02
-5.946923652719999609e+02
-5.725935182470000200e+02
-5.966622228710000400e+02
-5.909796709859999737e+02
-5.977692191869999760e+02
-6.033159850490000053e+02
-5.874411905590000060e+02
-5.881810616269999628e+02
-6.026502812630000108e+02
-6.021481283829999711e+02
-5.896723078999999643e+02
-5.957403519350000352e+02
-5.807076020949999702e+02
-6.044754446529999541e+02
-6.014741696549999688e+02
-5.949020808000000216e+02
-5.768677702620000218e+02
-5.915897993940000106e+02
-5.882758403200000430e+02
-5.967645558909999863e+02
-6.042518983740000067e+02
-5.960146253340000158e+02
-5.839635390250000455e+02
-5.885864174529999673e+02
-5.864557367249999515e+02
-6.005881648450000512e+02
-5.763757984039999656e+02
-5.789508100860000468e+02
-5.939244498399999657e+02
-5.812314261669999951e+02
-5.982930307389999598e+02
-5.920058336429999599e+02
-5.898911209990000089e+02
-6.010016805459999887e+02
-5.939294143390000045e+02
-5.901155180370000153e+02
-5.744866361959999495e+02
-5.933264126000000260e+02
-5.972316525280000405e+02
-5.928798836669999446e+02
-5.975337045559999751e+02
-5.977012426320000031e+02
-6.027288366349999933e+02
-5.877966328779999685e+02
-5.997304754670000193e+02
-5.975685210929999585e+02
-5.990823360729999649e+02
-5.981199434899999687e+02
-5.914024204290000171e+02
-5.976554202339999620e+02
-5.994679827249999562e+02
-6.029125050630000260e+02
-5.878773653690000174e+02
-5.971030943389999948e+02
-5.859740623210000194e+02
-5.940698360979999961e+02
-5.882385205489999862e+02
-5.889834418240000105e+02
-5.900656679769999755e+02
-5.967665352279999524e+02
-5.931830177709999816e+02
-5.766485369230000515e+02
-5.900228702169999906e+02
-5.898408736259999614e+02
-5.998838362650000136e+02
-5.950299318840000069e+02
-5.841314945369999805e+02
-5.842282126759999983e+02
-5.791099087940000345e+02
-5.978918500229999609e+02
-5.971251332580000053e+02
-6.000042835179999656e+02
-5.924357540659999586e+02
-6.015055268470000556e+02
-6.033744468429999870e+02
-5.975596842830000242e+02
-5.918396726280000166e+02
-5.891433689059999779e+02
-6.045131835869999577e+02
-5.964121966149999707e+02
-6.034406286470000396e+02
-6.006315616450000334e+02
-5.922170860669999684e+02
-5.956675162430000228e+02
-5.805193576870000243e+02
-5.885829879770000161e+02
-5.969916624300000194e+02
-5.866363342219999595e+02
-5.773364472639999576e+02
-5.795352772280000409e+02
-5.865080800719999843e+02
-5.969573418640000000e+02
-5.929616507900000215e+02
-5.913692956029999550e+02
-5.868132120400000531e+02
-5.811406996260000142e+02
-5.971353882820000081e+02
-5.867478371480000305e+02
-5.876044986470000140e+02
-5.888562118620000092e+02
-5.973696393679999801e+02
-5.910793762580000248e+02
-5.869466921609999872e+02
-5.794517499370000451e+02
-5.937853057959999887e+02
-5.924382251560000441e+02
-6.007161134990000164e+02
-5.945512847109999939e+02
-5.968535677109999824e+02
-6.000508147210000516e+02
-5.976834101279999913e+02
-5.945811472460000005e+02
-5.809095271319999938e+02
-5.946656958410000016e+02
-5.928474128789999895e+02
-5.925147441780000008e+02
-5.966080569629999673e+02
-5.837127094639999996e+02
-5.887617868769999632e+02
-5.852339104989999896e+02
-5.991467792480000298e+02
-5.986418575569999803e+02
-5.968785433369999964e+02
-5.949762331220000533e+02
-5.983153647440000213e+02
-5.589220533200000318e+02
-6.005388991329999726e+02
-5.790662589029999481e+02
-5.674940515009999444e+02
-5.852600150920000033e+02
-6.026062026360000345e+02
-5.987471182650000401e+02
-5.949958250539999653e+02
-5.859733906459999844e+02
-6.030953772090000484e+02
-6.020228681510000115e+02
-5.801686804959999790e+02
-5.941751356260000421e+02
-6.034098362460000544e+02
-5.927312443929999972e+02
-5.871990699460000087e+02
-5.949698271590000331e+02
-5.986257604840000113e+02
-6.015383804709999822e+02
-5.963310645579999800e+02
-5.940384431109999923e+02
-5.953997861049999756e+02
-5.930679779199999757e+02
-6.001187198689999605e+02
-5.873109588910000411e+02
-5.986092027900000403e+02
-6.004785965040000519e+02
-5.930488501050000423e+02
-5.937900842110000212e+02
-5.996475185860000465e+02
-5.692672498939999741e+02
-5.834802015179999444e+02
-5.960500342130000035e+02
-5.950823351369999727e+02
-5.945686381579999988e+02
-5.838367371839999578e+02
-5.952409544820000065e+02
-5.957550220780000245e+02
-5.962945048279999583e+02
-5.796678813050000372e+02
-6.036179875770000081e+02
-6.033740061409999953e+02
-6.004973813069999551e+02
-5.996494354919999523e+02
-5.855298152670000036e+02
-5.914065342169999440e+02
-5.790324307800000270e+02
-5.791983683680000468e+02
-6.022072635360000277e+02
-5.875092615930000193e+02
-5.958412982649999776e+02
-5.963699099049999859e+02
-6.003449010829999679e+02
-5.910259359679999989e+02
-5.791563580680000314e+02
-5.818996843740000031e+02
-5.777867487539999729e+02
-5.926636120240000309e+02
-5.949412053109999761e+02
-5.911533332499999460e+02
-5.968337136080000391e+02
-5.937334430109999630e+02
-5.823320686600000045e+02
-5.995769120730000168e+02
-5.876038069490000453e+02
-5.834238806289999957e+02
-5.958791065560000106e+02
-5.997151307939999469e+02
-6.016412796560000515e+02
-5.966850197060000482e+02
-5.980748030360000485e+02
-5.969203881099999762e+02
-6.009118806989999939e+02
-5.775974924509999937e+02
-5.908326726589999680e+02
-5.979168143890000238e+02
-5.932347683440000310e+02
-5.965230251599999747e+02
-5.871207197009999845e+02
-5.894480415089999497e+02
-5.924627182179999636e+02
-5.974999980640000103e+02
-5.929916276469999730e+02
-5.918456737540000177e+02
-6.037439246459999822e+02
-6.027616193070000463e+02
-5.886305476720000343e+02
-5.997637822860000369e+02
-6.002145425070000329e+02
-5.770558486039999480e+02
-6.016510176069999716e+02
-6.054473411660000011e+02
-5.838731444210000063e+02
-5.994175144340000543e+02
-5.940067692459999762e+02
-5.973728372880000279e+02
-5.999733227020000186e+02
-5.990404115000000047e+02
-5.884143502890000264e+02
-5.867685799910000242e+02
-6.003808668069999612e+02
-5.779169061430000056e+02
-5.824396399649999694e+02
-5.918486414789999799e+02
-5.907109230559999560e+02
-5.843734137300000384e+02
-5.896596344490000092e+02
-6.032473800770000025e+02
-5.849997905339999988e+02
-5.818279001829999970e+02
-5.765144551900000351e+02
-5.894658542989999432e+02
-6.029079102299999704e+02
-6.002738984110000047e+02
-5.917382604560000345e+02
-6.048265535299999556e+02
-5.957210158890000002e+02
-5.969010160950000454e+02
-5.964422659580000072e+02
-5.859507574909999903e+02
-5.982176157390000526e+02
-5.992387366379999776e+02
-5.990428170379999528e+02
-5.933050613890000022e+02
-6.030156991379999454e+02
-5.944799074359999622e+02
-5.822384842029999845e+02
-5.877291210859999637e+02
-5.923917161809999925e+02
-5.846820155890000024e+02
-5.878980872370000270e+02
-6.024713708580000002e+02
-5.937117667219999930e+02
-6.013265586109999958e+02
-5.934135547710000083e+02
-5.821649378719999959e+02
-5.846504984770000419e+02
-5.736745907839999745e+02
-5.986268671880000056e+02
-5.884567626360000077e+02
-5.872465189739999687e+02
-5.841852750939999623e+02
-5.746419638620000114e+02
-5.766155056669999794e+02
-6.014811787789999471e+02
-5.974455433760000460e+02
-5.940590037800000118e+02
-5.738425219949999700e+02
-5.971004929429999493e+02
-5.800575320670000110e+02
-5.801957189290000088e+02
-5.924213137110000389e+02
-5.963164164649999748e+02
-5.972635740839999698e+02
-5.897788069910000104e+02
-5.885734928470000114e+02
-5.962536342399999967e+02
-5.978362941179999552e+02
-6.029171763059999876e+02
-5.949628576879999855e+02
-6.031634014630000138e+02
-6.029031857740000078e+02
-5.901570335979999982e+02
-5.804648193250000077e+02
-5.935124246709999625e+02
-6.041265235099999700e+02
-5.889188635729999532e+02
-6.043581435800000463e+02
-5.946509307239999771e+02
-5.946930548870000166e+02
-5.861181242500000508e+02
-6.011933905209999693e+02
-6.048849987920000331e+02
-5.967627818810000235e+02
-5.914807787490000237e+02
-5.890066990510000551e+02
-5.666757361979999814e+02
-5.930184529470000143e+02
-5.936549855069999921e+02
-5.777429576409999754e+02
-5.874283596220000163e+02
-5.936946032890000424e+02
-5.967950204950000170e+02
-5.871527720279999585e+02
-5.971304333890000180e+02
-5.933917865449999454e+02
-6.008486855500000274e+02
-5.956100620710000157e+02
-5.875542630480000525e+02
-6.032587892369999736e+02
-5.964169328279999718e+02
-5.918004687379999496e+02
-5.893200732960000323e+02
-5.920148469020000448e+02
-5.978386948309999980e+02
-6.037807584439999573e+02
-5.899183147640000016e+02
-6.051467384500000435e+02
-5.782103441140000086e+02
-6.018431134370000564e+02
-5.888692226319999463e+02
-5.940422297080000362e+02
-6.006128581049999866e+02
-5.945690317529999902e+02
-6.058845345109999698e+02
-5.931809286699999575e+02
-5.994525454500000023e+02
-6.005853224950000140e+02
-5.881892778569999791e+02
-5.721439817240000139e+02
-5.947401858800000127e+02
-5.937141319080000130e+02
-5.932369785079999929e+02
-5.903853464039999608e+02
-5.933122360869999738e+02
-5.907535788689999663e+02
-5.911451985539999896e+02
-5.982170188699999471e+02
-5.971956344449999960e+02
-5.949032368650000535e+02
-5.852641143949999787e+02
-6.037465932899999643e+02
-6.018912038700000267e+02
-6.009295109790000424e+02
-5.947987861970000267e+02
-5.874380140770000480e+02
-5.858367513150000150e+02
-5.903117473290000135e+02
-5.852673716750000494e+02
-6.007854814790000546e+02
-5.987901127740000220e+02
-6.037998776240000325e+02
-6.025598352040000236e+02
-5.897580385530000058e+02
-5.755436249059999909e+02
-5.969565901810000241e+02
-6.051973145760000534e+02
-6.020381371009999611e+02
-5.841665680480000447e+02
-6.018473475099999632e+02
-6.040475145430000339e+02
-5.955346631270000444e+02
-5.798227429280000251e+02
-5.931901382920000287e+02
-5.942731576600000380e+02
-5.938371848409999529e+02
-6.019489465149999887e+02
-5.983447152420000066e+02
-5.996836888829999452e+02
-5.680874707350000108e+02
-5.946445231989999911e+02
-5.848972994539999490e+02
-5.828175707919999695e+02
-5.871565135609999970e+02
-5.947091096460000017e+02
-5.994212780090000479e+02
-5.864155733359999658e+02
-5.931826831729999867e+02
-5.823953882700000122e+02
-5.987314881349999496e+02
-5.881407383700000082e+02
-5.764233205970000427e+02
-5.719068423610000309e+02
-5.853730803470000410e+02
-5.761775482589999910e+02
-5.839774536200000057e+02
-5.839974326850000352e+02
-5.787478274000000056e+02
-5.772375376899999537e+02
-5.946533518510000249e+02
-5.989945700309999665e+02
-6.003788919139999507e+02
-6.012393265780000320e+02
-5.957012494790000119e+02
-5.953330243379999729e+02
-5.928951064980000183e+02
-5.929246002710000312e+02
-5.907019005409999863e+02
-5.926396244249999654e+02
-5.918209886429999642e+02
-6.037154148270000178e+02
-6.040474867010000253e+02
-6.041053904049999801e+02
-5.952757244450000371e+02
-6.007488678309999841e+02
-5.946075492810000469e+02
-5.661112463619999744e+02
-5.906076824660000284e+02
-5.594472187850000182e+02
-5.766888802979999582e+02
-5.837759396819999438e+02
-5.826229722880000281e+02
-5.881387177269999711e+02
-5.659457992889999787e+02
-5.928314070640000182e+02
-5.901603923149999673e+02
-6.038686814669999876e+02
-5.918236380700000154e+02
-5.988404293820000248e+02
-5.955235233849999759e+02
-5.899978834810000308e+02
-5.979254296789999898e+02
-5.997098643909999964e+02
-5.926071495779999623e+02
-5.867626395800000410e+02
-5.949049478839999665e+02
-5.614057690800000273e+02
-5.872421426570000449e+02
-5.961560077520000505e+02
-5.849257207020000351e+02
-6.034120904310000242e+02
-5.948683296359999986e+02
-5.806955780560000449e+02
-5.868171803489999547e+02
-5.990761116219999849e+02
-5.925216667690000349e+02
-5.764314066379999986e+02
-5.864227806280000550e+02
-5.954159608149999485e+02
-5.826710744460000342e+02
-5.694246592370000144e+02
-5.730779164000000492e+02
-5.904227666269999872e+02
-5.978629423419999966e+02
-5.951772638700000471e+02
-5.831586118389999456e+02
-5.811531896699999606e+02
-5.904538548350000156e+02
-5.901022980159999634e+02
-5.925425690340000529e+02
-5.666809883370000307e+02
-5.961935786410000446e+02
-6.020272987340000554e+02
-5.969347871590000523e+02
-5.947060154089999742e+02
-5.970863447320000432e+02
-5.968567311020000261e+02
-5.941258184119999441e+02
-5.982142833589999782e+02
-5.983298202189999984e+02
-5.975890736860000061e+02
-5.957519374150000431e+02
-5.812824282740000399e+02
-5.928046246909999581e+02
-5.995893791839999949e+02
-6.006191746140000305e+02
-5.840328467939999655e+02
-6.001049516240000230e+02
-5.836139409679999517e+02
-5.757374470610000117e+02
-5.945096930600000178e+02
-5.858169146389999469e+02
-6.000028731759999800e+02
-5.985138475060000474e+02
-6.005928234570000086e+02
-5.840706806849999566e+02
-5.916290167570000449e+02
-5.915976769449999892e+02
-6.009591364650000287e+02
-5.953735936000000493e+02
-5.916861942640000507e+02
-5.851070407299999943e+02
-6.011268478580000192e+02
-5.990654170620000514e+02
-5.975487788819999651e+02
-5.934469019379999963e+02
-5.958528426110000282e+02
-5.819654080279999562e+02
-5.886468587159999970e+02
-5.962526847110000290e+02
-5.979271525750000364e+02
-5.988436908720000247e+02
-5.957708003819999476e+02
-5.970570678889999954e+02
-5.944545953340000324e+02
-5.994315408510000225e+02
-6.007123039230000359e+02
-5.983327224449999449e+02
-6.055020312780000040e+02
-5.913400405490000367e+02
-5.824287508910000497e+02
