-5.956629678350000177e+02
-5.942050449939999908e+02
-5.908239872569999989e+02
-5.936435449159999962e+02
-5.879498326899999938e+02
-6.004619364120000000e+02
-5.936215921199999457e+02
-5.948395617720000246e+02
-5.994324413260000028e+02
-5.919681923639999468e+02
-5.897196840589999738e+02
-5.853129945680000219e+02
-5.710268638290000354e+02
-5.843997884999999997e+02
-5.810067538939999849e+02
-5.986963655859999562e+02
-5.816900439370000413e+02
-5.850081413200000497e+02
-5.848348593859999482e+02
-5.812177289160000555e+02
-5.806236276119999502e+02
-5.947942626049999717e+02
-6.036861032739999473e+02
-5.933065719679999575e+02
-5.906838765090000152e+02
-5.912866429189999735e+02
-5.998122934470000018e+02
-5.989659319290000212e+02
-5.925620651670000143e+02
-5.880927882969999700e+02
-5.870308271039999681e+02
-5.762408394530000351e+02
-5.938897509529999752e+02
-5.813850337019999870e+02
-5.720756309990000545e+02
-5.657771824469999729e+02
-5.900667275580000251e+02
-5.585988541399999576e+02
-5.976918229130000100e+02
-5.952396232930000224e+02
-5.961511230779999551e+02
-5.769086732270000084e+02
-5.909810897060000343e+02
-5.995259870459999547e+02
-5.986951764000000367e+02
-5.857543416109999725e+02
-5.960565002490000097e+02
-5.940588066640000307e+02
-6.003219917689999647e+02
-6.018708441280000443e+02
-5.941027222249999795e+02
-5.942453474569999798e+02
-5.856743037889999641e+02
-5.921102541090000386e+02
-5.915941426230000388e+02
-5.749852282179999747e+02
-6.013281584100000146e+02
-5.990214765570000282e+02
-5.924914028819999885e+02
-5.881019851629999948e+02
-5.838645154969999567e+02
-5.910236433649999981e+02
-5.939154657740000403e+02
-5.922101487979999774e+02
-5.896346576509999977e+02
-5.918600891349999529e+02
-5.911427728600000364e+02
-5.916773997809999628e+02
-5.808397351359999448e+02
-5.760243959949999635e+02
-5.979466763450000144e+02
-5.921167556929999591e+02
-5.845304847740000014e+02
-5.924238009749999492e+02
-5.679916590630000428e+02
-6.032073062639999534e+02
-5.940428006680000408e+02
-5.997284585969999853e+02
-5.916980108249999830e+02
-5.912971967539999696e+02
-5.866110861500000055e+02
-5.935376828559999467e+02
-5.970037812530000565e+02
-5.856997544189999871e+02
-5.846434370550000494e+02
-5.989030924390000337e+02
-5.870874396000000388e+02
-5.969473902839999937e+02
-5.861359407290000263e+02
-5.940332614899999726e+02
-5.830131766030000335e+02
-5.908398674909999500e+02
-5.915781006219999654e+02
-6.017580831230000058e+02
-5.922523301830000264e+02
-6.010568021029999954e+02
-5.879663696220000020e+02
-5.907753863599999704e+02
-5.959019519659999560e+02
-5.830395076529999869e+02
-5.893354518950000056e+02
-5.970199403709999615e+02
-6.012635166679999656e+02
-6.006892723849999811e+02
-6.046499525650000351e+02
-5.833986043439999776e+02
-5.907245004689999632e+02
-6.051769528969999783e+02
-6.001645165420000012e+02
-5.781062868720000552e+02
-5.906993068330000369e+02
-5.988467784629999642e+02
-5.893099040820000027e+02
-5.799479746270000078e+02
-5.825436074210000470e+02
-6.012252104369999870e+02
-5.974477874929999643e+02
-5.861242277720000402e+02
-5.953975101500000164e+02
-5.927853431009999667e+02
-5.893222585050000362e+02
-6.009234777660000191e+02
-5.961336251320000201e+02
-5.811067062880000549e+02
-5.938603794209999478e+02
-6.007583024719999685e+02
-5.940110404560000461e+02
-5.935728043069999558e+02
-5.955179875720000382e+02
-5.975926590550000128e+02
-5.851791479449999542e+02
-5.719043518830000039e+02
-5.912734376590000238e+02
-5.761677893270000368e+02
-5.873593702540000550e+02
-5.893976488980000568e+02
-5.649845272720000366e+02
-5.653808018900000434e+02
-5.811455518899999788e+02
-5.978842961469999864e+02
-5.767843942580000203e+02
-5.828102714589999778e+02
-5.896162925019999648e+02
-5.761365431570000055e+02
-5.905946588069999734e+02
-5.937057588200000282e+02
-5.881297900739999704e+02
-5.862091530860000148e+02
-5.873633248359999470e+02
-5.962316724999999451e+02
-6.031322485050000068e+02
-5.929699636909999754e+02
-6.046490342719999944e+02
-5.876108760509999911e+02
-5.823414360389999729e+02
-5.991960858229999758e+02
-5.977522912949999636e+02
-6.005184310959999721e+02
-5.670910877129999790e+02
-6.002818680619999441e+02
-6.022414282060000232e+02
-5.937391618279999648e+02
-5.898072252279999930e+02
-6.014349925999999869e+02
-5.966189326999999594e+02
-5.840777317700000140e+02
-5.735401941970000053e+02
-5.881221106740000550e+02
-5.973120170700000244e+02
-5.921108858999999711e+02
-5.928875470450000194e+02
-5.917187626899999486e+02
-5.923763503799999626e+02
-5.895173910280000200e+02
-5.797689882580000358e+02
-5.975691706059999433e+02
-5.962985427260000506e+02
-6.004743305480000117e+02
-5.943168316430000004e+02
-5.946310628559999714e+02
-5.914678257130000247e+02
-5.989914643600000090e+02
-5.995609641250000550e+02
-5.794521828560000358e+02
-5.904164507110000386e+02
-5.876401023509999959e+02
-5.978386350150000226e+02
-5.961047267679999777e+02
-5.892919416500000125e+02
-5.884643731310000021e+02
-6.002808109139999715e+02
-5.981243490540000494e+02
-6.005117167549999522e+02
-5.980900606840000364e+02
-5.941252423209999733e+02
-5.909218154489999506e+02
-5.805363338720000002e+02
-5.739553210450000051e+02
-5.896204609059999484e+02
-5.954801758700000391e+02
-5.935143257030000541e+02
-5.891546774629999845e+02
-5.959658148449999544e+02
-5.839491309820000424e+02
-5.871465009009999676e+02
-5.632645064670000465e+02
-5.989238246950000075e+02
-5.972662446110000474e+02
-5.959573451779999687e+02
-5.951900466160000178e+02
-5.870002819269999463e+02
-5.980185274259999915e+02
-5.960374389339999652e+02
-5.938442784359999678e+02
-5.886032684540000446e+02
-5.872970185760000277e+02
-5.871397577699999601e+02
-5.819577912199999901e+02
-5.880350446590000502e+02
-5.942078518609999946e+02
-5.897625516580000067e+02
-5.846640206529999659e+02
-5.703491094439999642e+02
-5.628844991189999973e+02
-5.779343315930000244e+02
-5.872838647009999704e+02
-6.005404702829999906e+02
-5.937993159159999550e+02
-5.964085677130000249e+02
-6.037852876059999971e+02
-6.018448943509999935e+02
-5.965980074950000471e+02
-5.993765380339999638e+02
-5.876779823609999767e+02
-6.011405173330000480e+02
-5.954717594290000307e+02
-5.942655296870000257e+02
-5.895476905140000099e+02
-6.012728833190000159e+02
-5.962932241280000198e+02
-5.805350618109999914e+02
-5.935042338120000522e+02
-6.007752736740000046e+02
-5.704115973010000289e+02
-5.810252879250000433e+02
-5.811036928889999444e+02
-5.561048725729999660e+02
-5.678415760870000213e+02
-5.778521053760000541e+02
-5.973145851179999681e+02
-5.949906628789999559e+02
-5.961469645890000493e+02
-5.953245051080000394e+02
-5.919909248029999844e+02
-5.994215222740000399e+02
-5.908008248150000554e+02
-5.784811489590000519e+02
-5.921582996380000168e+02
-5.839681397560000278e+02
-5.988857831020000049e+02
-6.030077134199999591e+02
-5.887536771730000282e+02
-5.891614002430000028e+02
-5.983611456669999598e+02
-5.725852476659999866e+02
-5.852559794630000169e+02
-5.913291658639999469e+02
-5.933795098919999873e+02
-5.861078429560000131e+02
-5.965971208590000288e+02
-5.967958727190000445e+02
-5.767272982240000374e+02
-5.924479491219999545e+02
-5.933362591469999643e+02
-5.908831537830000116e+02
-5.756665114810000432e+02
-5.950801682479999499e+02
-5.811002423869999802e+02
-5.984066560909999453e+02
-5.974832232969999950e+02
-5.957808835040000304e+02
-5.931336056650000046e+02
-5.841303448700000445e+02
-5.954870935180000515e+02
-6.033799337330000299e+02
-5.971531447969999817e+02
-5.735616338840000026e+02
-5.941463404600000331e+02
-5.977547001540000338e+02
-5.935240620429999581e+02
-5.797578423219999877e+02
-5.872800721199999998e+02
-5.974301436599999988e+02
-5.856646480590000010e+02
-5.955194421850000026e+02
-5.849596157329999642e+02
-5.903639052900000479e+02
-5.836089961129999892e+02
-5.709325325920000296e+02
-5.859535945449999872e+02
-5.713195737070000177e+02
-5.918639664879999600e+02
-5.810800239259999671e+02
-5.906896470929999623e+02
-5.965252012529999774e+02
-5.809783749739999621e+02
-5.975503769739999598e+02
-6.003628639959999873e+02
-5.889975874250000061e+02
-5.979382889629999909e+02
-5.868629299589999846e+02
-6.003768576459999622e+02
-5.982095454870000140e+02
-5.861172016660000281e+02
-5.958474096129999680e+02
-5.894556245789999593e+02
-5.819549858459999996e+02
-5.948448060450000412e+02
-5.996127584450000541e+02
-5.953778333290000546e+02
-5.920590994110000338e+02
-5.860702373550000175e+02
-5.841962781470000436e+02
-5.999574698850000232e+02
-6.026127412280000044e+02
-5.858420532229999935e+02
-6.020868037940000477e+02
-5.955970710200000440e+02
-6.024721190840000418e+02
-5.998633443259999467e+02
-5.707580884530000276e+02
-6.018057883989999937e+02
-5.823090018980000195e+02
-5.893890802930000063e+02
-5.963409754519999524e+02
-5.979771674129999610e+02
-5.945804666870000119e+02
-5.967538905919999479e+02
-5.959327130299999453e+02
-5.965618517999999995e+02
-5.924432279070000504e+02
-6.038178679439999996e+02
-5.972015827520000357e+02
-5.834104354999999487e+02
-5.958984543010000152e+02
-5.983937584389999529e+02
-5.941201385580000078e+02
-6.032217883490000077e+02
-6.014479044160000285e+02
-5.945533328999999867e+02
-5.843519074470000305e+02
-5.829633190299999796e+02
-5.838526731330000530e+02
-5.772778137000000243e+02
-5.820895088459999442e+02
-5.911898431990000518e+02
-5.957700254000000086e+02
-5.849093332520000104e+02
-5.820732909609999979e+02
-5.989618680280000262e+02
-5.975850205599999754e+02
-5.987048060350000469e+02
-5.790660499279999840e+02
-5.886964728210000430e+02
-5.821398209950000364e+02
-6.003015076750000389e+02
-5.892519408599999906e+02
-5.967728501990000041e+02
-5.968566246220000266e+02
-5.868698830649999536e+02
-5.996935776279999573e+02
-5.863755075220000208e+02
-5.987236930010000151e+02
-5.889354130479999867e+02
-5.782429494020000220e+02
-5.963270646859999715e+02
-5.991436647140000105e+02
-5.942481763959999626e+02
-5.911375852190000160e+02
-5.925378497680000009e+02
-5.954035336099999540e+02
-5.987785501150000300e+02
-5.907854701740000110e+02
-5.980048933729999590e+02
-5.969480863359999603e+02
-5.894993084029999864e+02
-5.683021530260000418e+02
-5.907343574789999820e+02
-5.736558925599999839e+02
-5.951037126290000288e+02
-5.949649576440000374e+02
-5.992733850680000387e+02
-5.859913227050000160e+02
-5.935843671430000086e+02
-5.863438965300000518e+02
-5.818006579740000461e+02
-5.574926639980000118e+02
-5.784861590960000512e+02
-5.961201519019999751e+02
-6.024297532230000343e+02
-5.918197422509999797e+02
-5.931631927670000550e+02
-5.998730070770000111e+02
-5.902784590290000324e+02
-5.907533767260000559e+02
-5.952094497419999470e+02
-5.941803072259999681e+02
-5.815146445479999784e+02
-6.025806002719999697e+02
-6.001426286380000192e+02
-5.868926794650000147e+02
-5.910521840190000376e+02
-5.830538124780000544e+02
-5.996021023600000035e+02
-5.950939551830000482e+02
-5.625671897710000167e+02
-5.881531901179999977e+02
-6.020191929600000549e+02
-5.959525390119999884e+02
-5.910703128320000133e+02
-5.977507021390000546e+02
-5.901533834299999626e+02
-5.917318632579999758e+02
-5.899379568650000465e+02
-5.723269545900000139e+02
-5.829949399150000318e+02
-5.781588491830000294e+02
-5.713014776380000512e+02
-5.892428646170000093e+02
-6.019397872280000001e+02
-6.006075045850000151e+02
-5.976989229600000044e+02
-5.971562586600000486e+02
-5.918443329660000245e+02
-5.944316768160000493e+02
-5.913127092749999747e+02
-5.927121526619999941e+02
-5.847536654890000136e+02
-5.867127438659999825e+02
-5.987387364840000146e+02
-5.862093631019999975e+02
-5.979712327900000446e+02
-5.917969579220000469e+02
-5.858881520899999487e+02
-5.904648945339999955e+02
-5.825823086120000198e+02
-5.729419909969999480e+02
-5.758631571979999535e+02
-5.881953754200000049e+02
-5.704087153110000372e+02
-5.911350812519999636e+02
-5.933193816790000028e+02
-5.823192593329999909e+02
-5.902148495989999901e+02
-6.016753299880000441e+02
-5.932625589089999494e+02
-6.041393986499999755e+02
-5.843609957180000265e+02
-5.917007255859999759e+02
-6.013506247880000046e+02
-5.957179261549999865e+02
-6.003698733799999445e+02
-5.957309535699999969e+02
-5.771323014710000052e+02
-5.942435441249999712e+02
-5.971623578439999847e+02
-5.820073248180000292e+02
-5.767527209219999804e+02
-5.957479113450000341e+02
-5.868181585470000527e+02
-5.811393716239999776e+02
-5.920752220680000164e+02
-5.889321599270000434e+02
-5.983247613119999642e+02
-5.988574062650000087e+02
-5.914686451210000087e+02
-5.871397246870000117e+02
-5.828465802489999987e+02
-5.735948235780000459e+02
-5.915213922609999599e+02
-5.999717074530000218e+02
-5.882734228389999771e+02
-5.935286441920000016e+02
-6.024615984260000232e+02
-5.933683475569999928e+02
-5.909714989100000366e+02
-5.967026703870000119e+02
-5.972903994040000271e+02
-5.968896472320000157e+02
-5.956202542009999661e+02
-5.994170246930000303e+02
-5.867888673769999741e+02
-5.848042455260000452e+02
-5.912139086680000446e+02
-5.796225729469999806e+02
-5.962003475899999785e+02
-5.889859637959999645e+02
-6.006561535250000361e+02
-5.962926720030000070e+02
-5.910607910759999868e+02
-6.011403364300000476e+02
-5.962725238670000181e+02
-6.016860652300000538e+02
-5.889450576259999934e+02
-5.942247211720000450e+02
-5.998998577249999471e+02
-6.043542773860000352e+02
-5.930358100519999880e+02
-5.764540077679999968e+02
-5.958597798949999742e+02
-5.898669722309999770e+02
-5.944573953190000566e+02
-5.922696714190000193e+02
-5.954522898159999613e+02
-5.871269421490000013e+02
-5.946985562470000559e+02
-5.819872440630000483e+02
-5.961241653170000063e+02
-5.917002420159999474e+02
-5.884543660939999654e+02
-5.922483188899999504e+02
-5.909710380080000505e+02
-5.776088076349999483e+02
-5.884292782830000306e+02
-5.931956572860000279e+02
-5.932455215610000323e+02
-6.029296394140000075e+02
-5.937100095839999767e+02
-5.852952302869999812e+02
-5.792998371449999695e+02
-5.959147955400000001e+02
-5.757735397540000122e+02
-5.846806626500000448e+02
-5.865216688699999850e+02
-5.642878208219999578e+02
-5.835785254310000028e+02
-5.892309217020000460e+02
-5.956503497679999555e+02
-5.954830846620000102e+02
-5.883376503700000058e+02
-5.888536254130000316e+02
-5.974797386000000188e+02
-5.970601627940000071e+02
-5.844979874619999691e+02
-5.958207315490000155e+02
-5.795440074550000418e+02
-5.932969481899999664e+02
-5.896770059540000375e+02
-5.936390231870000207e+02
-5.813135720129999982e+02
-5.772151822079999874e+02
-5.898919630689999849e+02
-5.922029832270000043e+02
-5.950783655559999943e+02
-5.865017828679999639e+02
-5.989844978979999723e+02
-5.815397550369999635e+02
-5.980630953009999757e+02
-5.973469273729999713e+02
-5.960959196210000073e+02
-5.785446856620000062e+02
-5.976114550459999464e+02
-5.961752437640000153e+02
-6.020661338060000389e+02
-5.880706277850000561e+02
-6.016424081400000432e+02
-5.916373122830000284e+02
-5.781355707660000007e+02
-5.975338080770000033e+02
-5.971328564110000343e+02
-5.954512351609999996e+02
-5.937534055109999827e+02
-5.942026757090000046e+02
-6.005319104659999994e+02
-5.750684859220000362e+02
-5.932371771289999742e+02
-5.879582971419999922e+02
-5.915872816969999803e+02
-5.961640913090000140e+02
-5.927304735889999847e+02
-5.812732332470000074e+02
-5.933083543379999583e+02
-5.887542810439999812e+02
-5.977318281220000245e+02
-5.924898240920000489e+02
-5.872861383220000562e+02
-5.859972797780000064e+02
-5.934670773999999938e+02
-5.842571003250000103e+02
-5.838767488370000365e+02
-6.037114273910000293e+02
-5.750734492320000300e+02
-5.981955185309999479e+02
-6.007452938210000184e+02
-5.969756258229999730e+02
-5.900202084449999802e+02
-5.967396942379999700e+02
-5.935650330510000003e+02
-6.058490277820000074e+02
-5.796683968920000325e+02
-5.970510258870000371e+02
-5.959061580190000313e+02
-5.892885452240000177e+02
-5.944377410439999494e+02
-5.889107277870000416e+02
-5.932714002369999662e+02
-5.850962061559999938e+02
-5.746977975300000026e+02
-6.028155936150000116e+02
-6.000737426719999803e+02
-5.831828678260000061e+02
-5.995150162920000412e+02
-5.987509322150000344e+02
-5.989525613020000492e+02
-5.958198287410000376e+02
-5.968346205310000414e+02
-5.941340824860000112e+02
-5.925746032680000326e+02
-5.791006528420000450e+02
-5.910413516620000109e+02
-5.996528511879999996e+02
-5.989031054079999876e+02
-5.954206089079999629e+02
-6.024071998079999730e+02
-6.034613905769999747e+02
-6.023889295909999646e+02
-5.981783563430000186e+02
-5.796099226649999991e+02
-5.784666787400000203e+02
-5.867287183820000109e+02
-5.603613994070000217e+02
-5.825075565920000145e+02
-5.878095978669999795e+02
-5.975065014289999681e+02
-6.009231143050000128e+02
-5.946633026519999703e+02
-5.858074759349999567e+02
-5.976777138579999473e+02
-5.931507003570000052e+02
-5.898416879379999500e+02
-6.032648957930000506e+02
-5.906901664839999739e+02
-5.911748035370000025e+02
-5.956332521890000180e+02
-5.917778012349999699e+02
-6.004976566289999482e+02
-5.847447160299999496e+02
-5.944447549850000314e+02
-5.969709872720000021e+02
-5.947219157880000466e+02
-5.496484264770000436e+02
-5.931349955660000433e+02
-5.946561101300000018e+02
-5.910114673660000335e+02
-5.910299036379999507e+02
-5.841254788889999645e+02
-5.830626138049999554e+02
-5.878066809770000418e+02
-5.800315781919999836e+02
-5.705354686409999658e+02
-5.783568310030000248e+02
-5.841970018260000188e+02
-5.851462366859999520e+02
-5.801152625360000457e+02
-5.853306467820000307e+02
-5.949740107520000265e+02
-5.920468379080000432e+02
-5.919533418500000153e+02
-5.987191548639999610e+02
-5.964957028070000433e+02
-5.997416580430000295e+02
-5.973018299130000059e+02
-6.017622719700000289e+02
-6.008902833070000042e+02
-5.807445079279999618e+02
-5.898583717799999704e+02
-5.887152985440000066e+02
-5.965679764300000443e+02
-5.974730462439999883e+02
-5.990145857789999582e+02
-5.900199893660000043e+02
-5.901925403039999765e+02
-5.971108461869999928e+02
-5.899419924999999694e+02
-5.814486024679999900e+02
-5.963582295960000010e+02
-5.943042551610000146e+02
-6.017543722689999868e+02
-5.905587663009999915e+02
-6.017185420309999699e+02
-5.885952077350000309e+02
-6.004285213480000039e+02
-5.928971932309999602e+02
-5.963378501490000190e+02
-5.972841098530000181e+02
-5.962468182149999620e+02
-5.878415546139999606e+02
-5.807836196380000047e+02
-5.980729231699999673e+02
-5.996613209439999537e+02
-5.882672001649999629e+02
-5.854127754050000476e+02
-5.863789452790000496e+02
-5.958648507149999887e+02
-5.860271607989999438e+02
-6.021745067599999857e+02
-5.813665861770000447e+02
-5.856250729610000008e+02
-5.746627455149999832e+02
-5.797390468659999669e+02
-5.870231326860000536e+02
-5.892604929049999782e+02
-5.976439521889999469e+02
-5.935495830090000027e+02
-5.994992076080000061e+02
-6.001963463780000438e+02
-5.964102691739999500e+02
-5.741979249180000124e+02
-5.885137197630000401e+02
-5.958446401249999553e+02
-5.926213326729999835e+02
-6.008427456040000152e+02
-5.938165188220000346e+02
-5.991756648660000337e+02
-5.877454336800000192e+02
-5.952691519969999945e+02
-5.808338764720000427e+02
-5.835100429880000092e+02
-5.880185491470000443e+02
-5.753045108180000398e+02
-5.978647070910000139e+02
-5.939729012719999446e+02
-5.784676117909999675e+02
-5.959031943480000564e+02
-5.903528352570000379e+02
-5.759755718999999772e+02
-5.979810210660000394e+02
-5.886395289069999990e+02
-6.030076633749999928e+02
-5.853762771110000358e+02
-5.826380625530000543e+02
-5.754874373379999497e+02
-5.891210355480000089e+02
-5.738770591779999677e+02
-6.003701908069999718e+02
-5.749543757249999771e+02
-5.952884484139999586e+02
-5.966655298110000558e+02
-5.937306924790000267e+02
-5.892399532370000088e+02
-5.939241914210000459e+02
-5.983761943429999519e+02
-5.792574767859999838e+02
-6.046191709769999534e+02
-5.954276378419999673e+02
-5.790499862660000190e+02
-5.914139495150000130e+02
-6.036071117610000556e+02
-5.986674560559999918e+02
-5.986923107610000443e+02
-5.974573625259999972e+02
-5.985339441119999719e+02
-5.880220611299999973e+02
-5.995085504959999980e+02
-5.974310415349999630e+02
-5.945094713830000046e+02
-5.938104739169999675e+02
-5.765715878629999906e+02
-5.978759963339999786e+02
-5.942331664060000094e+02
-5.786865069550000271e+02
-5.880742138269999941e+02
-5.936392607010000120e+02
-5.651356750249999550e+02
-5.882067499070000167e+02
-5.804847214730000360e+02
-5.953802814440000475e+02
-5.855070131640000000e+02
-5.880415890100000524e+02
-5.837870662310000398e+02
-5.783079631890000201e+02
-5.975227455860000418e+02
-5.927682454550000557e+02
-5.947760689799999909e+02
-5.922735173370000439e+02
-5.797449787599999809e+02
-5.567314909890000081e+02
-5.913744158639999569e+02
-5.841830090810000229e+02
-5.755244204320000563e+02
-5.909311292989999629e+02
-5.977699671039999885e+02
-5.895967764340000485e+02
-5.955158973290000404e+02
-5.926939093419999836e+02
-6.046762501639999527e+02
-5.826549986369999488e+02
-5.909595628089999764e+02
-5.962637851289999844e+02
-5.865416770079999651e+02
-5.707208413549999477e+02
