4.867148446472533863e+00
3.987825096465490660e+00
4.297088665596743517e+00
3.435837743549599033e+00
2.846804875645677413e+00
2.786021177234659696e+00
2.719703292640577530e+00
2.733779435141028724e+00
2.722967682511124199e+00
2.732005307461901289e+00
2.665492262228498443e+00
2.728575635748438977e+00
2.737643694858774346e+00
2.770890290141419854e+00
3.091089290201756601e+00
2.845056238459971354e+00
2.713339086807986966e+00
3.099567066543326366e+00
3.075003902436547865e+00
2.831047509315236077e+00
3.015441095428660123e+00
2.950025593109320887e+00
3.133361932493595958e+00
3.096965288794823135e+00
2.917265500430154201e+00
2.971737875385377592e+00
2.784222333076149969e+00
3.134031588864413465e+00
2.703972817910712756e+00
2.853181382246841480e+00
2.823832502114811849e+00
2.996415191524699484e+00
2.832962583586306593e+00
2.918190363907056550e+00
2.716983805619753944e+00
2.726097210299001983e+00
3.054164370167395059e+00
2.723046455718301395e+00
2.819116705636713682e+00
3.109363278872380398e+00
2.714461456716598775e+00
2.682828731022538271e+00
2.917935571598523126e+00
2.990243802769266601e+00
2.524720380557023081e+00
3.126689303400643549e+00
3.209060454400944895e+00
2.910461647230556004e+00
3.425087444139200077e+00
3.220611277381982163e+00
2.843577500262653324e+00
2.924102939364481291e+00
2.873703185786590453e+00
2.741590779091584107e+00
2.844537396484708047e+00
2.904743706422307170e+00
2.738053870909043841e+00
2.824510754095300058e+00
3.049653914790988019e+00
2.887788427153207937e+00
2.773852375307669149e+00
2.812148466919909939e+00
2.874737901096376280e+00
2.810649391155005006e+00
3.063646193671848650e+00
2.850043683875740363e+00
2.838712912571470071e+00
2.743481911731878053e+00
2.697807072420116636e+00
3.011690721173075680e+00
2.753865283560544164e+00
2.758636801030537544e+00
2.725690004384210940e+00
3.018016235874155129e+00
3.061898757307301988e+00
2.551710406766410255e+00
2.710413990518791838e+00
3.001215420458851479e+00
2.863881806220361259e+00
2.841525118664271155e+00
2.739636107223001105e+00
2.927386206157295057e+00
2.794166244159427048e+00
2.932315978880857266e+00
2.940844266532996798e+00
2.876593297635242408e+00
2.795850675554758968e+00
2.785244154468330180e+00
2.927908810055395161e+00
2.756765496011584826e+00
2.796233359360409398e+00
2.935553440154002658e+00
2.880336612272947239e+00
2.783102046278576935e+00
2.827838220266499114e+00
2.676796966525477828e+00
2.860501005068866842e+00
2.725749254792157128e+00
2.711360728490401328e+00
2.719413539717709494e+00
2.944355107659400339e+00
2.669497518260693258e+00
3.010603095726834599e+00
2.763531979188950771e+00
2.975235620921475643e+00
2.874698418965022206e+00
2.759613922272461384e+00
2.806782499589164814e+00
3.007068173487259077e+00
2.789013087097297561e+00
2.922676513061272630e+00
2.778703654584274041e+00
2.713774308965283044e+00
2.720367070819671884e+00
2.722652015957970573e+00
2.827587133935929309e+00
2.743115017639617736e+00
2.799661943878225312e+00
2.732586320685953751e+00
2.840734236073483743e+00
3.079404812622075660e+00
2.845369220329762250e+00
2.905603551759943670e+00
2.724595566318054107e+00
2.721070928880759521e+00
2.791999641833787571e+00
2.998229811071859707e+00
3.086043907659124397e+00
2.744027878867122627e+00
2.704833266580400242e+00
3.120234125830945171e+00
2.868536212077512193e+00
2.685303334820853927e+00
2.862412444075800977e+00
2.886087143521484322e+00
2.805236710154777935e+00
2.861043515922119251e+00
2.840377791773482041e+00
2.918616966989673323e+00
2.731594040116503308e+00
2.735469612333501832e+00
2.734921205446328329e+00
2.865756444640750633e+00
2.823638432944274967e+00
3.011962981180213550e+00
2.735615104505749073e+00
2.726476480734796759e+00
2.699451981421414182e+00
6.250165437810426994e+00
2.645487856709987096e+00
2.910318367464288514e+00
2.947098064198067746e+00
6.047125432798628353e+00
2.753684622464962484e+00
2.689997397768258303e+00
2.741861046807442026e+00
2.834418635276024112e+00
2.773081498982675086e+00
5.336135867835450242e+00
5.387634453078642416e+00
5.358312607528604943e+00
2.816384561809697207e+00
3.075574905607080023e+00
2.878549113702943529e+00
2.809223380224505906e+00
2.806377558348127632e+00
2.743582147485291056e+00
2.723517945599037038e+00
2.715782391871631951e+00
2.691704478578583082e+00
2.696011313032644185e+00
2.947175766729904112e+00
3.129136142771676177e+00
2.643171579750357658e+00
3.068584527106919868e+00
3.259176583126480953e+00
5.476293089307767481e+00
2.878807218276346891e+00
2.800984648297808466e+00
2.760762213592470982e+00
2.701183444344349205e+00
2.758265759494541225e+00
2.990838344009919769e+00
3.069978664420975445e+00
2.889565538277337531e+00
2.870595931161332715e+00
2.854967075116628727e+00
2.680134698107540903e+00
3.270575025893764920e+00
2.813646921701441705e+00
5.656719013703968457e+00
2.778764293710425104e+00
2.706679515568845229e+00
2.719545917979691030e+00
3.036205032602376619e+00
2.837676161932506602e+00
2.949556915877365793e+00
3.037507860072134136e+00
2.872567666739985093e+00
2.707936853030366464e+00
2.773518343187944879e+00
2.721125686182098935e+00
2.942045037044810130e+00
2.866831177450113177e+00
2.688536776761664804e+00
2.748767178209169604e+00
3.001779805382133404e+00
3.003793102062790155e+00
2.920172255193176358e+00
2.956271300134680757e+00
2.966469618924151508e+00
2.859714845924326898e+00
2.971034163384864257e+00
2.846343795116816011e+00
2.797736585170233603e+00
2.873140094043449277e+00
2.913544233403707828e+00
2.743625885575510015e+00
2.711890300141213128e+00
2.917554283985132280e+00
3.056731751397233410e+00
2.961671487521869039e+00
2.985520222674769020e+00
2.737040189693968895e+00
2.901978807641434344e+00
2.929436464578127897e+00
2.757275648171578553e+00
2.805553243123359408e+00
3.027920903854656398e+00
2.838530253493873889e+00
3.022218059637656218e+00
3.214592198086718700e+00
2.758467871844803909e+00
3.091170166781505468e+00
2.756228219868594120e+00
2.837963001872998436e+00
2.813529278326422300e+00
2.935237639442502822e+00
2.926338497166724117e+00
2.699426050107689434e+00
2.926149175964888549e+00
2.760958891399869941e+00
2.843088637380128958e+00
3.003969374011658644e+00
2.934157800800767824e+00
3.104568891166694655e+00
3.005737180792758423e+00
2.794492798344629936e+00
3.137271744685181218e+00
2.551336904448332721e+00
5.850649963892901262e+00
2.958705629156101136e+00
2.894892225973188626e+00
2.727896259024525261e+00
2.702915093006068137e+00
2.696347344093486864e+00
2.862102199433137262e+00
2.990789360687241771e+00
3.025211562849778879e+00
3.028937272377888235e+00
2.911570366657827869e+00
2.841886169430436482e+00
2.996788113964682587e+00
3.016282148606128199e+00
2.984268252017569623e+00
2.878577079044436271e+00
2.768854817429039716e+00
6.112909454588707270e+00
6.231147727345260456e+00
2.828689625957574449e+00
2.815721044421836794e+00
2.859082720034521685e+00
3.127894179795729812e+00
2.884679531594454005e+00
2.832231805484854092e+00
2.916911037381839211e+00
2.905480338945696683e+00
2.877235826274933572e+00
2.912060095533744342e+00
2.766532125242719964e+00
2.794011274136166456e+00
2.998138422421486204e+00
2.689687900110345531e+00
2.785501570633196255e+00
2.692762336337909623e+00
3.093387948512116736e+00
2.683911511208966871e+00
2.892861213401016762e+00
2.762175229778154328e+00
2.905072460369964915e+00
6.000658797165525193e+00
6.135930491783621044e+00
2.767267424735094572e+00
2.701051832157243648e+00
2.907015823830342072e+00
2.911350545708984328e+00
2.920240058625318103e+00
2.711071559365410888e+00
2.910738394291042752e+00
2.910433129278183984e+00
2.969336794639503729e+00
2.731728756666737645e+00
2.803190682062139061e+00
2.616128628336153117e+00
2.823100777513973370e+00
2.831539157419512343e+00
2.847501712027580290e+00
2.970954392110386699e+00
2.826847183701305610e+00
2.787972202156972390e+00
3.039210588294269932e+00
2.926468349393172463e+00
2.740638064393034590e+00
2.735586591574100002e+00
2.818968960453449135e+00
5.705707405747336480e+00
5.958205602360496123e+00
2.889041017361989816e+00
5.524274431995571888e+00
6.002459662505029492e+00
2.753728381667299274e+00
2.735395035456487989e+00
2.625199420996431776e+00
2.706694293783469707e+00
3.036378105572492991e+00
2.868333488282001742e+00
2.817663926020986143e+00
3.121569477041957530e+00
2.720405484482046443e+00
3.000408638835716957e+00
2.746843643165733706e+00
2.795177275236760739e+00
6.049914131622035285e+00
6.092751513068623836e+00
6.114309609432614145e+00
2.841978536161031244e+00
2.751830481697592035e+00
2.712603546410716771e+00
2.954447494879541836e+00
2.774450215808530462e+00
2.919628229758028937e+00
2.983504147810087659e+00
2.774047223822982744e+00
3.085773484881870310e+00
2.749020552851505705e+00
2.757682541555499522e+00
2.759084812034599210e+00
2.873118688811863386e+00
2.957327509762826434e+00
2.880427225256698254e+00
2.727424059437768999e+00
2.874814080945061967e+00
2.987917167526569884e+00
2.885255447962970177e+00
2.755301979819997804e+00
3.110217677269551562e+00
2.820755927052179146e+00
2.906532298117466606e+00
2.886208932146111739e+00
2.972463961093556595e+00
2.632672216589068803e+00
2.887048839212804197e+00
2.847652542007187648e+00
2.773584323578426325e+00
2.945560388109536021e+00
2.817068511768927586e+00
2.730474867124764504e+00
2.649308589047338458e+00
2.902262910213339264e+00
2.920861687927041039e+00
2.915825097635316165e+00
2.805348641434786128e+00
2.763025334664884980e+00
2.771009924197313179e+00
2.884875387256787160e+00
2.787506950663980021e+00
2.888140578296007899e+00
2.878526532794166037e+00
2.773280728667763650e+00
2.837351405800839554e+00
2.790193900072179378e+00
2.708438295401983442e+00
2.918867931236355684e+00
2.688114766895193242e+00
2.983842656709633001e+00
2.716056148167780737e+00
2.898440097707730700e+00
2.695190716813931964e+00
2.920136469413715297e+00
2.780037409820234728e+00
2.822230323697908716e+00
2.854885286662145472e+00
2.863099194928460989e+00
2.926035030549019034e+00
2.734427179502134653e+00
2.791204936940317349e+00
2.891838515546813593e+00
2.550704608534669404e+00
2.874485867072579026e+00
2.708917311399519079e+00
3.143820764611112484e+00
2.993913325398716019e+00
2.780000179856108922e+00
2.767061437698845161e+00
3.046659810349688691e+00
2.774964684459966247e+00
2.910928717780633335e+00
2.812427599068108020e+00
2.805687438044373927e+00
2.894194706649848570e+00
2.784148164160808570e+00
2.779597992516183780e+00
2.913054925675106155e+00
3.137422190270222178e+00
2.795841376044069904e+00
2.875668444031752813e+00
2.860895838719053508e+00
2.787442914213670520e+00
2.839413495776901275e+00
2.716325827289502115e+00
2.682054995707582545e+00
2.674215585924216487e+00
2.761473700761968075e+00
2.961945475527866911e+00
2.769419614287440989e+00
2.994600140252450693e+00
2.994648727313439451e+00
3.043409272510024799e+00
2.877539574011103607e+00
3.007630628917055127e+00
2.888914848173963712e+00
2.829394988332311289e+00
2.881886187898473839e+00
2.720363578641649571e+00
2.818825642000583276e+00
2.824075246872858713e+00
2.899943964975874700e+00
2.769024015786067494e+00
2.722062637045664868e+00
2.975203858561627612e+00
2.795568993961695003e+00
2.927019986265895213e+00
2.916227185937336763e+00
3.046574962150119248e+00
2.790899675731823848e+00
2.748540521804254233e+00
2.781168279698299717e+00
2.907615002024854789e+00
2.885540503961086412e+00
2.827394029844442880e+00
2.879281333944287979e+00
2.884961351560883180e+00
2.802160238102025414e+00
2.882457631952289656e+00
2.730967227924934182e+00
2.899687741809452213e+00
2.830105475066256648e+00
2.973300186661279820e+00
2.740857530044201074e+00
2.848234014262170710e+00
2.723027910249911532e+00
2.937227263934474308e+00
2.770814681641484256e+00
2.771485341833869409e+00
2.878632661525260428e+00
2.711546422246906562e+00
2.862482489029408939e+00
2.906985036081196849e+00
2.912494463514051724e+00
2.746812880412496938e+00
2.746038055089550234e+00
2.916893381664814822e+00
2.838407299877873324e+00
3.165513228530248746e+00
2.718370651695606988e+00
2.943368988081514814e+00
3.042510476563721422e+00
2.821614077084249494e+00
3.068950309144805377e+00
2.832755195917924240e+00
3.144492645881049153e+00
2.806528460571886097e+00
2.687295480590104368e+00
2.810848448422647028e+00
3.207226527702712549e+00
2.980315587316216153e+00
2.835110756213943706e+00
2.809371104001748165e+00
2.935069675493241270e+00
2.819450301033873174e+00
2.707975258380327155e+00
3.020797576799875817e+00
2.801146907964664479e+00
2.851330566595181804e+00
3.021722852943334203e+00
2.929418713670000507e+00
3.016522998420532620e+00
3.023717414045167473e+00
2.857731093017676027e+00
2.793938617793883861e+00
2.937500638297803057e+00
2.797727291928218118e+00
2.983560456903798119e+00
3.065831208661037532e+00
2.886041059998973868e+00
3.046042842771585324e+00
3.146905464102790706e+00
2.894718984633914527e+00
2.939556939404303737e+00
2.695829000511716700e+00
2.725588009953081592e+00
2.933947852297309922e+00
2.755061705298086139e+00
3.288739272122372714e+00
2.884430446379318891e+00
2.773866795648270323e+00
2.759700889589304040e+00
3.123661153198278750e+00
3.043488951844576906e+00
3.266919956166663752e+00
3.028603968827882742e+00
2.755286373500946961e+00
2.989469852666187588e+00
2.750866954252785934e+00
2.922472583276017222e+00
2.954248127696792903e+00
2.780121040530429966e+00
2.857231877184628566e+00
2.748080057058018166e+00
2.906852765449257969e+00
2.824356563892031158e+00
3.005624394364671659e+00
2.828366666470244262e+00
5.254923596019260401e+00
5.615351458279348229e+00
5.628610841051280289e+00
2.774542484807180021e+00
6.171981610471632962e+00
5.816316703894313100e+00
5.144465472719200960e+00
5.779971626227935033e+00
5.538348580578871250e+00
5.996352057709754213e+00
5.900319652357827849e+00
5.839497495504214264e+00
5.365422723327585963e+00
2.569255923414404119e+00
2.768662854159024800e+00
2.942284316649225406e+00
5.996315285239761650e+00
5.931193134606223438e+00
5.733054508723949283e+00
5.930391133812339177e+00
2.832858803399845193e+00
6.144508198383333841e+00
2.735576904420711220e+00
2.830723759041140042e+00
5.754656027948151120e+00
6.074887159445845342e+00
2.901183551587179110e+00
2.948748548113249601e+00
3.025726028575620674e+00
3.104995491140043473e+00
3.010207467933066372e+00
6.046760289609634853e+00
2.805122991955967482e+00
3.027972423916704070e+00
2.750376337885417577e+00
3.088855451457707790e+00
