4.871105521337019795e+00
4.826831465879039662e+00
4.796189007952042616e+00
4.867052598852820822e+00
4.873328841767195385e+00
4.939401684414823634e+00
4.805583211224211837e+00
4.925611637147208732e+00
4.869414030455819997e+00
4.701972990139351438e+00
4.767531541584177468e+00
4.860691720321296039e+00
4.872317415768393722e+00
4.740270350939911559e+00
4.799872185798284008e+00
4.798420677681354718e+00
4.826675563988115591e+00
4.876069010996460840e+00
4.693283924929324336e+00
4.698449637912489152e+00
4.769359076437839740e+00
4.749151819009369113e+00
4.554510511569822562e+00
4.502220119007954935e+00
4.461319311593824999e+00
4.497405140745049934e+00
4.459274044056947162e+00
4.496474841473039774e+00
4.423458036423539852e+00
4.406351892438913787e+00
4.388104488272811743e+00
4.369159873476821332e+00
4.312818567943706327e+00
4.252637416944923920e+00
4.196180286879961585e+00
4.186801284990727012e+00
4.171279420034098351e+00
4.177433901332252120e+00
4.143045377497089454e+00
4.126643793689977358e+00
4.177843582519574994e+00
4.221401426066940132e+00
4.274545472912880228e+00
4.268784955933011105e+00
4.313482235966667133e+00
4.338911960388226241e+00
4.316911975011767488e+00
4.298380857951049627e+00
4.238421404249463897e+00
4.313310793346568417e+00
4.262344073394357835e+00
4.034255569494823668e+00
4.208090422032302769e+00
4.030910815188050833e+00
4.051111699274657418e+00
4.070236356773400566e+00
4.129361815099278132e+00
4.148761381424581174e+00
4.208370112050507927e+00
4.105091716393191703e+00
4.056595986784979679e+00
4.112897518781618800e+00
4.110361541275901587e+00
3.942004312529350241e+00
3.936288861351514345e+00
3.870483561520447147e+00
3.891456796625141212e+00
3.895320012527853759e+00
3.921439786608994726e+00
3.935324256017538769e+00
3.844915733797035884e+00
3.849928051275763874e+00
3.818891200335511105e+00
3.792242871969040863e+00
3.730715480976805498e+00
3.665959492411229537e+00
3.685268375573209187e+00
3.628044514611142635e+00
3.491323674482215367e+00
3.467972029875673101e+00
3.379021899899436576e+00
3.291720218973659851e+00
3.327135855356675886e+00
3.199251943814366506e+00
3.185755483397933130e+00
3.098833490202402174e+00
3.040273178515378483e+00
3.023160763174859600e+00
3.025987442141820694e+00
3.032283133218268034e+00
3.006794638813898413e+00
2.959109494425645970e+00
2.911765443850174329e+00
2.803385274984514286e+00
2.714028187031225059e+00
2.726242835845699375e+00
2.761859699550286429e+00
2.738906716191699786e+00
2.733159709932809545e+00
2.705885067773573738e+00
2.716325827289502115e+00
2.699140233481765350e+00
2.786875490580804193e+00
2.884890639175079929e+00
2.870961337252733614e+00
2.708398973563532763e+00
2.738748071656098571e+00
2.703941567415983016e+00
2.702103995037941075e+00
2.717726439507846870e+00
2.745725587162708425e+00
2.714137984701588735e+00
2.692915149053159762e+00
2.670139696720005063e+00
2.697081756269171571e+00
2.717214934450346231e+00
2.748546161155021039e+00
2.734112287379579787e+00
2.709978966708043835e+00
2.734412368316088138e+00
2.755337728845594469e+00
2.681677087197487541e+00
2.720767171222117309e+00
2.712927938593282740e+00
2.712302711719324577e+00
2.690789846866529000e+00
2.724100585514418693e+00
2.800765966659834572e+00
2.801348960768722307e+00
2.764971970924840594e+00
2.712110985929594875e+00
2.717408692118283398e+00
2.663511591865145078e+00
2.766562849457788964e+00
2.714258830693933255e+00
2.702430202613936405e+00
2.668228625886470251e+00
2.628925636072652505e+00
2.695738488800425436e+00
2.694676603973100271e+00
2.732955908901569142e+00
2.728382304590029062e+00
2.726337103147737917e+00
2.730077837718185130e+00
2.743207429269613584e+00
2.748957074964976766e+00
2.764205853405278024e+00
2.733370812751171997e+00
2.758300019939818437e+00
2.782147911236928284e+00
2.744526552977762712e+00
2.748036389860949669e+00
2.788139523051168744e+00
2.775283048627653404e+00
2.656305140604144022e+00
2.747581663936487839e+00
2.702683666284310338e+00
2.695001855286931036e+00
2.720322407362774975e+00
2.673807958698605436e+00
2.593413966184342723e+00
2.591866123085835305e+00
2.587034402554399648e+00
2.598024249309462963e+00
4.040136383836565592e+00
4.008082459231595784e+00
3.990035212877199644e+00
3.976719879498680665e+00
3.915321442742600411e+00
3.880993300689914882e+00
3.810121520371758663e+00
3.915273809071340594e+00
3.974522109637836920e+00
3.881094433275232625e+00
3.802812117367882383e+00
3.777372896604199060e+00
3.809052638124077905e+00
3.820936272695476532e+00
3.850629039520685915e+00
3.798227744619850910e+00
3.847825489805897892e+00
3.816473110084754872e+00
3.818542261125310588e+00
3.793143946649006004e+00
3.917624407724661140e+00
3.919464631808788457e+00
3.872768131453262708e+00
3.840442292236663668e+00
3.855479607000924069e+00
3.828832459118575837e+00
3.739096816077380314e+00
3.599518162198935389e+00
3.588593178391777716e+00
3.534613698836126083e+00
3.465019769063374611e+00
3.443459307150296578e+00
3.397738071129085657e+00
3.373918789775474103e+00
3.317773500406560050e+00
3.380716048413412445e+00
3.375479373363138080e+00
3.416911031911717522e+00
3.409246984306064654e+00
3.382182875008387768e+00
3.443572853883012819e+00
3.353886402369644859e+00
3.353742089070057997e+00
3.348549835376502415e+00
3.315318536732179577e+00
3.231189409489948261e+00
3.224353733696103230e+00
3.211415420028994383e+00
3.176109727323664256e+00
3.124386979873011949e+00
3.090660447218360751e+00
3.028327261046929841e+00
3.013113671934731119e+00
3.041132848134063149e+00
2.947572899861850892e+00
2.853876136064773306e+00
2.777838008235901768e+00
2.856748676380195917e+00
2.891220157649707634e+00
2.860774195912707540e+00
2.781572756553385872e+00
2.791903651632698935e+00
2.822258669930876707e+00
2.835936705922753820e+00
2.852751128297033478e+00
2.882111031865357997e+00
2.916174548959646895e+00
2.928852676390535148e+00
2.888356799289173438e+00
2.889284513508491692e+00
2.905996042667642332e+00
2.941041482196400825e+00
2.942182183346232272e+00
2.916802873010104769e+00
2.905013769330534235e+00
2.810000889679574509e+00
2.829262978233023862e+00
2.849132324059379329e+00
2.803518860289689663e+00
2.833535953539322971e+00
2.810319732699466222e+00
2.735434334799502931e+00
2.783211993363063907e+00
2.810693508726982870e+00
2.931957366675034038e+00
2.928996756570412696e+00
2.963715404690538069e+00
2.930058531838570790e+00
2.945540018400700344e+00
2.973990416931433067e+00
2.938134952652788012e+00
2.948191479534529869e+00
2.978360958648229140e+00
2.951632260292599064e+00
2.928469395435095990e+00
2.900811782932494864e+00
2.957084713023960809e+00
3.005352059243641794e+00
3.017461681612543689e+00
3.050456687120798982e+00
3.068209575632017128e+00
3.095978197597650805e+00
3.022126900049036280e+00
2.974076327198076797e+00
2.979701495116582333e+00
2.966917929434516488e+00
2.958152463954486500e+00
2.931846346587760443e+00
2.875965229275208035e+00
2.842068612824117047e+00
2.821113432671575438e+00
2.805546114395555346e+00
2.807501736419765415e+00
2.761419381405149753e+00
2.729504716977056322e+00
2.796319724208946589e+00
2.820589477396524547e+00
2.862437422896787265e+00
2.896114120679639470e+00
2.988775167188057136e+00
2.961967758095958914e+00
2.880381571944939267e+00
2.814623242993633756e+00
2.828618213898793421e+00
2.896150893858950859e+00
2.906419446673174534e+00
2.892229071149102548e+00
2.811691839444713903e+00
2.779818339388385073e+00
2.745233869818744399e+00
2.768709988424211677e+00
2.745794056370579383e+00
2.754364899573039427e+00
2.735107676125384302e+00
2.859159841631803367e+00
2.854715572522068534e+00
2.814680443673846622e+00
2.866308427228305256e+00
2.913820344496207859e+00
2.845845217154299167e+00
2.822496235604221582e+00
2.787953550545632542e+00
2.696738029546066340e+00
2.780906686676127837e+00
2.765592522408172993e+00
2.766713935339177421e+00
2.760865081817653888e+00
2.771441863002000794e+00
2.823490747284290503e+00
2.920247421024458223e+00
2.874001391788111093e+00
2.923700737079634848e+00
2.890186672171885185e+00
2.911223969398438527e+00
2.842781912141696399e+00
2.909157094417556433e+00
2.945801928168287454e+00
2.889724208293933394e+00
2.875557163403294147e+00
2.769176411859670228e+00
2.739261579331189189e+00
2.773005589608502852e+00
2.839526192870916343e+00
2.803147695002886852e+00
2.831049628671316487e+00
2.848222603660043983e+00
2.834773359547461347e+00
2.868084552449595925e+00
2.891140951250906976e+00
2.892108746226531579e+00
2.917007713393983792e+00
2.875582375797987922e+00
2.836442313885477517e+00
2.876496653917747892e+00
2.888443352395888120e+00
2.853266373824918656e+00
2.883275047580442063e+00
2.886393944006950818e+00
2.773647598380155177e+00
2.795394784283607770e+00
2.943216777609151791e+00
2.834036344156510623e+00
2.825872785530162634e+00
2.812280747009444859e+00
2.824145180404151745e+00
2.771910171704703441e+00
2.774606278375366220e+00
2.725810521661401253e+00
2.732011163959620514e+00
2.754890015953450177e+00
2.795374214662501799e+00
2.846725487292373291e+00
2.863615197612975116e+00
2.835389743932921647e+00
2.858148701519919399e+00
2.913438003459143388e+00
2.894703611770987450e+00
2.877853714141843433e+00
2.844002285512443162e+00
2.786892714117283898e+00
2.742182707260768737e+00
2.676762596869584065e+00
2.749742351566779597e+00
2.809908895320273547e+00
2.728900877642865375e+00
2.696866515050383661e+00
2.707372711689323364e+00
2.818375595977228976e+00
2.862786928850975521e+00
2.850688337928227511e+00
2.735591160974168989e+00
2.728914436181537617e+00
2.685061824241668837e+00
2.680362288945283389e+00
2.787480941638884158e+00
2.769066449184634404e+00
2.768924881610189015e+00
2.777355036721088855e+00
2.803218507358996803e+00
2.876826724013804792e+00
2.856189944664045299e+00
2.798819393958817070e+00
2.853384131167761684e+00
2.886061156663177751e+00
2.870317926641576811e+00
2.924033002549732085e+00
2.864683926718617712e+00
2.823843657145345798e+00
2.869647190858137797e+00
2.833843503089046756e+00
2.890717903912451980e+00
2.872530765718619872e+00
2.874663284630045279e+00
2.901040158288057835e+00
2.906071059007332646e+00
2.945703651082369312e+00
2.936776123574965425e+00
2.849302721719824572e+00
2.890992563117380509e+00
2.933579554060192773e+00
2.953556500221385939e+00
2.893732883318707927e+00
2.894210946009291963e+00
2.829109577234504957e+00
2.843565719303846162e+00
2.765611324824947204e+00
2.730119594450030718e+00
2.744967212918944632e+00
2.793949176345196239e+00
2.798208176673065317e+00
2.761309290898069424e+00
2.789920070539655850e+00
2.818905816092478034e+00
2.919190469976222779e+00
2.864483723116610925e+00
2.879242956056331071e+00
2.874923477242481429e+00
2.821814309978599500e+00
2.811240473527656381e+00
2.765669719977423391e+00
2.815870913234482575e+00
2.824707595486654732e+00
2.831666293898346787e+00
2.934119970280697043e+00
2.847995962075789311e+00
2.840231504648873528e+00
2.799516386806835566e+00
2.720268369113606255e+00
2.772261712032253023e+00
2.727920453385692223e+00
2.776361828004412224e+00
2.791947169987283761e+00
2.802664803361258450e+00
2.820771880177480817e+00
2.858501180688928667e+00
2.773273516983133735e+00
2.800012499972098112e+00
2.783195465647355427e+00
2.792047814776817294e+00
2.814802302116437893e+00
2.790725532903585382e+00
2.814649001207788714e+00
2.822035612815684491e+00
2.921588780098938187e+00
2.930245552850476720e+00
2.886755618336959373e+00
2.889180160529972952e+00
2.824976283086285012e+00
2.852792666844192748e+00
2.857333897184576532e+00
2.803229209322705362e+00
2.848300897026154743e+00
2.909184421792471831e+00
2.902641900062768787e+00
2.887427921178292944e+00
2.903146741038075351e+00
2.937279523640880630e+00
2.882800721520653475e+00
2.838853465749861194e+00
2.903686105625054914e+00
2.865139089119409288e+00
2.919109624525944469e+00
2.947885343767630673e+00
2.852102908381813240e+00
2.805214786785496628e+00
2.742262751816463062e+00
2.647470113145756088e+00
2.684911544166771691e+00
2.774089039666896017e+00
2.684104878725866339e+00
2.804542386914485874e+00
2.776720907833554630e+00
2.849337642330231013e+00
2.923535701851441182e+00
2.876239558868489254e+00
2.868172414622245370e+00
2.891451365663963990e+00
2.896252924038230425e+00
2.764493624517879056e+00
2.741629807249695627e+00
2.905801266432376018e+00
2.840981168540193114e+00
2.813107001164371290e+00
2.744214641750896355e+00
2.744087097743072690e+00
2.804254089771466507e+00
2.820934065163522408e+00
2.783794891869729948e+00
2.768075504750548088e+00
2.911332684527826231e+00
2.916459668845087894e+00
2.912273853881190533e+00
2.942123382864831438e+00
2.931515819503622389e+00
2.911577064066826370e+00
2.852536064627404055e+00
2.878379578860300381e+00
2.924236139575599136e+00
2.915639380993472418e+00
2.883532555737839953e+00
2.771631469008822179e+00
2.816816287939275743e+00
2.766845496228511614e+00
2.758240562387551442e+00
2.760821254626963928e+00
2.763611767235043537e+00
2.847828997675247109e+00
2.860351027409048896e+00
2.909718027575868504e+00
2.908506317682669096e+00
2.873458891301561291e+00
2.831372282127519568e+00
2.834199887093356907e+00
2.779875356918003693e+00
2.738369040140499422e+00
2.710890075233594043e+00
2.762683840036712635e+00
2.731968338030292820e+00
2.798947838027711299e+00
2.874861735805741336e+00
2.833250077208152362e+00
2.836780745845543183e+00
2.812680927513819373e+00
2.761843768209925276e+00
2.792457340766372198e+00
2.892332622642146855e+00
2.832346200590598162e+00
2.846134923014016049e+00
2.925115211406210669e+00
2.854540943829672717e+00
2.833242312263460239e+00
2.815286486310051739e+00
2.831276390605480753e+00
2.827171201041775994e+00
2.830922111256330531e+00
2.848559109444632753e+00
2.901048775873994234e+00
2.835379339700422108e+00
2.853029968296862950e+00
2.869076157929586923e+00
2.865540263196454163e+00
2.898094201367512390e+00
2.839522847240359749e+00
2.797720143259507797e+00
2.759385620024862984e+00
2.802625019512956950e+00
2.805566074787760211e+00
2.794497092501618152e+00
2.847066033656402428e+00
2.829089959686683198e+00
2.815514872985045880e+00
2.810806823671808008e+00
2.863247282370140923e+00
2.857471084718093746e+00
2.898355050714112036e+00
2.878302624812061339e+00
2.845804104291087988e+00
2.890124218783683752e+00
2.866008548486902008e+00
2.892081949046395373e+00
2.848894873455319221e+00
2.885509140515759796e+00
2.864271635163117669e+00
2.868104251940643667e+00
2.866762634052564707e+00
2.876350117770783310e+00
2.812229009166927973e+00
2.753605636252221434e+00
2.805203914156687350e+00
2.848661615566159266e+00
2.783940013721560192e+00
2.719916359008122342e+00
2.797853820341583919e+00
2.851574652713829927e+00
2.885331350122546823e+00
2.827186056841679118e+00
2.804998573974681886e+00
2.774304417326981298e+00
2.767942557207428322e+00
2.733382336959101266e+00
2.746852926532470818e+00
2.760616054434227085e+00
2.751628972081810343e+00
2.781057712454023001e+00
2.814918116038190643e+00
2.672816679085941338e+00
2.805775650332720250e+00
2.863115436024191940e+00
2.781760773323256775e+00
2.743600007289692666e+00
2.710722966295154190e+00
2.796162548923076585e+00
2.862700473329335527e+00
2.866749204238139281e+00
2.880847791883493603e+00
2.859940733651660683e+00
2.851267963555863094e+00
2.858031665324931581e+00
2.864419138324556968e+00
2.809750344781543063e+00
2.803017302836356084e+00
2.736375887921832728e+00
2.785471952829538189e+00
2.738523142133365340e+00
2.713890380984463668e+00
2.751572641236280425e+00
2.800636177728196508e+00
2.847504521506507125e+00
2.815486814034119600e+00
2.748252899570925667e+00
2.670616595470042487e+00
2.714362171855480010e+00
2.786001615218483440e+00
2.739849813402186918e+00
2.797275996393633779e+00
2.803071529590352995e+00
2.821942238955290616e+00
2.873040549661630028e+00
2.919057895965751381e+00
2.865357394811334668e+00
2.856920894949665612e+00
2.776553979306002784e+00
2.711388205329513301e+00
2.727837788432442956e+00
2.790355174525279036e+00
2.762387011263990111e+00
2.738257292512885854e+00
2.805095542044869550e+00
2.815613965017221609e+00
2.781197224218376007e+00
2.736917426595109948e+00
2.759514812426271391e+00
2.740505427836259944e+00
2.747104111605528143e+00
2.755415576641752295e+00
2.749224799829945276e+00
2.757867654547621505e+00
2.767245019870845812e+00
2.834224585314297773e+00
2.779839024116324442e+00
2.766523088643939587e+00
2.800553695253851227e+00
2.735664818650121344e+00
2.888457373755064062e+00
2.871150640422754918e+00
2.843388647371301481e+00
2.878977248954912582e+00
2.923966826077204040e+00
2.898318132986783979e+00
2.854631850169124796e+00
2.846071327286089137e+00
2.821832383399127231e+00
2.839026769863221666e+00
2.812030405241024322e+00
2.809780240517040450e+00
2.835239143352814573e+00
2.823637547561655747e+00
2.763236327207646337e+00
2.751637512464168545e+00
2.716088547893827254e+00
2.744557159178871775e+00
2.779510928203017706e+00
2.805888985687067905e+00
2.733010793977952435e+00
2.776295553430866203e+00
2.751910790705251131e+00
2.767133896290527861e+00
2.880321857015288423e+00
2.885203285732219847e+00
2.807813562186777467e+00
2.752708847662607816e+00
2.792605414303997335e+00
2.717928255123744030e+00
2.757507570252527795e+00
2.817900459562047377e+00
2.822572408282912448e+00
2.769152577955934280e+00
2.816034268257401774e+00
2.857213502698038976e+00
2.797352677085961581e+00
2.777325692100225840e+00
2.839774110734865964e+00
2.874495607928458707e+00
2.806841641418340139e+00
2.756536957851282388e+00
2.860765806562990843e+00
2.853173846788870538e+00
2.811383645111424467e+00
2.737956902509606660e+00
2.718941154199553623e+00
2.731297859992571020e+00
2.756466760184131282e+00
2.720291344690858981e+00
2.737710357214583556e+00
2.785877420131761539e+00
2.818176715537902499e+00
2.845870868468912018e+00
2.861156759074902300e+00
2.877930680193670376e+00
2.846981032602781791e+00
2.948595937052074234e+00
2.933149501815412119e+00
2.903988464164415806e+00
2.877264499485578941e+00
2.881210509490760074e+00
2.888501860826820256e+00
2.804043865562733995e+00
2.839710020407013591e+00
2.877894021676267400e+00
2.928457955989807626e+00
2.870636688959437244e+00
2.871770708117205917e+00
2.876787270550257514e+00
2.877616027200292859e+00
2.848153085773305282e+00
2.833789512296211566e+00
2.773688338656670194e+00
2.745528182335778222e+00
2.707193934685876879e+00
2.766125629829562893e+00
2.733163368699354390e+00
2.733676279298629552e+00
2.717622858308341272e+00
2.705482212101938622e+00
2.727874447257424784e+00
2.742865107875339437e+00
2.798867270879418001e+00
2.741248985407929162e+00
2.820157087823300657e+00
2.825981245514555429e+00
2.879891317393765693e+00
2.883424526496228157e+00
2.914105523140849030e+00
2.935743347092861999e+00
2.873709275483517178e+00
2.864679388692563222e+00
2.904740952305385981e+00
2.931973737945140268e+00
2.847762279404655761e+00
2.881832750178261460e+00
2.884940380666471071e+00
2.885308475709313480e+00
2.800891643744898296e+00
2.898567577269848705e+00
2.917181687862447692e+00
2.916087447248452591e+00
2.876313960610003218e+00
2.806755422191252958e+00
2.736714453500766364e+00
2.752468346775308383e+00
2.729033528559149158e+00
2.755847963876091988e+00
2.796991419364742715e+00
2.810281124727560087e+00
2.836376738023353550e+00
2.891171043020456910e+00
2.898588104577813240e+00
2.906456777590198826e+00
2.873428266026489819e+00
2.750829874783244477e+00
2.755599934678472085e+00
2.800324802589870821e+00
2.829982508779868677e+00
2.828420584000901350e+00
2.825975583758642440e+00
2.756328536296063891e+00
2.754365807223143836e+00
2.737654470527644879e+00
2.739945254927550700e+00
2.719546653396481162e+00
2.792924452970398264e+00
2.774977657567715195e+00
2.769884113099318590e+00
2.817633404117717788e+00
2.942428588768128517e+00
2.929606970226552587e+00
2.834758014363836676e+00
2.767357042378160159e+00
2.771527196330571652e+00
2.788370671198504791e+00
2.812841445940385210e+00
2.857771684372283794e+00
2.823097766638626549e+00
2.812029516203554902e+00
2.814971935916946055e+00
2.852986855910836894e+00
2.773774684432749549e+00
2.749890179625361419e+00
2.798911574165929395e+00
2.900678196560245503e+00
2.905777864875427774e+00
2.907110765003632302e+00
2.931910469301543642e+00
2.806453455876294800e+00
2.899530651674508519e+00
2.930773276799145233e+00
2.857086803021567256e+00
2.815126462523486861e+00
2.741540260510503924e+00
2.742970287844912480e+00
2.784635164613130431e+00
2.821614608694816173e+00
2.838988728403126327e+00
2.891234684351998929e+00
2.936932243004594767e+00
2.929733946965150437e+00
2.925189395577661333e+00
2.930229171924953580e+00
2.871206366668895615e+00
2.858092720679299870e+00
2.805730742605212935e+00
2.793666587121662825e+00
2.822199496846386602e+00
2.911071623990038493e+00
2.853046091460844647e+00
2.730138641168246671e+00
2.732365641710494231e+00
2.691051281562653497e+00
2.726922624498172354e+00
2.777519756905430626e+00
2.765747096174919761e+00
2.760637064157474008e+00
2.725269527954987669e+00
2.801889541006211903e+00
2.811806714552051112e+00
2.831633450854824652e+00
2.795680060378869847e+00
2.815143690826455547e+00
2.834004410723454992e+00
2.840435353955446551e+00
2.791965078578168669e+00
2.758078497795158679e+00
2.785371788469180210e+00
2.764378592016657255e+00
2.748477578587825487e+00
2.798119011050101967e+00
2.804180628989509927e+00
2.846000702740601795e+00
2.818529581182358079e+00
2.811044112069392309e+00
2.789570576271552582e+00
2.780775071810016819e+00
2.761942251387599079e+00
2.748994179695548379e+00
2.739577704683698212e+00
2.753438214305888199e+00
2.758878938989531182e+00
2.723702994087277673e+00
2.825286888087650716e+00
2.860724733349925497e+00
2.873911098137866826e+00
2.810728197460579558e+00
2.897961179864216419e+00
2.959549627899488389e+00
2.991036275273170730e+00
2.975932458910988121e+00
2.975597755073760009e+00
2.973184992562689644e+00
2.961749145353130608e+00
2.897453019463819057e+00
2.951126225697572103e+00
2.967796657454819798e+00
2.891928422350733108e+00
2.812288392039479668e+00
2.749640158275260760e+00
2.747904838235851521e+00
2.813086205575647814e+00
2.786889843535262479e+00
2.890815974772521280e+00
2.867404052448834673e+00
2.903496685033409186e+00
2.914566176980718737e+00
2.900451171800690453e+00
2.853900138407088782e+00
2.785315781020169634e+00
2.736071088257759687e+00
2.751616615737010552e+00
2.797149263089119042e+00
2.701797549780516228e+00
2.743173709410324346e+00
2.823846667225400786e+00
2.879379447033683093e+00
2.866228706855054931e+00
2.808348090960235854e+00
2.764385284290161504e+00
2.768597659465889205e+00
2.759790752937620439e+00
2.783315648646412566e+00
2.840581102521102519e+00
2.765992227031739414e+00
2.802366143101219009e+00
2.815710567512222262e+00
2.784814895105238275e+00
2.716256983424064853e+00
2.698240352526067642e+00
2.853837416532343241e+00
2.825464740533847330e+00
2.802620202596135091e+00
2.740088684696172283e+00
2.849626115826425554e+00
2.799783384478163661e+00
2.892530725852363371e+00
2.872640945193115858e+00
2.844700863008271075e+00
2.709973062596747972e+00
2.763510448686597343e+00
2.720705423231261300e+00
2.760172096083865156e+00
2.854394857058146773e+00
2.887602985176459747e+00
2.932745471397066428e+00
2.931085805635857078e+00
