-5.404436210320000100e+02
-5.970774093940000284e+02
-5.857294868610000549e+02
-5.976831540250000216e+02
-5.797037992059999851e+02
-5.986995183850000330e+02
-5.939630136700000094e+02
-5.981645230609999544e+02
-5.972993809710000050e+02
-5.913875565959999676e+02
-5.861739031920000116e+02
-5.995498568130000194e+02
-6.035510911259999602e+02
-5.979404348690000006e+02
-5.872586530940000102e+02
-5.946486956799999462e+02
-6.045210727370000541e+02
-6.013458627950000164e+02
-6.025903147870000112e+02
-5.991642811890000075e+02
-5.971518586610000057e+02
-5.932217503990000296e+02
-5.962285413770000559e+02
-5.751528972139999496e+02
-5.847027415530000098e+02
-6.008192997070000274e+02
-6.039422188879999567e+02
-5.971080750470000567e+02
-5.925364337339999565e+02
-5.999902391220000482e+02
-5.904835253850000072e+02
-5.954721826710000414e+02
-5.946187029599999505e+02
-5.909521988840000404e+02
-6.013262368749999496e+02
-6.011398246190000236e+02
-5.762002034820000063e+02
-5.853970851330000187e+02
-5.961448886739999580e+02
-5.954107832009999584e+02
-5.976182334000000083e+02
-5.938280798619999814e+02
-5.972604292720000103e+02
-5.939927160419999836e+02
-5.910519449590000249e+02
-5.878027325570000130e+02
-5.935108858160000409e+02
-5.970200264060000563e+02
-5.956873831210000390e+02
-5.811610106040000119e+02
-6.035149573390000342e+02
-5.901734532660000241e+02
-5.854231518430000278e+02
-5.977325149280000005e+02
-5.896991724270000077e+02
-5.960409437419999676e+02
-5.991472298170000386e+02
-5.954002635130000272e+02
-5.819682907559999876e+02
-5.884974203100000523e+02
-5.910588642489999529e+02
-5.952620278809999945e+02
-5.914706006129999878e+02
-5.835783337919999667e+02
-5.916288210479999634e+02
-6.015887436589999879e+02
-6.001578004809999811e+02
-5.937770185709999851e+02
-5.952171285540000554e+02
-5.972348393669999496e+02
-5.900807740559999957e+02
-5.643886697320000394e+02
-5.914527291749999449e+02
-5.837212032679999538e+02
-5.929151185380000015e+02
-5.960936836500000027e+02
-5.920406712249999828e+02
-5.862268235059999597e+02
-5.998133878419999974e+02
-5.994467182829999956e+02
-6.003646518089999518e+02
-5.721635516879999841e+02
-5.971860333189999892e+02
-5.864967126620000499e+02
-6.004643959290000339e+02
-5.843658944310000152e+02
-5.826786198229999627e+02
-5.956520620830000325e+02
-6.044365541759999587e+02
-5.973738704700000426e+02
-6.033098139649999894e+02
-5.993993639169999597e+02
-5.962503481070000362e+02
-5.918240463309999768e+02
-5.933472225809999827e+02
-5.995557970090000026e+02
-5.987154236799999580e+02
-5.994919587900000124e+02
-5.947539513299999498e+02
-5.896379556110000522e+02
-5.946421025130000544e+02
-5.695443583049999461e+02
-5.428090753220000124e+02
-5.789147797059999903e+02
-5.941883075849999614e+02
-6.019505582609999692e+02
-5.949747287059999508e+02
-5.998509396829999787e+02
-5.932559270360000028e+02
-5.865497203710000349e+02
-5.854386704129999544e+02
-5.951460356610000417e+02
-6.042542370840000103e+02
-5.963614179400000239e+02
-5.899254962359999581e+02
-5.971731914700000061e+02
-5.926574339200000168e+02
-6.006427527160000182e+02
-5.967898077400000147e+02
-5.914235416190000478e+02
-5.882578764800000499e+02
-6.035090319590000263e+02
-5.999019332509999458e+02
-5.935928720179999800e+02
-5.928670940169999994e+02
-5.853918272920000163e+02
-5.921626992249999830e+02
-5.979715592479999486e+02
-5.943750618730000497e+02
-5.983948242709999477e+02
-5.897865643940000382e+02
-6.010380138689999967e+02
-5.840529259129999673e+02
-5.858658780370000159e+02
-5.890760500100000172e+02
-5.803304285570000047e+02
-5.953507772789999990e+02
-5.863150206479999724e+02
-6.013295406390000153e+02
-5.840715608360000033e+02
-5.981336875270000064e+02
-5.980512480590000450e+02
-5.877267380299999786e+02
-5.998399515940000128e+02
-5.872294004640000367e+02
-5.795883892729999616e+02
-5.905159826789999897e+02
-5.940396464520000563e+02
-6.018198073639999848e+02
-6.039938603939999666e+02
-5.795404922379999562e+02
-5.969364491070000440e+02
-5.861287695329999679e+02
-6.004011439800000289e+02
-5.792062567980000267e+02
-5.634463892659999829e+02
-5.898661104300000488e+02
-5.797291924200000039e+02
-5.934545279249999794e+02
-5.943633103759999585e+02
-5.876387205800000402e+02
-5.822826280479999923e+02
-5.888838995329999761e+02
-5.934739243899999792e+02
-5.863953150470000537e+02
-5.900859356839999919e+02
-5.779344523480000362e+02
-5.976149070999999822e+02
-5.915653691879999769e+02
-5.994552582789999633e+02
-5.717635479939999641e+02
-5.905033163489999879e+02
-5.937314971120000564e+02
-5.910971635280000100e+02
-5.783958513510000330e+02
-5.788140210980000120e+02
-5.916599753399999599e+02
-6.026074553959999776e+02
-5.907640116110000008e+02
-5.924616236760000447e+02
-5.802679647899999509e+02
-5.757452787890000536e+02
-5.683734472400000186e+02
-5.755904573120000123e+02
-5.969785908369999561e+02
-5.724982233050000104e+02
-5.959719281689999661e+02
-5.944579749030000357e+02
-5.789156065900000385e+02
-6.023737645859999930e+02
-5.923433758400000215e+02
-5.764260332029999745e+02
-5.866035519160000149e+02
-5.799945369179999943e+02
-5.964570747679999840e+02
-5.970270760409999866e+02
-5.830142367150000382e+02
-5.775987326340000436e+02
-5.956999469769999678e+02
-5.940211002700000336e+02
-5.835990215750000516e+02
-5.911625994270000319e+02
-5.923498913119999543e+02
-5.979977332869999600e+02
-5.706878266429999940e+02
-5.703298905609999565e+02
-5.654637374779999845e+02
-5.658633980519999795e+02
-5.896466006040000138e+02
-5.802665856800000483e+02
-5.933842551110000159e+02
-5.904974471599999788e+02
-5.850705098910000288e+02
-5.921885352809999858e+02
-5.947975180890000502e+02
-5.796978264829999716e+02
-5.919031961800000090e+02
-5.894299515799999654e+02
-6.005601825249999592e+02
-6.041599256419999620e+02
-5.988139148889999888e+02
-5.888453684480000447e+02
-5.976594243680000318e+02
-5.916422688200000266e+02
-6.003008995420000247e+02
-5.934509295010000187e+02
-5.783492231919999540e+02
-5.597649219940000194e+02
-5.993474308800000472e+02
-5.973342172469999696e+02
-5.991883804000000282e+02
-5.969578697709999915e+02
-5.980460469790000388e+02
-6.025794788069999868e+02
-5.940213249879999466e+02
-5.714773011519999955e+02
-5.915200479049999558e+02
-5.991900362970000060e+02
-6.024448588830000517e+02
-5.974404814109999506e+02
-5.993092503240000042e+02
-5.903077318460000242e+02
-5.901815719429999945e+02
-5.935732759530000067e+02
-5.684205333349999592e+02
-5.858543026840000039e+02
-5.890077313509999613e+02
-5.820974728400000231e+02
-5.778675812090000363e+02
-5.974652475399999503e+02
-5.849192047300000468e+02
-5.882841250090000358e+02
-5.929282051630000296e+02
-5.938629849440000044e+02
-5.718686090520000107e+02
-5.913198031279999896e+02
-5.881140283040000440e+02
-5.952244318849999445e+02
-6.008348899860000074e+02
-5.985880931059999739e+02
-5.625468433739999909e+02
-5.984451440399999456e+02
-5.950374472329999662e+02
-5.937280144999999720e+02
-5.929669971360000318e+02
-5.924032855680000011e+02
-5.970017189760000065e+02
-5.867249920619999557e+02
-5.943492160600000034e+02
-5.951540735339999628e+02
-5.966845808530000568e+02
-5.700013154380000060e+02
-5.852751003580000315e+02
-6.039613091319999967e+02
-5.937542651840000190e+02
-5.932154196699999602e+02
-5.980575219889999516e+02
-5.937479610899999898e+02
-6.009987039039999672e+02
-5.911160190829999692e+02
-6.015604423459999452e+02
-5.978879971600000545e+02
-6.010072426650000352e+02
-6.000212700109999560e+02
-5.756987078739999788e+02
-5.905907527470000105e+02
-5.980193882480000411e+02
-5.948369942550000360e+02
-5.820658686430000444e+02
-5.957163730790000500e+02
-5.958348473639999838e+02
-5.964447822339999448e+02
-5.910024227830000427e+02
-6.005171574749999763e+02
-5.906232501519999687e+02
-5.855857445149999876e+02
-5.951311868660000073e+02
-5.765139166919999525e+02
-6.028607108280000375e+02
-5.977084203130000333e+02
-5.970239053190000504e+02
-5.905366018549999581e+02
-5.941423122830000239e+02
-5.991936616799999911e+02
-5.919028607029999876e+02
-5.929047604739999997e+02
-5.965257612200000494e+02
-5.920711253219999435e+02
-5.865261103660000117e+02
-5.842121405189999450e+02
-5.858871105409999700e+02
-6.007953933039999583e+02
-6.038185046879999618e+02
-5.753920964860000140e+02
-6.034376103480000211e+02
-5.874889625869999463e+02
-5.953582666989999552e+02
-5.892998954070000082e+02
-5.917391023840000344e+02
-6.012714262800000142e+02
-5.954109950609999942e+02
-6.002983434069999475e+02
-5.966810106100000439e+02
-5.912413390120000258e+02
-5.998865503790000275e+02
-5.998608362989999705e+02
-5.956117500450000080e+02
-6.013131016790000558e+02
-5.839103079230000048e+02
-5.990012460000000374e+02
-6.026718973140000344e+02
-5.948808793929999865e+02
-5.987529215230000545e+02
-5.975157501920000414e+02
-5.899783598010000105e+02
-5.776410986670000511e+02
-5.760764723999999433e+02
-5.880660079980000319e+02
-5.829858878420000110e+02
-5.732605821360000391e+02
-5.863414671970000427e+02
-5.878075941560000501e+02
-5.515976884870000276e+02
-5.463250360959999625e+02
-5.596353887609999447e+02
-5.996525624209999705e+02
-6.000271494080000139e+02
-5.838472236779999776e+02
-5.931948830430000044e+02
-5.666912422689999858e+02
-5.922382107250000445e+02
-5.916139034450000054e+02
-5.904030298750000156e+02
-5.838510618080000540e+02
-5.941507796109999617e+02
-6.021565955309999936e+02
-5.939712879500000327e+02
-5.939413120179999623e+02
-5.972963591960000258e+02
-5.898897540489999756e+02
-5.886199399949999815e+02
-5.953544868100000258e+02
-6.051225125930000104e+02
-5.943756131809999488e+02
-5.960701116579999734e+02
-5.933974315039999965e+02
-5.975620160879999503e+02
-5.984223452710000402e+02
-5.797374551850000444e+02
-5.895453108550000252e+02
-5.927303442060000407e+02
-6.026842891249999639e+02
-5.984115968249999469e+02
-5.887094377260000329e+02
-5.971265129150000348e+02
-5.899360890839999456e+02
-5.900197976650000555e+02
-5.958644990310000367e+02
-5.853226162780000550e+02
-5.828492297100000314e+02
-5.819371569410000120e+02
-5.873681373309999572e+02
-5.951261874959999432e+02
-5.811614600650000284e+02
-5.830998615370000380e+02
-5.978056401070000447e+02
-5.936177901820000216e+02
-5.996474008190000404e+02
-5.894206536960000449e+02
-5.663160967799999526e+02
-5.982863919100000203e+02
-5.913700493439999946e+02
-5.933471489969999766e+02
-5.762805711620000011e+02
-5.925702164409999568e+02
-5.917745881600000075e+02
-5.932910155560000476e+02
-5.925018895560000374e+02
-5.800333252369999855e+02
-5.942056278359999624e+02
-5.962297102090000180e+02
-6.031892594769999505e+02
-5.762914388809999764e+02
-5.960633759739999959e+02
-5.863794008859999849e+02
-5.911612190739999733e+02
-5.993061719649999759e+02
-5.800732937090000405e+02
-5.949399021919999768e+02
-5.945257226469999523e+02
-5.914416832809999960e+02
-5.923103594650000332e+02
-6.028070745850000094e+02
-5.985850204849999727e+02
-5.807571115120000513e+02
-6.037356745140000385e+02
-5.981433675680000306e+02
-5.907715651549999620e+02
-5.838356441370000312e+02
-5.992806005349999623e+02
-5.912590367479999713e+02
-5.712460701779999681e+02
-5.927873936349999440e+02
-6.026329055710000375e+02
-5.964843829679999772e+02
-5.876204227570000285e+02
-5.985505680579999535e+02
-5.904158077590000175e+02
-5.938682330569999976e+02
-5.978749101240000527e+02
-5.893910717400000294e+02
-5.998963938269999971e+02
-5.905099123170000439e+02
-5.883062722690000328e+02
-5.869495253090000233e+02
-6.036839042179999524e+02
-5.878378669769999760e+02
-5.726840415929999608e+02
-5.830204371639999863e+02
-5.956354593720000139e+02
