-4.794968716189999896e+02
-5.590204968399999643e+02
-5.879459892019999643e+02
-5.911280387220000421e+02
-6.033149077900000066e+02
-5.936878265320000310e+02
-5.946126376790000450e+02
-5.998428086889999804e+02
-5.879976720560000558e+02
-5.899264891369999759e+02
-6.034181578850000278e+02
-6.021025562060000311e+02
-5.912410380009999926e+02
-5.672910548649999782e+02
-5.933860142400000086e+02
-5.933797816439999906e+02
-6.042632469709999441e+02
-5.951653781429999981e+02
-5.950349924619999911e+02
-5.703154670479999595e+02
-5.959453119879999576e+02
-5.973016693739999710e+02
-5.829028748150000183e+02
-5.840158781830000407e+02
-5.729837759570000344e+02
-5.715725680100000545e+02
-5.955534956889999876e+02
-5.598127015449999817e+02
-5.803464792669999497e+02
-5.918862143390000483e+02
-5.984401989970000386e+02
-5.859980348059999642e+02
-5.864069933099999616e+02
-5.813689112020000493e+02
-5.774657069590000447e+02
-5.777387040900000557e+02
-5.903732346369999959e+02
-5.973198276409999607e+02
-5.920029492190000155e+02
-5.888577553430000080e+02
-5.882836683850000554e+02
-5.784299620699999878e+02
-5.726160544000000527e+02
-5.955158233580000342e+02
-5.861732606059999853e+02
-5.877010761579999780e+02
-5.893539510250000149e+02
-5.922016482980000092e+02
-5.764860357280000471e+02
-5.953804422050000085e+02
-5.940888808839999911e+02
-5.698336825769999905e+02
-6.029336945139999671e+02
-5.825600303700000495e+02
-5.991629476450000311e+02
-5.911143479270000398e+02
-5.811188274170000341e+02
-5.614123732689999997e+02
-5.968006537490000483e+02
-5.894034845260000566e+02
-5.897452134019999903e+02
-5.962358857399999579e+02
-5.975771017910000182e+02
-5.649026858920000222e+02
-5.932590897149999591e+02
-5.368253995889999715e+02
-5.495575006090000443e+02
-5.705109106039999460e+02
-5.844116969299999482e+02
-5.965352151429999594e+02
-5.993203343110000105e+02
-5.984502703099999508e+02
-5.901342773809999471e+02
-6.031237999310000077e+02
-6.000754773539999860e+02
-5.866067993039999919e+02
-6.031834642879999819e+02
-5.808182171939999989e+02
-5.878273994170000378e+02
-5.794997458799999777e+02
-5.744774900139999545e+02
-5.980966416449999770e+02
-6.044464230029999499e+02
-5.884596671430000470e+02
-5.945794605050000428e+02
-5.866658362040000156e+02
-5.897277885729999980e+02
-5.990454551190000529e+02
-6.037549248799999759e+02
-5.876287396650000119e+02
-5.901548250719999942e+02
-5.991663384890000543e+02
-5.768901105449999704e+02
-5.969578312459999552e+02
-5.539181819110000333e+02
-5.860729207250000172e+02
-6.044606131309999455e+02
-5.813960439969999925e+02
-5.820611204210000551e+02
-5.836178546800000504e+02
-5.835832269659999838e+02
-5.618105510139999978e+02
-5.791074841439999545e+02
-5.762676192029999811e+02
-5.832043272280000110e+02
-5.874577174869999681e+02
-5.683630766869999889e+02
-5.643137867340000184e+02
-5.948932611679999809e+02
-5.888708484259999523e+02
-5.966388574510000353e+02
-5.963841666900000291e+02
-5.996312080730000389e+02
-6.003686414369999511e+02
-5.917955804450000414e+02
-5.829886207160000140e+02
-5.991639608699999826e+02
-5.871093442520000281e+02
-5.998675807509999913e+02
-5.781384475600000314e+02
-6.029962055339999552e+02
-5.669153898560000471e+02
-5.822732222490000140e+02
-5.862526619200000368e+02
-5.897392329689999997e+02
-5.821935764679999465e+02
-5.774862860260000161e+02
-6.003267751189999899e+02
-5.833785076760000265e+02
-5.870972940569999992e+02
-5.866114079789999778e+02
-5.995584968399999752e+02
-5.870278731329999573e+02
-5.693581255259999807e+02
-5.967599484879999636e+02
-5.814410262430000103e+02
-5.862411141979999911e+02
-5.798196479609999869e+02
-5.818269893970000339e+02
-5.784353042840000398e+02
-5.774682291550000173e+02
-5.919804028070000186e+02
-5.569488420190000397e+02
-5.795098077830000420e+02
-5.706686630409999452e+02
-5.878905282340000440e+02
-5.882620307949999869e+02
-5.921448580239999728e+02
-5.879638211440000077e+02
-5.861198163269999668e+02
-5.878656678800000464e+02
-5.988486484840000230e+02
-5.972725818229999959e+02
-5.849989614639999900e+02
-5.882532588709999573e+02
-5.774898629389999769e+02
-5.993846931000000495e+02
-5.774481009679999488e+02
-5.843643899420000025e+02
-5.847538463769999453e+02
-5.922194589230000474e+02
-5.915671662720000086e+02
-5.850727333879999605e+02
-5.856861594199999672e+02
-5.917594992709999815e+02
-5.698461452320000262e+02
-5.830955396619999647e+02
-5.969599952600000279e+02
-5.597916533659999914e+02
-5.551419046900000467e+02
-5.954559611869999571e+02
-5.784136432679999871e+02
-5.933424680250000165e+02
-5.838986335170000075e+02
-5.885977767250000170e+02
-5.733508280720000130e+02
-5.790287840529999812e+02
-5.912070378810000193e+02
-5.903227500760000339e+02
-5.759388875079999934e+02
-5.907260152769999877e+02
-5.903271093390000033e+02
-5.972528055129999984e+02
-5.923186220979999916e+02
-5.944612741729999925e+02
-5.986381773470000098e+02
-5.968079749239999501e+02
-5.783544304859999556e+02
-5.847657833770000479e+02
-6.035110103240000399e+02
-5.781882543409999471e+02
-5.813738334309999800e+02
-5.933487972880000143e+02
-5.904744875269999511e+02
-5.884470213690000264e+02
-5.932723584420000407e+02
-5.924885690739999973e+02
-5.813073432689999436e+02
-5.943843348120000201e+02
-5.784189123950000067e+02
-5.905882030860000214e+02
-5.845817369009999993e+02
-5.898409432250000464e+02
-5.875226011290000088e+02
-5.961145699119999790e+02
-5.876559180589999869e+02
-5.961387474010000460e+02
-6.017245365979999860e+02
-5.638083682689999705e+02
-5.835959306480000350e+02
-5.932312168119999569e+02
-5.965703701610000280e+02
-5.985147785189999468e+02
-5.887578898660000277e+02
-5.887793305059999511e+02
-5.925746740549999458e+02
-5.540486844409999776e+02
-5.941345978110000488e+02
-5.607812202579999621e+02
-5.865672759899999846e+02
-6.023178731470000002e+02
-6.038511561049999727e+02
-5.983447616160000280e+02
-5.889176964350000389e+02
-5.928665952070000458e+02
-5.777914415569999846e+02
-5.857490819790000387e+02
-5.936021380690000342e+02
-5.888716161219999776e+02
-5.824225205610000557e+02
-5.848522865050000519e+02
-5.400844204920000493e+02
-5.818001624229999607e+02
-5.759322360469999467e+02
-5.774149586290000116e+02
-5.933256551470000204e+02
-5.685904208580000159e+02
-5.983730431349999890e+02
-5.899925566040000149e+02
-5.952816501669999525e+02
-5.925554502749999983e+02
-6.003396739910000406e+02
-5.907610390290000169e+02
-5.925231214200000522e+02
-5.937379896610000287e+02
-6.000257409959999677e+02
-5.914880041489999485e+02
-6.026647114319999901e+02
-5.836093854639999563e+02
-5.625374073579999958e+02
-5.955325694709999880e+02
-5.942499132079999526e+02
-5.889628024669999604e+02
-5.916094067609999456e+02
-6.038114213740000196e+02
-5.865696509570000217e+02
-5.688488052640000205e+02
-5.918279069740000295e+02
-5.906424827770000547e+02
-5.793268423639999583e+02
-5.898046209899999894e+02
-5.825017310219999445e+02
-5.826581301180000310e+02
-5.878798763629999939e+02
-5.915312156270000514e+02
-5.644998812799999541e+02
-5.873848922189999939e+02
-5.834622181940000019e+02
-5.710732059489999983e+02
-5.960433641260000286e+02
-6.018798789850000048e+02
-5.848485671109999657e+02
-5.895889454680000199e+02
-5.909158186600000136e+02
-5.797588987719999523e+02
-5.919505787360000113e+02
-5.681318665789999613e+02
-5.785579285640000080e+02
-5.702577224999999999e+02
-5.869692391019999604e+02
-5.821371764640000492e+02
-5.794102777589999960e+02
-5.982718696110000565e+02
-5.978854221330000200e+02
-5.874486599929999784e+02
-5.780090223500000093e+02
-5.949497190920000094e+02
-5.917166755900000226e+02
-5.960118328680000559e+02
-5.796295477529999971e+02
-5.910937770369999953e+02
-5.968366946349999580e+02
-5.908827975909999850e+02
-5.838188223480000261e+02
-5.989063731659999803e+02
-5.863500506899999891e+02
-5.957134717930000534e+02
-5.859939500030000090e+02
-5.930020385630000419e+02
-5.927026179079999793e+02
-5.812518431830000054e+02
-5.959032615200000009e+02
-5.612554495990000305e+02
-5.983117878250000103e+02
-5.805291466779999610e+02
-5.592484642370000074e+02
-5.854425127920000023e+02
-5.782729598219999616e+02
-5.952362798870000233e+02
-5.956677978029999849e+02
-5.850367476259999648e+02
-5.890430747399999518e+02
-5.872575471669999843e+02
-6.005320081930000242e+02
-5.665669520149999698e+02
-5.719068578850000222e+02
-5.929759804609999492e+02
-5.978411124049999898e+02
-5.998959136749999743e+02
-5.903235461079999595e+02
-6.015991636659999813e+02
-5.881054162870000255e+02
-5.924473798540000189e+02
-5.982777428470000132e+02
-5.911453932360000181e+02
-5.810686193469999807e+02
-6.020909611529999665e+02
-5.890181937229999676e+02
-5.982767362189999858e+02
-5.925695556179999812e+02
-5.780324358770000117e+02
-5.736707104829999935e+02
-5.907718157210000527e+02
-5.631884323739999445e+02
-5.944477031689999649e+02
-6.010122943329999998e+02
-5.947287519520000387e+02
-5.912606791079999766e+02
-5.832533931159999838e+02
-5.773406493349999664e+02
-5.502749121399999694e+02
-5.736406628769999543e+02
-5.444312983180000174e+02
-5.989777727609999829e+02
