4.863033107022817880e+00
4.784163249722985789e+00
4.713508884048061454e+00
4.708727853677679320e+00
4.639859803916492886e+00
4.627172030517128221e+00
4.650863145696720657e+00
4.492697630600127390e+00
4.465605558040253165e+00
4.498278448473371327e+00
4.469499860163327121e+00
4.505920660641951514e+00
4.365207211576558777e+00
4.301224244328584412e+00
4.269187393404043185e+00
4.166578212394434821e+00
4.224994911239539519e+00
4.338870129423097133e+00
4.296894227229708818e+00
4.282178067292391255e+00
4.452538714037195255e+00
4.476219275236635653e+00
4.206992869021767056e+00
4.107549877968616592e+00
3.988654158986462139e+00
3.956722254594072563e+00
3.931589627618834015e+00
3.890991775884395043e+00
3.853995070053930938e+00
3.682835999606825172e+00
3.568714894748528543e+00
3.560060252299109163e+00
3.502590184420666830e+00
3.454784797928808882e+00
3.495500679444934811e+00
3.486481320758796354e+00
3.441269678476245097e+00
3.414851387688782047e+00
3.808913887186214264e+00
3.768366622291413393e+00
3.739700255368068937e+00
3.740535122144959423e+00
3.599063906073356467e+00
3.543479786876171378e+00
3.608975200801468830e+00
3.597760414480096980e+00
3.594232880601923696e+00
3.543658843624763577e+00
3.521998580351786590e+00
3.519136541823860043e+00
3.504053367173507905e+00
3.649383235561867167e+00
3.670204626447958862e+00
3.675276044054378133e+00
2.752776961542652945e+00
2.746910082256060814e+00
2.758576625725666087e+00
3.387442398034245183e+00
3.360664368841375538e+00
3.306124770785277001e+00
3.184092021283304597e+00
3.181661672774149796e+00
3.169412563867317179e+00
3.107643480195242613e+00
3.068146345922892593e+00
3.058431951180212049e+00
3.074112880165594142e+00
3.128682150682616125e+00
3.090055177500881545e+00
3.109934082902722885e+00
3.054446922112086238e+00
3.016594271691173113e+00
2.901509607083871067e+00
2.805732702878162677e+00
2.759902172179296453e+00
2.772634487270184245e+00
2.747989992703757878e+00
2.837050933628087357e+00
2.975540791184015710e+00
2.855052538921131422e+00
2.773018932499379918e+00
2.782875131945377056e+00
2.909057235600565061e+00
2.904918587499484062e+00
2.902316488600098054e+00
2.956165421623086154e+00
2.917661563649903922e+00
2.887680730274730490e+00
2.907124696327970881e+00
2.876130908008186715e+00
2.850756215462837861e+00
2.942911143748651703e+00
2.827949433777061206e+00
2.844358275604534025e+00
2.849862803715294657e+00
2.812219230429946482e+00
2.764244562262898164e+00
2.771052327185469011e+00
2.736144915752818818e+00
2.739308306854122854e+00
2.868481305499479994e+00
2.730128385259564805e+00
2.833859735413875924e+00
2.793098279688704277e+00
2.830679070470546677e+00
2.700656586832172579e+00
2.764386369522176867e+00
2.784680412542882788e+00
2.925581138850877227e+00
2.702278113000214255e+00
2.664886676765074291e+00
2.888437120658852386e+00
2.738941766449224602e+00
2.841077436466665773e+00
2.775302866355310094e+00
2.730267935569694160e+00
2.939244800965037818e+00
2.775271878573340789e+00
2.712103980307539519e+00
2.804162798412388469e+00
2.781699300787200180e+00
2.682644590697769171e+00
2.782640113273723514e+00
2.773512754612821762e+00
2.693388386401040613e+00
2.738276465224064982e+00
2.770314422588165293e+00
2.835746462573832005e+00
2.736939348980901521e+00
2.709572660033312097e+00
2.822672138240642337e+00
2.778389641500989438e+00
2.774814588400457804e+00
2.811627464654590902e+00
2.822184969132959242e+00
2.802494246202836159e+00
2.735601213627453898e+00
2.826189307176715459e+00
2.802513693097680392e+00
2.798631451263278169e+00
2.737560410292346535e+00
2.778400439101606612e+00
2.744564264141031273e+00
2.711103649807583338e+00
2.821889792320033674e+00
2.861017476353473921e+00
2.787594303337557200e+00
2.728747148418116275e+00
2.835769560454445504e+00
2.775955511170883572e+00
2.821171742379396274e+00
2.832356792496312003e+00
2.891470387190572922e+00
2.900098446604872926e+00
2.889323277170624760e+00
2.897932193823726799e+00
2.888367185798923931e+00
2.930097097367252879e+00
2.877903056046189789e+00
2.845702198052354248e+00
2.820890107749679743e+00
2.836002291959581978e+00
2.862510786005879382e+00
2.860474436173132240e+00
2.890309498998334448e+00
2.920396034787062778e+00
2.876347162635275012e+00
2.870985370913617274e+00
2.834237287172688635e+00
2.899632045622340559e+00
2.840048767186930334e+00
2.720990444672674702e+00
2.716634682838308557e+00
2.714448010185496418e+00
2.828006011309028178e+00
2.850837596216242442e+00
2.926586065708644657e+00
2.830512674410768703e+00
2.837289727891743052e+00
2.790794510529214900e+00
2.703870374111895458e+00
2.692396330409027705e+00
2.808766455225495839e+00
2.756498684926223852e+00
2.790939985022967029e+00
2.722959786702697116e+00
2.823762737908410703e+00
2.815778577942519956e+00
2.867164627292964063e+00
2.932560826308637125e+00
2.983183199201818958e+00
2.817621337227556033e+00
2.855285800055749057e+00
2.812330172650430171e+00
2.736092469197632493e+00
2.824942831279953381e+00
2.755086568512866485e+00
2.737239667986710590e+00
2.769821113357323394e+00
2.853209420985427069e+00
2.735598289223035717e+00
2.886876512772931669e+00
2.900819884101734303e+00
2.989979598592606092e+00
3.015116747325051527e+00
2.927591672347767737e+00
3.032703909055415536e+00
3.002567068360005642e+00
2.742165202900802790e+00
2.699539405157850513e+00
2.759639650389158927e+00
2.704788346617901240e+00
2.754862247009820742e+00
2.817027866386841328e+00
2.788898528093125329e+00
2.751631152607485920e+00
2.803969685998762618e+00
2.889601010520310265e+00
2.906141256030064568e+00
2.865033856693494752e+00
2.689019709857107365e+00
2.767817551790579866e+00
2.803987339486397001e+00
2.841406165967829356e+00
2.910231777711184353e+00
2.869297126475402582e+00
2.835648955706612018e+00
2.868029637224831951e+00
2.876072843305606863e+00
2.809425920005722332e+00
2.882270979627002738e+00
2.769242134592062143e+00
2.713931097135665826e+00
2.727844936941981047e+00
2.790906841870577360e+00
2.812067033340421407e+00
2.771720223976438913e+00
2.769333132723471813e+00
2.767662913000786151e+00
2.800729012239491666e+00
2.798806174067793862e+00
2.733693655112072740e+00
2.790179384914166949e+00
2.750261623918713649e+00
2.782419630465541971e+00
2.774272697483072037e+00
2.789608036982973438e+00
2.735387541099066677e+00
2.761217847255084124e+00
2.736173422866321481e+00
2.768471780603877441e+00
2.730045054573275731e+00
2.851843964876059179e+00
2.777795708831015009e+00
2.835057318644544910e+00
2.766420250070477316e+00
2.725996515038124457e+00
2.725204579476557143e+00
2.822348667333644645e+00
2.781092051694801004e+00
2.868478865182729542e+00
2.741561781175102297e+00
2.762827175195726959e+00
2.763150556882487674e+00
2.757862034257696493e+00
2.761860785774691962e+00
2.742289736698148683e+00
2.798805995420190040e+00
2.789342754126856949e+00
2.832910340974454488e+00
2.828990986199849900e+00
2.821057603098525934e+00
2.848826776060629395e+00
2.883039715300501626e+00
2.782427177843114663e+00
2.793643141133097529e+00
2.887558830569517454e+00
2.904684492333031276e+00
2.855299108674956621e+00
2.704474070868493119e+00
2.762345742299468387e+00
2.781863584002637335e+00
2.883945387832439700e+00
2.839365774253116648e+00
2.773927540510025658e+00
2.866927798183972254e+00
2.789165466586735143e+00
2.798675936938752162e+00
2.863377376455991996e+00
2.853295287908351074e+00
2.874019832916954620e+00
2.757771926755365310e+00
2.872165907464260926e+00
2.898701260909788857e+00
2.872600738007285770e+00
2.933571372917318509e+00
2.806713736739107290e+00
2.845714145869187472e+00
2.867443111903007047e+00
2.856199397801210793e+00
2.842413938890675063e+00
2.790520739933677774e+00
2.671238476811832463e+00
2.716933197559336488e+00
2.787333851550617414e+00
2.741542266681292528e+00
2.791574645249522479e+00
2.776454753818257792e+00
2.743799008673922568e+00
2.738150288059440829e+00
2.784213713061553630e+00
2.863020433039205059e+00
2.832457766675436694e+00
2.780752056548731588e+00
2.834889239458924681e+00
2.732299214947001342e+00
2.698793989914754388e+00
2.761454145916604208e+00
2.767901190432924707e+00
2.715439190996550956e+00
2.759778795483434521e+00
2.829631248060425097e+00
2.865401891532843859e+00
2.752673791062064890e+00
2.823832325050479763e+00
2.759075932264279274e+00
2.759448133232440092e+00
2.654729741423786038e+00
2.747216409386052938e+00
2.756003265600388108e+00
2.741002918641277208e+00
2.737064851259465303e+00
2.708602776340598428e+00
2.727750171844921745e+00
2.737350178548590751e+00
2.773716279650822791e+00
2.771724373021242638e+00
2.816381721287084527e+00
2.835024338519865239e+00
2.853530094461945943e+00
2.902750075359572079e+00
2.872058495226028629e+00
2.919004453576595992e+00
2.889618313895452761e+00
2.832919871793058597e+00
2.908919215103781486e+00
2.857508880126184536e+00
2.816058948246645155e+00
2.819703175867984690e+00
2.761165152612207851e+00
2.721386043912183084e+00
2.713656757955950738e+00
2.758177115415179514e+00
2.832997529119995583e+00
2.868344470247602640e+00
2.862986203250026396e+00
2.831524147875133401e+00
2.870504485277805884e+00
2.897136862490275799e+00
2.907804154340522196e+00
2.885606175485490699e+00
2.844924779321941877e+00
2.786754025743929386e+00
2.776400727560774939e+00
2.854165201946096797e+00
2.883022892729088404e+00
2.895619795484206449e+00
2.809419868940917553e+00
2.792044770414686905e+00
2.779819058859766656e+00
2.726079602652864864e+00
2.772718160938829168e+00
2.790437420907338595e+00
2.780147657949123552e+00
2.832970172804507580e+00
2.887042258090449121e+00
2.726664812550307015e+00
2.933425642486954033e+00
2.883928743918615201e+00
2.923089461511569898e+00
2.895288932041153007e+00
2.903436240043855587e+00
2.812940454399985857e+00
2.738192469495159820e+00
2.824885130407960521e+00
2.837422069414417880e+00
2.872851893154257041e+00
2.871967270008486839e+00
2.881430373963598690e+00
2.893666359482378159e+00
2.815206741964078052e+00
2.933196379378646856e+00
2.828123229281213291e+00
2.803358343130610830e+00
2.805733593910868517e+00
2.716098120466195809e+00
2.800014464248354873e+00
2.800230347667848285e+00
2.749183697027173690e+00
2.767866506896602630e+00
2.852963021141353916e+00
2.872146409917154308e+00
2.869801735312040858e+00
2.877128081959508865e+00
2.863433079364698486e+00
2.898169249716102680e+00
2.842541644373921983e+00
2.868339066428514439e+00
2.774413451524484042e+00
2.782980596410977725e+00
2.809559751989624043e+00
2.827870223330624988e+00
2.878166951377212790e+00
2.902260670580780300e+00
2.856817460041855661e+00
2.907132779905313935e+00
2.886482288184010425e+00
2.915900718474481401e+00
2.883351695509932089e+00
2.857135103560907829e+00
2.845125480536842666e+00
2.802626268341892324e+00
2.801550642055216755e+00
2.842423086030649415e+00
2.823459757106518531e+00
2.763850213018064661e+00
2.693296493147384840e+00
2.771460445324811506e+00
2.806419248793736720e+00
2.856679365977217611e+00
2.873211965727554773e+00
2.901687957034662979e+00
2.934476784709668884e+00
2.983146158001649617e+00
2.922496706584970294e+00
2.772657389581338006e+00
2.876218350542948610e+00
2.843620755304757886e+00
2.758787777267400099e+00
2.731321108914146034e+00
2.882240274508702793e+00
2.731867859176208224e+00
2.693487144947976031e+00
2.746399461112676299e+00
2.746721864332098306e+00
2.786654804599952406e+00
2.755331740462480195e+00
2.655442900911258342e+00
2.731066092206484885e+00
2.763300019903738303e+00
2.717624698150942208e+00
2.728578201188303964e+00
2.754300092582505854e+00
2.768834592387201088e+00
2.724057268120477993e+00
2.771822865913332823e+00
2.652225669131493824e+00
2.745469358780024738e+00
2.830477168252731435e+00
2.740731471706048250e+00
2.757067463810053187e+00
2.805641994267978667e+00
2.767327230379522440e+00
2.707151085551007696e+00
2.732495928633746463e+00
3.050537821434115227e+00
3.015726446480183842e+00
2.982104793597970982e+00
2.937819940023554732e+00
2.997999666444277178e+00
3.007298787949079344e+00
3.004121668641268617e+00
3.055222741470742243e+00
3.047185914905751414e+00
3.064967210265062469e+00
2.985209540384058169e+00
3.001460477834083207e+00
2.945526438516551604e+00
2.961778688558617034e+00
2.951268710232940240e+00
3.000904696920580150e+00
2.969468807716289405e+00
2.970225748996193627e+00
2.988114288309601907e+00
2.953817360636910028e+00
2.869010108033779538e+00
2.862164565499335733e+00
2.831698077126160840e+00
2.838739332872956656e+00
2.747297035269394172e+00
2.747535259100417182e+00
2.811703576126046933e+00
2.867175962510846610e+00
2.837842490343676527e+00
2.812343684544974298e+00
2.887376664032596185e+00
2.839724986684450503e+00
2.834190360579190493e+00
2.916236101552821314e+00
2.892434787510341998e+00
2.906853281471220019e+00
2.911516958563009627e+00
2.841265387111875818e+00
2.791554047479647416e+00
2.747054058441515512e+00
2.854012263463491017e+00
2.874532309785367890e+00
2.894881862874545853e+00
2.965897503286316184e+00
2.895530003298186994e+00
2.804280478126251808e+00
2.741652968557472647e+00
2.795863551749262488e+00
2.663781334869662398e+00
2.781197403997062612e+00
2.840861489055740652e+00
2.918930112215775807e+00
2.880338348180643937e+00
2.784598714357240823e+00
2.738700604301243846e+00
2.736604099975004090e+00
2.778127966815064465e+00
2.748523239850811262e+00
2.742778518218341510e+00
2.746805235177769422e+00
2.922187707865461892e+00
2.908818488665114277e+00
2.848087252876919884e+00
2.870666473138250741e+00
2.850400849003522197e+00
2.820522292058689207e+00
2.795741225507110794e+00
2.830899503691362007e+00
2.812672394716455582e+00
2.763439342558471346e+00
2.765959327249770006e+00
2.876096486559517107e+00
2.859314778054351081e+00
2.842354305852808682e+00
2.920934953058694994e+00
2.872048397920898388e+00
2.884251202652085233e+00
2.914440941244134553e+00
2.915813094147154061e+00
2.785995872215176306e+00
2.814498712026708205e+00
2.767948337668172609e+00
2.775374749470781222e+00
2.854138223702558985e+00
2.878174942563429539e+00
2.802062276252974549e+00
2.751116318878574774e+00
2.820396426036595017e+00
2.888953616796226864e+00
2.845336008277405071e+00
2.755650739843494623e+00
2.762165454856026603e+00
2.738029218251696761e+00
2.735989400564264429e+00
2.842095001930794229e+00
2.856430989889305661e+00
2.846112260610954792e+00
2.881960964343548870e+00
2.863985684321763259e+00
2.781970165188692778e+00
2.764875404064349507e+00
2.801174575066680550e+00
2.856405083317140825e+00
2.975467358248111704e+00
2.912679522364244544e+00
2.966582714167935730e+00
2.953212149507718376e+00
2.947304022322772887e+00
2.892350946894239438e+00
2.950319643699645056e+00
2.866544435378597377e+00
2.853154219456074170e+00
2.906274935376899293e+00
2.907293586826070975e+00
2.803783515180870989e+00
2.804245709633875983e+00
2.790837150390542032e+00
2.792385002108412451e+00
2.864144898569204845e+00
2.890540087942044423e+00
2.880064929823632269e+00
2.931676141731893726e+00
2.930764405406890205e+00
2.979928187054177613e+00
3.036860385332194046e+00
3.015105139128650524e+00
2.994910683142320451e+00
2.982567685736570606e+00
2.875351282887014470e+00
2.818223731359879025e+00
2.753212305653162328e+00
2.755166238178742066e+00
2.760132062057901070e+00
2.747093919035167975e+00
2.722777442245326363e+00
2.828680611168393977e+00
2.805347393817742230e+00
2.784456140793027501e+00
2.799800350024980400e+00
2.822994509381836714e+00
2.773610643186962932e+00
2.805803628196385624e+00
2.929582564120697619e+00
2.940661490209303341e+00
2.943055894814096352e+00
2.835971262195723153e+00
2.797301020626847379e+00
2.722193600756566578e+00
2.761726633828917254e+00
2.763057907464119722e+00
2.784209941796775389e+00
2.814546144585303722e+00
2.885371553197265015e+00
2.862828845739821215e+00
2.878701095980615854e+00
2.856646460449735248e+00
2.887636576856581705e+00
2.887497186145814965e+00
2.808599651071686853e+00
2.805905557925997051e+00
2.812160201695486972e+00
2.935712009036308245e+00
2.866438207950766870e+00
2.924517567052726807e+00
2.851812406172608227e+00
2.913693360667865218e+00
2.893268912493272005e+00
2.874634237603107767e+00
2.862230948054332202e+00
2.814857189983178909e+00
2.775014594556215908e+00
2.725863349472970043e+00
2.781542557646746072e+00
2.734284001342947690e+00
2.801320402952864441e+00
2.800906103388687285e+00
2.699386226533728728e+00
2.754036310581252867e+00
2.764853160657903430e+00
2.774503378985146984e+00
2.844053093737878957e+00
2.872362616383941081e+00
2.924018125798812928e+00
2.879960763621615349e+00
2.818214150840918197e+00
2.736956338709114256e+00
2.755580519600179912e+00
2.783742265368688962e+00
2.744300457311480645e+00
2.747121402486609743e+00
2.748939068076992065e+00
2.772295258445608201e+00
2.775915884892768748e+00
2.756709088750569858e+00
2.869878917306442290e+00
2.868720969352021033e+00
2.927105396120884606e+00
2.901636779474646932e+00
2.858060531199435150e+00
2.780066545966121350e+00
2.824788310652675438e+00
2.755387812994751773e+00
2.734858862903166710e+00
2.774889727538735862e+00
2.816746349957695017e+00
2.841589168053678893e+00
2.815902519619597477e+00
2.876924225627084830e+00
2.873368232580015835e+00
2.827394029844442880e+00
2.778277163999301358e+00
2.745038797540027886e+00
2.823995219542696056e+00
2.804520636401166112e+00
2.911324956098168215e+00
2.969072919279686751e+00
2.887564544733156158e+00
2.866613681680878045e+00
2.892361319060950287e+00
2.823352085730719274e+00
2.781220056018581577e+00
2.715995213545119302e+00
2.756460592861795345e+00
2.703791596998555313e+00
2.731637237994825274e+00
2.800151424476897688e+00
2.810999466382019918e+00
2.741363894122777367e+00
2.816682090687552709e+00
2.805183238221703235e+00
2.772848535351327026e+00
2.758494698200451456e+00
2.723395307332374671e+00
2.793100248827456333e+00
2.790421115172403432e+00
2.744003279881421786e+00
2.750680824814103698e+00
2.712231553536680551e+00
2.715158374754592874e+00
2.717224503054541440e+00
2.708612006175857179e+00
2.705597900649687748e+00
2.782416575568798844e+00
2.732747152592058359e+00
2.691216081997132914e+00
2.765650014011172608e+00
2.875367454778605669e+00
2.818871227991799788e+00
2.754090957103632054e+00
2.806071987672448032e+00
2.948370058184690556e+00
2.934201935791059590e+00
2.979883554771896925e+00
2.990497115865520694e+00
2.928843799180830487e+00
2.987915828801073204e+00
3.017762416095739919e+00
3.036120715650153290e+00
2.950721267758105171e+00
2.984649058097116114e+00
2.925705043233169267e+00
2.884138346196313041e+00
2.872256604135500879e+00
2.827019278321250439e+00
2.864555288347564233e+00
2.770299803270396932e+00
2.819411463408631580e+00
2.880939256561998008e+00
2.953781643926984390e+00
2.955832877549067206e+00
2.961109758181888374e+00
2.860853369188990136e+00
2.897708922580044533e+00
2.931547372975575882e+00
2.885624022633579422e+00
2.839059879608036852e+00
2.803002318943029536e+00
2.823900493997619332e+00
2.742971746117703447e+00
2.752612758816612271e+00
2.756321824460997050e+00
2.812857977218188754e+00
2.700341830213353056e+00
2.822147054991996473e+00
2.796488154811316296e+00
2.770510963703266327e+00
2.766089297184745721e+00
2.745781127475385830e+00
2.858114588325667338e+00
2.894851291517407166e+00
2.920316934854846114e+00
2.917407924853841372e+00
2.981817063469856866e+00
2.893235213390020988e+00
2.738671210642124709e+00
2.721513916921976861e+00
2.817994322208616786e+00
2.773474535668211338e+00
2.832755725437687833e+00
2.810894163784897870e+00
2.810996442544885454e+00
2.845272218962537014e+00
2.885401011991227893e+00
2.831363452473030673e+00
2.861939726828641728e+00
2.800646175438803898e+00
2.836564471327947423e+00
2.882868016403109745e+00
2.879339333944507473e+00
2.880248253189297447e+00
2.893919314701085543e+00
2.862325103827306094e+00
2.903380443551964341e+00
2.835065784069216388e+00
2.925706410424668835e+00
2.837459427022701597e+00
2.799878568795440170e+00
2.758459352609713644e+00
2.713612721078673573e+00
2.763277040037787735e+00
2.821860024877208328e+00
2.820147868463637408e+00
2.759412981052310698e+00
2.817106494259668636e+00
2.828197128914460734e+00
2.733827353729565424e+00
2.857946640509581471e+00
2.788617937258526691e+00
2.847897821200753743e+00
2.875421708202120286e+00
2.897131167206621338e+00
2.831589306379016513e+00
2.811812404837847890e+00
2.838097602268111252e+00
2.889654304583854305e+00
2.919540203525205158e+00
2.944071160824751399e+00
2.851253934675058055e+00
2.838675747597812826e+00
2.902998105407580187e+00
2.900131203928538959e+00
2.884192954710208312e+00
2.868913731711010939e+00
2.848745162347801951e+00
2.843632184372655303e+00
2.783121449020865334e+00
2.698563321473113064e+00
2.770064620184879089e+00
2.773165339463191437e+00
2.737309262761517203e+00
2.744152692544640448e+00
2.776139765933984815e+00
2.722103230959472597e+00
2.763215156298908237e+00
2.855271966030556552e+00
2.857035001535682905e+00
2.866965992124775653e+00
2.843465139578820633e+00
2.880343035126198270e+00
2.848580348173454180e+00
2.733723102291086171e+00
2.773633897975722462e+00
2.768396828491175299e+00
2.833890258990280575e+00
2.923909369320464968e+00
2.824191742782348413e+00
2.791931410332280983e+00
2.811320330378592747e+00
2.793794015313226797e+00
2.766333493995255743e+00
2.743376386863457750e+00
2.765823927873934274e+00
2.634867359090396377e+00
2.739397926552475493e+00
2.875617151152078943e+00
2.860743085283961928e+00
2.741214876655968968e+00
2.581319817457728316e+00
2.563566656047780778e+00
2.590151346929364440e+00
2.652355556858846608e+00
2.834403640979880290e+00
2.862984107535352596e+00
2.905995698551531170e+00
2.942472599702501856e+00
2.860076572401515360e+00
2.790702599704955933e+00
2.762041274130420998e+00
2.752960224921529697e+00
2.903868282136778056e+00
2.923343633581245715e+00
2.832137178880994810e+00
2.748081148729054846e+00
2.715878126867993458e+00
2.777431547311292270e+00
2.864618124637208663e+00
2.804952227757186112e+00
2.767281156659004537e+00
2.834686755181249129e+00
2.873431920195778755e+00
2.859085343252278921e+00
2.870733355782107754e+00
2.870721512094128514e+00
2.898143888767429566e+00
2.951359008999074884e+00
2.818808613581276656e+00
2.924919657016239682e+00
2.877957782873126202e+00
2.797406119961848070e+00
2.812955918602351613e+00
2.698698945788507331e+00
2.655160070504224645e+00
2.818169796162041330e+00
2.797958898911848014e+00
2.749858359988746948e+00
2.736691981206507585e+00
2.691209021982499117e+00
2.767102455638388303e+00
2.804036554683265514e+00
2.796051859318778643e+00
2.830967679080776733e+00
2.837709816031230403e+00
2.808895512474609557e+00
2.770867373224492614e+00
2.731229210447193356e+00
2.836746551949962392e+00
2.903850891488748420e+00
2.933334109848381388e+00
2.867775444486544867e+00
2.890817185503088638e+00
2.893108017340521254e+00
2.845797252089473872e+00
2.800954658683357135e+00
2.850645540925774490e+00
2.871233010398146046e+00
2.881714940794803947e+00
2.907535382415835645e+00
2.845891073108737235e+00
2.855243772429947313e+00
2.839508584244816891e+00
2.854345108777143203e+00
2.799327776449195948e+00
2.764325776749187558e+00
2.713905304169620170e+00
2.803969685998763062e+00
2.858750251421064092e+00
2.889337813409847744e+00
2.973844313342579593e+00
2.927174917902925610e+00
2.952048780084773227e+00
2.885020623843094434e+00
2.863116658468529696e+00
2.870937303390654005e+00
2.896706060338190447e+00
2.862979916101403344e+00
2.915033619017111999e+00
2.805659280810839817e+00
2.887055420320157495e+00
2.873101982178843272e+00
2.817195236400913405e+00
2.843474635019626717e+00
2.816777769011960864e+00
2.792712838800294861e+00
2.875002260868676274e+00
2.811059586703917645e+00
2.820911023056204225e+00
2.927897709961876593e+00
2.846433909297737763e+00
2.829131315439423311e+00
2.836282954854822069e+00
2.782781881499158949e+00
2.803498885321697109e+00
2.700449777351913383e+00
2.734206466234764932e+00
2.722295538695238548e+00
2.732766180996829775e+00
2.828578088015248682e+00
2.848654068152186358e+00
2.866341919590194909e+00
2.865987089991858028e+00
2.869633077590235004e+00
2.892344723576358412e+00
2.877009210968918484e+00
2.821900777844607688e+00
2.815927733447717518e+00
2.882421551404304783e+00
2.850229990720047013e+00
2.806408024503920906e+00
2.832338433167901126e+00
2.900484959450746913e+00
2.885942133862007708e+00
2.845607492258902749e+00
2.896213735206708773e+00
2.924814694984965602e+00
2.870185708277428027e+00
2.861060118207934710e+00
2.909009969044451527e+00
2.845270285930670884e+00
2.787987984192184854e+00
2.734004572051773163e+00
2.736978626149645599e+00
2.706268648896483775e+00
2.778862537082394280e+00
2.755136294269305175e+00
2.708623820319092879e+00
2.831383760637190772e+00
2.928981734323381048e+00
2.841882826578182808e+00
2.848726908638313571e+00
2.879251465224946127e+00
2.873657773639720858e+00
2.798012866303513313e+00
2.757413461924054232e+00
2.758505936190820851e+00
2.753920296595382844e+00
2.823592392679934893e+00
2.858628517313853923e+00
2.725045687690391460e+00
2.763856725664338487e+00
2.753988198958012834e+00
2.748915058709526793e+00
2.776139045509068204e+00
2.914795361599164192e+00
2.928279699755472532e+00
2.925160850278151425e+00
2.951250921219678247e+00
3.056563756900877227e+00
2.938914935822402708e+00
2.920482665588001403e+00
2.857175353386627759e+00
2.773802804815078460e+00
2.795906471969332507e+00
2.864735240820694084e+00
2.888360953897556538e+00
2.853728964004816238e+00
2.838518803883462116e+00
2.933279563901129539e+00
2.844501186500016043e+00
2.769075296917727247e+00
2.718355569089518475e+00
2.750414696004949811e+00
2.731899888356086770e+00
2.810703470663527881e+00
2.928570470383118352e+00
2.870575029501928555e+00
2.858085198170271735e+00
2.880280021109058453e+00
2.836989425429710998e+00
2.817315211331525848e+00
2.860621960343589620e+00
2.757919868306546451e+00
2.751346579404346571e+00
2.778300559694720562e+00
2.707000923531427183e+00
2.682945396388081605e+00
2.800748649914875710e+00
2.766668212850973863e+00
2.727978189062368664e+00
2.699880367720021379e+00
2.745062112229885276e+00
2.775369164633779029e+00
2.710007011061041027e+00
2.784298295800936796e+00
2.686324254441373682e+00
2.726565972060826404e+00
2.740628577534723220e+00
2.834905818541419986e+00
2.808060718716744564e+00
2.868527496817836031e+00
2.836966161236330830e+00
2.861899019881728456e+00
2.780377492356028490e+00
2.748529970729808092e+00
2.779924639266323716e+00
2.750306710168886060e+00
2.759853981644681209e+00
2.705631349611398839e+00
2.716782840051813697e+00
2.763408040807582733e+00
2.864221360160558394e+00
2.858196984114286021e+00
2.916381490820430855e+00
2.850209992263728065e+00
2.876052329148411246e+00
2.881469763853162558e+00
2.910702664306335841e+00
2.840583918844855837e+00
2.787214021204686532e+00
2.868480085341364116e+00
2.880826443921951974e+00
2.822180894273079943e+00
2.813276737187438759e+00
2.773528078098363103e+00
2.768747370201911639e+00
2.769911370423248531e+00
2.707663383805306356e+00
2.710294817911881982e+00
2.851696687938603869e+00
2.804078993181183588e+00
2.778450827349657537e+00
2.774358484406801217e+00
2.734793228015602651e+00
2.695038775231258121e+00
2.746626294201670149e+00
2.793515885045223968e+00
2.812572843501124353e+00
2.759355540701487808e+00
2.783586535389191319e+00
2.855889528675785272e+00
2.835296104465986122e+00
2.765490553229209336e+00
2.691464099704842905e+00
2.781526379526177095e+00
2.727621308026464408e+00
2.751075607830508307e+00
2.708941675267298788e+00
2.837009164595701183e+00
2.961695122729549379e+00
2.914100032600116741e+00
2.938444996932901621e+00
2.855113657982812914e+00
2.974877140320252078e+00
2.948908442118880036e+00
2.833425841627057462e+00
2.863311369725618505e+00
2.780767160335435140e+00
2.776082491569729971e+00
2.902168327302880879e+00
2.859283301808339672e+00
2.851395798552000205e+00
2.858590037063727607e+00
2.914607349198173214e+00
2.845490643105332840e+00
