4.824933885557396884e+00
4.468374536674382114e+00
3.912275552667526579e+00
2.726559370342043653e+00
2.665809257992776793e+00
2.726131875019988549e+00
2.801112100577197950e+00
2.668147484679210368e+00
2.785593294075788151e+00
2.729821605892956082e+00
2.849481707258356700e+00
2.920620824413878047e+00
2.961716056613124870e+00
2.765487479631755452e+00
2.801104603544823046e+00
2.743796457465458971e+00
3.006701348654368999e+00
2.939018033289349852e+00
2.737016441309770620e+00
2.795832791852903121e+00
2.929042676370558151e+00
2.788322972684476486e+00
2.803826849147429190e+00
2.870733878296628294e+00
2.859194991601657243e+00
2.677659612422758961e+00
2.746249988620846239e+00
2.755556205197056130e+00
2.768169250605894582e+00
2.734372688570450904e+00
2.780805099247337875e+00
2.948903694595671254e+00
2.881422912382006096e+00
2.875277030131183853e+00
2.765078841552262023e+00
2.712937890921943040e+00
5.611691456236703068e+00
5.424397017180803360e+00
2.783845182476928137e+00
2.771502300197493440e+00
2.868574210300301353e+00
2.756987486369860019e+00
2.916072872889153622e+00
2.741690901615278619e+00
2.993922677692261392e+00
2.864562270225592400e+00
2.919658370426239102e+00
2.811005158301919327e+00
3.017689347828897528e+00
2.925637879164131760e+00
2.841465291007440719e+00
2.867071676815911463e+00
2.961502827957454453e+00
3.052259163308384426e+00
2.845113881727759697e+00
2.876518034012649494e+00
2.882708101768197473e+00
2.872356871978131831e+00
2.991372260351426338e+00
2.909521094613337855e+00
2.825370949096773110e+00
2.936481057320138532e+00
2.718130791555108505e+00
2.974692757244014718e+00
2.825484560212637053e+00
2.980891309658908028e+00
2.944385844280602793e+00
2.978734798534437900e+00
2.853414796344898807e+00
2.904903784981526904e+00
3.057418846020282910e+00
2.825633557275253338e+00
2.788480231237079554e+00
2.774629885227937631e+00
2.943819627626665714e+00
2.732254380543656769e+00
2.932912716055491753e+00
2.838532719557764761e+00
2.852949526367404953e+00
2.740058758494058111e+00
2.756455151095333456e+00
2.730190652683435193e+00
2.863163634862667006e+00
2.839794358752055992e+00
2.925636682843582026e+00
2.746200466098569493e+00
2.775724950350808573e+00
2.885263766105275796e+00
2.801327542434122631e+00
2.986217674584356274e+00
2.756654856887238658e+00
2.745936088112758799e+00
2.930618535394875046e+00
2.792346683347180392e+00
2.854207070273634184e+00
2.923851740427342527e+00
2.832545498310662602e+00
2.865632565420765943e+00
2.857622438321759883e+00
2.977678458128076411e+00
2.791942334648048973e+00
2.853453696838271991e+00
2.907333658182356118e+00
2.824389668583285662e+00
2.751786692314649674e+00
5.803246849824674314e+00
2.837798266262068214e+00
2.965545818226385411e+00
2.906861021789655553e+00
2.929381846055580052e+00
2.771757023983162593e+00
2.827087193561599321e+00
2.808260849707520102e+00
2.863353628177979893e+00
2.983620116569802416e+00
2.747222961464904412e+00
2.803355311051383580e+00
3.189402922178381505e+00
2.725990645618579400e+00
2.890898303296053573e+00
2.744805275424833990e+00
2.744904369918923059e+00
2.839448714099270799e+00
2.735402895370259824e+00
2.936648429757978462e+00
2.773725473077679915e+00
2.748115536144723148e+00
2.717775009083717386e+00
2.496879252186616327e+00
2.775358175082992318e+00
2.719861945025886740e+00
5.754330977620247367e+00
2.925036410029796752e+00
2.790200709626460274e+00
2.813018841031819761e+00
2.916538530518669514e+00
6.204872359686377514e+00
2.863886345510240350e+00
2.950591974502744019e+00
2.950567911436711821e+00
2.872013057073383280e+00
5.741582186122567322e+00
3.059822870690393160e+00
2.799340100809474485e+00
2.904775550709555176e+00
2.694187447079360087e+00
3.173407789742755281e+00
2.968000168463607036e+00
2.784005208328461212e+00
2.835869178929098844e+00
2.736096855010802020e+00
2.816900601725236708e+00
2.786052045457873216e+00
3.034879075020946892e+00
3.004129990529703864e+00
2.800788103373762716e+00
2.943854955666124429e+00
5.992203100696770868e+00
5.910260315755982319e+00
6.143578761601417249e+00
6.040922611654613306e+00
2.847739103218551282e+00
5.636058729289466385e+00
5.642826685270423859e+00
6.173655400166095930e+00
2.784394727764007094e+00
2.875661662991666923e+00
2.805975231537157111e+00
2.964880436037851563e+00
2.774708813551432840e+00
5.833016200903268889e+00
2.747441173164586470e+00
2.876006606390187237e+00
2.766294272126521125e+00
2.879502387566296395e+00
2.935892027987405672e+00
3.022489867642239592e+00
2.805393555278830942e+00
2.850859168741942451e+00
2.895341257952160241e+00
2.906936015807709772e+00
2.919229007803258558e+00
2.833672528716047356e+00
3.049074285746413260e+00
3.101069815402419660e+00
2.893929162920198639e+00
2.961439683667388412e+00
2.752156608915997005e+00
2.826880436099129312e+00
2.606349554453508244e+00
2.769401018270918335e+00
2.791075061692179116e+00
2.955068357923383182e+00
3.059225065273884159e+00
3.153235322648787253e+00
2.928192958122807443e+00
2.688015624954587235e+00
2.938564275288189087e+00
2.708447895012935813e+00
2.727649170989554062e+00
2.937983832494658554e+00
2.806171947689592550e+00
3.041250400739800686e+00
2.812380664134924491e+00
2.828177151452857530e+00
2.769372672646279732e+00
2.736868831347238462e+00
2.798295552653436324e+00
3.089536858495136595e+00
2.811671033389219421e+00
2.819325628585672927e+00
2.830656990876853296e+00
2.805195358615866663e+00
2.898586207101661927e+00
2.951841120385716444e+00
2.919583703201536817e+00
2.862744662033272824e+00
2.749382657979787314e+00
2.762783560107450853e+00
2.923144368655096414e+00
2.867070456057891015e+00
3.048893897793099939e+00
2.809654961022793884e+00
2.874811124230598924e+00
2.908972327128603208e+00
2.788870201353946143e+00
2.821792515405765478e+00
2.929779001904409874e+00
2.922974512376048661e+00
2.815524462688967500e+00
2.825720969947315808e+00
2.850189116532445333e+00
2.736931493479513477e+00
2.815657649644217386e+00
2.926657308261423562e+00
2.711909659262270011e+00
3.052938748157257187e+00
2.911975961439242866e+00
2.691535992700078594e+00
2.732155925272201635e+00
2.733980431532017974e+00
2.880796070533281572e+00
2.908208555107421933e+00
2.948159595408634370e+00
2.929964846205496354e+00
2.788844922185526709e+00
6.094767099733999771e+00
5.844123030874691871e+00
2.955039932048296070e+00
2.986912285287266489e+00
2.958790462334229154e+00
2.738989777271905179e+00
2.989004683837079845e+00
2.988972733231268553e+00
2.789886377614687607e+00
3.016133451954671418e+00
5.982031511117272160e+00
5.737834608979245132e+00
2.793296618692686639e+00
2.875489871308887224e+00
2.724426728689909094e+00
2.706130817237038411e+00
2.916400864078873223e+00
2.938970738200705757e+00
2.872677670745536371e+00
2.811377064714016161e+00
2.952980358891673873e+00
2.879125214366335506e+00
2.740777444448928790e+00
2.792953633700352434e+00
2.884442060433871635e+00
2.682008762103509802e+00
2.844634774448207004e+00
2.718668056236361874e+00
2.844323469649681080e+00
2.705095192410056359e+00
2.791551898138381560e+00
2.783561387862678149e+00
2.701287285721384546e+00
2.902298916376464977e+00
2.980580815881360923e+00
2.784901254981942298e+00
2.940881160468745925e+00
2.792737187778327801e+00
2.924783923642908068e+00
2.746586608865629664e+00
2.843357346518372353e+00
2.862509388630891216e+00
2.773881035661046379e+00
3.050523069901291073e+00
3.057686870822452274e+00
2.843776714160238583e+00
2.855547233018568054e+00
3.029043578425374861e+00
2.867001220788020444e+00
2.949846097680351775e+00
3.148592383907450554e+00
2.770421267605343907e+00
2.736548556119551279e+00
2.776436024834716410e+00
2.826011677258251975e+00
2.737136459879192962e+00
2.830333019275293349e+00
2.890878586174106424e+00
2.849966140149738703e+00
2.868164918549838571e+00
2.727640188881224059e+00
2.888676859740459069e+00
3.020674593530392027e+00
3.026410910633253959e+00
3.186135747265014917e+00
2.921970567955810338e+00
2.951716788582536388e+00
2.823861717577544894e+00
2.722614368580317024e+00
2.734194945500412199e+00
2.873930235757298224e+00
2.847002809974025883e+00
2.879187559017300391e+00
2.877440703124914290e+00
2.942298081432267232e+00
2.887761243593382154e+00
2.715486512579283751e+00
3.027955250660088637e+00
2.876680378491847989e+00
2.838046687424292891e+00
2.799781777210502476e+00
2.876140643292674159e+00
2.883335915220423651e+00
2.790789314871332305e+00
2.698035025717790969e+00
2.817070286663078793e+00
2.771127207473521814e+00
2.869870206124311984e+00
2.906858441685800098e+00
2.894630028172858083e+00
2.873202220519815775e+00
2.720904812741526069e+00
2.740086130033141387e+00
2.915829384583398465e+00
3.109599009518751789e+00
2.937139594912029139e+00
2.795101071517808844e+00
2.865836003681997646e+00
2.685664163666038551e+00
2.858616623473669183e+00
2.881230813385140532e+00
2.859262317451828572e+00
2.977008733611643532e+00
2.898537217287368239e+00
2.965283460312015507e+00
2.854269433673001899e+00
2.877444699729258204e+00
2.782578839853418806e+00
6.097712849913482280e+00
2.708232264780848109e+00
2.944226383958950422e+00
2.984476168442294686e+00
2.716056700439075655e+00
2.818716197136561519e+00
5.828244075191086004e+00
5.982295546025789612e+00
5.868028885409478868e+00
3.060777352242400440e+00
2.909922507559264737e+00
2.757041348982637086e+00
2.680762951101794300e+00
5.833106547972529476e+00
2.722934262886271384e+00
2.746104513670227565e+00
2.863685387747752831e+00
2.740140872291057850e+00
2.955924220950192360e+00
5.933010197193326896e+00
2.782729056160516468e+00
5.633211694939220138e+00
2.824376214317065426e+00
2.790358041542339240e+00
2.988045682381713419e+00
2.796749184320968418e+00
2.914501844226556670e+00
2.818594507906378333e+00
2.771860386094508577e+00
2.729656754978544875e+00
2.752915908632154185e+00
2.829651922056846125e+00
2.816164235267538007e+00
5.888959500624877386e+00
2.838195553516353886e+00
3.050716309328024511e+00
2.710465089242065861e+00
5.836867481791924384e+00
5.884635077895654653e+00
2.744177290190996210e+00
5.893463582648152510e+00
2.779328336127274035e+00
2.891339136109771779e+00
2.935079044932180192e+00
6.157335381477932579e+00
2.780427844774973067e+00
2.819832973776993601e+00
2.867929043752651896e+00
2.939209927854762316e+00
2.920246736150902578e+00
2.994789141158355594e+00
2.895913327432296569e+00
2.939968877386290202e+00
2.838670287300024242e+00
2.843252011341942165e+00
2.871454335349946430e+00
3.083465258438952805e+00
2.850792345997863020e+00
3.028366721518382487e+00
5.584273990412720323e+00
5.568100304412628709e+00
3.015744518356950898e+00
2.812198072682647876e+00
3.295306662512610618e+00
2.810141811368245257e+00
2.770761267233248670e+00
2.778902841050763239e+00
2.956219376162736889e+00
2.787817246521012926e+00
5.941451337846670455e+00
3.174955275275542554e+00
2.931292206519165777e+00
2.756372434922393033e+00
2.942737840855008891e+00
2.735264703826669308e+00
2.898419224335913036e+00
2.908795283274503873e+00
2.775724770217681936e+00
2.937479531843583569e+00
5.867170698045182320e+00
6.140434919449925033e+00
2.908131014930379621e+00
6.133574569531212717e+00
2.791171080389018400e+00
2.816009410495639465e+00
2.817754779962230671e+00
5.959788419063213993e+00
6.002938447127374566e+00
6.079831083179860762e+00
2.741831687029676168e+00
2.776814361818232157e+00
2.851947580163422646e+00
2.774982162104830508e+00
2.836410760098050154e+00
2.784340496419214439e+00
2.863090113845528251e+00
5.426001290084624173e+00
5.424123339305625180e+00
2.786598822938099129e+00
2.802242673288664054e+00
2.768912602448838634e+00
2.695396631295661649e+00
2.762655425491930661e+00
2.727648254449242415e+00
2.784802506462531468e+00
2.718260289229123661e+00
2.757714633532628579e+00
2.781437218417845525e+00
2.893399903228034642e+00
2.769414559072007176e+00
2.928793779015518517e+00
2.811141227330992365e+00
2.960282081153753797e+00
2.826154985134396558e+00
2.791767361368064027e+00
2.669352917843573092e+00
2.786206919810515270e+00
2.984522239823318657e+00
2.825163004146840517e+00
2.950881393753398196e+00
2.903037891588740482e+00
3.107685473145568977e+00
2.697627290787220744e+00
2.872086697855759319e+00
2.708754141667346182e+00
2.800163209529044295e+00
2.904558658385125725e+00
2.780462731273339649e+00
2.941275573624477779e+00
2.873323685211953471e+00
2.778473141853273543e+00
2.767394803782069701e+00
2.877908615644353851e+00
2.980438558333320387e+00
2.728476131469725452e+00
5.851882603060317933e+00
2.790979218840584419e+00
2.869881356432700592e+00
2.865371354641488733e+00
2.708822807051062931e+00
2.770227607977366446e+00
2.806297739014875336e+00
2.895323988779149094e+00
2.736297132988301684e+00
2.785465670224640089e+00
3.007216320785719432e+00
2.779223632599578941e+00
2.950581298659638030e+00
2.799653014214440017e+00
2.798361306193322573e+00
2.722374147688006563e+00
2.944043987443122568e+00
3.052083550625702912e+00
3.221178045374082810e+00
3.150338711948288406e+00
2.932639425500516150e+00
2.828047559713238179e+00
2.782585308665307178e+00
6.167685870729799902e+00
2.896523778600825327e+00
2.772555139217252940e+00
2.987244549748145683e+00
2.916368118053685787e+00
3.057162573367664393e+00
2.962215555964825775e+00
2.783551328788459678e+00
2.849279382580795161e+00
2.738434224150728014e+00
2.883213658402720814e+00
2.828998409331472175e+00
6.055527474960376466e+00
2.900643549283503209e+00
6.040515458137657667e+00
2.739324551782793105e+00
2.914912177064688414e+00
5.502242633690375584e+00
5.827395987917760145e+00
5.856319834162065696e+00
6.143603584216676516e+00
2.779642243167275151e+00
2.966453269478553700e+00
2.970419835646132878e+00
2.808691154256729217e+00
2.702761735706645574e+00
3.038394641912074423e+00
2.851825205022215481e+00
5.943274181795755062e+00
6.018868747530552454e+00
2.903890665985894515e+00
2.960263163977148171e+00
2.779888666835418576e+00
2.973487178381639229e+00
2.774977657567714751e+00
2.796365855892251062e+00
2.727856667788834066e+00
2.769406254055190697e+00
