4.877455689188780141e+00
4.888599185860914353e+00
4.813833711294979167e+00
4.851146874709113987e+00
4.634702255808888616e+00
4.594086307417395432e+00
4.561525402757283132e+00
4.518256854141871059e+00
4.538128468873485311e+00
4.542173268381556994e+00
4.544193877906179679e+00
4.690448805818053124e+00
4.551688148368691067e+00
4.517267536907682235e+00
4.580509360322277956e+00
4.555482191821190519e+00
4.921821410819372744e+00
4.988836036592102730e+00
4.859113602294146794e+00
4.782817684169029526e+00
4.750851081648423957e+00
4.731856929367158848e+00
4.697499547631696970e+00
4.561486928623165404e+00
4.521117671549812478e+00
4.391973246730904279e+00
4.423179286440919178e+00
4.417822201039784069e+00
4.537662944732673509e+00
4.547715910212509982e+00
4.542968302772979250e+00
4.472624397375661864e+00
4.397830715250417910e+00
4.253466468658239741e+00
4.109652783386937180e+00
4.083877201875687923e+00
4.060429657068326037e+00
4.017233625270006492e+00
4.028301503115177873e+00
4.007130394683956709e+00
4.017899326762680801e+00
4.066621816692572722e+00
4.108317538847258810e+00
4.104617521767406352e+00
4.160489153933705886e+00
4.200090594261032706e+00
4.187105921755502891e+00
4.108559114823589375e+00
4.121872511371500458e+00
4.065729700804026514e+00
4.031040312375950840e+00
3.960102018887897479e+00
3.911612583065966486e+00
3.862089978237172261e+00
3.832005349683113238e+00
3.748841287651425436e+00
3.772372728138087439e+00
3.750638745600541224e+00
3.634417835087209614e+00
3.564821173635502216e+00
3.539539376811621452e+00
3.592863064465441791e+00
3.617332304336995819e+00
3.632246412345946585e+00
3.646188969321255247e+00
3.651199939745836343e+00
3.619071980494447338e+00
3.555353428282482575e+00
3.526439705992433282e+00
3.541132728379437822e+00
3.449876084731160031e+00
3.359822911999976736e+00
3.365926172690066664e+00
3.326608483125118365e+00
3.274948243865847264e+00
3.216853586969727452e+00
3.223118210677355933e+00
3.157126224907708778e+00
3.139954617506438339e+00
3.025963978635568541e+00
2.943994735049639822e+00
2.813798855639827234e+00
2.775687302273078583e+00
2.761992034745937019e+00
2.812416754323583845e+00
2.738907446409973634e+00
2.771564359707347602e+00
2.661022735716476628e+00
2.754322058147884889e+00
2.670323950385045997e+00
2.683580816744671527e+00
2.617900112685738190e+00
2.552646861592883898e+00
2.560055858765586390e+00
2.674196888787360393e+00
2.717719632338847280e+00
2.734893233747891284e+00
2.758785421159100970e+00
2.735694792918245355e+00
2.735354821590793239e+00
2.735485514492811188e+00
2.783360918026981601e+00
2.741405843723253355e+00
2.702009067342298732e+00
2.702891969724280585e+00
2.715005340694562452e+00
2.601704441323033912e+00
2.710894501820385827e+00
2.699781843038433493e+00
2.743766389472689582e+00
2.801660579013810271e+00
2.762304291710093285e+00
2.747199483110027263e+00
2.715475096553087386e+00
2.707284432785000305e+00
3.247752607573427763e+00
3.259692316768563192e+00
3.185435606004302755e+00
3.257675398194240568e+00
3.341072133312898540e+00
3.290224764358812060e+00
2.730451427877815362e+00
3.346039150996293898e+00
2.655834708712121905e+00
3.248625709434683539e+00
3.297106155403553007e+00
2.737937544941447143e+00
2.687886530343124747e+00
3.441761467620904291e+00
3.322552482655466655e+00
3.332071577862635969e+00
3.363465772086881245e+00
3.313598346209147838e+00
3.354073791674834215e+00
3.298328970857819176e+00
3.273820550977099231e+00
3.324302182413626738e+00
2.793390950081996671e+00
2.755171138060211078e+00
2.775155130798997227e+00
2.765663211600429161e+00
2.735000365630688268e+00
2.724879630369018813e+00
2.682081654237991497e+00
2.778548002104696657e+00
2.762445655574060410e+00
2.753720574059757453e+00
2.746957771790458303e+00
2.715355593656197719e+00
2.780893022034468309e+00
2.703085829195957857e+00
2.775849599672143508e+00
2.778810177036207474e+00
2.722158151173439844e+00
2.746842551002877997e+00
2.727749621941134350e+00
2.709439979036258439e+00
2.709698507214409080e+00
2.767182863491316258e+00
2.755707168768118720e+00
2.813142548823290845e+00
2.735089395248353039e+00
2.748710606811855861e+00
2.798949981689561550e+00
2.711585145260977825e+00
2.749276268402286227e+00
2.758908661046972632e+00
2.746385806837779331e+00
2.780536099388029925e+00
2.826722129959009511e+00
2.810736024602808136e+00
2.818994501590948776e+00
2.778075952885378452e+00
2.795017889030408487e+00
2.871964136266329071e+00
2.780873423944354439e+00
2.788248374876241442e+00
2.765861529433460753e+00
2.759387794421074069e+00
2.835504011635320953e+00
2.930007679170823387e+00
2.883631217753060749e+00
2.882028972789829613e+00
2.879307729298832719e+00
2.865904569241620514e+00
2.788027438889366660e+00
2.790106449582166359e+00
2.820711080561070450e+00
2.861459942057550609e+00
2.894180713086175416e+00
2.883424353091303516e+00
2.965715090833912271e+00
2.914990737549606692e+00
2.850008771916325401e+00
2.852459465093237334e+00
2.745121855218817242e+00
2.728873210686051376e+00
2.749368836660516013e+00
2.738527524053756768e+00
2.823430183305406516e+00
2.986134290349314213e+00
2.896498748489285902e+00
2.754632643384594903e+00
2.755499228814989099e+00
2.701707608161919794e+00
2.792814709213627733e+00
2.724927521971914679e+00
2.784472301891329771e+00
2.773749808472278033e+00
2.778143444820659447e+00
2.770436969144037143e+00
2.815259490704187240e+00
2.772839158696371431e+00
2.829899468179037481e+00
2.852677689470017874e+00
2.793001432151440699e+00
2.703465553692149470e+00
2.763118889950267665e+00
2.710433913601289380e+00
2.666865950886920800e+00
2.834543702256149711e+00
2.767858919815097352e+00
2.743823973945850536e+00
2.735740667534114046e+00
2.821668478046278850e+00
2.862382574010679193e+00
2.874196409433427135e+00
2.882068354498206642e+00
2.720224255461302754e+00
2.757315542334608960e+00
2.845514013319913271e+00
2.880322204198690006e+00
2.865109771020998508e+00
2.821698956302745476e+00
2.816409771322348377e+00
2.870687896654737781e+00
2.896411918218816162e+00
2.777643065622363405e+00
2.784056393107007032e+00
2.729003481126398345e+00
2.772117241387888953e+00
2.853790637029983479e+00
2.898790264920868331e+00
2.901582499257947756e+00
2.875848396560569675e+00
2.915194161629719449e+00
2.853281794705879282e+00
2.805055970921079833e+00
2.740924843916739295e+00
2.774680882552082117e+00
2.785498339615373187e+00
2.689557026723917943e+00
2.765821939315689537e+00
2.874549355986081967e+00
2.890983569652376683e+00
2.757136376750340734e+00
2.749685436554515583e+00
2.850687636343203213e+00
2.916584475032395929e+00
2.856121320952595521e+00
2.793220005656554150e+00
2.842767137842985736e+00
2.860102445717635167e+00
2.885711350776442252e+00
2.930478117986892173e+00
2.856454620679277578e+00
2.873443926719294605e+00
2.878909168417788322e+00
2.908818488665114277e+00
2.998224474584917143e+00
2.945987270848263062e+00
2.957462763924509463e+00
2.949129532590930580e+00
2.935511710077137515e+00
2.897873703252092703e+00
2.802130261069246231e+00
2.743132515938667026e+00
2.745483746081917698e+00
2.750377610438246911e+00
2.772349364708567521e+00
2.773079515628788627e+00
2.854803671007867916e+00
2.776655902340079418e+00
2.721702775837214539e+00
2.817577860503592380e+00
2.772241151126647374e+00
2.740855705797005104e+00
2.771284359281811049e+00
2.818196054216242974e+00
2.734141730049852281e+00
2.757576653513007958e+00
2.765875991435625458e+00
2.652474128054786107e+00
2.696549276390105110e+00
2.773959084052971313e+00
2.694849531977620671e+00
2.749125315441258710e+00
2.722136109749106136e+00
2.732828754239825741e+00
2.796455256212764695e+00
2.829909185822046869e+00
2.795148833246630549e+00
2.758595838465649042e+00
2.723141017281330178e+00
2.728900694418908035e+00
2.760093295524627788e+00
2.808904768766645077e+00
2.905494966438592286e+00
2.890606337777595236e+00
2.941269963808150756e+00
2.823231304728679447e+00
2.801718579729234548e+00
2.875017043427742447e+00
2.953217567332281579e+00
2.978214397923695689e+00
2.950672296274189144e+00
2.891419893408773145e+00
2.937433063067140360e+00
2.882395704964881844e+00
2.847526294874201724e+00
2.919206399006414987e+00
2.867071676815911019e+00
2.842274793189426774e+00
2.931816842846770133e+00
2.874124040468677865e+00
2.901598524951376490e+00
2.879064778708531058e+00
2.900299294900442248e+00
2.881440091343216103e+00
2.904595496794691645e+00
2.852742364813198428e+00
2.981178458261094733e+00
2.899550654842918629e+00
2.881490065920755406e+00
2.856873990920845596e+00
2.857645534351663130e+00
2.789787626325703762e+00
2.772132211854261730e+00
2.786009511828701601e+00
2.791551002579032659e+00
2.696235152949386205e+00
2.741992158996812368e+00
2.779943884325725367e+00
2.750516496951072476e+00
2.868348305209812210e+00
2.884233347009218740e+00
2.916540930623123806e+00
2.908922824689578857e+00
2.890863884723733790e+00
2.885187342270862043e+00
2.836202743105647350e+00
2.776402348363795625e+00
2.843077381992969777e+00
2.810871750898642940e+00
2.859390669355973635e+00
2.899603248722141924e+00
2.855225910501654862e+00
2.890053632720333887e+00
2.928828776149264623e+00
2.887408007192610260e+00
2.804529550566368545e+00
2.754303904800630143e+00
2.764187041428275204e+00
2.786641885854728606e+00
2.779907552419684791e+00
2.774189070701562176e+00
2.775343942649271423e+00
2.842675852080220000e+00
2.945817883033504447e+00
2.882541066489773041e+00
2.896616129210082047e+00
2.873838721988413614e+00
2.895764665852527564e+00
2.889224636472560448e+00
2.756719245770232529e+00
2.694460428360379467e+00
2.710865728877031255e+00
2.794359497273033011e+00
2.761971940480207000e+00
2.736636987252785147e+00
2.727974156769085390e+00
2.781982925900157166e+00
2.946280875951917899e+00
2.920505778114468765e+00
2.885655904642825398e+00
2.900906237712622016e+00
2.876324564439834752e+00
2.909342537412877405e+00
2.931119581320420497e+00
2.943640772920500304e+00
2.887807992232170662e+00
2.964826639113997242e+00
2.777468991726099734e+00
2.824296903655846513e+00
2.855894605898474214e+00
2.789755724073346155e+00
2.765171604078126677e+00
2.735498492048569652e+00
2.747526523984800573e+00
2.756131346652405334e+00
2.707810370022243784e+00
2.704028476181417950e+00
2.741880559032431552e+00
2.773048503001705800e+00
2.831489713913861284e+00
2.862557073666829321e+00
2.934174841416236745e+00
2.911439678234807982e+00
2.894497883917002135e+00
2.942087184296209745e+00
2.828428892512590664e+00
2.748668404882625538e+00
2.783026769544267864e+00
2.739185827942309803e+00
2.702743791039024845e+00
2.802531177346649915e+00
2.808130160800955899e+00
2.813606049183146940e+00
2.768700417163258098e+00
2.799707306130410522e+00
2.864237944026299054e+00
2.884597718920265841e+00
2.777894166450550095e+00
2.743175167574976481e+00
2.718488734572942711e+00
2.730638936219872637e+00
2.752606401213221421e+00
2.751229906787144852e+00
2.680825246076289581e+00
2.736132306742493636e+00
2.861819875533748725e+00
2.951308353933896012e+00
2.859565351587544768e+00
2.778818453947648592e+00
2.753768508789364411e+00
2.701188812356515534e+00
2.768992235453180406e+00
2.830587394870542006e+00
2.876403483518958470e+00
2.899881894146726147e+00
2.862863252060776187e+00
2.954905920668203123e+00
2.830617777093898280e+00
2.719844297014077927e+00
2.793487068164090203e+00
2.779633968708829617e+00
2.800400864162129633e+00
2.832794027104688972e+00
2.782657902078514489e+00
2.816987930396578577e+00
2.883800443858763440e+00
2.900649927171495168e+00
2.942074438215321663e+00
2.807415359365265317e+00
2.888717881690767708e+00
2.821424817357358616e+00
2.753637049431169714e+00
2.869607812924965362e+00
2.889630772261397418e+00
2.888853059606874218e+00
2.850776210087350826e+00
2.798461184293968174e+00
2.746015659095920380e+00
2.758566475544861785e+00
2.748042394141691602e+00
2.704898334503535562e+00
2.730835403315256649e+00
2.800712409370158529e+00
2.823935197556771026e+00
2.747011649047014448e+00
2.774677819135042967e+00
2.738751175262184923e+00
2.786237247615500401e+00
2.734208112049995698e+00
2.726199919301590668e+00
2.763613938306144657e+00
2.829971554627360053e+00
2.906982972086352479e+00
2.853427588007096727e+00
2.822249280272740357e+00
2.835548976829707524e+00
2.802017487454351752e+00
2.721267903018738110e+00
2.665385525585370008e+00
2.809309345728945750e+00
2.776821744368910494e+00
2.689507575746906021e+00
2.775259627494335746e+00
2.796402152767015536e+00
2.805949750084629990e+00
2.716798851589863784e+00
2.793119045082039342e+00
2.773764409606554793e+00
2.693197727609318637e+00
2.750800792496613578e+00
2.841803828556785039e+00
2.961669292814443022e+00
2.942324761137016242e+00
2.933429903713399067e+00
2.846130179735283594e+00
2.736315953978999183e+00
2.707686097020848948e+00
2.751720552672454634e+00
2.841618024999137848e+00
2.886404510805787638e+00
2.848493988057549497e+00
2.784891200747346751e+00
2.742696847994688714e+00
2.794420333450212457e+00
2.906989336065751939e+00
2.862885956513112617e+00
2.820985288866285856e+00
2.950913926226923945e+00
2.934306732432721887e+00
2.908088031679921581e+00
2.784266689812597839e+00
2.760972473604182742e+00
2.737492283094145940e+00
2.760170465750258373e+00
2.772909843467687985e+00
2.863612578544800336e+00
2.904266000214168031e+00
2.831329369748422309e+00
2.890289085887430609e+00
2.849479426140852478e+00
2.904884507170637953e+00
2.904398388651254326e+00
2.901465319454982428e+00
2.929490399369829134e+00
2.952032858895713208e+00
2.790431866217127244e+00
2.815974076585223695e+00
2.897375536584790190e+00
2.816094636193890111e+00
2.765006148275262365e+00
2.785733296638428058e+00
2.742744063889301032e+00
2.725466749017496415e+00
2.838842369699311696e+00
2.854735889710290575e+00
2.914212586617523471e+00
2.928285846702811224e+00
2.972227615779114096e+00
2.915317135407399007e+00
2.918029643440929632e+00
2.823809483658556552e+00
2.770431013398456876e+00
2.784524555467234652e+00
2.798510496674972092e+00
2.741671935151979600e+00
2.781278303226773385e+00
2.856257166292978766e+00
2.843316725234808828e+00
2.819202901530856842e+00
2.930806885483927537e+00
2.941364989252438278e+00
2.970257396253732640e+00
2.906362675235147464e+00
2.960466517290813560e+00
2.908909245748309669e+00
2.949198535195621584e+00
2.831458458109530785e+00
2.690359455537493893e+00
2.702888454968129128e+00
2.751423994952431507e+00
2.806755065907960311e+00
2.842437862117657588e+00
2.870440035952675828e+00
2.891620134111671181e+00
2.900300329276262801e+00
2.900082240213197160e+00
2.832729072820060257e+00
2.799241504407935732e+00
2.786687101200993943e+00
2.744723301172633967e+00
2.775720447019116133e+00
2.757293237941877084e+00
2.728626394360356588e+00
2.726022377017473630e+00
2.786705223018752786e+00
2.861883645433546342e+00
2.939497576117388267e+00
2.812589198585531136e+00
2.847058306392757920e+00
2.903229064335089316e+00
2.887216306410033351e+00
2.902049448234815809e+00
2.894547978527908239e+00
2.841432385259238025e+00
2.746135648506824456e+00
2.729214905426100568e+00
2.812157356905904404e+00
2.859825693989058948e+00
2.918769775093609908e+00
2.904141181141164818e+00
2.894990328135830460e+00
2.911082616484801822e+00
2.845565321689172311e+00
2.776580991075175309e+00
2.745511609882573367e+00
2.786529920887267142e+00
2.774417776759657617e+00
2.830399618428464770e+00
2.879643033433137767e+00
2.847317860724368987e+00
2.886573574326489311e+00
2.732455306130367578e+00
2.720489110435842406e+00
2.769563864582292645e+00
2.830770389840899792e+00
2.853266899538141832e+00
2.869361427216864158e+00
2.854228266975155304e+00
2.914962950021835031e+00
2.885919264289976471e+00
2.901486687889502925e+00
2.873083535158698076e+00
2.845508917575202190e+00
2.923330634738396938e+00
2.905535750941639517e+00
2.874480126909907174e+00
2.910267685282574845e+00
2.905040102993416973e+00
2.719903123274797885e+00
2.756385132741794308e+00
2.750975099850959449e+00
2.787783528181483561e+00
2.756513921604605510e+00
2.746853654638339304e+00
2.877522719284766772e+00
2.864369738703437474e+00
2.840567900966284309e+00
2.851720883957615360e+00
2.786932543137706109e+00
2.769215954020198822e+00
2.836005818047629301e+00
2.851466114124451057e+00
2.793235042025643988e+00
2.848875918673889895e+00
2.830142399244250040e+00
2.794935598542477972e+00
2.833726521737762738e+00
2.880907148798794726e+00
2.861182098364240645e+00
2.785901828851835127e+00
2.772176762040977405e+00
2.764996021696957573e+00
2.718283649658364443e+00
2.818898189009316102e+00
2.738729267379307331e+00
2.821446614770514838e+00
2.867961122470108037e+00
2.875407971053847156e+00
2.910062885918446973e+00
2.966161324001107324e+00
2.942248969750860699e+00
2.909897077217680650e+00
2.938169157826008959e+00
2.904183706310603963e+00
2.937115081163828467e+00
2.959261563295815911e+00
3.015836368240160770e+00
2.921919574526307795e+00
2.814340064739867753e+00
2.817465705203880066e+00
2.862962102438661560e+00
2.874777382685484106e+00
2.963299849829577504e+00
3.029060250308666546e+00
2.943824892890199774e+00
2.890827909094555004e+00
2.901742062968381219e+00
2.883740106181553742e+00
2.953476764763860896e+00
2.948048337459886259e+00
2.891299707743906655e+00
2.947152354392287510e+00
2.955955344723597111e+00
2.909415920764853780e+00
2.899291465168687854e+00
2.858697080839450955e+00
2.788508920552344339e+00
2.874407417190541381e+00
2.888437986178688632e+00
2.909371925347463250e+00
2.880622675742173566e+00
2.851803990459372606e+00
2.933619266367057943e+00
2.846048664376629844e+00
2.782056433647599469e+00
2.785664373179224107e+00
2.699621084522788816e+00
2.798366309116803397e+00
2.733075008118145188e+00
2.863520385818825620e+00
2.838754128134382881e+00
2.738285777635343532e+00
2.883122092454635688e+00
2.889910898280429574e+00
2.984098356287875120e+00
2.931970497805187481e+00
2.890215735892391891e+00
2.983282923224011007e+00
3.042330192467609606e+00
2.998142091362582029e+00
2.954260144266242616e+00
2.997956137104077268e+00
3.043669003029074283e+00
3.045404735006498775e+00
3.088376110515039130e+00
3.121858420876897799e+00
3.194623921528166210e+00
3.155905416833654442e+00
3.088048736662036831e+00
3.138761220609175950e+00
3.168432577789844551e+00
3.157759332184769008e+00
3.177649760436162207e+00
3.138674242415099958e+00
3.142431860836444102e+00
3.158318223358755006e+00
3.092692516238884082e+00
3.106615038912932114e+00
3.126718087707940796e+00
3.049814912416818125e+00
3.040742179139822809e+00
3.032753534331466216e+00
2.968001684635640736e+00
3.005343740739152114e+00
2.955771472898403918e+00
2.973406463973602420e+00
3.038327500451523555e+00
2.907654381112033004e+00
2.938779338432880195e+00
2.923511245061321429e+00
2.917167290369203858e+00
2.982908144747336454e+00
2.939285287276483860e+00
2.904620457133771261e+00
2.902180214941863401e+00
2.932243339151782813e+00
2.970516958376100192e+00
2.966890796776989525e+00
3.024478963391876274e+00
2.960522589003502514e+00
3.006008316688428827e+00
2.945080474282494087e+00
2.829888160334256053e+00
2.736778032650803105e+00
2.756382593182594043e+00
2.745131690830150628e+00
2.732274693364487028e+00
2.765448245764147828e+00
2.756393295594806503e+00
2.752906464084822424e+00
2.740638429271544663e+00
2.755660719319416252e+00
2.813130818145505696e+00
2.790836075444059095e+00
2.858022743086555018e+00
2.765165636991752329e+00
2.757146713542824479e+00
2.838880941497899713e+00
2.819922162046321290e+00
2.719525142373204751e+00
2.847136280545769615e+00
2.886787314645816060e+00
2.846997190023201174e+00
2.914687461804438495e+00
2.827230623773023588e+00
2.792126608877183891e+00
2.745436395183833866e+00
2.759819921661556652e+00
2.772290028117548655e+00
2.726668663405952042e+00
2.778582912205428190e+00
2.800156245640589514e+00
2.860674221228275194e+00
2.874565880267835993e+00
2.910068899527981756e+00
2.891599038594389715e+00
2.885337761857352579e+00
2.944265273374666148e+00
2.935963385330273567e+00
2.910409593167257114e+00
2.922012662532453842e+00
2.949784059893198584e+00
2.911622743419895798e+00
2.903916148927168539e+00
3.018769616913487663e+00
2.971073375061612065e+00
2.887808511657238952e+00
2.895839774573172321e+00
2.868314661957435785e+00
2.868444003288193489e+00
2.833527483544142633e+00
2.852490315496268636e+00
2.917593014798327999e+00
2.922968012141084149e+00
2.865045549376135092e+00
2.785969669612359922e+00
2.718346004466686505e+00
2.670284816269605344e+00
2.702427242313842459e+00
2.701239160089309532e+00
2.738600555028060324e+00
2.769478831838221300e+00
2.793501924108877432e+00
2.781217539136412231e+00
2.752732097389791299e+00
2.804170822186123679e+00
2.854712244692974021e+00
2.873014096728381261e+00
2.850232622085432599e+00
2.934119970280697043e+00
2.939597421416749068e+00
2.891938104455211267e+00
2.815497291776356992e+00
2.877493527360227343e+00
2.832281236035715022e+00
2.763209365936645678e+00
2.747421154464674053e+00
2.751792325012917928e+00
2.802105993712586507e+00
2.805946186226671024e+00
2.873666821327761856e+00
2.892036306826040182e+00
2.916095163056239947e+00
3.001599740138581662e+00
2.970706313320116365e+00
2.860674221228275194e+00
2.817729937378669280e+00
2.772844928949326881e+00
2.684776527013002845e+00
2.690755655944998548e+00
2.799325097233260173e+00
2.857798803274996136e+00
2.782273171347486418e+00
2.821260356649134327e+00
2.814621288912594999e+00
2.820885676520763052e+00
2.817652569072347735e+00
2.813189826513668113e+00
2.861650572659072633e+00
2.920581106560816043e+00
3.017399708358174948e+00
2.936240793940442018e+00
2.921249903722719754e+00
2.998430589491775766e+00
2.938281470519800820e+00
2.907857802575634754e+00
2.952604782221961877e+00
3.009527869949038870e+00
2.988735351281541330e+00
2.972091855915627967e+00
2.978609407089153116e+00
2.972345202024825550e+00
2.929948122407630695e+00
2.954985279151149502e+00
2.916823443405514471e+00
2.937017024124988218e+00
2.823201905638347942e+00
2.866960760108166806e+00
2.933137228293282384e+00
2.852719053815149231e+00
2.971693961362777969e+00
2.821826713318873914e+00
2.820877345791553470e+00
2.859759080761874017e+00
2.878033008844756324e+00
2.913005492614114011e+00
2.906118545414140275e+00
2.893425996980050652e+00
2.866021283940508368e+00
2.904021521958816354e+00
2.853024535471085255e+00
2.808659110678973558e+00
2.885471365305849023e+00
2.921683589987115415e+00
2.908622182408708845e+00
2.903547140998402831e+00
2.867989016715370987e+00
2.910371969353745314e+00
2.883506545856970860e+00
2.858741156523269655e+00
2.872323971978091528e+00
2.732468115093019900e+00
2.881868491100869178e+00
2.849171283022486012e+00
2.755312867897218965e+00
2.697088986296151347e+00
2.755094553731323170e+00
2.737122211374567016e+00
2.823972733579416250e+00
2.910274385689432197e+00
2.848504695449877833e+00
2.842252100008020310e+00
2.793175433086865667e+00
2.747848067124527116e+00
2.737519680294554281e+00
2.732284758219758025e+00
2.783981501375323742e+00
2.775880761127898388e+00
2.821775327697086944e+00
2.887503593071357955e+00
2.899175917394458235e+00
2.812744389382014099e+00
2.850803570925222630e+00
2.958352751109982304e+00
2.846287406429645728e+00
2.796981408590340390e+00
2.908715524075876413e+00
2.883638847012572892e+00
2.814399758385436101e+00
2.798546408405620856e+00
2.838372949420143065e+00
2.843033239341390406e+00
2.809527718318507894e+00
2.793622379635444020e+00
2.785499955124752791e+00
2.750739718693864244e+00
2.745065390842265529e+00
2.733298007901809434e+00
2.740563810605401773e+00
2.706473905287098969e+00
2.798260888480557984e+00
2.867557322879526804e+00
2.710949280233771130e+00
2.727997617301011868e+00
2.807182395214105064e+00
2.797729972674275256e+00
2.777462691018549368e+00
2.780055754836582516e+00
2.886616185085921771e+00
3.033881672049851375e+00
2.914539586281168049e+00
2.974727886715018421e+00
2.848823792374670205e+00
2.882120573466696811e+00
2.905118930439854363e+00
2.924972820386541716e+00
2.881342742542094992e+00
2.923729296634693942e+00
2.876071278671653797e+00
2.857590068571767894e+00
2.855175826459729560e+00
2.910822048837750753e+00
2.962546708492542535e+00
2.952482684115183886e+00
2.896635807277124552e+00
2.915462742001687868e+00
2.738645833254091944e+00
2.811886555321889691e+00
2.796909365710658957e+00
2.819593942396671160e+00
2.780753315200756859e+00
2.789168155561797757e+00
2.771974747359722269e+00
2.720364130038476880e+00
2.749903998324304766e+00
2.779448326556908988e+00
2.844245242590730083e+00
2.921941306734274768e+00
2.881757970406258806e+00
2.950491484481865267e+00
2.932766782408720019e+00
2.938256115453518724e+00
2.903247319812764182e+00
2.835105112689827234e+00
2.839183861605303338e+00
2.810016725928868642e+00
2.781707389356399940e+00
2.790906841870577360e+00
2.726868717045249024e+00
2.802743477380689630e+00
2.783642577630971449e+00
2.762185547713983613e+00
2.783572345027159667e+00
2.826743355877926245e+00
2.841335777411743813e+00
2.826895293427048816e+00
2.892713086360277241e+00
2.890183904183261543e+00
2.952760234086065694e+00
2.913421013173345120e+00
2.989320491349162445e+00
2.869587775273654273e+00
2.849039662763578118e+00
2.751007633577195133e+00
2.752378970999451724e+00
2.819126637808241131e+00
2.746290225012644637e+00
2.734683345471647264e+00
2.744145950928995159e+00
2.748475213641192738e+00
2.747311776992192645e+00
2.670874950273786297e+00
2.763986070876624623e+00
2.735801345127236939e+00
2.667662272477533847e+00
2.779581803077578073e+00
2.740787113221309745e+00
2.832017831864764634e+00
2.847684146811229500e+00
2.826102262834804257e+00
2.784648451779864864e+00
2.677806191642703837e+00
2.729215271831813006e+00
2.726741095153700112e+00
2.787698333751340574e+00
2.767269050887534831e+00
2.724125731312708965e+00
2.823318614680249361e+00
2.832678944038663715e+00
2.913983870923104291e+00
2.927622926539549919e+00
2.927000000000000490e+00
3.008466386715995977e+00
2.953571058904796320e+00
2.876007997207240763e+00
2.935060646732875256e+00
3.014348022375651581e+00
2.973818588952594766e+00
2.885983367935442079e+00
2.859489814634771587e+00
2.790828909123595825e+00
2.809064079012795201e+00
2.791422039033152114e+00
2.807249721702720358e+00
2.755097820404930342e+00
2.729301925401438123e+00
2.732233701570932816e+00
2.757944705754630910e+00
2.788766214654788467e+00
2.849598919146342002e+00
2.827288807320539998e+00
2.742420281430255180e+00
2.722492607887117888e+00
2.775268275320423417e+00
2.812469555390777920e+00
2.825752643102364292e+00
2.810077045207124424e+00
2.738782758818230523e+00
2.686275674609738040e+00
2.786778067948719961e+00
2.731965226718671591e+00
2.796260002217247909e+00
2.862967865694618919e+00
2.896938211284459275e+00
2.921894077477826368e+00
2.892378433054706655e+00
2.898290875671384104e+00
2.871445977203819666e+00
2.903197547532720080e+00
2.930840664382831751e+00
2.914508534899151293e+00
2.838777729939418570e+00
2.846990340693132282e+00
2.759811768943671861e+00
2.731798674866067422e+00
2.737933527315811411e+00
2.885549167836168216e+00
2.910230575057584979e+00
2.905940295326109535e+00
2.945990156127477722e+00
2.914149447094296796e+00
2.786077708894711069e+00
2.772029581371742601e+00
2.830709275075771192e+00
2.877627668757722024e+00
2.747571473137687459e+00
2.718457467020589213e+00
2.787636095332387765e+00
2.819801766082147498e+00
2.771352738285042250e+00
2.792805399593748739e+00
2.814001599146666699e+00
2.755736017836250884e+00
2.817594363992092177e+00
