-5.818997336940000196e+02
-5.800333837959999528e+02
-5.795855783949999704e+02
-5.787376856150000322e+02
-5.989048520139999709e+02
-5.942302325059999930e+02
-5.943654481580000493e+02
-5.929748263290000523e+02
-5.830387966880000477e+02
-5.831631092400000398e+02
-5.954684969539999884e+02
-5.906301840529999936e+02
-5.865787801210000225e+02
-5.942961147800000390e+02
-5.887067401900000050e+02
-5.804137478650000048e+02
-5.778021117219999496e+02
-5.751818256020000035e+02
-5.848045069910000393e+02
-6.006163385470000549e+02
-6.011434236850000161e+02
-5.849690153269999655e+02
-5.828288547529999732e+02
-5.567623933029999534e+02
-5.888924360959999831e+02
-5.984617879180000273e+02
-5.765158526899999742e+02
-5.571265504970000393e+02
-5.819514513929999566e+02
-5.964405431220000082e+02
-5.984303632810000408e+02
-5.854432912360000500e+02
-5.856692875280000408e+02
-5.661870845079999981e+02
-5.766582218730000022e+02
-5.788642050910000307e+02
-6.001166981420000184e+02
-5.846506108349999522e+02
-5.940570917100000088e+02
-5.893282814440000266e+02
-6.020835199619999685e+02
-6.041958412000000180e+02
-5.908240717999999561e+02
-5.726589878810000300e+02
-5.840582899019999559e+02
-5.962680216889999656e+02
-5.881867568709999432e+02
-5.821710099560000344e+02
-5.858008444910000208e+02
-5.789066472250000288e+02
-6.010377680349999991e+02
-5.969980569860000514e+02
-5.992409777789999907e+02
-5.911090475270000297e+02
-5.738973461799999995e+02
-5.710270433939999748e+02
-5.988162045020000050e+02
-5.859245726269999750e+02
-6.036992753649999486e+02
-5.897148947179999823e+02
-5.940644319919999816e+02
-5.946004266959999995e+02
-5.966486088799999834e+02
-5.949659166659999983e+02
-5.956275168189999931e+02
-5.742595611010000312e+02
-5.880582361629999468e+02
-5.882197044920000053e+02
-5.882106642129999727e+02
-6.041203116689999888e+02
-6.048417611950000037e+02
-5.940371016829999462e+02
-5.802428030710000257e+02
-5.767263401510000449e+02
-5.776746374069999774e+02
-5.900630709429999570e+02
-5.751593484439999884e+02
-5.974429689989999588e+02
-6.025514205929999889e+02
-6.017293936309999935e+02
-5.884359477030000107e+02
-5.783078064960000120e+02
-5.940596720510000068e+02
-5.938140644479999537e+02
-5.811235925239999460e+02
-5.981810443919999898e+02
-5.723816758899999968e+02
-5.908393198750000010e+02
-5.895590336679999837e+02
-5.842585832490000257e+02
-5.885411528240000507e+02
-5.850618479140000545e+02
-6.007614035130000048e+02
-5.993056887220000135e+02
-6.003640057759999991e+02
-5.930975247330000002e+02
-5.841529105849999723e+02
-5.803751054709999835e+02
-5.837089504210000541e+02
-5.905883758559999706e+02
-5.945112180739999985e+02
-5.941961066809999465e+02
-5.908331806850000021e+02
-5.891489237389999971e+02
-5.761164883210000198e+02
-5.872376532829999860e+02
-5.829689132810000274e+02
-5.842069302370000514e+02
-5.733857190480000554e+02
-5.805741824110000380e+02
-5.807210634199999504e+02
-5.880142948689999685e+02
-5.968625905280000552e+02
-6.021373229749999609e+02
-5.956365075300000171e+02
-5.777520119370000202e+02
-5.844782373199999483e+02
-5.712949764649999906e+02
-5.952684664470000371e+02
-5.975303885910000190e+02
-5.916015611049999734e+02
-5.924708272850000412e+02
-5.749566691589999436e+02
-5.902808361009999771e+02
-6.042777033679999477e+02
-5.905996597529999690e+02
-5.965389731090000396e+02
-5.917535252549999996e+02
-5.811451126870000508e+02
-5.984361702889999606e+02
-5.986966990639999722e+02
-5.947104069199999685e+02
-5.812544365049999442e+02
-5.889868160429999762e+02
-5.931288099370000282e+02
-5.822251328490000333e+02
-6.007799005299999635e+02
-5.959200779929999499e+02
-5.901902505860000474e+02
-5.942657480540000279e+02
-5.947933703429999923e+02
-5.938706647919999568e+02
-5.969227520169999934e+02
-5.962417495500000086e+02
-5.892640410159999647e+02
-5.930328318010000430e+02
-5.894279762109999865e+02
-5.952137617509999927e+02
-5.871764341099999456e+02
-5.935578534459999673e+02
-6.032507972099999733e+02
-5.990134895659999756e+02
-5.876167891650000001e+02
-5.899806248910000477e+02
-5.986236216889999469e+02
-6.028852950650000366e+02
-5.832184199130000479e+02
-5.978246496890000117e+02
-5.863323379299999942e+02
-6.040852925819999655e+02
-5.984713063839999450e+02
-5.952031216840000525e+02
-6.026395030820000329e+02
-6.016903758890000518e+02
-5.976638071520000040e+02
-5.969206177959999877e+02
-5.879420291010000028e+02
-5.935660824569999932e+02
-5.980650141239999584e+02
-5.793983402899999646e+02
-5.948585178609999957e+02
-5.937315455269999802e+02
-5.763664243470000201e+02
-5.809869445120000364e+02
-5.893859605400000419e+02
-5.938884631839999884e+02
-5.913047260839999808e+02
-5.959068350689999534e+02
-6.025736603330000207e+02
-5.783971525020000399e+02
-5.955244722930000307e+02
-5.960341650520000485e+02
-5.935929657880000150e+02
-5.430208867310000187e+02
-5.714405335090000335e+02
-5.929203484600000138e+02
-5.936244396609999967e+02
-5.863962077490000411e+02
-5.976383565009999757e+02
-5.987068052939999916e+02
-5.920134972240000479e+02
-5.917662304460000087e+02
-5.854974625730000071e+02
-6.000185800960000506e+02
-5.971304976469999701e+02
-5.968943724250000287e+02
-5.900327375159999974e+02
-5.915835774910000282e+02
-5.989608143909999853e+02
-5.911826153419999628e+02
-5.922526829199999838e+02
-5.942207458809999707e+02
-5.982705959400000211e+02
-5.858510879079999540e+02
-5.898121272580000323e+02
-5.662882556549999435e+02
-5.902196377960000291e+02
-5.994562697759999992e+02
-5.910359893600000305e+02
-6.016649872890000097e+02
-5.994533980720000272e+02
-6.039834687940000322e+02
-5.867773724830000219e+02
-5.807864769999999908e+02
-5.907888440729999502e+02
-5.855629591650000521e+02
-5.796186678889999939e+02
-5.912110281880000002e+02
-5.957749116019999747e+02
-5.844500639279999632e+02
-5.967647869510000191e+02
-5.861965106760000026e+02
-5.825361774640000476e+02
-5.922605264989999796e+02
-5.998613729899999498e+02
-5.650706663879999496e+02
-5.724914267509999490e+02
-5.886441472349999913e+02
-5.780285142149999729e+02
-5.962932335110000395e+02
-5.897964872779999723e+02
-5.984158560119999493e+02
-6.015531963759999599e+02
-6.021838743219999515e+02
-5.884407773159999806e+02
-5.925105434309999737e+02
-5.853840381109999953e+02
-5.532304027229999974e+02
-5.751608489410000402e+02
-5.699975917770000251e+02
-5.996000544659999605e+02
-6.000569536100000505e+02
-5.969123282949999520e+02
-6.018161020439999902e+02
-5.961447045510000180e+02
-5.853574809279999727e+02
-5.999380482440000151e+02
-5.956568084629999476e+02
-6.015199906469999860e+02
-5.816790189060000102e+02
-6.016125936869999578e+02
-5.965907676120000360e+02
-5.934936049460000049e+02
-6.013926215479999655e+02
-5.921112452370000483e+02
-5.923560127990000410e+02
-5.938194737500000429e+02
-5.817862196810000341e+02
-5.919085012660000302e+02
-5.931217397259999871e+02
-5.994421599040000501e+02
-5.828526027589999785e+02
-5.909982360120000067e+02
-5.992762804000000187e+02
-5.904367813600000545e+02
-5.964249167860000398e+02
-5.914222409730000436e+02
-5.822460947409999790e+02
-5.981969468959999858e+02
-5.801721112510000467e+02
-6.014774080150000373e+02
-5.901893603959999837e+02
-5.790178921760000321e+02
-5.819500236119999954e+02
-5.941680853990000060e+02
-6.038343275979999589e+02
-5.956867291170000271e+02
-5.978587337139999818e+02
-5.918190208739999889e+02
-5.958953945619999786e+02
-5.939907846390000259e+02
-5.799945654690000083e+02
-6.018433060769999656e+02
-6.009335759670000243e+02
-6.026627652070000067e+02
-5.869097196730000405e+02
-5.953805224469999757e+02
-5.848536093599999504e+02
-5.826866171359999953e+02
-5.847571220009999706e+02
-5.763999369130000332e+02
-5.920424330770000552e+02
-5.859006851499999584e+02
-5.864813060420000284e+02
-5.872445390029999999e+02
-5.838020723810000163e+02
-5.857564956749999965e+02
-5.877707035749999704e+02
-5.711619182030000275e+02
-5.805322406489999594e+02
-5.797355399430000489e+02
-5.808565898440000410e+02
-5.814505989140000111e+02
-5.817573139410000067e+02
-5.975681072869999753e+02
-5.863183399929999950e+02
-5.764578721619999442e+02
-5.814158638320000136e+02
-5.829845800719999716e+02
-5.999377905060000558e+02
-5.727189781460000404e+02
-5.940998383830000193e+02
-5.650175446619999775e+02
-5.961238766530000248e+02
-5.846397638400000005e+02
-5.969673141360000272e+02
-5.788993232269999680e+02
-6.012907447369999545e+02
-5.819051854309999499e+02
-6.029905732490000219e+02
-5.900269121730000279e+02
-5.879422907839999652e+02
-5.811176646730000357e+02
-5.747433426779999763e+02
-5.910436703359999910e+02
-5.905652398669999457e+02
-5.978614976400000387e+02
-5.916501254419999896e+02
-5.832432584700000007e+02
-5.881974507270000458e+02
-5.869390946449999547e+02
-5.931860628680000218e+02
-5.963064134710000417e+02
-5.831510225020000462e+02
-5.961775836199999503e+02
-5.926935124770000130e+02
-5.901697451579999552e+02
-5.989586371210000380e+02
-5.994608343720000221e+02
-5.785351001740000356e+02
-5.947519684809999490e+02
-5.768354398589999619e+02
-5.842333431929999961e+02
-5.950916596340000524e+02
-6.053243405609999854e+02
-5.934787237399999640e+02
-5.944583356120000417e+02
-5.776375594349999574e+02
-5.996572340860000168e+02
-5.943035503459999518e+02
-5.942519442929999514e+02
-5.897675359679999474e+02
-5.992948908160000201e+02
-5.888053843320000169e+02
-5.958060034750000113e+02
-5.988760722590000114e+02
-5.844041709330000458e+02
-5.804685358110000379e+02
-5.790389962680000053e+02
-5.628901911670000118e+02
-5.921776812509999672e+02
-5.864882231770000089e+02
-5.860943524829999660e+02
-5.789355484589999605e+02
-5.899943703440000036e+02
-5.983760232700000188e+02
-5.872955403720000049e+02
-6.031030977499999608e+02
-5.986119411339999488e+02
-5.988687213389999897e+02
-5.932245978189999960e+02
-5.981077743219999547e+02
-5.918670406080000248e+02
-5.895826622710000038e+02
-5.903242180429999735e+02
-5.994678761049999594e+02
-5.928581450450000148e+02
-5.875308418529999699e+02
-5.936428508980000061e+02
-5.980738896379999687e+02
-5.908231099539999605e+02
-5.910396537760000228e+02
-5.982875220829999989e+02
-5.874613490609999644e+02
-5.697998302190000004e+02
-5.975057228639999494e+02
-5.860675868929999979e+02
-5.906873072829999956e+02
-5.716787000159999934e+02
-5.897967350390000547e+02
-5.811658863410000322e+02
-6.011808582070000284e+02
-5.879792441969999572e+02
-5.908953567349999503e+02
-5.988314040359999808e+02
-5.974617006959999799e+02
-5.914343832790000306e+02
-5.954894064049999542e+02
-5.982636736870000504e+02
-6.049683838669999432e+02
-5.954101652589999958e+02
-5.899827006269999856e+02
-5.891210399740000412e+02
-5.820085474019999765e+02
-5.882767288310000140e+02
-5.767444477069999493e+02
-5.679188733610000099e+02
-5.804912746700000525e+02
-5.795920675139999503e+02
-5.567320337679999511e+02
-5.909864922499999693e+02
-5.983323026629999504e+02
-5.943685249500000509e+02
-5.872367062600000054e+02
-5.924554944989999967e+02
-5.930676999459999479e+02
-5.949930704439999545e+02
-5.932849872389999746e+02
-5.828777402939999774e+02
-5.755864272640000081e+02
-5.949906180880000193e+02
-5.994483113149999554e+02
-5.764447190759999557e+02
-5.879112434510000185e+02
-5.851298209110000244e+02
-5.957727650000000494e+02
-5.966378109790000508e+02
-5.902980691200000365e+02
-5.889743952420000142e+02
-6.010159748590000390e+02
-5.985021879790000412e+02
-5.869501245159999598e+02
-5.805155141469999762e+02
-5.995288207209999882e+02
-6.012204203490000509e+02
-5.893075833389999616e+02
-5.889000858309999558e+02
-6.043668711120000125e+02
-5.953169538460000467e+02
-6.041921135999999706e+02
-5.666215596380000079e+02
-5.934103459809999777e+02
-6.012527584680000245e+02
-6.044056829789999483e+02
-6.004663067760000104e+02
-5.980703263880000122e+02
-5.963677393550000261e+02
-5.834075692280000567e+02
-5.928521192739999606e+02
-5.930719619129999955e+02
-6.022775314609999668e+02
-5.724580381030000353e+02
-5.986600041090000559e+02
-5.834032868809999854e+02
-5.806951234880000356e+02
-5.968678568469999846e+02
-5.855466114500000003e+02
-5.873849850939999442e+02
-6.005617624980000073e+02
-5.854794859989999622e+02
-5.927049424839999574e+02
-5.944722894689999748e+02
-5.877694154600000047e+02
-5.984198417339999878e+02
-5.940332177669999965e+02
-5.988758589819999543e+02
-5.948240510399999721e+02
-6.059032172710000168e+02
-5.981471388449999722e+02
-5.905705358220000107e+02
-5.910332907660000501e+02
-6.002569031709999763e+02
-5.932131740080000100e+02
-5.678835897789999763e+02
-5.958458090149999862e+02
-5.980802086439999812e+02
-5.739089253769999459e+02
-5.886486033139999563e+02
-5.995308375939999905e+02
-5.961781494320000547e+02
-5.902187242400000287e+02
-5.911751783360000445e+02
-5.706868899339999643e+02
-5.806215137789999972e+02
-5.815448310159999892e+02
-5.835998199309999563e+02
-5.901877702799999952e+02
-5.981262919089999741e+02
-5.921862525349999942e+02
-5.961993994250000242e+02
-6.011732095050000453e+02
-5.749028747649999787e+02
-5.853955308439999499e+02
-5.869888005730000486e+02
-5.886426503860000139e+02
-5.878165730489999987e+02
-5.834173037929999737e+02
-5.920798970160000181e+02
-5.907054665110000542e+02
-5.641789032579999912e+02
-5.971912345790000245e+02
-5.872219526909999558e+02
-5.869444994570000063e+02
-5.817497481840000546e+02
-5.837639854090000426e+02
-5.938612851200000478e+02
-5.956793899350000174e+02
-6.059922945749999599e+02
-5.780960846440000296e+02
-5.833542021440000553e+02
-5.841896076949999497e+02
-5.960105259660000456e+02
-5.996761747140000125e+02
-5.964189137150000306e+02
-5.933669757599999457e+02
-5.756943660419999560e+02
-5.697212879249999560e+02
-5.903896028479999813e+02
-5.807373236050000287e+02
-5.888074549799999886e+02
-5.916008346979999715e+02
-5.874974391340000466e+02
-5.787997554559999571e+02
-5.842925002819999918e+02
-5.869649789359999659e+02
-5.813433992010000111e+02
-5.955767067499999712e+02
-5.951721884380000347e+02
-5.805810947390000365e+02
-5.888712443030000259e+02
-5.926425756469999442e+02
-5.938504834049999772e+02
-5.981139084940000430e+02
-5.931338691350000545e+02
-5.806067515869999625e+02
-5.727083222730000216e+02
-5.580955310839999584e+02
-5.930412682239999640e+02
-5.768888353879999613e+02
-6.003214134610000201e+02
-5.817567740340000455e+02
-5.859122867480000423e+02
-5.685938893500000404e+02
-5.855998149800000192e+02
-5.962609798900000442e+02
-5.929300749630000382e+02
-5.855741959800000132e+02
-5.951955733620000046e+02
-5.828012939679999818e+02
-5.798734378999999990e+02
-5.826017007860000376e+02
-5.791824577209999916e+02
-5.783174788750000062e+02
-5.852659906180000462e+02
-5.880295247569999901e+02
-5.901044121559999667e+02
-5.928188457810000500e+02
-5.859395974850000357e+02
-5.904636981400000195e+02
-5.980980823630000032e+02
-5.772534053750000567e+02
-5.810858004079999546e+02
-5.907883952270000236e+02
-5.757450330479999820e+02
-5.921388307849999819e+02
-5.717202302450000388e+02
-5.932975485130000379e+02
-6.030816013119999752e+02
-6.009066218560000152e+02
-5.941510829899999635e+02
-5.856828511820000358e+02
-5.941499388180000096e+02
-5.980704816039999514e+02
-5.873409384379999665e+02
-5.908393272890000389e+02
-5.883839732080000431e+02
-6.022674120990000119e+02
-5.878380134389999512e+02
-5.967349713999999494e+02
-5.918547667760000195e+02
-5.953586993049999592e+02
-5.870622845110000299e+02
-5.976910624009999538e+02
-5.747207616529999541e+02
-5.973285913890000529e+02
-6.011989873119999856e+02
-5.927475117019999971e+02
-5.915839155579999442e+02
-5.904555050049999636e+02
-5.929463095520000024e+02
-5.953821349769999642e+02
-5.865840414289999671e+02
-5.944910842330000378e+02
-5.976337306340000168e+02
-5.976794087969999509e+02
-5.881378280809999524e+02
-5.956546718060000103e+02
-5.955239362859999801e+02
-5.847996397279999883e+02
-5.939263621070000454e+02
-5.968416104090000545e+02
-5.894198978629999601e+02
-6.008798715189999484e+02
-5.674376651669999774e+02
-5.923388470139999527e+02
-5.897676352639999777e+02
-5.988454697350000515e+02
-5.902935701940000399e+02
-5.962981979219999857e+02
-6.000863020079999615e+02
-6.035345018729999538e+02
-5.832777244410000321e+02
-5.933696948450000264e+02
-5.836129393749999963e+02
-5.907127964159999465e+02
-6.021298396800000319e+02
-6.029046481650000260e+02
-5.966537366950000205e+02
-6.014540863710000167e+02
-5.984329730680000239e+02
-5.812500675659999843e+02
-5.989311310000000503e+02
-5.997936076150000417e+02
-5.923774613829999680e+02
-5.853673052819999612e+02
-5.843704799959999718e+02
-5.875238039690000278e+02
-5.900061790979999614e+02
-5.706284887589999926e+02
-5.911770075599999927e+02
-5.911380128939999850e+02
-5.975478334470000163e+02
-5.887770277280000073e+02
-5.814158457690000432e+02
-5.940280473249999886e+02
-5.855797632339999836e+02
-6.001222930220000080e+02
-5.975755798799999639e+02
-5.978261951760000557e+02
-5.879653461110000308e+02
-5.749840111930000148e+02
-5.794740725939999493e+02
-5.932003340510000271e+02
-5.672297408590000032e+02
-5.773586079650000329e+02
-5.990762854609999977e+02
-5.942684777109999459e+02
-5.793337038500000062e+02
-5.877775894919999473e+02
-5.919016414259999692e+02
-5.797509915639999463e+02
-5.877078544729999976e+02
-5.908312452300000359e+02
-5.963770152910000206e+02
-6.039510218340000165e+02
-5.853495672650000188e+02
-5.826189806879999651e+02
-5.862860358030000043e+02
-5.902786240640000415e+02
-5.911338018960000227e+02
-5.979690734770000518e+02
-5.953015708220000306e+02
-5.882019704680000132e+02
-5.695819448470000452e+02
-5.911901300880000463e+02
-5.922611478750000060e+02
-5.924913645970000289e+02
-5.997667328789999601e+02
-5.848409064759999865e+02
-6.009597301999999672e+02
-5.959299470700000256e+02
-5.862359380980000196e+02
-5.826120833899999525e+02
-5.894042839329999879e+02
-5.975428530010000259e+02
-5.931117825359999642e+02
-5.863062373489999572e+02
-5.923028805879999936e+02
-5.947600935069999650e+02
-5.784667566099999476e+02
-5.877044031780000068e+02
-5.989660777689999804e+02
-5.833453053079999790e+02
-5.817030442440000115e+02
-5.915312576349999745e+02
-5.994552182090000088e+02
-5.834211975289999828e+02
-5.844535278209999660e+02
-6.005569497879999972e+02
-5.898815839740000229e+02
-5.929580804299999954e+02
-5.900119031059999770e+02
-5.753412942859999930e+02
-5.939188924239999778e+02
-5.911851384970000254e+02
-5.894844515610000144e+02
-5.969568264709999994e+02
-5.796961130859999685e+02
-5.849687598489999800e+02
-5.892738252440000224e+02
-5.889134197729999869e+02
-5.916215741720000096e+02
-5.886711296989999482e+02
-5.953479713980000270e+02
-5.896696304089999785e+02
-5.882020700949999537e+02
-5.908765542260000529e+02
-5.918999715960000003e+02
-5.904012902309999618e+02
-5.920499095369999623e+02
-5.926909050939999588e+02
-5.816788867010000104e+02
-5.831731358050000154e+02
-5.933756470069999978e+02
-5.947126435879999917e+02
-5.841560353180000220e+02
-5.904928405629999588e+02
-5.865210412479999604e+02
-5.818891404109999712e+02
-5.813994539340000074e+02
-5.960202276730000222e+02
-5.850119093660000544e+02
-5.916752569450000010e+02
-5.787906831660000080e+02
-5.936553274210000382e+02
-5.856963739510000551e+02
-5.845973190490000206e+02
-5.921703669019999552e+02
-5.938876451580000548e+02
-5.944806815010000491e+02
-5.919161587830000144e+02
-5.813296958439999571e+02
-5.849385464660000480e+02
-5.783843168309999783e+02
-5.916038709489999974e+02
-5.972288716040000054e+02
-6.014145578930000511e+02
-5.986622481670000298e+02
-5.868871461700000509e+02
-5.975128463309999916e+02
-5.963344592710000143e+02
-5.850118947820000130e+02
-5.909030545739999525e+02
-5.690290568269999767e+02
-5.936087592840000298e+02
-5.909696007899999586e+02
-5.799806600040000149e+02
-5.884889434230000234e+02
-5.964078449129999626e+02
-5.948702995580000561e+02
-5.809302835319999758e+02
-5.986708729399999811e+02
-5.949260532839999769e+02
-5.860889451790000066e+02
-5.981696622660000457e+02
-5.890863689069999509e+02
-5.860302696810000498e+02
-6.017140641940000023e+02
-5.924436371790000067e+02
-5.824011964930000431e+02
-5.909817174659999637e+02
-5.936789664789999961e+02
-5.969236510079999789e+02
-5.964395675099999607e+02
-5.897719366149999587e+02
-5.873340122560000509e+02
-5.828209154720000242e+02
-5.946330326920000289e+02
-5.935461494090000087e+02
-5.884040009719999489e+02
-5.984926323700000239e+02
-5.939530127860000448e+02
-5.934985816399999976e+02
-5.843326715319999494e+02
-5.794172187660000191e+02
-5.815963019040000290e+02
-5.858304697199999964e+02
-5.934380162659999769e+02
-5.892239634740000156e+02
-5.807438965669999789e+02
-5.888379394129999582e+02
-5.860873159730000452e+02
-5.831057563399999708e+02
-5.801255224289999433e+02
-5.782998929719999524e+02
-5.922049435779999840e+02
-5.974420917700000473e+02
-5.985828417940000463e+02
-6.018011400609999555e+02
-5.870807893290000266e+02
-5.932853203500000063e+02
-5.939089724809999780e+02
-5.916790422599999602e+02
-5.771225969179999993e+02
-5.915564602079999759e+02
-5.974835467469999912e+02
-5.898994595799999843e+02
-5.841995444420000467e+02
-6.034656835130000445e+02
-5.741041691780000065e+02
-5.848006147480000436e+02
-5.954406283880000501e+02
-5.745765788019999718e+02
-5.824516129070000261e+02
-5.900210068449999881e+02
-6.000737417159999723e+02
-5.920766940519999935e+02
-6.017902967889999672e+02
-5.839102383839999675e+02
-6.007405874480000421e+02
-5.960455020209999475e+02
-5.764906490119999489e+02
-5.859273218099999667e+02
-5.857992130239999824e+02
-5.924783685219999825e+02
-5.751040250669999523e+02
-5.862064160840000113e+02
-5.978902974659999927e+02
-6.017263139530000444e+02
-5.948305117080000173e+02
-5.928686003320000282e+02
-6.008073339759999953e+02
-5.810150464939999893e+02
-5.984084179499999436e+02
-5.917462834709999697e+02
-5.976476655479999636e+02
-5.953886721100000159e+02
-5.948146919069999967e+02
-5.848323329769999646e+02
-5.883084528990000308e+02
-5.789803905579999537e+02
-5.622940881709999985e+02
-5.862758794259999604e+02
-5.744830453399999897e+02
-5.614074566609999692e+02
-5.823799920579999707e+02
-5.977237918109999555e+02
-5.774610506369999712e+02
-5.832829959010000493e+02
-5.940010984550000330e+02
-5.881201836469999762e+02
-6.001919485519999853e+02
-5.949649444679999988e+02
-5.938947896429999673e+02
-6.013717627290000109e+02
-5.952850807249999434e+02
-5.971610397040000180e+02
-5.904222599040000432e+02
-5.952857528450000473e+02
-5.995945115209999585e+02
-5.905413160269999935e+02
-5.769866551149999623e+02
-5.850974352240000371e+02
-5.897925648460000048e+02
-5.906316642030000139e+02
-5.923010068199999978e+02
-5.942540599469999734e+02
-5.911192157660000248e+02
-5.861154813900000136e+02
-5.995726555799999460e+02
-5.872893180480000410e+02
-5.928121014130000503e+02
-5.876520543850000422e+02
-5.826702053159999650e+02
-5.921438742819999561e+02
-5.936257012949999989e+02
-6.000617188779999651e+02
-5.791262698619999583e+02
-5.740583133730000327e+02
-5.924432836429999725e+02
-5.785012898859999950e+02
-5.819121123480000506e+02
-5.887673998589999655e+02
-5.915956302749999622e+02
-5.958871878339999739e+02
-5.917427560359999461e+02
-5.981808742780000330e+02
-5.933750598999999966e+02
-5.692561526700000059e+02
-5.880526214620000474e+02
-5.869658191089999946e+02
-5.933600006589999794e+02
-5.797024354730000368e+02
-5.800567255759999625e+02
-5.949912145629999713e+02
-5.842166338969999515e+02
-5.915848565930000404e+02
-6.034101371680000057e+02
-5.890175590679999686e+02
-5.902560043160000305e+02
-6.017180519309999909e+02
-5.983948871869999948e+02
-5.985011505530000022e+02
-5.906306109229999493e+02
-5.954126795490000177e+02
-5.871230035979999684e+02
-5.823914933639999845e+02
-5.777012219020000430e+02
-5.810109211069999446e+02
-5.967563571880000381e+02
-5.953018158039999435e+02
-5.634344939220000015e+02
-5.690476269299999785e+02
-5.849164312279999649e+02
-5.986586315580000246e+02
-5.890554939800000511e+02
-5.832357727979999709e+02
-5.885390180489999921e+02
-5.895066151419999869e+02
-5.965044333859999597e+02
-5.941927965910000466e+02
-5.979298609290000286e+02
-5.942522654419999526e+02
-5.739844883250000294e+02
-5.924274095629999692e+02
-5.827932473480000226e+02
-5.879851191269999617e+02
-5.915545751769999470e+02
-5.896612868019999496e+02
-5.867231566179999618e+02
-5.835205585439999822e+02
-5.955485509439999987e+02
-5.953660635239999692e+02
-5.967864824170000020e+02
-5.955603611909999699e+02
-5.895763620530000253e+02
-5.920877796889999445e+02
-5.796125034369999867e+02
-5.912579643679999890e+02
-5.938632864610000297e+02
-6.039094966300000351e+02
-5.980479597549999653e+02
-5.806936620809999567e+02
-5.915011663020000015e+02
-5.830332513920000110e+02
-5.859744201490000250e+02
-5.953609816660000433e+02
-5.948149486390000220e+02
-5.914369501520000085e+02
-5.926961850190000405e+02
-5.962126760060000379e+02
-5.768352414419999832e+02
-5.900710374819999515e+02
-5.931230117889999747e+02
-5.840931288240000185e+02
-6.028471495310000137e+02
-5.897476740130000508e+02
-5.903030395309999676e+02
-5.920449066410000114e+02
-5.740857227259999718e+02
-5.960571001629999728e+02
-5.981087405920000037e+02
-5.881746244639999759e+02
-5.831124346709999600e+02
-5.977605292429999508e+02
-5.735897482059999675e+02
-5.899403582500000311e+02
-6.049683895389999861e+02
-5.818322983079999631e+02
-5.674714520009999887e+02
-5.777538113629999543e+02
-5.828147304499999564e+02
-5.926247553560000370e+02
-5.976504120570000396e+02
-5.972928122040000289e+02
-5.777715820949999852e+02
-5.921106122820000337e+02
-5.812230301340000551e+02
-5.971189779320000071e+02
-5.853839880709999761e+02
-5.926042521120000401e+02
-5.804336096340000495e+02
-5.866711885989999473e+02
-5.949140994860000546e+02
-5.750625608730000522e+02
-5.917685525629999574e+02
-5.845318639780000467e+02
-5.895518655700000181e+02
-5.836902621780000118e+02
-5.878687366330000259e+02
-5.867212279840000519e+02
-5.711860240779999458e+02
-5.889432781289999639e+02
-5.918261998909999875e+02
-5.890076538399999890e+02
-5.848545550349999758e+02
-5.776642770649999648e+02
-5.806515952429999743e+02
-5.897908155239999815e+02
-5.919680965699999433e+02
-5.717745598459999883e+02
-6.015131497029999537e+02
-5.947648485759999630e+02
-5.973647410199999968e+02
-5.860058205660000112e+02
-5.993596113060000334e+02
-5.839345011090000526e+02
-5.907244984110000132e+02
-5.824510946829999511e+02
-5.970048138209999706e+02
-5.958773521739999524e+02
-5.838193565340000077e+02
-5.876415180320000218e+02
-5.956714213999999856e+02
-5.966097048440000208e+02
-5.930133394739999630e+02
-5.902081250620000219e+02
-5.952377574260000301e+02
-6.037285254470000382e+02
-5.567985930329999746e+02
-5.859113572630000135e+02
-5.738890205279999464e+02
-5.862080274520000103e+02
-5.832954711290000205e+02
-5.891677100800000062e+02
-5.920883213199999773e+02
-5.918929164139999557e+02
-5.785160270159999527e+02
-5.976207164480000529e+02
-5.960188867099999470e+02
-5.701590371649999724e+02
-5.786864400509999768e+02
-5.839587265269999534e+02
-5.973498841389999825e+02
-6.000852002640000364e+02
-5.929068730230000028e+02
-5.970808982600000263e+02
-5.960685061499999620e+02
-5.982725212670000019e+02
-5.944672995979999541e+02
-5.715194601480000074e+02
-6.005249846189999516e+02
-5.811761152829999446e+02
-5.875502046279999604e+02
-5.847299891549999984e+02
-5.935666493620000210e+02
-6.036574644639999860e+02
-5.767589856619999864e+02
-5.992532059540000091e+02
-6.012885358449999558e+02
-5.870463690310000402e+02
-5.931416102309999587e+02
-5.864028150999999980e+02
-5.798575874319999457e+02
-5.856421034920000466e+02
-5.878027727999999570e+02
-5.960195899379999673e+02
-5.827957051680000404e+02
-5.713973214850000204e+02
-5.700949251160000131e+02
-5.794068473280000262e+02
-5.715623143609999488e+02
-5.731300456860000168e+02
-5.724574779270000136e+02
-5.847650482410000450e+02
-5.830842956440000080e+02
-6.034778099100000190e+02
-5.972345448060000308e+02
-5.963475077440000405e+02
-5.897993243680000433e+02
-5.917089402609999524e+02
-5.741821018670000285e+02
-5.763197738349999781e+02
-5.819443132169999444e+02
-5.892572771510000393e+02
-5.965565801039999769e+02
-5.930875160179999739e+02
-5.875620806069999844e+02
-5.898663569929999539e+02
-5.904846345170000177e+02
-5.960958875339999850e+02
-5.929966843439999593e+02
-5.895078186849999611e+02
-5.951875187340000366e+02
-6.006771877679999534e+02
-5.738895785500000102e+02
-5.989735155209999675e+02
-6.021934231090000367e+02
-5.922412687229999619e+02
-5.986399855849999767e+02
-5.916576446760000181e+02
-5.858541914989999668e+02
-5.870034387209999522e+02
-5.943119095399999878e+02
-5.928292148540000426e+02
-5.932419047680000403e+02
-5.802898050190000276e+02
-5.963284773520000499e+02
-5.936549204619999500e+02
-5.823731226139999535e+02
-5.912435886490000030e+02
-5.949927710790000219e+02
-5.943022622199999887e+02
-5.919776844970000411e+02
-5.874203171569999995e+02
-5.847174316389999831e+02
-5.981110780779999914e+02
-5.920815297120000196e+02
-5.933786859760000425e+02
-5.984254651400000284e+02
-5.846669234370000368e+02
-5.903566716090000455e+02
-5.877544718550000198e+02
-5.842796762909999870e+02
-5.816602253360000532e+02
-5.844591890880000165e+02
-5.893629156279999961e+02
-5.910461219930000425e+02
-5.871892621859999508e+02
-5.822523685769999702e+02
-5.953740104890000566e+02
-5.874571871959999498e+02
-5.892029741600000534e+02
-5.897850182920000179e+02
-6.030849032710000301e+02
-5.928767737719999786e+02
-5.902840080209999769e+02
-5.888844135309999501e+02
-5.961924294560000135e+02
-6.017029487749999817e+02
-5.951872889200000145e+02
-5.903153776479999806e+02
-5.912170037390000061e+02
-5.831635610759999508e+02
-5.883772028580000324e+02
-5.834900232600000436e+02
-5.850329288499999620e+02
-5.925725252180000098e+02
-5.986873299449999877e+02
-5.762224890060000462e+02
-5.832871922629999517e+02
-5.965391031139999996e+02
-5.930221577390000220e+02
-5.828116349670000318e+02
-5.940135101119999490e+02
-5.875270694839999805e+02
-5.849690914740000380e+02
-5.910990624060000300e+02
-5.840713182330000564e+02
-5.852738851679999925e+02
-5.736839174269999830e+02
-5.836554337510000323e+02
-5.869448527580000246e+02
-5.924258730349999951e+02
-5.931661395840000068e+02
-5.944506271239999933e+02
-5.944398429709999618e+02
-5.986701256400000375e+02
-5.877824418029999833e+02
-6.015198902099999714e+02
-5.956516989509999576e+02
-5.915475984060000201e+02
-5.874841101890000346e+02
-5.769665946569999733e+02
-5.891756162919999724e+02
-6.001167026399999713e+02
-5.811446986170000173e+02
-6.032393266789999871e+02
-5.938042998769999485e+02
-6.003737329409999575e+02
-5.918383618880000085e+02
-5.899838372409999465e+02
-5.916467585169999666e+02
-5.852098350850000088e+02
-5.858866903120000416e+02
-5.831434930430000350e+02
-5.986939304229999834e+02
-6.003872005099999569e+02
-6.032598139570000058e+02
-5.979714651049999929e+02
-5.988617593569999826e+02
-5.900120376559999613e+02
-5.825512585929999432e+02
-6.027014330969999492e+02
-5.883207746499999757e+02
-5.781029247339999984e+02
-5.960743227039999965e+02
-5.816986396790000526e+02
-5.836269389330000195e+02
-5.952689667460000464e+02
-5.985730769949999512e+02
-5.977162619849999601e+02
-6.009509806109999772e+02
-5.937408153339999899e+02
-5.874228070980000211e+02
-5.973714543280000271e+02
-5.767756727260000389e+02
-5.760714103069999510e+02
-5.949628361170000517e+02
