-5.371014840599999616e+02
-5.704181526090000034e+02
-5.795989781309999671e+02
-5.780393530830000373e+02
-5.876862035799999830e+02
-5.724114076619999878e+02
-5.823985589129999880e+02
-5.805595413229999622e+02
-5.921444656249999525e+02
-5.854007058559999450e+02
-5.959441452290000143e+02
-5.869193222369999603e+02
-5.927108786569999666e+02
-5.778248665249999476e+02
-5.787379887939999890e+02
-5.747650443359999599e+02
-5.840459915159999582e+02
-6.041971948960000418e+02
-5.810211215049999964e+02
-5.695562186460000476e+02
-5.830051480680000395e+02
-5.794542467630000147e+02
-5.792933940929999608e+02
-5.971565877259999979e+02
-5.814382035029999543e+02
-6.001779459289999750e+02
-5.891182835880000539e+02
-5.930836657789999435e+02
-5.617492900009999630e+02
-5.750111837550000473e+02
-5.746873502749999716e+02
-5.887571054060000506e+02
-5.928050283449999824e+02
-5.942412108859999762e+02
-5.524581564100000151e+02
-5.915866435860000365e+02
-5.647022615820000055e+02
-5.917763773719999563e+02
-5.959961349359999758e+02
-5.877261755660000517e+02
-5.946673191510000152e+02
-5.836576009939999494e+02
-5.893331138180000153e+02
-5.772836886589999494e+02
-5.818458502009999620e+02
-5.817638436089999914e+02
-5.891223899010000196e+02
-5.954651542650000238e+02
-5.892792022559999623e+02
-5.867484924460000002e+02
-5.649383340890000227e+02
-6.012627571330000364e+02
-5.599188895620000039e+02
-5.975720635349999839e+02
-5.803555929299999434e+02
-5.957871148220000350e+02
-5.711560756359999687e+02
-5.744944517510000423e+02
-5.311816331070000388e+02
-5.697441166649999786e+02
-5.984234270199999628e+02
-5.919242871850000256e+02
-5.832313667990000567e+02
-5.806343310500000143e+02
-5.491266782569999805e+02
-5.798941071519999468e+02
-5.773642866159999585e+02
-5.960145016029999852e+02
-5.603603318210000452e+02
-5.949488854400000264e+02
-5.984485035420000258e+02
-5.223082660459999715e+02
-5.548515309780000280e+02
-5.401323246550000476e+02
-5.716140499430000546e+02
-5.313520604779999985e+02
-5.722934833809999873e+02
-5.789007088299999850e+02
-5.408668734689999837e+02
-5.931686551020000024e+02
-5.694492781029999833e+02
-5.570792355300000054e+02
-5.972233619759999783e+02
-5.723474907490000305e+02
-5.864610544030000483e+02
-5.789574773379999897e+02
-5.811854412689999663e+02
-5.804311495910000076e+02
-5.821140271880000228e+02
-5.937233548310000515e+02
-5.965811252510000031e+02
-5.578958969560000014e+02
-5.270289780379999911e+02
-5.629920623210000485e+02
-5.885423943869999448e+02
-5.802534616130000131e+02
-5.988092358400000421e+02
-5.707219944729999952e+02
-5.888868745839999974e+02
-6.007100606860000198e+02
-5.945220788809999704e+02
-6.002303542360000392e+02
-5.656455264290000287e+02
-5.730363470989999541e+02
-5.842802585360000194e+02
-5.545828481720000127e+02
-5.814909683500000028e+02
-5.999809569760000159e+02
-5.866423781260000396e+02
-5.756639357770000061e+02
-5.728177963719999752e+02
-5.903238045030000194e+02
-6.022019280499999923e+02
-5.910707038670000202e+02
-5.555071075040000323e+02
-5.686525266740000006e+02
-5.841756394249999857e+02
-5.942413014310000108e+02
-5.771692300920000207e+02
-5.872338902819999475e+02
-5.727610498000000234e+02
-5.675762536659999569e+02
-5.757854532320000089e+02
-5.911526888610000015e+02
-5.843719847349999554e+02
-5.691135224490000155e+02
-5.993219058810000206e+02
-5.735113750819999723e+02
-5.773423581089999743e+02
-5.584988011570000026e+02
-5.911633087879999948e+02
-5.928188223299999891e+02
-5.541703655649999973e+02
-5.907353509690000237e+02
-5.850269041200000402e+02
-5.855680460840000023e+02
-5.788791676340000549e+02
-5.999584002650000230e+02
-5.987322633649999943e+02
-6.006180256830000417e+02
-5.701133354529999906e+02
-5.908967462680000153e+02
-5.702291203700000324e+02
-5.773939808149999635e+02
-5.980153260360000331e+02
-5.833350207549999595e+02
-6.034459112370000184e+02
-5.879410717529999602e+02
-5.518067448120000336e+02
-5.707937329899999668e+02
-5.780303757589999805e+02
-5.994851639229999591e+02
-5.576168693390000044e+02
-5.919394682810000177e+02
-5.795650545800000373e+02
-5.693579596770000535e+02
-5.969254675820000102e+02
-5.977758021700000199e+02
-5.797039374920000228e+02
-5.681420008459999735e+02
-5.454265752740000153e+02
-5.284106864440000209e+02
-5.815662104980000322e+02
-5.644500503909999907e+02
-5.780359710540000151e+02
-5.869333946609999657e+02
-5.999499329039999793e+02
-5.887221833359999437e+02
-5.744385090839999748e+02
-5.562088750789999949e+02
-5.781494970369999464e+02
-5.270887948810000125e+02
-5.788873270069999535e+02
-6.029844617850000077e+02
-5.738270570549999547e+02
-5.989336633200000506e+02
-5.916879755630000091e+02
-5.687302646319999440e+02
-5.772965538239999432e+02
-5.717739953669999977e+02
-5.665089496289999715e+02
-5.920120475019999731e+02
-5.832861699100000124e+02
-5.658480197339999904e+02
-5.866776026479999473e+02
-5.945631579939999938e+02
-5.683250228059999927e+02
-5.939816113650000489e+02
-5.990960928279999962e+02
-5.843720088310000165e+02
-5.954323529170000029e+02
-5.851405520340000521e+02
-5.660056702140000198e+02
-6.002790351749999900e+02
-5.913099670970000261e+02
-5.503548740640000005e+02
-5.500390158080000447e+02
-5.997500534429999561e+02
-5.804557744319999983e+02
-5.737469415589999926e+02
-5.884548383899999635e+02
-5.759405492350000486e+02
-5.963094790840000314e+02
-5.821572067770000558e+02
-5.784554844540000431e+02
-5.911810128900000336e+02
-5.698931391849999955e+02
-5.645455752420000408e+02
-5.590755615159999934e+02
-5.881713746929999616e+02
-5.789453779960000475e+02
-5.992215719570000374e+02
-5.950394781249999596e+02
-5.789803888940000434e+02
-5.945776089910000337e+02
-5.854705513540000084e+02
-5.965594486850000067e+02
-5.869358820679999553e+02
-5.852060114370000292e+02
-5.810522351659999458e+02
-5.946722264290000339e+02
-5.826854740039999569e+02
-5.936582006580000552e+02
-5.839187223870000025e+02
-5.703945563109999739e+02
-5.602015646260000494e+02
-5.847208934609999460e+02
-5.999024870639999563e+02
-5.781726252079999995e+02
-5.754411195850000240e+02
-5.936435242549999884e+02
-5.663663598169999887e+02
-6.007290473990000237e+02
-6.025604718690000254e+02
-5.837805077269999856e+02
-5.694282605810000177e+02
-5.805662379359999932e+02
-5.548512151349999613e+02
-5.851586608689999593e+02
-5.848489715760000536e+02
-5.832177819979999640e+02
-5.776656114029999571e+02
-5.903030420039999626e+02
-5.660840127469999743e+02
-5.902080499319999944e+02
-5.751720815649999849e+02
-5.818796741490000386e+02
-5.777630610229999775e+02
-5.814363430009999547e+02
-5.861781444289999854e+02
-5.839886837159999686e+02
-5.733320991650000451e+02
-5.950899888589999591e+02
-5.698576004830000556e+02
-5.829452941639999608e+02
-5.822789662239999871e+02
-5.902428722170000128e+02
-5.924298546710000437e+02
-5.637759456999999657e+02
-5.213961733200000026e+02
-5.550620306060000075e+02
-5.825021710930000154e+02
-5.983311785539999619e+02
-5.584968964959999767e+02
-5.989065969209999594e+02
-5.762793173019999813e+02
-5.995088389620000271e+02
-5.979904178470000033e+02
-5.909259078899999622e+02
-5.969498524419999512e+02
-5.904827771660000053e+02
-5.746010886840000467e+02
-5.699743220660000134e+02
-5.963894010579999758e+02
-5.681941225650000433e+02
-5.932572082179999597e+02
-5.853920115390000092e+02
-5.773456335549999494e+02
-5.810393690309999783e+02
-5.858933305939999627e+02
-5.953530152099999668e+02
-5.896891134369999463e+02
-5.835799430619999839e+02
-5.729353732390000005e+02
-5.741597371540000267e+02
-5.801205116849999968e+02
-5.906614099939999960e+02
-5.717083940820000407e+02
-5.977437695419999955e+02
-5.810149333199999546e+02
-5.739053394500000422e+02
-5.871870312419999891e+02
-5.650270001129999855e+02
-5.963235921819999703e+02
-5.819289744010000049e+02
-5.844933944619999693e+02
-5.863285918240000001e+02
-5.744118214689999604e+02
-5.927752711040000122e+02
-5.856953020350000543e+02
-5.985744592190000049e+02
-5.646243530750000446e+02
-5.894615170619999844e+02
-5.541238511450000033e+02
-5.667022478930000489e+02
-5.887686705869999741e+02
-5.868404210539999895e+02
-5.862760826090000137e+02
-5.875275915690000375e+02
-5.817546095640000203e+02
-5.574666686130000244e+02
-5.760106202819999908e+02
-5.958269457750000129e+02
-5.883756883989999551e+02
-5.670678485419999788e+02
-5.887400911500000120e+02
-5.780464872630000173e+02
-5.687345317140000134e+02
-5.755748573769999439e+02
-5.823670280820000471e+02
-5.588898480899999868e+02
-5.890898763540000118e+02
-5.959676652209999475e+02
-5.886846955539999726e+02
-5.938997833240000546e+02
-5.821378651129999753e+02
-5.497371491520000291e+02
-5.842771649239999761e+02
-5.644377227060000450e+02
-5.997258297610000000e+02
-5.795290001639999673e+02
-5.937228396650000377e+02
-5.756153688749999446e+02
-5.940482011349999993e+02
-5.842123977369999466e+02
-5.723085587629999509e+02
-5.600868352649999906e+02
-5.660464839950000169e+02
-5.703843629939999573e+02
