4.876881893177237970e+00
4.825490130546326029e+00
4.822713136814172685e+00
4.886007163318531354e+00
4.838781148181842795e+00
4.754354319989202438e+00
4.635155876559061028e+00
4.652655693257346847e+00
4.602252166059569660e+00
4.582928757901436612e+00
4.656964247232310505e+00
4.635550021302758061e+00
4.633856601147686938e+00
4.761533891510171479e+00
4.790980484201536882e+00
4.790886556786749573e+00
4.806538567410023610e+00
4.837446743892897416e+00
4.730299039172892961e+00
4.749202564641773705e+00
4.747232983538936857e+00
4.581395748022647929e+00
4.589625365974874249e+00
4.532168355213649136e+00
4.586511855430006612e+00
4.556324944513944430e+00
4.659045073832190909e+00
4.687035950363513059e+00
4.463856068468157190e+00
4.413311001957600510e+00
4.620294146480286024e+00
4.390481636449468539e+00
4.360794767012087014e+00
4.299077342872537955e+00
4.318729442787542894e+00
4.286895963281590838e+00
4.287030324128814129e+00
4.694913950223155830e+00
5.079875785882958183e+00
4.625563965615436146e+00
4.821127772627479047e+00
5.100690541485534801e+00
5.061008397542924975e+00
4.977609667300159302e+00
4.992111977910751897e+00
5.013725261719073956e+00
4.798927901104579341e+00
4.765077334104873330e+00
4.760071428035508312e+00
4.793739876130118205e+00
4.721795103559662365e+00
5.118679224174924158e+00
4.636533618987357386e+00
5.032248503402827922e+00
5.003140413780128526e+00
5.062398048356134161e+00
4.903007444416131122e+00
4.818142173078748591e+00
4.765666480147347173e+00
4.757688934766543198e+00
4.721177183711707137e+00
4.716899511331569705e+00
4.614211200194460183e+00
4.582080859173045972e+00
4.558988813322532252e+00
4.455120649320285509e+00
4.375212566264638170e+00
4.322648378020122806e+00
4.394775762197657976e+00
4.480427323369948311e+00
4.509049789035379341e+00
4.480592259958497969e+00
4.487619524870618548e+00
4.481046752713030656e+00
4.545396462356171341e+00
4.497544329964965115e+00
4.485117389768076279e+00
4.361615641021111323e+00
4.279842754120763537e+00
4.238679275434742877e+00
4.186513943605107535e+00
4.192518813314974224e+00
4.174219088644006703e+00
4.185157703121831219e+00
4.190909447840646784e+00
4.248656964265295599e+00
4.172021332639611835e+00
4.099692915329146814e+00
4.128646630555828700e+00
4.138831719217392902e+00
4.085951663933385269e+00
4.079403142617802125e+00
4.066114853272100760e+00
4.058145142796151461e+00
4.125644919282318135e+00
4.169330162028428433e+00
4.244454970900267909e+00
4.256973807765323414e+00
4.305364676772456711e+00
4.227662592970258260e+00
4.173214947735139013e+00
4.159847352968616185e+00
3.792121042371933370e+00
3.672183274293373767e+00
3.751277782302985031e+00
3.664321355994859086e+00
3.650124792387241524e+00
3.630626667670472596e+00
3.839109532170187578e+00
3.876317066494948005e+00
3.862043371066668840e+00
3.898221389300509987e+00
3.833689606632232127e+00
3.860986790964195503e+00
3.891624468008186177e+00
3.894643115870823458e+00
3.877526660127561531e+00
3.342759339228596360e+00
3.294403739677333132e+00
3.214274101566324759e+00
3.108243555450570295e+00
3.044343278935540464e+00
3.015919262845077942e+00
2.955821544004306300e+00
2.960727275518635349e+00
2.879020319483695634e+00
2.890838459686047024e+00
2.874945564702051648e+00
2.758315790477950280e+00
2.747997452691686604e+00
2.725805202137526528e+00
2.697839691308584698e+00
2.757489619200768516e+00
2.680506108927938946e+00
2.723052698718848141e+00
2.702230560111405389e+00
2.674087694897083978e+00
2.669823964234346647e+00
2.662941606569697139e+00
4.116785517852490806e+00
4.086890505017231057e+00
4.021610622623726705e+00
4.054630069439133955e+00
4.079590788302180471e+00
4.105181360183737027e+00
4.145436165230385939e+00
4.164195360450803740e+00
4.088763382735665530e+00
4.030379758782043353e+00
3.916872987473553280e+00
3.854402288293218515e+00
3.821395818284204271e+00
3.729089701254181932e+00
3.685541208560827009e+00
3.581119098829302683e+00
3.571612940955388726e+00
3.516761862850539710e+00
3.525661356398257062e+00
3.517154247399451261e+00
3.587613970315088885e+00
3.569575324881098410e+00
3.533020520744253989e+00
3.595249921771781487e+00
3.629421303734246429e+00
3.716910679583248278e+00
3.690582880792680154e+00
3.675351139687200064e+00
3.543692706767899381e+00
3.474137734748004913e+00
3.469335671277715694e+00
3.562292099196808337e+00
3.599601227914003054e+00
3.581988972624007950e+00
3.661610711148851838e+00
3.711520039013665340e+00
3.688321705057735045e+00
3.709341450985605970e+00
3.783888211879415486e+00
3.736004951816846997e+00
3.835734219155440883e+00
3.830668348996034034e+00
3.835591870885117327e+00
3.767466257314058709e+00
3.777046465162958278e+00
3.781874138572038468e+00
3.730148522512207521e+00
3.771129273838275786e+00
3.843835194177815051e+00
3.721869019726514072e+00
3.703540063236794744e+00
3.740050267041874932e+00
3.663439231105110494e+00
3.654530612814729018e+00
3.681768325139429532e+00
3.725385886052611006e+00
3.625407701210996425e+00
3.643519452397639746e+00
3.618106825399161508e+00
3.553649532522868082e+00
3.606635689947073065e+00
3.587822877456466664e+00
3.523143340825064751e+00
3.580325264553487763e+00
3.633239601237440386e+00
3.613704608846716404e+00
3.637561958235213222e+00
3.563680962151354326e+00
3.512164432369304201e+00
3.482258606134816858e+00
3.554249428501043973e+00
3.505166900448536182e+00
3.490333651672859805e+00
3.455032706068062787e+00
3.508794094842272671e+00
3.463957707594017332e+00
3.397323799698816149e+00
3.356852394729324729e+00
3.279375702782467261e+00
3.313162386602865883e+00
3.288044099460954772e+00
3.328168415209783237e+00
3.208119854369533286e+00
3.089241007108380455e+00
3.057680820491242457e+00
3.044877830061494706e+00
3.133304645258740084e+00
3.193020356966113305e+00
3.151493296835644387e+00
3.148472804392631108e+00
3.148159303466074643e+00
3.115941109841454892e+00
3.022297966779582623e+00
3.014424157281121452e+00
2.991404018182766578e+00
2.955260056238705690e+00
2.924325734250546649e+00
2.832919695296709062e+00
2.796800672196715798e+00
2.907710095590686716e+00
2.980619734216359618e+00
3.032931585116947382e+00
3.004080225293592310e+00
2.914740640262869498e+00
2.967957378400168711e+00
3.013700715067772151e+00
2.924701865147967705e+00
2.907932083113359045e+00
2.904497891202539428e+00
2.936132490198628098e+00
2.949963050616058347e+00
2.909341162531475788e+00
2.926213594391222639e+00
2.910582244156656895e+00
2.928290456904847350e+00
2.951094373279173677e+00
2.965644280759241802e+00
2.886214995456853227e+00
2.912779771970410714e+00
2.919918834488384185e+00
2.942467332019167880e+00
2.934692828900497208e+00
2.936745647821751959e+00
2.852087305816566332e+00
2.738564587516606252e+00
2.727157677876363540e+00
2.820859975255773033e+00
2.806007483952956960e+00
2.820519278430835719e+00
2.830641976654765468e+00
2.866118106428972911e+00
2.934862177343255940e+00
2.900458929204134950e+00
2.926945336011589571e+00
2.862713922137523070e+00
2.847174213145377664e+00
2.726567622488025311e+00
2.730334778008001173e+00
2.763972684380220368e+00
2.710077120673875406e+00
2.784846135785601806e+00
2.752383875842902672e+00
2.780228228041719873e+00
2.785004129260852057e+00
2.708810809192846225e+00
2.750941111692505547e+00
2.832368973138916779e+00
2.925647620613254674e+00
2.877096800596045334e+00
2.870303294078868195e+00
2.864540102704097091e+00
2.940011224468368933e+00
2.894608781856366608e+00
2.870176475410527228e+00
2.803915298292728231e+00
2.795641965631507020e+00
2.751817036069076572e+00
2.713587293602326866e+00
2.923578115939438948e+00
2.972064770492056862e+00
2.824625992941366182e+00
2.770810892139699888e+00
2.904249644916910178e+00
2.893705410023625024e+00
2.836009167827213240e+00
2.866211087830064397e+00
2.852371995375077685e+00
2.808835345832859431e+00
2.846235759736006177e+00
2.851944073785459111e+00
2.907539509619774698e+00
2.865383220443646017e+00
2.944601331250123355e+00
2.911564184420464052e+00
2.989216619785190598e+00
2.984309300323946257e+00
2.955747959485043985e+00
2.991190398486863078e+00
3.007457564122892002e+00
2.977814802837813080e+00
2.918797868986477084e+00
2.977553525967249204e+00
2.919052072163153433e+00
2.979049680686778778e+00
2.944561597250090035e+00
2.892635130810659039e+00
2.929461725300400943e+00
2.957646023444996608e+00
2.894428786479294136e+00
2.961973159905403552e+00
2.895237641369012405e+00
2.917211168222142437e+00
2.890795219312498610e+00
2.904577938358686939e+00
2.894011402880092287e+00
2.814020788835789766e+00
2.843623744450028745e+00
2.795059570027086160e+00
2.814730892998476453e+00
2.884240974676006264e+00
2.880377232238860330e+00
2.835692860660335768e+00
2.746158771812001298e+00
2.781112187596897822e+00
2.810165297629304781e+00
2.797702092789723594e+00
2.767048427476468397e+00
2.718448638470110978e+00
2.724193275081634447e+00
2.722501239669139483e+00
2.815897902978728773e+00
2.761588130044014822e+00
2.837239679688694061e+00
2.956206014471927546e+00
2.950583332156541783e+00
2.953966316666457814e+00
2.964071692790172463e+00
2.921505433847420008e+00
2.904360514812168059e+00
2.855250952193169489e+00
2.750549217883584863e+00
2.747737068935089955e+00
2.743610759564847790e+00
2.818513260568415113e+00
2.914046156120386755e+00
2.894123183280214118e+00
2.806215422949563720e+00
2.742295571232247653e+00
2.834208178662958044e+00
2.754164483105538963e+00
2.713082564169399191e+00
2.775698290520783207e+00
2.742573061925607014e+00
2.786663058211379607e+00
2.829816071761555474e+00
2.945245151086747892e+00
2.910369735961395143e+00
2.857714646356420030e+00
2.821898651617381848e+00
2.783944144554628242e+00
2.759472956924927001e+00
2.805235997202375042e+00
2.813722623145358703e+00
2.877802807698957022e+00
2.898256544890392750e+00
2.926633731781275838e+00
2.866823329052559099e+00
2.850072981521701188e+00
2.916325427657207925e+00
2.892359071761319012e+00
2.841365164845941038e+00
2.802373458338484724e+00
2.793973156635546129e+00
2.730241564404146448e+00
2.737670907906938123e+00
2.735781058491340456e+00
2.787792854571515377e+00
2.735131989502518124e+00
2.746785939966927437e+00
2.814907636140127067e+00
2.873844289449238421e+00
2.910954654404633413e+00
2.860797266497575819e+00
2.921392989654079564e+00
2.925026495606492638e+00
2.953969194152166189e+00
2.951550270620509231e+00
2.933900645897880022e+00
2.880419587490683941e+00
2.889389727952945908e+00
2.932880665830098099e+00
2.884052183993902396e+00
2.789759487841200425e+00
2.729923991615883949e+00
2.780482512083109814e+00
2.813514172702884952e+00
2.749758534853560921e+00
2.729164157759660814e+00
2.783356427049903381e+00
2.913523468242532832e+00
3.012363523879546090e+00
3.003815407111428915e+00
2.985181234029183450e+00
2.885094452526641096e+00
2.817041178257783329e+00
2.805833387783386978e+00
2.756824622641055988e+00
2.788815877751702921e+00
2.749866178562149432e+00
2.758691537667812721e+00
2.732718426768480757e+00
2.680858258095716984e+00
2.697115866995706046e+00
2.765745830693774998e+00
2.766393681311464903e+00
2.819859039030142789e+00
2.755048819894123202e+00
2.822775053028490966e+00
2.907834073670641395e+00
2.866132062553992110e+00
2.898890477406829813e+00
2.946111335302859402e+00
2.921190681896681518e+00
2.951241603122320090e+00
2.899436841871193771e+00
2.807696564801831052e+00
2.797376449461173475e+00
2.903757910019360011e+00
2.912190069346435539e+00
2.872770613884790603e+00
2.833062830224560624e+00
2.834881831752427583e+00
2.923201156266876044e+00
2.817092650233570250e+00
2.811641157758223208e+00
2.707148684501832214e+00
2.765618556489668922e+00
2.736693260122514904e+00
2.725505824613112082e+00
2.764349109645885871e+00
2.754253800941372621e+00
2.796868427366578924e+00
2.805628093671718837e+00
2.822308452313460503e+00
2.780663410051637641e+00
2.755598120190968725e+00
2.793424063761175358e+00
2.781788992716736963e+00
2.745164840223625280e+00
2.763016648520236096e+00
2.782014737559813877e+00
2.871192609352427816e+00
2.912200885928029059e+00
2.972720303022132526e+00
2.970662720673620694e+00
2.949337213680389258e+00
2.927382790138659541e+00
2.976030241781826735e+00
2.864022870020419553e+00
2.735593171507780585e+00
2.800055713731424589e+00
2.882772623707946735e+00
2.900432726335848255e+00
2.799212210604976381e+00
2.801550642055217644e+00
2.747570017306201873e+00
2.807203234537891667e+00
2.897305127182844497e+00
2.876121346535990053e+00
2.768149201181179020e+00
2.760514625934809008e+00
2.814240927852481811e+00
2.888083274422674762e+00
2.922971091201553406e+00
2.971741072166281583e+00
2.991944016855930588e+00
3.009041043256140302e+00
2.894169829156540530e+00
2.942109107426167380e+00
2.922960998713461933e+00
2.927375104082153623e+00
2.944445958070889713e+00
2.756711446633470342e+00
2.742337141928395283e+00
2.794789795315561598e+00
2.758549981421398734e+00
2.756888463467464856e+00
2.768651296209040158e+00
2.693859313327256366e+00
2.799809993553133758e+00
2.889535602826169836e+00
2.944237931961342536e+00
2.900488579532765510e+00
2.984810546751669236e+00
2.891460011827934995e+00
2.849825608699592117e+00
2.950915281738870632e+00
2.830737889667638729e+00
2.726768417009409085e+00
2.710872368814142508e+00
2.836865523777960085e+00
2.813725999453394078e+00
2.729683314965309471e+00
2.775422670513448598e+00
2.761690424359688922e+00
2.858860787096846323e+00
2.964817363683637907e+00
2.880432085642707474e+00
2.862261169075945411e+00
2.770927101170292506e+00
2.817679896652562910e+00
2.842100631575173342e+00
2.821281446435289553e+00
2.885371033333494761e+00
2.897767934117568167e+00
2.928977466625511283e+00
2.873085797535465336e+00
2.872071377943103965e+00
2.888441794462889955e+00
2.877067082985726554e+00
2.805097324514784329e+00
2.775307910845209669e+00
2.843220181414024772e+00
2.757944524460199887e+00
2.751889169279896130e+00
2.768810936124025179e+00
2.836430327013163222e+00
2.876448852317732285e+00
2.880207805002966026e+00
2.879575315910316569e+00
2.916108022690516943e+00
2.873115904379773156e+00
2.929423151407116510e+00
2.917435346327318157e+00
2.888506188326416257e+00
2.908684582418656905e+00
2.854326715707226292e+00
2.857761711549792860e+00
2.831484592930005650e+00
2.913322673512153571e+00
2.917697379784270684e+00
2.863632832609655843e+00
2.743223468840990886e+00
2.767789551248432733e+00
2.744437829501699344e+00
2.739671695659901651e+00
2.715134803283254961e+00
2.733525562346180049e+00
2.730765643551273936e+00
2.720203117416050365e+00
2.779289837350541248e+00
2.748781730148830871e+00
2.787047541754535729e+00
2.751928233075855879e+00
2.816515045228765945e+00
2.870531832256873361e+00
2.865766389641696055e+00
2.848824669929688636e+00
2.903324129338645143e+00
2.769997472923035442e+00
2.751696385868179107e+00
2.759380727627124941e+00
2.797566978644121960e+00
2.736559153389526156e+00
2.728937888629933362e+00
2.788835420027506284e+00
2.717983627618090647e+00
2.670921563805272125e+00
2.713716639592277602e+00
2.858633764580555514e+00
2.996023197506988645e+00
2.900028275724220617e+00
2.931972032608769485e+00
2.887017838531656722e+00
2.954990355314210060e+00
2.923327042942680531e+00
2.888319580655852370e+00
2.911241144254456792e+00
2.876765718650025949e+00
2.860046503118437666e+00
2.869284405561776996e+00
2.878176853495976850e+00
2.836029266421628225e+00
2.891520188413008619e+00
2.884841416785331791e+00
2.882942073646295178e+00
2.780413638291971079e+00
2.781817751039776354e+00
2.835815403019032566e+00
2.850138593121394504e+00
2.802347052026211482e+00
2.811787331929639144e+00
2.829514445978319692e+00
2.871951601263503129e+00
2.885973839105267835e+00
2.919240140858576193e+00
2.928060279434151703e+00
2.941700698575570705e+00
2.839665297178524561e+00
2.911667048273204994e+00
2.896315417905998224e+00
2.797721036844095455e+00
2.788928288787648313e+00
2.812708481161885210e+00
2.785184374507368332e+00
2.793875802536684105e+00
2.806491760187440843e+00
2.748517782369253482e+00
2.785976668961891889e+00
2.884525784249466707e+00
2.951426434793860576e+00
2.881218839310891511e+00
2.912573775889633509e+00
2.870987634943766409e+00
2.843054695217804184e+00
2.795017889030408043e+00
2.935241216663461383e+00
2.908462136593839453e+00
2.879852426774677454e+00
2.858156573737694828e+00
2.872698034949027424e+00
2.873029933711098938e+00
2.868768551138275225e+00
2.891528661452277493e+00
2.918360669965246235e+00
2.842283764862333140e+00
2.921217040892374328e+00
2.849760867160611610e+00
2.894122492224542764e+00
2.943735382129310185e+00
2.961054035305671572e+00
2.960103545486204801e+00
2.904629924792485163e+00
2.907264005899705239e+00
3.014994029844835666e+00
2.917234992248653569e+00
2.904780198224987675e+00
2.912438153849794986e+00
2.863929817575842751e+00
2.832367560893183089e+00
2.739333860631083972e+00
2.765641155320045730e+00
2.924545434764179053e+00
2.850968607333304483e+00
2.746059722584343277e+00
2.794171433538035210e+00
2.750407060782094071e+00
2.801438737506141141e+00
2.758420562568369316e+00
2.792835297685848595e+00
2.811040021059821203e+00
2.937497744679985257e+00
2.942325780738767715e+00
2.849594181633588352e+00
2.949469274293258447e+00
2.950955777371121691e+00
2.987287900420713793e+00
2.910564378260684038e+00
2.968686915119207459e+00
2.914541816478192438e+00
2.957047344903357633e+00
2.857282275169886088e+00
2.845693939973165776e+00
2.897365700079987949e+00
2.955081217157998541e+00
2.952402750303555923e+00
2.921343868838449431e+00
2.846816818834678742e+00
2.722085230113120424e+00
2.756334341113210851e+00
2.836150560178355207e+00
2.785389200811980270e+00
2.746697107436493202e+00
2.805765136286357375e+00
2.858573420431945955e+00
2.807177586117415746e+00
2.790435449889497210e+00
2.767293623741434061e+00
2.883778250836912083e+00
2.975531045040531453e+00
2.935149229596341502e+00
2.912053742635942744e+00
2.851119955385953197e+00
2.772702111659310464e+00
2.713147434254172818e+00
2.712034107455140397e+00
2.732937064771159719e+00
2.831901481337230297e+00
2.824732376704030212e+00
2.795023076827810371e+00
2.749431941328971618e+00
2.727897542064217529e+00
2.730985902563394241e+00
2.708313312746513990e+00
2.739743236144584149e+00
2.708190170575175859e+00
2.704600894771722608e+00
2.721876191159325664e+00
2.743954810123518939e+00
2.801473362357743024e+00
2.817211919611302573e+00
2.761357274964614028e+00
2.740660686768794374e+00
2.865894973651337718e+00
2.844562004949092504e+00
2.896633390679601128e+00
2.857082602936078075e+00
2.827609237500825490e+00
2.790373451708569874e+00
2.746264007702099441e+00
2.729653641032136147e+00
2.796372292810812343e+00
2.772911466311176465e+00
2.822729352949020942e+00
2.776951385962671104e+00
2.763301286504965315e+00
2.757995830308667795e+00
2.755325933533090854e+00
2.740904412780569732e+00
2.763275954370102205e+00
2.790905587797623433e+00
2.824272826764439692e+00
2.739054033786116893e+00
2.759604863019342158e+00
2.744979781346303049e+00
2.738163252985474916e+00
2.720946342727103673e+00
2.840536921076718180e+00
2.916930921362382634e+00
2.945834007543534749e+00
2.802379167778692892e+00
2.703096557653832388e+00
2.674662782483055334e+00
2.730927681210177926e+00
2.735155937053681541e+00
2.784685260491749581e+00
2.745875088200480540e+00
2.721987692845064810e+00
2.723619833970960080e+00
2.811670855559021298e+00
2.776638435230629920e+00
2.740020620360365200e+00
2.743158216363029478e+00
2.742598402974813609e+00
2.797890097913068530e+00
2.799386539940492025e+00
2.704075072922348166e+00
2.796372114007719567e+00
2.782222313187786789e+00
2.791572137703053791e+00
2.819994503540743214e+00
2.896111358356236121e+00
2.891482318811581465e+00
2.745426196421968612e+00
2.765672793372347282e+00
2.778152083670006878e+00
2.789964515903383013e+00
2.794860282733289125e+00
2.751637149044183328e+00
2.774884682288617288e+00
2.752473433114295709e+00
2.804776283413705329e+00
2.781762211261055828e+00
2.754707425480970695e+00
2.830089397881275559e+00
2.733646831615233364e+00
2.762622666959786422e+00
2.889670569459432681e+00
2.809346899192052049e+00
2.852269622598817111e+00
2.799941785109111958e+00
2.879648763304301973e+00
3.018826924485734420e+00
2.952744824735113571e+00
2.933855313405894449e+00
2.877356599380758606e+00
2.868955384804719788e+00
2.858488411730927048e+00
2.913887266178977864e+00
2.825103360940976582e+00
2.851751917681480286e+00
2.817526042470591907e+00
2.736796850334346942e+00
2.767265256530353490e+00
2.890586791639372155e+00
2.884033633645766148e+00
2.898320375665878856e+00
2.896957196784239574e+00
2.852078014360757141e+00
2.897210727579199840e+00
2.829006362665167806e+00
2.746611912884672879e+00
2.781618413801576484e+00
2.866183001833623401e+00
2.813598052316641951e+00
2.876304921248788560e+00
2.936134022826614842e+00
2.872213432180832804e+00
2.845253064316072500e+00
2.788165884591517596e+00
2.840698857675695521e+00
2.883400943330635791e+00
2.892882472552246842e+00
2.858320660807670777e+00
2.842158334787138418e+00
2.802796103893395951e+00
2.801129415075283902e+00
2.796599542301328345e+00
2.797860789960787464e+00
2.783917563434664899e+00
2.737111068261572022e+00
2.757548548983317360e+00
2.797601293965957137e+00
2.734644583853631516e+00
2.802902245887288313e+00
2.837030313549715910e+00
2.848385332078509524e+00
2.812815315657962056e+00
2.881063171816959922e+00
2.882579747379073520e+00
2.821098013185646458e+00
2.737396025422700774e+00
2.796812828917945026e+00
2.785962311302864425e+00
2.842687988506652275e+00
2.946635199681155726e+00
2.858660525490916093e+00
2.845094198792019302e+00
2.875235294719373780e+00
2.930247429825679095e+00
2.986841475539001145e+00
2.974932772349654808e+00
2.925499957272260421e+00
2.835870589431047861e+00
2.833116658381719333e+00
2.787165226533941720e+00
2.782810629561415450e+00
2.758402798722478622e+00
2.721798853699516130e+00
2.844933391135898049e+00
2.859484394082262515e+00
2.790413768601351929e+00
2.734079918363762740e+00
2.744971402401125360e+00
2.719125962510747119e+00
2.711210984043845862e+00
2.765868579668962379e+00
2.737717845213417434e+00
2.719437625686605742e+00
2.760902932013365785e+00
2.767319641819499410e+00
2.914502530450093332e+00
2.799377609398203681e+00
2.802350977304592039e+00
2.818914152648142935e+00
2.796989452965455758e+00
2.817220971099001492e+00
2.859808734863225510e+00
2.902717519842397564e+00
2.882563789406923149e+00
2.781794205184847879e+00
2.868125868925560873e+00
2.784201321743814628e+00
2.785187964931630233e+00
2.810926359761138027e+00
2.820304948050830429e+00
2.755632776695762232e+00
2.723271194721524679e+00
2.798946587557539889e+00
2.793970830198483135e+00
2.745558959483478834e+00
2.807233869844120822e+00
2.795486540836853884e+00
2.715257814646705015e+00
2.709937822164929511e+00
2.798522645968761768e+00
2.787551972609659590e+00
2.745271389134414708e+00
2.703323510052025203e+00
2.711729521910324792e+00
2.801365916834143377e+00
2.764257223921102291e+00
2.775177832139770651e+00
2.760574215629784778e+00
2.755636224177640425e+00
2.825694427923868712e+00
2.843137351588909567e+00
2.927633344529331438e+00
2.968610786209604058e+00
2.891585205384756385e+00
2.819224538769482091e+00
2.760224990829552194e+00
2.797504244858262545e+00
2.762091417748515187e+00
2.685007821217658908e+00
2.820059928441237762e+00
2.779562195742343977e+00
2.785821422848205220e+00
2.878745560135525405e+00
2.867915968085536171e+00
2.951291581663865404e+00
2.843956574914602520e+00
2.886470162672740702e+00
2.874050973799873621e+00
2.883315105915410737e+00
2.872139968734114479e+00
2.802291919126199460e+00
2.919270799360689672e+00
2.862027428240336846e+00
2.867369700614136097e+00
2.918276717516691932e+00
2.857408266244080064e+00
2.788768366143018262e+00
2.798278220620672663e+00
2.850652907668697722e+00
2.878323296643377383e+00
2.872924120125695424e+00
2.824232816182122630e+00
2.916989372623767451e+00
2.880960083027878760e+00
2.902092004055005336e+00
2.893259407657736482e+00
2.878910384155783042e+00
2.903846586856819734e+00
2.870285874264094872e+00
2.759581127635133857e+00
2.752118638431126474e+00
2.760775796764380896e+00
2.845033918954218866e+00
2.796258392924373837e+00
2.851400708423844410e+00
2.847029855832214462e+00
2.696688710251889276e+00
2.730009157493798799e+00
2.727727625698724623e+00
2.804274237659362790e+00
2.836215083522404701e+00
2.889866605917996711e+00
2.861614404492681007e+00
2.862694360213817735e+00
2.843808362038483306e+00
2.808987362022122625e+00
2.759929165757700975e+00
2.753761790714657653e+00
2.775330791095000027e+00
2.771278585779495263e+00
2.784822435991207268e+00
2.835187648110791159e+00
2.884421779143958364e+00
2.894487519406501175e+00
2.881414409625938866e+00
2.903548863029516980e+00
2.914393590440385484e+00
2.896277265732684736e+00
2.862381001893353982e+00
2.890540087942043534e+00
2.902462058322209604e+00
2.785578754944831648e+00
2.805991090506169350e+00
2.742068744579537309e+00
2.769503204547703934e+00
2.767318377057472301e+00
2.853329458720110789e+00
2.870824271877329359e+00
2.914955574275533312e+00
2.926135676963732557e+00
2.859947202309861325e+00
2.875745990173680156e+00
2.884764981761945624e+00
2.717758267396126914e+00
2.677428990655027263e+00
2.757680909750074072e+00
2.751537933592774987e+00
2.671926832830569865e+00
2.733498308029474355e+00
2.735234542045708928e+00
2.749570330069772695e+00
2.684399746684535515e+00
2.737238389326001275e+00
2.771854974561259066e+00
2.730713093680842807e+00
2.779870680445405640e+00
2.741343101474166044e+00
2.761088734539330236e+00
2.664953470513134803e+00
2.694767151350928813e+00
2.796336531964634720e+00
2.762554071869001593e+00
2.714436221391101078e+00
2.893341666654666078e+00
2.811097650384987823e+00
2.721444836846780735e+00
2.691870353490302126e+00
2.822780721203828058e+00
2.876723483409554305e+00
2.884580038757808218e+00
2.771204792143662221e+00
2.745747439223061637e+00
2.800308911531012246e+00
2.856247888401844737e+00
2.908956857706900045e+00
2.909747239881842251e+00
2.989638941410817985e+00
2.892852917104498101e+00
2.907711987112891361e+00
2.901325559119485753e+00
2.877743907994594341e+00
2.872752686884131990e+00
2.789444568368405264e+00
2.740895838954847896e+00
2.750155086536030247e+00
2.747384210480944500e+00
2.795691148893239220e+00
2.743213444119870559e+00
