-5.826334837480000033e+02
-5.979407762119999461e+02
-5.807579446449999523e+02
-5.915148515099999713e+02
-6.020183895019999909e+02
-5.964241421250000030e+02
-5.995204888890000348e+02
-5.925297633840000344e+02
-5.958741825030000427e+02
-5.897806413020000491e+02
-6.008928313070000513e+02
-5.998825386629999912e+02
-5.918169738560000042e+02
-5.830049810829999615e+02
-5.931367576200000258e+02
-5.932481474930000331e+02
-5.973647306589999744e+02
-6.034891016829999444e+02
-5.925552793980000388e+02
-5.973339475330000141e+02
-5.776409432049999850e+02
-5.971956545860000460e+02
-5.951138903459999483e+02
-5.852196708830000489e+02
-5.959977079100000310e+02
-5.966227741090000336e+02
-5.864027029049999555e+02
-5.941292583489999970e+02
-5.967980913180000471e+02
-5.970126410469999882e+02
-5.866413167939999767e+02
-5.868605370010000115e+02
-5.886828558910000311e+02
-5.921256435469999815e+02
-6.026770362429999750e+02
-6.011585221389999560e+02
-6.001840975919999437e+02
-5.901134726029999911e+02
-5.996808156099999678e+02
-6.013649290189999874e+02
-6.017325908730000492e+02
-5.906470811499999627e+02
-5.926334438869999985e+02
-5.955787982770000326e+02
-5.939210953809999864e+02
-5.928880892580000364e+02
-5.933838521989999890e+02
-6.026114382270000078e+02
-5.949689172009999538e+02
-5.855490335270000060e+02
-5.950994711600000073e+02
-6.030831114139999727e+02
-5.987533968689999710e+02
-6.049079219679999824e+02
-5.871942056369999818e+02
-5.944251733859999831e+02
-5.964357569940000303e+02
-6.035919106999999713e+02
-5.897597330959999908e+02
-5.887746181029999661e+02
-5.982726814630000263e+02
-5.955213737940000556e+02
-5.797802862019999566e+02
-5.990477301930000067e+02
-5.685363174880000088e+02
-5.923684201710000252e+02
-6.039843662880000466e+02
-5.974828217980000318e+02
-5.911421862229999533e+02
-5.774926547730000266e+02
-5.989750201079999670e+02
-6.021286352109999598e+02
-5.888941357380000454e+02
-5.940117025649999505e+02
-5.993310788610000373e+02
-5.980124622979999458e+02
-6.039791368100000000e+02
-5.819979105419999996e+02
-5.896123763279999821e+02
-5.964171001429999706e+02
-5.908244666619999634e+02
-5.902011414879999620e+02
-5.899857231700000284e+02
-5.999764378559999614e+02
-6.005957674349999706e+02
-5.967905921929999522e+02
-5.822529046289999997e+02
-5.844222360259999505e+02
-5.908488221569999723e+02
-5.862563420000000178e+02
-5.977528930319999745e+02
-5.861232673309999655e+02
-5.855748733140000013e+02
-5.896325387849999515e+02
-5.970340745510000033e+02
-5.926750133130000222e+02
-5.998399312090000421e+02
-5.990055391910000253e+02
-5.896754599160000225e+02
-5.945029519140000502e+02
-5.921436939110000139e+02
-5.933218042009999635e+02
-6.031021147239999891e+02
-5.981089468080000415e+02
-5.802240556809999816e+02
-5.914334186559999580e+02
-5.877981897800000297e+02
-5.937269104079999806e+02
-5.836784825559999490e+02
-5.894691890660000126e+02
-5.997462870220000468e+02
-5.836066347879999512e+02
-5.956162702780000018e+02
-5.770443597460000547e+02
-5.875968325679999680e+02
-5.824664107300000069e+02
-5.968181755110000495e+02
-5.928380243300000529e+02
-6.044395393620000050e+02
-6.032406947030000310e+02
-5.940814892710000095e+02
-6.015666982069999449e+02
-5.994520092799999702e+02
-5.871688481239999646e+02
-5.894426707119999946e+02
-5.860714436660000501e+02
-5.995057442029999493e+02
-5.991074253919999819e+02
-5.933332700079999995e+02
-5.828121236209999552e+02
-5.953887510519999751e+02
-5.958427093400000558e+02
-5.900750227270000323e+02
-5.903134027520000018e+02
-5.904278468999999632e+02
-5.972235586399999647e+02
-5.906186523989999841e+02
-6.027538394489999973e+02
-5.935079579739999645e+02
-6.005074182810000138e+02
-5.931678673349999826e+02
-5.966845253799999682e+02
-5.944506041299999879e+02
-5.843474325930000077e+02
-5.949101013329999432e+02
-5.968128982560000395e+02
-5.951521375810000336e+02
-5.974150802650000287e+02
-5.960188166110000338e+02
-6.007865984119999894e+02
-5.954917667019999499e+02
-5.977357180479999670e+02
-5.850195131110000375e+02
-5.961607606060000535e+02
-6.015152668670000367e+02
-5.961736340349999637e+02
-5.915480852220000543e+02
-5.924910861670000486e+02
-5.919743639170000051e+02
-5.946754608280000411e+02
-5.876116632580000214e+02
-5.896895784450000519e+02
-5.842620521830000371e+02
-5.942760006099999828e+02
-5.887439237390000244e+02
-5.996365367739999783e+02
-5.929257925760000489e+02
-5.991033063520000042e+02
-5.956775395019999451e+02
-5.926362292349999734e+02
-5.981631162669999640e+02
-5.811692172540000456e+02
-5.942424214510000411e+02
-6.006094994180000413e+02
-5.995779253160000053e+02
-5.968412888789999897e+02
-5.996240437919999522e+02
-5.999751141589999861e+02
-6.015868781399999534e+02
-5.916280731829999695e+02
-5.912779834399999572e+02
-5.998344265929999892e+02
-6.014422032170000421e+02
-6.037538284260000410e+02
-6.003972575020000022e+02
-5.928789336370000456e+02
-6.036821343139999954e+02
-5.995773670370000445e+02
-5.903448156919999974e+02
-5.898158721830000104e+02
-5.839117255569999543e+02
-6.026210105159999557e+02
-5.938850093529999867e+02
-5.934640338519999432e+02
-5.953050216130000081e+02
-5.939161661839999624e+02
-5.906866753949999520e+02
-5.960415665760000365e+02
-5.952524946150000460e+02
-6.026326798009999948e+02
-5.975822656789999883e+02
-6.042559078140000111e+02
-5.811476810999999998e+02
-5.867678044059999820e+02
-5.840359552590000476e+02
-5.779997734500000206e+02
-6.008925824819999661e+02
-6.005924057780000567e+02
-5.882681958859999440e+02
-5.996142993639999759e+02
-6.059590355269999691e+02
-6.051914131040000484e+02
-5.982793008290000216e+02
-5.931463414339999645e+02
-5.858106945600000017e+02
-5.847304266300000108e+02
-5.970116923980000365e+02
-6.004252724609999632e+02
-5.922537695150000445e+02
-5.845209815030000300e+02
-5.883108036940000147e+02
-5.961113675279999597e+02
-6.000376097859999618e+02
-5.993278473269999722e+02
-5.781578285849999475e+02
-5.845789173929999833e+02
-5.942076572529999794e+02
-5.965881095900000446e+02
-5.760690977489999796e+02
-5.714898030140000174e+02
-5.890059731029999739e+02
-5.904994443169999840e+02
-6.002020827000000054e+02
-6.012154443089999631e+02
-5.902489583090000451e+02
-5.875560755159999644e+02
-5.947866242830000374e+02
-5.984362179080000033e+02
-5.897710829650000051e+02
-5.949310115880000467e+02
-5.957821623529999897e+02
-5.933985495189999710e+02
-5.978302147540000533e+02
-6.012843657639999719e+02
-5.994960264820000475e+02
-6.014500016330000562e+02
-5.942458767299999636e+02
-5.872000268309999456e+02
-5.774982950019999635e+02
-5.828057052579999890e+02
-5.933075817610000513e+02
-5.995413685710000209e+02
-5.929379258359999767e+02
-5.997741250860000264e+02
-5.955741727619999892e+02
-5.910272970319999786e+02
-5.944446778049999693e+02
-5.883394002280000450e+02
-6.027646355269999958e+02
-5.960249360740000384e+02
-5.932907893850000391e+02
-5.876845794070000011e+02
-6.015788510099999939e+02
-6.016055672510000250e+02
-5.759489888069999779e+02
-5.893032253750000109e+02
-6.000277665730000081e+02
-5.891273675539999886e+02
-5.938571705499999780e+02
-5.969068834549999565e+02
-5.925426313330000312e+02
-5.806755413480000243e+02
-5.981459547819999898e+02
-5.988082007850000537e+02
-5.970278199570000197e+02
-5.843112948960000494e+02
-5.939313926170000286e+02
-5.954979452320000064e+02
-6.032100856309999699e+02
-5.988329683330000535e+02
-5.877137565739999445e+02
-6.007388653379999823e+02
-5.789533936579999818e+02
-5.999792729690000215e+02
-5.911847571570000355e+02
-5.929193718239999953e+02
-5.952541343640000377e+02
-5.938378777010000249e+02
-6.002499371960000190e+02
-5.989641334330000291e+02
-6.002397648889999573e+02
-5.993525092789999462e+02
-5.915194744520000540e+02
-5.966174552229999790e+02
-5.820835716899999852e+02
-5.943070570139999518e+02
-6.003293886769999972e+02
-6.005259151000000202e+02
-5.945395493439999655e+02
-5.847064703270000336e+02
-6.001309580539999615e+02
-5.938583211620000384e+02
-6.001594699099999843e+02
-6.021525779229999671e+02
-5.977526686310000059e+02
-5.877691424490000145e+02
-5.830093065009999691e+02
-5.899217632290000211e+02
-5.680055333239999982e+02
-5.815427914089999604e+02
-5.936254535580000038e+02
-5.777927432449999969e+02
-5.830143276899999591e+02
-5.843348404380000147e+02
-5.692329281869999704e+02
-5.883620136380000076e+02
-5.894053150239999468e+02
-5.997158650080000371e+02
-5.944080442460000313e+02
-5.922948453479999671e+02
-6.019639678319999803e+02
-5.817289890550000564e+02
-5.836017122480000126e+02
-5.645380594709999968e+02
-5.950052115680000497e+02
-5.938056030200000350e+02
-5.962441492860000380e+02
-5.864547124570000278e+02
-6.007756692799999882e+02
-5.938775857340000357e+02
-5.930808023770000545e+02
-5.739516309729999648e+02
-6.014632653310000023e+02
-6.014394609309999851e+02
-5.875100456510000413e+02
-5.963767969960000528e+02
-6.001701690999999528e+02
-5.781890162129999453e+02
-5.995666794569999638e+02
-5.942816792720000194e+02
-5.727945594719999463e+02
-5.950127993090000018e+02
-6.014811832430000322e+02
-5.938322933539999440e+02
-5.913311632200000076e+02
-6.034358524120000311e+02
-5.908164152900000090e+02
-5.932426170280000406e+02
-6.009668694649999452e+02
-5.938378286810000191e+02
-5.992132407389999571e+02
-5.863448487709999881e+02
-5.907080594850000352e+02
-5.985281288390000327e+02
-5.906750396380000439e+02
-5.998948421799999551e+02
-5.940078455929999564e+02
-5.835681393529999923e+02
-5.884561466139999766e+02
-5.992681620509999902e+02
-6.010834852890000093e+02
-5.993195271219999540e+02
-5.983954019609999477e+02
-5.988088462380000010e+02
-5.931788065219999453e+02
-5.991197027980000485e+02
-5.959501087610000241e+02
-5.894710678760000064e+02
-5.983614253030000327e+02
-6.008924017389999790e+02
-5.947772146370000428e+02
-5.914308823430000075e+02
-5.844451186239999743e+02
-5.847383042919999525e+02
-6.009380559910000557e+02
-5.866784557439999617e+02
-5.990160408850000522e+02
-5.940068862609999769e+02
-5.946624185309999575e+02
-5.893081002479999597e+02
-5.974569548140000279e+02
-5.987937206029999970e+02
-5.963338723819999814e+02
-6.030871768150000207e+02
-5.965233037899999999e+02
-5.857785586820000390e+02
-5.955574143479999520e+02
-5.924726448039999696e+02
-5.963362179089999699e+02
-6.004066353800000115e+02
-5.872105012450000459e+02
-5.937096939919999841e+02
-5.930219272839999576e+02
-5.870848028609999574e+02
-5.921824447650000138e+02
-5.960717164129999901e+02
-6.010335550930000181e+02
-5.954567647559999841e+02
-5.947208653679999770e+02
-5.763889259430000038e+02
-5.921401994479999757e+02
-5.882646585539999933e+02
-5.973110230239999510e+02
-5.961148285450000230e+02
-5.816281161800000064e+02
-5.886386771290000297e+02
-5.943136252719999675e+02
-6.020345579979999684e+02
-5.993514841060000435e+02
-5.965250879950000353e+02
-5.958399084070000526e+02
-5.908117147379999778e+02
-5.943677678569999898e+02
-5.947110871630000020e+02
-5.973000539380000191e+02
-5.837495875390000037e+02
-5.939714185950000456e+02
-5.971193670239999847e+02
-5.901909158449999495e+02
-6.000698112190000302e+02
-5.797178670130000455e+02
-5.940526742250000325e+02
-5.951007828980000340e+02
-5.939950262690000500e+02
-5.775662340830000403e+02
-5.908586709820000351e+02
-5.929740350199999739e+02
-5.870550793820000308e+02
-5.922613132740000310e+02
-5.950993008140000029e+02
-5.948618266739999854e+02
-6.009286220850000291e+02
-6.008707215040000165e+02
-5.871942837850000387e+02
-5.990141104640000549e+02
-5.852589402900000550e+02
-5.950377975589999551e+02
-5.856067818720000560e+02
-5.734974616929999911e+02
-5.859103477940000175e+02
-5.918734396050000441e+02
-5.848202752040000405e+02
-6.011375439720000031e+02
-5.936810004489999528e+02
-5.730266054639999993e+02
-5.909539084780000167e+02
-5.870613955850000139e+02
-5.971211115559999598e+02
-5.911869481410000162e+02
-5.945053811200000382e+02
-5.972247405269999945e+02
-5.933394541239999853e+02
-5.922250591389999954e+02
-5.956093086509999921e+02
-6.059792837979999831e+02
-6.014609248790000038e+02
-5.965405627320000121e+02
-5.729940744049999921e+02
-5.952802843010000515e+02
-5.774359947450000163e+02
-5.880070485239999698e+02
-6.025226791060000551e+02
-5.874487033469999915e+02
-6.015526238850000027e+02
-5.968493926469999451e+02
-5.889575224410000374e+02
-5.948096388269999579e+02
-5.846583922610000172e+02
-6.019162824920000503e+02
-5.893564669569999523e+02
-5.795819104930000094e+02
-6.003074146159999600e+02
-5.989557553339999458e+02
-5.975380209559999685e+02
-5.958777901170000177e+02
-5.915027531639999552e+02
-5.846313175540000202e+02
-5.845091871329999549e+02
-5.968652216069999668e+02
-5.923281127369999695e+02
-5.936804860070000132e+02
-5.974851292009999497e+02
-5.984067922829999588e+02
-5.978187283510000043e+02
-5.961686443070000223e+02
-6.002496709209999608e+02
-5.959769155230000024e+02
-5.899456530679999560e+02
-5.928504137579999451e+02
-5.905671221490000562e+02
-6.016358803340000350e+02
-5.980568720999999641e+02
-5.956367774980000149e+02
-5.874227806659999942e+02
-5.968338732600000185e+02
-5.933337856719999763e+02
-5.935289949470000010e+02
-5.892756148949999897e+02
-5.996717964529999563e+02
-5.904051168189999999e+02
-5.952889106149999634e+02
-5.831112102229999437e+02
-5.956145390609999595e+02
-5.831590673140000263e+02
-5.857453368789999786e+02
-5.944052360870000484e+02
-5.834162336079999704e+02
-5.875467653849999579e+02
-6.042023349739999958e+02
-6.005815848790000473e+02
-6.005121877889999951e+02
-5.927939373399999567e+02
-5.933615459400000418e+02
-5.899487988859999632e+02
-5.864880611459999500e+02
-5.726059129320000238e+02
-5.852051593080000202e+02
-5.844727477999999792e+02
-6.019866016429999718e+02
-5.797174692290000166e+02
-5.924134272080000301e+02
-5.769694085800000494e+02
-5.988695211320000453e+02
-5.869430420319999939e+02
-5.785531845179999664e+02
-5.763467265619999580e+02
-5.988789037340000050e+02
-5.872286083369999687e+02
-5.842330575270000281e+02
-5.970429991810000274e+02
-5.952943611509999755e+02
-5.899225122929999543e+02
-5.817943574800000306e+02
-5.945087087619999693e+02
-6.035879228339999827e+02
-5.993446268339999961e+02
-5.926374292149999974e+02
-5.993499119470000096e+02
-6.008564384840000230e+02
-5.991792239110000082e+02
-5.990941529880000189e+02
-5.908989867289999438e+02
-5.965764510220000147e+02
-5.960366031900000507e+02
-5.983452097809999941e+02
-5.960879132449999815e+02
-5.916990978320000067e+02
-6.018766058380000459e+02
-5.949253959899999700e+02
-5.933829926619999924e+02
-6.018500408529999959e+02
-5.965112158330000511e+02
-5.986595595689999527e+02
-5.919694043099999590e+02
-5.916300833239999974e+02
-5.908089714540000159e+02
-5.956670304049999913e+02
-5.948542945460000055e+02
-5.994105941609999491e+02
-5.868681917369999610e+02
-5.941038233149999996e+02
-5.977882047379999904e+02
-5.942782709150000073e+02
-5.926383046710000144e+02
-5.948253570860000536e+02
-5.906808435760000293e+02
-5.906819795799999611e+02
-5.848382511089999980e+02
-5.857412832920000483e+02
-5.945349064009999438e+02
-6.040059377290000384e+02
-6.018185934849999512e+02
-5.947226039680000440e+02
-5.973107894119999628e+02
-5.880790509739999834e+02
-5.904051751810000042e+02
-5.842437301310000066e+02
-5.902360841400000027e+02
-5.842923425039999756e+02
-5.989781415209999977e+02
-5.998426603299999442e+02
-5.817125272849999646e+02
-5.979913704529999450e+02
-5.891058275990000084e+02
-5.975499441069999875e+02
-5.939987172070000270e+02
-5.977926746570000205e+02
-5.996399027649999880e+02
-6.001795745379999971e+02
-5.942657240820000197e+02
-5.955563862589999644e+02
-5.947118532760000562e+02
-5.810161868149999691e+02
-5.989237792139999783e+02
-6.024418100460000005e+02
-5.982029876509999440e+02
-5.930669180789999473e+02
-5.922377991869999505e+02
-6.016210200240000177e+02
-5.905597240700000157e+02
-6.026789604179999742e+02
-5.962604235400000334e+02
-6.001507019299999683e+02
-5.871564450890000444e+02
-5.886383999209999729e+02
-5.903129378290000204e+02
-5.936432742529999587e+02
-5.792082274629999574e+02
-5.960319106859999465e+02
-5.961452201749999631e+02
-5.895970853940000325e+02
-5.990174438029999919e+02
-5.955049007930000471e+02
-5.979931302820000383e+02
-5.820073882729999468e+02
-6.044896009560000039e+02
-5.917419392210000524e+02
-6.008054557159999831e+02
-6.001680100470000525e+02
-6.049012726570000495e+02
-6.053641521729999795e+02
-5.967625020279999717e+02
-5.967306446579999601e+02
-5.876047984860000497e+02
-5.937361783999999716e+02
-5.880055696880000369e+02
-5.927710954770000171e+02
-5.929680287380000436e+02
-5.897311935269999594e+02
-5.915846644340000466e+02
-5.842922782350000261e+02
-5.930582226730000457e+02
-5.951171906340000533e+02
-5.863988372920000529e+02
-5.750435963160000483e+02
-6.032216556769999443e+02
-5.990198634800000264e+02
-5.894696336980000524e+02
-5.956822457230000509e+02
-5.940348535069999798e+02
-5.991865212970000130e+02
-5.991559824649999655e+02
-5.926944444230000499e+02
-5.984078993069999797e+02
-5.980381344190000164e+02
-6.023594758689999935e+02
-5.988203720359999807e+02
-5.957039347490000409e+02
-5.984242601969999669e+02
-5.941362558920000083e+02
-5.996849618649999911e+02
-6.009440329669999983e+02
-5.823164860760000465e+02
-5.978754439719999709e+02
-5.961336883139999827e+02
-5.924435681520000117e+02
-5.966319703760000266e+02
-5.881371037850000221e+02
-5.940488163270000541e+02
-5.899485230899999806e+02
-5.826731568589999597e+02
-5.860952850520000084e+02
-5.926290422600000056e+02
-5.893972048450000329e+02
-5.838599504720000368e+02
-5.910807273789999954e+02
-6.006865047219999951e+02
-5.923305524749999904e+02
-5.828586417479999682e+02
-5.965905811720000429e+02
-5.994248357359999773e+02
-5.914467994990000079e+02
-6.013008769159999929e+02
-5.865233137679999800e+02
-5.972526167519999944e+02
-5.910381271029999652e+02
-6.008900941089999606e+02
-5.895083234039999525e+02
-5.914971309850000125e+02
-5.887121867280000060e+02
-5.992652114590000565e+02
-5.932786801460000561e+02
-6.029063545799999702e+02
-5.926255201930000567e+02
-5.912902849179999976e+02
-5.885723029770000494e+02
-5.844642887369999471e+02
-5.915002063079999743e+02
-5.826209311869999965e+02
-5.947881203050000067e+02
-5.924903212980000262e+02
-5.895393175990000145e+02
-5.845275549560000172e+02
-5.979990477159999500e+02
-5.832878842349999786e+02
-5.946072115629999644e+02
-5.905953658229999519e+02
-5.852823625879999554e+02
-6.012052720100000442e+02
-5.962935156549999647e+02
-6.024603439339999795e+02
-6.008817842849999806e+02
-5.865150101909999876e+02
-6.019828557340000543e+02
-5.960657322480000175e+02
-5.927265882359999978e+02
-5.871041833760000372e+02
-5.898452569710000262e+02
-6.010516087109999717e+02
-5.835283416299999999e+02
-6.017735933469999736e+02
-5.937502069539999638e+02
-5.904419249840000248e+02
-5.814338968819999991e+02
-5.895481871609999871e+02
-6.007719463879999466e+02
-5.977237424500000316e+02
-6.000431868409999652e+02
-5.993278567539999813e+02
-5.938157375629999706e+02
-5.980625130839999883e+02
-6.023923209450000513e+02
-6.045959028150000449e+02
-5.944555232070000557e+02
-5.979842203299999710e+02
-5.956357497610000564e+02
-5.926288506339999458e+02
-5.956286670219999451e+02
-5.963290073959999518e+02
-5.913493219060000001e+02
-5.945534042880000243e+02
-6.033471264190000056e+02
-5.879571517819999826e+02
-5.936900173230000064e+02
-5.937937750040000537e+02
-6.001483582700000170e+02
-5.878449733129999686e+02
-5.919520108159999836e+02
-5.959686235670000087e+02
-5.923258472789999587e+02
-5.982333823669999902e+02
-5.957249794949999568e+02
-5.963944927349999716e+02
-5.839355446700000130e+02
-5.979091101100000287e+02
-5.963007899220000354e+02
-5.991583608810000214e+02
-6.022224092789999759e+02
-5.958360288589999527e+02
-5.889807727720000230e+02
-5.930756882550000455e+02
-5.905325678469999957e+02
-5.980390074739999591e+02
-5.975989427169999999e+02
-5.936501133450000225e+02
-5.841556580369999665e+02
-6.059296475630000032e+02
-6.021783880890000091e+02
-5.989260631209999701e+02
-5.864247097899999517e+02
-5.975608970570000338e+02
-5.932892541119999805e+02
-5.977022636770000190e+02
-5.943301853630000551e+02
-6.009647198579999667e+02
-5.876607661460000145e+02
-5.931193443739999793e+02
-5.876725420550000081e+02
-6.007423565840000492e+02
-5.993859270609999612e+02
-5.729129842869999720e+02
-5.977166221449999739e+02
-5.888536264030000211e+02
-5.921122710450000568e+02
-5.962608093809999446e+02
-6.038989954319999924e+02
-6.014185297469999796e+02
-6.048172346159999506e+02
-6.032900297449999698e+02
-5.957214739669999517e+02
-5.826708046190000232e+02
-5.984088813229999460e+02
-5.889979357099999788e+02
-6.011394641389999833e+02
-5.927717196690000492e+02
-6.013944184340000447e+02
-6.011179715230000511e+02
-5.972721659999999702e+02
-5.880251317239999480e+02
-5.808905250650000198e+02
-5.825915532379999604e+02
-5.928308185610000010e+02
-5.922857380230000217e+02
-6.018973266540000395e+02
-5.954536227900000540e+02
-6.066910550210000110e+02
-5.958013316139999915e+02
-6.006679751479999823e+02
-5.951832005520000166e+02
-5.980853861499999766e+02
-5.854038711770000418e+02
-5.877870893379999870e+02
-5.903233934549999731e+02
-5.942191730399999869e+02
-5.987060198729999456e+02
-5.950311017059999585e+02
-5.946631905140000072e+02
-5.942585227319999603e+02
-5.926344144959999767e+02
-5.875322824590000437e+02
-5.962092628599999671e+02
-5.867344898589999502e+02
-5.861121651690000363e+02
-5.903282792390000395e+02
-5.824716292540000495e+02
-5.873698227019999649e+02
-5.897841795680000132e+02
-5.787847274380000044e+02
-5.707236929959999543e+02
-5.878253716530000474e+02
-5.945822025559999702e+02
-5.811707879110000476e+02
-5.891033180550000452e+02
-5.740940533949999462e+02
-5.936813638490000358e+02
-6.000247684290000052e+02
-5.995495593990000316e+02
-5.892867425150000145e+02
-5.837048661180000408e+02
-5.827001487940000288e+02
-5.958973014849999572e+02
-6.021274630299999444e+02
-5.927094539539999687e+02
-5.922170248969999875e+02
-5.943100035920000437e+02
-5.973954742969999643e+02
-5.931775501680000389e+02
-5.989108755400000064e+02
-5.995465519589999985e+02
-5.855082161240000005e+02
-5.820282911719999674e+02
-5.943360880479999651e+02
-5.894387198489999946e+02
-6.034342911210000011e+02
-5.962069949189999534e+02
-6.007910150640000211e+02
-6.048852260659999729e+02
-5.897927139399999987e+02
-5.886311143799999854e+02
-5.982661850839999715e+02
-5.999187123120000251e+02
-6.030677162560000397e+02
-5.818848173170000564e+02
-5.905529478239999435e+02
-6.006700980849999496e+02
-6.015887002150000171e+02
-5.972740689219999695e+02
-5.965687607180000214e+02
-5.850795910260000028e+02
-5.828142706070000258e+02
-5.990184008310000081e+02
-5.853098193920000085e+02
-5.858686814709999453e+02
-5.921976946839999982e+02
-5.932845099690000552e+02
-5.970279582240000309e+02
-5.943884170180000410e+02
-5.956964175839999598e+02
-5.963451994800000193e+02
-5.875262083879999864e+02
-5.954336117829999466e+02
-5.837728862699999581e+02
-5.802657003299999587e+02
-5.947874195059999920e+02
-5.947674597809999568e+02
-5.852470079009999608e+02
-5.972745586209999828e+02
-6.003974826610000264e+02
-5.979159209560000363e+02
-5.938312811770000508e+02
-6.001555002220000006e+02
-5.988443283469999869e+02
-5.991744923979999840e+02
-5.985167286070000046e+02
-6.006816192290000345e+02
-5.831161491000000296e+02
-5.960521818810000241e+02
-5.986233663130000195e+02
-5.998002247959999522e+02
-5.915658382369999799e+02
-5.996012133799999901e+02
-5.949383309879999615e+02
-5.916554848240000410e+02
-5.836733960200000411e+02
-5.934956875909999781e+02
-5.969179628959999491e+02
-5.980324377020000384e+02
-6.005135411999999633e+02
-5.916531855319999522e+02
-5.867852645530000473e+02
-6.028962774530000388e+02
-6.006508114429999523e+02
-5.909342278660000147e+02
-5.927961933469999849e+02
-5.851135738509999555e+02
-5.876255043490000389e+02
-5.788213910839999699e+02
-5.814762002789999542e+02
-5.846807354119999900e+02
-5.873506375539999453e+02
-5.961262892140000531e+02
-5.843842177230000061e+02
-5.899095366190000505e+02
-5.890768110720000550e+02
-5.911165848220000498e+02
-5.912662712840000268e+02
-5.974007479709999870e+02
-5.932847232269999722e+02
-5.960942717589999802e+02
-6.023148414900000489e+02
-6.037774762630000396e+02
-5.920274778389999710e+02
-5.942078515160000052e+02
-5.980529607009999609e+02
-5.996074318119999589e+02
-6.028867610759999707e+02
-5.925679356900000130e+02
-5.779079241959999536e+02
-5.902599769680000463e+02
-5.820755894840000337e+02
-5.878506231280000520e+02
-5.908243266880000419e+02
-5.944165929160000132e+02
-5.898277956849999555e+02
-5.932653876450000325e+02
-5.965016831799999864e+02
-6.014300511410000354e+02
-5.996114442580000059e+02
-5.994531226699999706e+02
-5.984608072280000215e+02
-5.730474941579999495e+02
-6.004323945580000554e+02
-5.978904467849999946e+02
-5.942598204460000488e+02
-5.993858358119999821e+02
-5.851054087280000431e+02
-5.974240516349999552e+02
-6.035511223490000248e+02
-5.992316798880000306e+02
-5.988882372790000090e+02
-6.009342222689999744e+02
-6.012847405879999769e+02
-5.969351847550000230e+02
-5.889668950379999615e+02
-5.936683237739999868e+02
-5.868859750939999458e+02
-5.957480325430000221e+02
-5.982978828560000011e+02
-5.953774683740000455e+02
-5.915302329180000243e+02
-5.944494504489999827e+02
-5.921450402379999787e+02
-5.876525672010000108e+02
-5.925020191119999708e+02
-5.904435428240000192e+02
-5.965294661809999752e+02
-5.921497560599999588e+02
-5.988664037830000098e+02
-5.851080166259999942e+02
-5.908399056209999571e+02
-5.745825175569999601e+02
-5.983190178459999515e+02
-5.934356102020000208e+02
-5.935680120250000300e+02
-5.896301695990000553e+02
-5.879575218679999580e+02
-5.927207986900000378e+02
-5.980348506870000165e+02
-5.985719186200000195e+02
-5.885267434410000078e+02
-5.968625397900000280e+02
-5.964570045990000153e+02
-5.929389845330000526e+02
-6.018702811639999481e+02
-5.982270913150000524e+02
-5.907774459040000465e+02
-5.928665613069999836e+02
-6.028072653960000480e+02
-5.955194934019999664e+02
