-5.981445071609999786e+02
-5.959618091910000430e+02
-5.920216885790000561e+02
-5.991484021859999984e+02
-5.928798202640000454e+02
-6.013687423989999843e+02
-5.904556492709999702e+02
-5.994314628549999497e+02
-5.945623530300000539e+02
-5.971425977589999547e+02
-5.993323733869999614e+02
-5.978644312349999836e+02
-5.835839643210000531e+02
-5.959082120320000513e+02
-5.979570397349999666e+02
-6.000795089209999560e+02
-5.944378485349999437e+02
-5.999128690950000191e+02
-5.955404353229999970e+02
-5.946230450010000368e+02
-5.924860314469999594e+02
-6.002505923530000018e+02
-5.943192030100000238e+02
-5.906167164140000523e+02
-6.014616851470000256e+02
-5.712636517150000373e+02
-5.915400823940000237e+02
-5.881012546650000559e+02
-5.858854064099999732e+02
-5.803411633050000091e+02
-5.880299502630000461e+02
-5.917535189010000067e+02
-5.958927560270000185e+02
-5.942013881560000073e+02
-6.019545954540000139e+02
-5.967090282069999603e+02
-6.003512670190000335e+02
-5.955520363399999724e+02
-5.892653176779999740e+02
-5.978368127710000408e+02
-5.949220809429999690e+02
-5.874058541130000322e+02
-5.865953168820000201e+02
-5.821101274860000103e+02
-5.884809753160000128e+02
-5.891444620779999468e+02
-6.042811093620000520e+02
-5.985343233429999827e+02
-5.955961407270000336e+02
-5.997994738720000214e+02
-6.000141588980000051e+02
-5.963684460739999622e+02
-5.973171784690000550e+02
-5.914440725160000056e+02
-5.993436530769999990e+02
-5.913170896000000312e+02
-6.002429242760000534e+02
-5.992743157080000174e+02
-5.958172977310000533e+02
-5.946486981369999967e+02
-5.921368199869999671e+02
-5.931658991369999967e+02
-5.949517954570000029e+02
-5.900093035889999555e+02
-5.895774827100000266e+02
-5.833195873140000458e+02
-6.049005285460000323e+02
-5.990653997429999436e+02
-5.969480917199999794e+02
-5.952501031509999621e+02
-5.968195098259999440e+02
-5.919283525560000498e+02
-6.028518422979999514e+02
-5.999049836249999998e+02
-6.010576043940000091e+02
-5.944325506630000291e+02
-5.996794465030000083e+02
-5.798056355569999596e+02
-5.887075652270000319e+02
-5.947147315669999443e+02
-5.877700423559999763e+02
-5.853747454690000041e+02
-5.885699532610000233e+02
-5.930579816150000170e+02
-5.990160307630000034e+02
-5.913935723150000285e+02
-5.811805836700000327e+02
-5.929149798710000141e+02
-5.975182008069999711e+02
-5.986922063199999684e+02
-6.015264890480000304e+02
-5.944942635170000358e+02
-5.997020260949999511e+02
-5.982800259770000366e+02
-5.793055874799999856e+02
-5.927429069559999562e+02
-5.941714691009999569e+02
-5.940904858599999443e+02
-5.975097656430000370e+02
-5.905129209279999714e+02
-6.028733972810000523e+02
-5.907790611220000301e+02
-5.908386115700000119e+02
-6.006340498949999755e+02
-5.943536631419999594e+02
-6.044800686879999603e+02
-5.982885117749999608e+02
-5.951992766380000148e+02
-5.981195180820000132e+02
-5.799415503110000145e+02
-5.886033366399999522e+02
-5.941811161450000327e+02
-5.903516175219999695e+02
-5.960164103910000222e+02
-6.049681857230000332e+02
-5.945383915149999439e+02
-5.925026177659999576e+02
-5.857386042360000147e+02
-5.956274246030000086e+02
-5.950940608160000238e+02
-5.874577952009999535e+02
-5.954899987390000433e+02
-5.981933151399999815e+02
-5.881151260579999871e+02
-6.016734048340000527e+02
-5.914944854750000331e+02
-5.872530058889999509e+02
-5.885384753859999591e+02
-5.969177639230000523e+02
-5.788600471429999743e+02
-5.823263339500000484e+02
-5.971914435099999992e+02
-5.995543603370000483e+02
-5.978799896179999678e+02
-5.957435981730000094e+02
-5.955130259329999944e+02
-5.935300507079999761e+02
-5.946592615160000150e+02
-5.886228340640000170e+02
-5.860084422469999481e+02
-5.967130102510000143e+02
-5.889590936539999575e+02
-5.876247638170000300e+02
-5.939335922760000130e+02
-5.903961430189999646e+02
-6.025921957150000026e+02
-5.873183655029999954e+02
-5.837064676649999910e+02
-5.943992894900000010e+02
-5.938712683190000234e+02
-5.863801614279999512e+02
-5.958778326059999699e+02
-5.998459163019999778e+02
-6.048709168880000107e+02
-6.030081432020000420e+02
-5.992308806239999512e+02
-5.861697831689999703e+02
-5.963997452569999496e+02
-5.861435404060000565e+02
-5.986371459480000112e+02
-5.900757482330000130e+02
-5.871455542090000108e+02
-5.929716414350000377e+02
-6.046462389109999549e+02
-6.049919746079999641e+02
-5.980671996080000099e+02
-5.898840542340000184e+02
-6.000429711389999738e+02
-5.961767596700000240e+02
-5.975786391159999766e+02
-5.931724090640000213e+02
-5.874396596379999664e+02
-5.961627436999999645e+02
-6.025159209939999982e+02
-5.878485617860000048e+02
-5.989630380180000202e+02
-5.839321460109999862e+02
-5.595135126000000128e+02
-5.910376512210000328e+02
-5.860455327309999802e+02
-5.905047570860000405e+02
-5.989399811020000470e+02
-5.886039760969999861e+02
-6.006652633469999500e+02
-5.946730616969999801e+02
-6.016869796050000332e+02
-5.920438501099999939e+02
-6.010320891930000471e+02
-5.981177324239999962e+02
-5.964730717800000548e+02
-5.983962112909999860e+02
-5.989339811400000144e+02
-5.937354909429999452e+02
-6.035667256750000433e+02
-6.006974961099999746e+02
-5.998962594719999970e+02
-5.973786937889999535e+02
-5.913670824219999531e+02
-5.949331877160000204e+02
-5.949647784339999816e+02
-5.977598148890000402e+02
-5.989541219290000527e+02
-5.995769557339999665e+02
-5.960506466609999734e+02
-5.914133183379999537e+02
-6.027748270030000413e+02
-5.996290685300000405e+02
-5.969671052700000473e+02
-5.960635546170000225e+02
-5.989700759349999544e+02
-6.021024311869999792e+02
-5.963488374419999900e+02
-5.934921245340000269e+02
-5.963549161959999765e+02
-5.889944185220000463e+02
-5.818756965869999931e+02
-5.943522738240000081e+02
-5.859652806090000468e+02
-5.893365838480000320e+02
-5.859170317040000100e+02
-5.764209949559999586e+02
-5.953105235519999496e+02
-5.985778755009999941e+02
-5.985582176750000372e+02
-5.819904691069999672e+02
-5.892221700920000558e+02
-5.847779845930000420e+02
-5.745956754280000496e+02
-5.899699550990000034e+02
-5.983445003399999678e+02
-5.970225431809999463e+02
-5.963885146469999654e+02
-5.995780228429999852e+02
-5.953727671000000328e+02
-5.917092733629999657e+02
-5.956596467120000398e+02
-5.952383082100000138e+02
-5.927837370219999684e+02
-5.909276046100000030e+02
-5.977176301900000226e+02
-5.957510657779999974e+02
-5.974004730929999596e+02
-6.006901282649999985e+02
-5.921156027419999646e+02
-6.014397974349999458e+02
-5.956380172049999828e+02
-5.889548885450000171e+02
-5.978115275569999767e+02
-5.927819269679999934e+02
-5.934308720970000195e+02
-5.929205666249999922e+02
-5.970457993820000411e+02
-6.005431770630000301e+02
-5.981593904139999722e+02
-5.944987269399999832e+02
-5.900057336779999559e+02
-5.920449011880000398e+02
-5.959230833919999668e+02
-6.019995568750000530e+02
-6.009109334239999498e+02
-5.978632071499999938e+02
-5.999000446530000090e+02
-5.929042432160000544e+02
-5.992211235500000157e+02
-6.047399496269999872e+02
-5.887836703970000372e+02
-6.025336129060000303e+02
-5.903578726570000299e+02
-5.907764207779999879e+02
-5.948488969159999442e+02
-5.957863303569999971e+02
-6.000164198080000233e+02
-6.019905346460000146e+02
-6.000491664290000244e+02
-5.899610071070000004e+02
-5.941605464890000121e+02
-5.960581916600000341e+02
-5.978125331449999749e+02
-5.816157024279999632e+02
-6.037511444130000200e+02
-5.854730477010000413e+02
-6.005490886909999517e+02
-5.947794974949999869e+02
-6.012300590900000543e+02
-5.954083832600000505e+02
-5.952851944840000442e+02
-6.025170342070000515e+02
-5.999730291050000233e+02
-5.875456066599999758e+02
-5.996755444960000432e+02
-6.016758465299999443e+02
-5.968621903480000128e+02
-5.949998010179999710e+02
-6.016087369489999901e+02
-5.915460565399999950e+02
-5.985775095510000483e+02
-5.995773312750000059e+02
-5.976103166489999694e+02
-5.997133022489999803e+02
-5.966884916420000309e+02
-5.907058496360000390e+02
-5.907405660739999576e+02
-5.957622396040000012e+02
-5.897771909839999580e+02
-5.764481832899999745e+02
-5.775705494300000282e+02
-5.939867409600000201e+02
-5.965689904209999668e+02
-6.015411625640000466e+02
-5.947525337289999925e+02
-5.951455400319999853e+02
-5.963150110110000242e+02
-5.974448258209999949e+02
-5.947698622540000315e+02
-5.934480083720000039e+02
-5.927558174749999580e+02
-5.975303114739999728e+02
-5.982492074059999823e+02
-5.921237419829999453e+02
-5.926132524990000547e+02
-5.988062869740000451e+02
-5.982971432970000478e+02
-5.989822800270000016e+02
-6.002869539849999683e+02
-5.992104260649999787e+02
-5.984777221460000192e+02
-6.013486782879999737e+02
-5.936262065060000168e+02
-6.043985004979999758e+02
-5.869670571450000125e+02
-5.862042459030000146e+02
-5.925808071830000472e+02
-5.969639454550000437e+02
-5.923211811779999607e+02
-5.915972748780000074e+02
-5.980354471020000346e+02
-5.998429872890000070e+02
-5.928771229799999674e+02
-5.976436337459999777e+02
-5.805891942040000231e+02
-5.858161453540000139e+02
-6.047383707929999446e+02
-6.036475384310000436e+02
-5.848658395129999690e+02
-5.926605124650000107e+02
-5.990149186999999529e+02
-6.004179897449999999e+02
-5.948539539240000522e+02
-5.952886785700000019e+02
-6.030166815479999514e+02
-6.005346506910000244e+02
-6.045610644600000114e+02
-6.040344864749999942e+02
-5.968818721369999594e+02
-5.992060705669999834e+02
-5.993808234709999851e+02
-6.020307905539999638e+02
-5.976683886770000527e+02
-6.026971663189999617e+02
-5.891819223799999463e+02
-5.959655482949999623e+02
-5.989244363809999641e+02
-6.033050877130000345e+02
-5.984656660319999446e+02
-5.990258670680000250e+02
-5.983377971300000127e+02
-5.944175694890000159e+02
-5.831515078190000168e+02
-5.814912232660000200e+02
-5.902546125430000075e+02
-5.834052761430000373e+02
-5.878569663639999590e+02
-5.853818972730000496e+02
-5.988486372300000085e+02
-5.856943674870000223e+02
-5.916636704649999956e+02
-5.925218056009999827e+02
-5.927134846459999835e+02
-5.914258384409999962e+02
-5.997066563020000558e+02
-5.917280771729999742e+02
-5.991727159130000473e+02
-5.793570204789999707e+02
-6.000684207580000020e+02
-5.995580648820000533e+02
-5.988141871120000133e+02
-6.016841216770000074e+02
-5.817298891799999865e+02
-5.933658468190000121e+02
-6.027345122829999582e+02
-5.969153740179999659e+02
-5.945120675379999966e+02
-5.964123451530000466e+02
-5.990604412369999636e+02
-5.906600620909999861e+02
-6.015949687769999628e+02
-5.953478201369999852e+02
-6.025297718159999931e+02
-6.066778615230000469e+02
-6.034943454929999689e+02
-5.995676568950000274e+02
-6.006049042710000094e+02
-5.973558350450000489e+02
-6.026866787860000159e+02
-5.882446683519999624e+02
-5.926269942989999890e+02
-5.997864846080000234e+02
-5.906283588789999612e+02
-5.981671519190000481e+02
-5.900775370210000119e+02
-5.966522017170000254e+02
-6.007704954309999721e+02
-5.909877235070000552e+02
-5.980251972050000404e+02
-5.830336556590000328e+02
-5.990856668579999678e+02
-6.021037439469999981e+02
-5.989788699450000422e+02
-6.013472155609999845e+02
-5.915780174870000110e+02
-5.834223813449999625e+02
-5.907829340539999521e+02
-5.954743421209999497e+02
-5.918905563810000103e+02
-5.792513248069999463e+02
-5.778349993580000046e+02
-5.879255596740000556e+02
-5.996083718339999677e+02
-5.978541856870000402e+02
-6.003702440370000204e+02
-5.992559437529999968e+02
-5.911026153020000038e+02
-5.969828886020000027e+02
-6.015217210319999595e+02
-5.808564006909999762e+02
-5.990139069460000201e+02
-5.948821349620000092e+02
-5.857158156360000021e+02
-5.909758462920000284e+02
-5.922073068439999588e+02
-6.019671641989999671e+02
-5.959765360469999678e+02
-5.684730537079999522e+02
-5.969236070650000556e+02
-5.937718696729999692e+02
-5.878966189730000451e+02
-5.991344289439999784e+02
-5.973184606559999565e+02
-5.960656328620000295e+02
-5.970811061619999691e+02
-5.937202768949999836e+02
-5.894419895319999796e+02
-5.939276052679999793e+02
-5.990936866370000189e+02
-5.932285887860000457e+02
-6.060304657450000150e+02
-6.013856092370000397e+02
-5.710250216169999931e+02
-5.913993232090000447e+02
-6.033417036109999572e+02
-5.918385052429999860e+02
-6.005096505919999572e+02
-5.936031337980000444e+02
-5.981016702250000208e+02
-5.951762866479999730e+02
-6.022200122919999785e+02
-5.962701947020000262e+02
-5.942670546049999984e+02
-5.953222488610000482e+02
-6.022715481200000340e+02
-5.979730535329999839e+02
-5.999470428949999814e+02
-5.972147098289999576e+02
-6.009943748660000438e+02
-5.964922370320000482e+02
-5.967700626739999734e+02
-5.962890574040000047e+02
-5.976112592529999574e+02
-5.959809029159999909e+02
-5.812200483850000410e+02
-6.000823721010000327e+02
-5.853779274700000315e+02
-5.975419799549999880e+02
-5.986581081040000072e+02
-6.032135754790000419e+02
-5.975612951049999992e+02
-5.906905048129999614e+02
-5.935175562919999948e+02
-5.946738186259999566e+02
-6.023339749049999909e+02
-6.023032271340000534e+02
-6.017328912450000189e+02
-5.930376825189999863e+02
-5.951062642910000022e+02
-5.984068896720000339e+02
-6.032749943699999449e+02
-5.989654496609999796e+02
-5.787867966600000500e+02
-5.968514175840000462e+02
-5.975876362630000358e+02
-6.003165930950000302e+02
-5.883794789529999889e+02
-5.975392729339999960e+02
-5.995412489389999564e+02
-5.981235131339999498e+02
-5.793907358930000555e+02
-5.927967991809999830e+02
-5.994377290370000537e+02
-5.984428180879999672e+02
-6.057654735150000533e+02
-6.015040267250000170e+02
-5.974666482049999559e+02
-5.834057950879999908e+02
-6.024491801509999505e+02
-6.015146903549999706e+02
-6.022530955800000356e+02
-5.954338664919999928e+02
-5.923214470909999818e+02
-5.886433416390000275e+02
-5.959080435150000312e+02
-6.034483741789999840e+02
-5.998592441939999844e+02
-5.935882205689999864e+02
-6.025314602680000462e+02
-5.980582795399999441e+02
-5.788772969780000039e+02
-5.941542994860000135e+02
-5.906860343079999893e+02
-5.846750956659999474e+02
-5.906462405270000318e+02
-5.979501495429999522e+02
-5.852320720039999742e+02
-5.967094678759999624e+02
-6.033783447419999675e+02
-5.833586411579999549e+02
-5.892055482719999873e+02
-5.918389318399999866e+02
-5.988929847839999638e+02
-5.991226160940000227e+02
-6.024029212389999657e+02
-5.934920830910000404e+02
-5.916714985290000186e+02
-5.950199961060000078e+02
-5.841265390790000538e+02
-5.951692589580000003e+02
-5.868839611780000496e+02
-5.998584963829999879e+02
-5.986323963180000192e+02
-6.002608116080000400e+02
-6.030214135559999704e+02
-5.971172706789999438e+02
-6.000637961810000434e+02
-5.985463924660000430e+02
-5.948689350089999834e+02
-6.039717009150000422e+02
-5.920093244849999792e+02
-5.928089376740000489e+02
-5.977075928020000219e+02
-5.925307775439999887e+02
-5.991190063210000289e+02
-5.894840640149999444e+02
-5.804117340789999844e+02
-5.997828312200000482e+02
-5.966460331560000441e+02
-5.982466279029999896e+02
-5.957717939980000210e+02
-6.003839705000000322e+02
-6.004041128979999939e+02
-5.962235831530000496e+02
-5.808896932369999604e+02
-5.649412056639999946e+02
-5.832378989110000020e+02
-5.949709116080000513e+02
-5.835794068500000549e+02
-5.825112030730000470e+02
-5.937686221000000160e+02
-5.949886454740000090e+02
-5.994729221439999947e+02
-5.882953474810000216e+02
-6.007651193430000376e+02
-5.934508490440000514e+02
-5.976829640209999752e+02
-6.023445808830000487e+02
-5.990155199629999743e+02
-5.707778103639999472e+02
-5.989411568689999967e+02
-5.936829849260000174e+02
-5.813542322160000140e+02
-5.918291161199999806e+02
-5.999042776520000189e+02
-5.997356743399999459e+02
-6.031671853200000442e+02
-5.899556211569999959e+02
-6.041686854700000140e+02
-5.991252137300000413e+02
-6.004722178700000086e+02
-6.035870354410000118e+02
-5.952695569750000004e+02
-6.000887996999999814e+02
-5.941598681670000133e+02
-6.013110495670000546e+02
-5.980925548720000506e+02
-5.918005945019999672e+02
-5.939679587030000221e+02
-5.966395962359999885e+02
-5.977367025869999679e+02
-6.027551553069999954e+02
-6.027177215030000070e+02
-5.802851438510000435e+02
-6.032906157899999471e+02
-5.997361728419999736e+02
-5.938109606629999462e+02
-5.997298935850000134e+02
-6.004597803990000102e+02
-5.883860007209999594e+02
-5.970014476860000059e+02
-5.965386470820000113e+02
-5.939685651999999436e+02
-5.959464100080000435e+02
-5.954814491959999714e+02
-6.006928420919999780e+02
-5.983025231860000304e+02
-5.876282934030000433e+02
-6.011525511830000141e+02
-5.887344983469999988e+02
-5.967357651280000255e+02
-5.945055152500000304e+02
-6.039276879020000024e+02
-6.009672741629999564e+02
-5.747623970619999909e+02
-5.975665320909999991e+02
-5.901494801779999761e+02
-6.015975742440000431e+02
-5.895583324899999980e+02
-5.880917657909999434e+02
-6.014236007289999861e+02
-6.038547300300000416e+02
-6.009124093929999617e+02
-5.926585888460000433e+02
-5.922311682480000172e+02
-6.049795688039999959e+02
-6.038927864659999614e+02
-5.992907203869999648e+02
-6.023825263520000135e+02
-5.926399549650000154e+02
-6.032115892020000274e+02
-6.018441249530000050e+02
-5.978449612379999962e+02
-5.947802947049999602e+02
-5.996857501839999713e+02
-6.006775087099999837e+02
-5.973556466679999630e+02
-5.939302552410000544e+02
-5.886146498980000388e+02
-5.909538762209999732e+02
-5.886538292420000289e+02
-5.832303759330000048e+02
-5.992337903979999965e+02
-5.997684183830000393e+02
-6.056037737939999488e+02
-5.971679256449999684e+02
-5.916632780170000387e+02
-5.893475130760000411e+02
-5.859655941250000524e+02
-5.841035394949999500e+02
-5.875144719310000028e+02
-5.987750606170000083e+02
-5.964513604049999458e+02
-5.958592615439999918e+02
-6.009762032309999995e+02
-5.979861863480000466e+02
-5.936443242230000124e+02
-5.925503984599999967e+02
-5.830608199509999849e+02
-5.967956166489999532e+02
-5.863936028120000401e+02
-5.852308391560000018e+02
-6.022734832889999552e+02
-5.932350366529999519e+02
-5.994532103850000340e+02
-6.039682634509999843e+02
-5.936751876360000324e+02
-5.897104915649999839e+02
-5.979799761470000021e+02
-5.909351134360000515e+02
-5.989708011730000408e+02
-6.022747389339999700e+02
-5.984962585060000038e+02
-5.942386393450000242e+02
-5.960912370629999941e+02
-6.009689279000000397e+02
-5.942787551149999672e+02
-5.781183965610000541e+02
-5.909803486380000095e+02
-5.905015972590000501e+02
-5.954176237729999457e+02
-5.969369836470000337e+02
-5.818970491400000355e+02
-5.914686366959999759e+02
-5.914841495560000340e+02
-5.971535613250000551e+02
-5.746653851830000121e+02
-5.893440643300000374e+02
-5.975892597250000335e+02
-6.052359113769999794e+02
-5.872866360369999938e+02
-6.004620208280000497e+02
-5.947696704319999981e+02
-5.961018520559999843e+02
-5.929006070189999491e+02
-5.848513715999999931e+02
-5.939705726959999765e+02
-6.031333959129999585e+02
-5.955297309510000332e+02
-5.835106867270000066e+02
-5.915307139190000498e+02
-5.962130140579999988e+02
-5.831694340420000344e+02
-5.930635185490000367e+02
-5.950524916870000425e+02
-5.976007344900000362e+02
-5.976371945800000276e+02
-5.977084665339999674e+02
-6.014110368970000309e+02
-5.885553638229999933e+02
-5.990085662760000105e+02
-5.896584636920000548e+02
-5.969260500469999897e+02
-5.988702403040000490e+02
-5.970304849540000305e+02
-6.020351428410000381e+02
-5.867407912039999474e+02
-5.926898750039999868e+02
-5.984701611760000333e+02
-5.987795865959999446e+02
-5.943767101700000239e+02
-5.951198104200000216e+02
-6.023654691609999645e+02
-6.037263482890000432e+02
-6.009913581399999885e+02
-5.984457208789999640e+02
-5.938256010940000351e+02
-5.914159575129999666e+02
-6.019875667989999783e+02
-6.016411101649999864e+02
-5.888817416890000231e+02
-6.011646030880000353e+02
-5.954657353830000375e+02
-6.002682555960000172e+02
-5.941069008199999644e+02
-6.055056756889999861e+02
-5.673564737609999611e+02
-5.949966254199999867e+02
-5.926265884150000147e+02
-5.909897942799999555e+02
-5.928519141220000392e+02
-6.017044334189999972e+02
-5.989226164880000169e+02
-6.027449753690000307e+02
-5.948714386709999644e+02
-5.968349141549999786e+02
-5.895298178150000012e+02
-5.882835444900000539e+02
-5.932140846659999625e+02
-5.972117640190000429e+02
-5.951642480470000010e+02
-5.901574616069999593e+02
-5.919965951079999513e+02
-5.816211234310000009e+02
-5.962095343109999703e+02
-5.897818822839999484e+02
-5.939214745939999602e+02
-5.989610878329999650e+02
-5.967565051670000003e+02
-5.898306201489999694e+02
-6.024091644820000511e+02
-5.895636054389999572e+02
-5.925750901650000060e+02
-5.850182926109999926e+02
-6.009088828620000413e+02
-6.003691108629999462e+02
-5.867545872460000282e+02
-6.010870547990000432e+02
-5.998887646599999925e+02
-5.824390289430000394e+02
-5.994759547749999911e+02
-5.971578246020000051e+02
-5.924255121439999812e+02
-5.985280011549999699e+02
-5.942007164599999669e+02
-5.980089033020000215e+02
-5.963742025919999605e+02
-6.037683507430000418e+02
-6.015861673409999639e+02
-6.018716880209999545e+02
-5.778689079580000225e+02
-5.962843185399999584e+02
-6.014071739810000281e+02
-6.030149798579999469e+02
-5.954526084730000548e+02
-5.961034506529999817e+02
-5.930967597239999805e+02
-5.875698511250000138e+02
-5.861702687270000069e+02
-5.823434601310000289e+02
-6.017789693189999980e+02
-5.899212150710000060e+02
-6.043629848709999806e+02
-6.055485116930000231e+02
-5.895204391280000209e+02
-5.977008318360000203e+02
-5.956469813310000063e+02
-5.859479961319999575e+02
-5.925978107070000078e+02
-5.895119978310000306e+02
-5.975615062450000323e+02
-5.967090686369999730e+02
-5.823953164060000063e+02
-6.012865342320000082e+02
-5.975826124960000243e+02
-5.917095992900000283e+02
-5.926914026360000207e+02
-5.972347363559999849e+02
-5.879876548649999677e+02
-5.977190854890000082e+02
-5.937258117730000322e+02
-5.995929305219999605e+02
-5.935548750640000435e+02
-5.847125204249999797e+02
-5.928211145210000268e+02
-5.925070544210000207e+02
-5.917439386400000103e+02
-5.956759138930000290e+02
-6.021944467060000079e+02
-6.048498809369999663e+02
-5.967501070360000313e+02
-5.941250343479999856e+02
-5.952588785259999895e+02
-5.946390068099999553e+02
-5.922125377080000135e+02
-5.887621826700000156e+02
-5.810481984750000493e+02
-5.907658115589999852e+02
-5.806321869829999969e+02
-5.828367558280000367e+02
-6.022066938609999625e+02
-6.000947484189999841e+02
-5.925149278549999963e+02
-5.837248864970000568e+02
-5.859606131340000275e+02
-5.918699478050000380e+02
-5.860763107479999690e+02
-5.877827509579999514e+02
-5.936964410320000525e+02
-5.989287792720000425e+02
-5.943637291390000428e+02
-5.964001066509999873e+02
-6.006497343500000170e+02
-5.973217638710000301e+02
-5.943213297879999573e+02
-6.007381762080000271e+02
-5.965763453910000180e+02
-6.035949819349999643e+02
-5.939657494340000312e+02
-5.987983101879999595e+02
-5.953875837959999444e+02
-5.960192914640000481e+02
-5.998094427080000060e+02
-5.913801423889999569e+02
-5.969504101310000124e+02
-6.030726354920000176e+02
-5.887669267329999911e+02
-5.944004601960000400e+02
-5.934010337830000026e+02
-6.048136671029999434e+02
-5.937857619229999955e+02
-6.003747724390000258e+02
-5.939106565990000490e+02
-5.993710400969999910e+02
-5.986489665509999440e+02
-5.942618853320000198e+02
-5.837955018530000189e+02
-5.922936609099999714e+02
-5.947293457130000434e+02
-5.871812004119999528e+02
-6.054698893510000062e+02
-5.965292718919999970e+02
-5.909896818930000109e+02
-5.962079233030000296e+02
-6.030178948530000298e+02
-5.985625988279999774e+02
-6.036310215989999506e+02
-5.944763183860000026e+02
-5.961088727869999957e+02
-5.933309654329999603e+02
-5.958889846189999844e+02
-5.889587269869999773e+02
-6.000596120220000103e+02
-5.956316286019999779e+02
-5.908099244960000078e+02
-5.919334531819999938e+02
-5.974448611049999727e+02
-6.003437169479999511e+02
-5.885927290880000555e+02
-5.988692065559999946e+02
-5.878020175469999913e+02
-5.822619319090000545e+02
-5.917028118649999442e+02
-5.910230465880000565e+02
-5.980296413329999723e+02
-5.986457876590000069e+02
-5.947387143260000357e+02
-5.990708476629999950e+02
-5.968368587339999749e+02
-5.862451975940000466e+02
-5.886033353169999600e+02
-5.966893349120000494e+02
-5.945112315229999922e+02
-5.916072895720000133e+02
-5.896047529369999438e+02
-5.965301985749999858e+02
-6.045825002679999898e+02
-6.000759679830000550e+02
-5.967146898280000187e+02
-5.880254118689999814e+02
-6.025802103250000528e+02
-5.928058662199999844e+02
-5.990051033920000236e+02
-5.966688938800000415e+02
-6.008311803399999462e+02
-5.938172259499999655e+02
-5.775063144350000357e+02
-5.905107339180000281e+02
-5.993015299620000178e+02
-5.854012525509999705e+02
-6.026309351239999614e+02
-6.007241436860000476e+02
-5.987641052970000146e+02
-5.928354034239999919e+02
-5.844059504419999485e+02
-5.917822198229999913e+02
-5.875736348939999516e+02
-5.922200638870000375e+02
-5.830371179259999508e+02
-6.039215893729999607e+02
-6.000816502359999731e+02
-5.930302664199999754e+02
-5.912921263990000398e+02
-5.828387332119999655e+02
-5.958838275790000125e+02
-6.000254613829999926e+02
-5.934061359510000102e+02
-5.985713546099999576e+02
-5.882163454310000361e+02
-5.964161986560000059e+02
-5.891372243990000470e+02
-5.931144457860000330e+02
-5.998981810899999800e+02
-6.027727513610000187e+02
-5.925103225889999976e+02
-5.906614335430000438e+02
-5.960014052410000431e+02
-5.990537710659999675e+02
-6.037095044149999694e+02
-5.918714018020000367e+02
-5.983811858860000257e+02
-5.948142824560000008e+02
-5.993013119390000156e+02
-5.985004025700000057e+02
-6.030844994479999741e+02
-6.015097388210000418e+02
-5.921412413770000285e+02
-5.788794048989999510e+02
-5.969283062199999677e+02
-5.975637839290000102e+02
-6.000634326470000133e+02
-5.971704205409999986e+02
-5.995000004459999445e+02
-6.008979801819999693e+02
-5.952661120300000448e+02
-5.919914481439999463e+02
-5.950428748350000205e+02
-5.957196352910000314e+02
-5.988482780529999445e+02
-5.934252177089999805e+02
-6.009453555630000210e+02
-5.991711511639999799e+02
-5.926076407159999917e+02
-5.972547123589999956e+02
-5.990114723130000129e+02
-5.962880932990000247e+02
-5.914307952189999469e+02
-5.999684193699999923e+02
-5.992636939750000238e+02
-6.004017668349999894e+02
-5.974695802280000407e+02
-5.989941693590000114e+02
-5.843284304369999518e+02
-5.969227557320000415e+02
-5.932786260110000285e+02
-5.980812717850000126e+02
-5.972032369749999816e+02
-5.957962676729999885e+02
-5.999892396550000058e+02
-5.759868059259999882e+02
-6.036406301170000006e+02
-6.019633121499999788e+02
-6.059255799119999892e+02
-5.914099214499999562e+02
-5.957186557320000020e+02
-5.983044308700000329e+02
-5.979793814570000450e+02
-6.041734409419999565e+02
-5.877894663670000455e+02
-6.025366198860000395e+02
-6.018895262669999511e+02
-6.001927974730000415e+02
-5.882439849449999656e+02
-6.031200633140000491e+02
-6.005039266940000289e+02
-5.920037063900000476e+02
-5.987284045049999577e+02
-5.929118829799999730e+02
-5.939185569950000172e+02
-5.956200532880000083e+02
-5.940246382520000452e+02
-5.967511375919999637e+02
-6.014881343470000274e+02
-5.961077353120000453e+02
-5.985240733599999885e+02
-5.878083746800000426e+02
-5.976153922700000294e+02
-5.701709557010000253e+02
-5.707069041419999849e+02
-5.777005143239999825e+02
-5.897798881500000334e+02
-5.964613143269999682e+02
-5.995173783049999656e+02
-6.025864316460000509e+02
-5.995940646880000031e+02
-5.985567459579999650e+02
-5.800546672729999500e+02
-5.812549236050000445e+02
-5.966235245999999961e+02
-5.872625064300000304e+02
-5.926758146720000013e+02
-5.975484112990000085e+02
-5.941468454710000060e+02
-5.895475231609999582e+02
-5.928195092229999545e+02
-5.938121361140000545e+02
-5.917787617769999997e+02
-5.991429621170000246e+02
-5.978647478130000081e+02
-6.009980392559999700e+02
-5.981373958330000278e+02
-5.984158639900000480e+02
-5.961415702340000280e+02
-6.013878153010000460e+02
-5.994110376129999622e+02
-5.872887524630000371e+02
-5.937680851049999546e+02
-5.886322572719999471e+02
-5.999431874389999848e+02
-6.033879309909999620e+02
-5.955061809559999801e+02
-6.011313358050000488e+02
-5.936881002229999922e+02
-5.964857128700000430e+02
-5.906784815739999885e+02
-6.006936164940000253e+02
-5.918154446779999489e+02
-5.986160261979999859e+02
-5.956119655669999702e+02
-5.837171232409999675e+02
-6.020504625060000308e+02
-5.969097031820000439e+02
-5.922125814270000319e+02
-5.882332170949999863e+02
-5.809433508500000016e+02
-5.881486118980000128e+02
-5.880062575990000369e+02
-6.007118587590000516e+02
-5.953817664489999970e+02
-6.053440633550000030e+02
-5.978643497210000533e+02
-5.899457294960000127e+02
-5.989022155799999609e+02
-5.930864147190000040e+02
-5.929438523170000508e+02
-5.826521490669999821e+02
-5.921209708129999854e+02
-5.966309792800000196e+02
-6.016024429709999595e+02
-5.941019325309999886e+02
-6.025971877429999495e+02
-5.990050770909999756e+02
-5.873071150719999878e+02
-5.969044661870000255e+02
-5.930569523880000133e+02
-5.967327720859999545e+02
-6.003245040729999573e+02
-6.005940098779999516e+02
-5.946704027329999462e+02
-5.998321831749999546e+02
-5.873520880700000362e+02
-6.008368474970000079e+02
-5.864774339880000298e+02
-5.989394036070000311e+02
-5.996592025590000503e+02
-6.034780403409999963e+02
-6.027673933949999991e+02
-6.020727578730000005e+02
-5.888957808909999585e+02
-5.999681062519999841e+02
-6.047955114650000041e+02
-5.866266393229999494e+02
-5.745237758649999478e+02
-5.778822421720000193e+02
-5.995754010749999452e+02
-5.839944734609999841e+02
-5.980850107049999451e+02
-6.023148205219999909e+02
-5.934445722310000519e+02
-6.004547314310000274e+02
-5.921651567310000246e+02
-5.777234641510000301e+02
-5.949845012299999780e+02
-5.914498294930000384e+02
-5.996026308960000506e+02
-5.770097583210000494e+02
-5.825647142169999597e+02
-5.955165812159999632e+02
-5.890102123120000215e+02
-5.917501682810000148e+02
-6.001053512539999701e+02
-6.010267987260000382e+02
-6.043725129749999496e+02
-5.982589266799999450e+02
-5.954341563780000115e+02
-5.941086924850000059e+02
-5.973320321090000107e+02
-5.899612438670000074e+02
-5.916512845910000351e+02
-6.036860202640000352e+02
-5.993005029700000250e+02
-6.031472099059999437e+02
-5.958862206500000411e+02
-5.878981271039999683e+02
-5.951748441180000100e+02
-5.968499795599999516e+02
-5.936660376170000291e+02
-5.904043167290000156e+02
-5.918011299900000495e+02
-5.918616425019999951e+02
-5.888252149850000023e+02
-5.843040352739999435e+02
-5.910279756390000330e+02
-5.969368702709999752e+02
-5.965280952499999785e+02
-6.004962702950000448e+02
-5.882696644100000185e+02
-6.030207930100000340e+02
-6.055965176260000362e+02
-6.011041325879999704e+02
-6.027697664170000280e+02
-5.860556075490000012e+02
-6.017663349470000185e+02
-5.979431697989999748e+02
-5.945564384130000235e+02
-5.981271297670000422e+02
-6.026147282870000481e+02
-5.994529347659999985e+02
-5.978473347950000516e+02
-5.981678868679999823e+02
-5.840162078040000324e+02
-5.988409672830000545e+02
-5.863961090779999950e+02
-5.936946451490000527e+02
-6.036804136130000416e+02
-5.910190104549999432e+02
-5.982637931299999536e+02
-5.941933978140000363e+02
-5.959701035350000211e+02
-6.014860369960000526e+02
-5.802841786379999576e+02
-5.889242813560000513e+02
-5.963874092470000505e+02
-5.896686677259999669e+02
-5.941031216669999822e+02
-5.816494138690000000e+02
-5.843465265260000479e+02
-5.846694407679999586e+02
-6.000261426399999891e+02
-5.851914181600000120e+02
-5.916729483450000089e+02
-5.899330015489999823e+02
-5.770795164310000018e+02
-5.924589470370000299e+02
-6.000877995800000235e+02
-5.930256368530000373e+02
-6.018300276769999755e+02
-6.012167253280000523e+02
-5.917366611050000529e+02
-5.933819971760000271e+02
-5.911784288390000484e+02
-5.998363245870000355e+02
-6.027353361550000272e+02
-6.042223965780000299e+02
-5.994598889779999809e+02
-5.941395936709999432e+02
-5.835699891680000064e+02
-5.972723859149999726e+02
-5.975369460140000228e+02
-5.963151103249999778e+02
-5.826952382010000520e+02
-6.000665338149999570e+02
-6.001569183210000347e+02
-6.024367144860000280e+02
-6.004812340510000013e+02
-6.039581751279999935e+02
-5.908069102599999951e+02
-5.952848726350000561e+02
-5.924313212069999963e+02
-5.930486246899999969e+02
-5.948659511549999479e+02
-5.978277974699999504e+02
-5.998458608449999474e+02
-5.903825423219999493e+02
-6.047695394070000248e+02
-5.981722784529999899e+02
-5.942781455179999739e+02
-5.913223508349999520e+02
-5.973933950399999731e+02
-5.951247189519999665e+02
-6.037180191979999790e+02
-5.926436490999999478e+02
-5.921281931070000155e+02
-5.862369975939999449e+02
-5.952991630359999817e+02
-6.043872166849999985e+02
-5.942257392550000077e+02
-5.902487141359999896e+02
-6.005483545350000441e+02
-5.977501302110000552e+02
-6.004107456110000385e+02
-5.817074494920000234e+02
-5.955106012960000044e+02
-5.910390981230000307e+02
-5.945910768930000359e+02
-5.927337894129999540e+02
-5.872563323760000458e+02
-5.924512703619999456e+02
-5.925870838089999779e+02
-6.005698168830000441e+02
-5.975089670080000133e+02
-5.966797878309999987e+02
-5.942991229660000272e+02
-5.980263365020000492e+02
-6.041495384419999937e+02
-5.995807199040000341e+02
-5.915494656649999570e+02
-6.027595644629999470e+02
-5.826159559139999828e+02
-5.918404866179999999e+02
-5.965972628150000219e+02
-5.940115205289999949e+02
-5.957646443339999678e+02
-6.011372363530000484e+02
-5.975768765880000046e+02
-5.879469460320000280e+02
-5.984960803120000037e+02
-5.994065273889999617e+02
-5.854727719310000111e+02
-6.014557770510000410e+02
-6.026371891239999741e+02
-5.892590032929999779e+02
-5.980579671430000417e+02
-6.002928673730000355e+02
-5.831648741750000227e+02
-5.918707545299999992e+02
-5.958437054219999709e+02
-5.895148343529999693e+02
-5.947724922410000090e+02
-6.012717905179999889e+02
-6.007827647159999742e+02
-5.961114165349999894e+02
-5.991488921779999828e+02
-5.998160526809999737e+02
-5.949086713750000399e+02
-5.960633843829999705e+02
-5.857456358990000354e+02
-5.846833544209999900e+02
-5.935167638460000035e+02
-5.951145041429999765e+02
-5.981358245870000019e+02
-5.889076196710000204e+02
-6.007868173140000181e+02
-5.954853385710000566e+02
-5.959153467150000552e+02
-5.925716358500000069e+02
-6.045823129269999754e+02
-5.982340683170000375e+02
-6.003050954980000142e+02
-5.987532881749999660e+02
-6.028199761219999573e+02
-6.005965246529999604e+02
-5.962794092630000478e+02
-5.990642362129999583e+02
-5.953444227009999850e+02
-5.893336490460000050e+02
-5.778426711450000539e+02
-5.901936996519999639e+02
-5.930960854769999742e+02
-5.928287331630000381e+02
-6.007898946369999749e+02
-5.950325725530000227e+02
-6.016649280469999894e+02
-6.029026282539999784e+02
-5.984114295419999507e+02
-6.000401519219999500e+02
-5.855068100160000313e+02
-5.934662247280000429e+02
-5.963447849899999937e+02
-5.886720779070000162e+02
-5.942431138050000072e+02
-5.891650598239999681e+02
-5.693021825959999660e+02
-5.945944699140000012e+02
-6.051168645340000012e+02
-6.019549314519999825e+02
-5.998862836780000407e+02
-5.990200451939999766e+02
-6.007475213870000061e+02
-5.969918909040000017e+02
-5.979265041899999460e+02
-5.831227359499999920e+02
-5.921264234660000056e+02
-5.974071984189999966e+02
-5.881330327540000553e+02
-5.974207645579999735e+02
-5.860401158959999748e+02
-5.955383543970000346e+02
-6.061740041560000236e+02
-5.954631802549999975e+02
-6.044188022990000491e+02
-5.918666714879999518e+02
-5.891969764000000396e+02
-5.914887545640000326e+02
-5.970044997610000337e+02
-5.981303933440000264e+02
-5.972790911119999464e+02
-5.906457251010000391e+02
-5.983544352799999615e+02
-5.893591925670000364e+02
-6.013376062390000243e+02
-5.972657483240000147e+02
-6.011100428969999712e+02
-5.993366743289999476e+02
-5.964168713520000438e+02
-6.007563678679999839e+02
-6.038272847109999475e+02
-5.922769263769999952e+02
-6.037036377959999527e+02
-5.895773113850000300e+02
-5.919617071119999991e+02
-5.997267063159999907e+02
-6.022146403809999811e+02
-5.949633939269999701e+02
-6.012847467149999829e+02
-5.901639639539999962e+02
-5.955598268339999777e+02
-5.896704489749999993e+02
-5.922864828269999862e+02
-5.861102607540000236e+02
-5.971118668069999558e+02
-5.951506713449999779e+02
-6.011855968480000456e+02
-5.992673306039999943e+02
-6.021895196430000397e+02
-5.977809389980000105e+02
-6.041499737499999583e+02
-5.999181137179999723e+02
-5.989095657249999931e+02
-6.021227965230000336e+02
-5.952423431140000503e+02
-5.921153603049999674e+02
-5.851691706100000374e+02
-5.957011559620000298e+02
-5.978956019170000218e+02
-5.856150026970000226e+02
-5.869512257139999747e+02
-5.958370296619999635e+02
-5.902362919129999455e+02
-6.019106635560000313e+02
-6.008558998109999720e+02
-5.883878943800000343e+02
-5.953396516269999665e+02
-5.920267849240000260e+02
-5.828671503919999850e+02
-5.960288929670000471e+02
-5.947357037689999970e+02
-5.791308132299999443e+02
-5.954182078860000047e+02
-6.008523894339999742e+02
-5.955220248110000512e+02
-5.989481337720000056e+02
-6.028713321039999755e+02
-5.851147753770000008e+02
-5.981132460190000302e+02
-6.007103688810000222e+02
-5.984160818520000475e+02
-6.015433347270000013e+02
-6.029141676409999491e+02
-6.021760159420000491e+02
-6.022680615130000206e+02
-5.950650145340000563e+02
-5.967651971650000178e+02
-5.990634465499999806e+02
-5.998750430710000501e+02
-5.978514538739999580e+02
-5.844413439070000322e+02
-5.806060723030000190e+02
-5.878801815079999642e+02
-5.959551833069999702e+02
-5.937005775200000244e+02
-5.993204769349999879e+02
-6.039233673420000059e+02
-6.012682184020000022e+02
-5.976006272619999891e+02
-6.032138217399999576e+02
-5.999275776409999708e+02
-6.000329983840000523e+02
-5.974507342289999769e+02
-5.838604407210000318e+02
-5.952477987500000154e+02
-5.965576968860000306e+02
-5.850457434439999815e+02
-5.989445594349999737e+02
-5.905054365820000157e+02
-5.978595427210000253e+02
-5.930183077259999891e+02
-5.922485144459999447e+02
-5.875835589380000101e+02
-5.986262869129999444e+02
-5.972646653860000470e+02
-5.919602169119999644e+02
-5.934242167019999670e+02
-5.979259341739999627e+02
-5.910636608429999796e+02
-5.976471595740000566e+02
-5.965094965990000446e+02
-6.035570232029999715e+02
-6.048621165690000225e+02
-5.960754212350000216e+02
-5.980928585740000472e+02
-5.885002082339999561e+02
-5.787183252700000367e+02
-5.891160419310000407e+02
-5.887668013950000159e+02
-5.860468122639999820e+02
-5.862863244840000334e+02
-5.995684426130000020e+02
-5.954976086010000245e+02
-5.912579156499999726e+02
-5.997249294949999694e+02
-5.887032122680000157e+02
-5.920448384110000006e+02
-5.908921993679999787e+02
-5.891458498109999482e+02
-5.865476194730000543e+02
-5.955214489090000143e+02
-6.013943974119999893e+02
-5.903740685740000345e+02
-5.842475577090000343e+02
-5.835786867269999902e+02
-5.902687379999999848e+02
-5.871105296020000424e+02
-6.042533013700000311e+02
-5.976546187479999617e+02
-5.915785126629999695e+02
-5.844962272090000397e+02
-5.904891403499999569e+02
-5.715602364549999947e+02
-6.009158744349999779e+02
-5.946002434570000332e+02
-5.927710885440000084e+02
-5.940233388479999803e+02
-6.002281669540000166e+02
-6.011603621740000563e+02
-5.967314750259999983e+02
-6.001582650699999704e+02
-6.007633527130000175e+02
-5.982681506510000418e+02
-5.985083279619999530e+02
-6.064154434350000429e+02
-5.996359542769999962e+02
-5.864295322159999841e+02
-5.850753180489999750e+02
-5.902875670849999779e+02
-5.850027474969999730e+02
-5.908376486290000003e+02
-5.968405904300000202e+02
-5.971184572240000534e+02
-5.952440250360000391e+02
-5.896994040890000406e+02
-5.834701907710000341e+02
-5.895574902179999981e+02
-5.979048410120000199e+02
-6.001424285739999505e+02
-6.060891362739999977e+02
-5.977116239030000315e+02
-6.007867484160000231e+02
