4.865908137233994069e+00
4.802005518530773287e+00
4.743600531242065266e+00
4.770905784020472495e+00
4.709827491532997179e+00
4.828930834045979559e+00
4.878666826090914732e+00
4.830944938622256934e+00
4.844122830812612968e+00
4.858323373345994511e+00
4.948223923793263701e+00
4.927981026749190363e+00
4.919497332045215998e+00
5.029099820047321145e+00
5.003228657577025729e+00
4.934281913308156575e+00
4.922112249837461206e+00
4.927782564196597548e+00
4.928554960635013416e+00
4.350667764837944596e+00
4.924213642806330782e+00
4.941513330954395045e+00
4.916970001942252644e+00
4.849226433154054661e+00
4.828859596219380990e+00
4.827722962225566405e+00
4.778124841399604250e+00
4.765410055808419365e+00
4.703672820254402254e+00
4.569126612384472708e+00
4.518210818454579503e+00
4.605948653643459956e+00
4.007357608200196708e+00
3.955029329853320341e+00
3.877687584115048214e+00
3.848228813363363976e+00
3.791496010811563622e+00
3.774949536086541713e+00
3.753101917081389516e+00
3.799485228290800709e+00
3.814784135439382773e+00
3.782157585294404267e+00
3.779636755033478401e+00
3.794340654184861439e+00
3.777307241938362647e+00
3.816587218969323736e+00
3.740249323240364188e+00
3.690655768288340077e+00
3.640288587461164571e+00
3.584421571188299627e+00
3.587160576277566015e+00
3.509383279153190038e+00
3.507361686510246379e+00
3.541650462708030300e+00
3.530690017546145310e+00
3.528670004406758931e+00
3.570507807021292557e+00
3.496654829976788115e+00
3.475662814485893204e+00
3.526542782953299149e+00
3.605193753461802153e+00
3.553273420382957237e+00
3.466651842917024329e+00
3.358436094374880110e+00
3.331816471536209967e+00
3.262513294992067436e+00
3.144307554931609960e+00
3.090659638329656733e+00
3.057330044336070696e+00
3.035959485895685983e+00
2.900684401998949280e+00
2.879409661718873803e+00
2.843374052072642488e+00
2.763359187655488824e+00
2.719033100203084974e+00
2.701517536496848670e+00
2.703226405612374705e+00
2.750295620474279001e+00
2.767809603278375885e+00
2.692663179827733178e+00
2.723971732599294260e+00
2.704639532359164544e+00
2.681510954667163382e+00
2.784308352176533496e+00
2.776606561974526599e+00
2.688021763304754508e+00
2.749965454328472170e+00
2.749185152004135269e+00
2.733754561038719721e+00
2.727737890633922468e+00
2.731095384639649737e+00
2.708017909837377779e+00
2.752269245549933352e+00
2.727138060311578904e+00
2.759852894630436371e+00
2.744378982575110371e+00
2.737209162632626036e+00
2.716847621785218436e+00
2.757594785315638397e+00
2.782393933288382915e+00
2.803449839037609692e+00
2.769837179330222110e+00
2.718484320352060113e+00
2.775360517122054116e+00
2.762926528158140993e+00
2.729519005246162866e+00
2.691366381598759627e+00
2.776141747101541490e+00
2.754952994154346690e+00
2.739233834487300179e+00
2.732856015233879443e+00
2.753007991270639110e+00
2.641567337775056590e+00
2.710278767949894974e+00
3.490957605013272236e+00
3.439241486141966231e+00
3.387803122969220038e+00
3.440928217792402766e+00
3.461237206549126366e+00
2.704746568534656337e+00
2.693574762281529811e+00
2.691196574016843979e+00
2.794132960329554383e+00
2.790279376693309388e+00
3.365417210391603131e+00
2.760621306880029380e+00
2.696374046752416209e+00
2.698696722494026812e+00
2.738203973410307857e+00
2.731467371212770168e+00
3.237976683053786164e+00
2.786265780574423534e+00
2.802951480136607998e+00
2.739848353467760678e+00
2.734654091471168336e+00
2.746066459501662838e+00
2.737413377624943411e+00
2.719145637879663013e+00
2.744949726315584204e+00
2.667712878103638552e+00
2.689148192272043492e+00
2.742111230420822832e+00
2.770590731234044757e+00
2.769792230475058847e+00
2.825805902747037912e+00
2.779046779023339742e+00
2.773656251232297532e+00
2.786731059862074034e+00
2.754586901878391725e+00
2.754161578411840061e+00
2.762788446479389926e+00
2.809259866940045036e+00
2.783250797179441793e+00
2.756763682291247797e+00
2.732872115559014325e+00
2.741169276057208393e+00
2.711702417301721013e+00
2.746547105002934419e+00
2.753651757212592255e+00
2.703175355022311876e+00
2.726532413157782386e+00
2.716603209892824555e+00
2.762161110435088052e+00
2.787863160199940626e+00
2.734132586397375331e+00
2.758417843619780374e+00
2.777612463969731049e+00
2.796894527864789204e+00
2.801745884265737452e+00
2.843358929154038428e+00
2.851283570604649764e+00
2.848452562357322915e+00
2.875157908706928556e+00
2.867891908702278947e+00
2.879547881178571078e+00
2.856994924741729669e+00
2.940018537356525297e+00
2.953935341201632259e+00
2.946570209582659583e+00
2.926868292219518164e+00
2.833386842631976599e+00
2.797207893596755479e+00
2.800508168172340717e+00
2.883989251020190547e+00
2.954434632886637768e+00
2.918821851364005404e+00
2.913261059362858063e+00
2.884086857221883182e+00
2.872554612187556256e+00
2.808755774359885216e+00
2.830522213302697043e+00
2.873766344016158492e+00
2.809007831957754053e+00
2.734878790732780729e+00
2.759985688368691736e+00
2.759874272498658687e+00
2.749919635189363110e+00
2.770090251237312451e+00
2.740340307334109049e+00
2.742550090700259346e+00
2.734268823652860725e+00
2.754680380733852019e+00
2.807883544593685610e+00
2.789670589872574880e+00
2.882608887795914843e+00
2.893445178329805412e+00
2.891032687466539297e+00
2.806019422598496238e+00
2.801575449635436588e+00
2.783243431681821090e+00
2.766613453303514714e+00
2.771098338204546874e+00
2.717995217067167513e+00
2.726696719475783404e+00
2.805136360321901279e+00
2.835830389850563460e+00
2.857070702660331918e+00
2.955349556313093817e+00
2.918783479465374864e+00
2.888305558627757286e+00
2.935776898880430696e+00
2.909053798058743645e+00
2.914824179946365224e+00
2.957786503451525384e+00
2.913541830830646884e+00
2.883381695162817060e+00
2.866025819841823807e+00
2.832911929446448429e+00
2.833155661095944300e+00
2.903611888665563079e+00
2.889876121912494433e+00
2.872227532769644931e+00
2.840994544169347602e+00
2.921694884822849225e+00
2.849080202451310218e+00
2.753135303612955109e+00
2.790714245493436163e+00
2.801721256656343417e+00
2.824913096008441649e+00
2.857368369671646313e+00
2.885979556407147761e+00
2.884149441343148990e+00
2.731044488835726813e+00
2.754019970878933243e+00
2.738115775492336201e+00
2.707356644404279145e+00
2.773868237678206672e+00
2.846215206199278480e+00
2.830434772256729126e+00
2.854128413368957062e+00
2.707869088416203329e+00
2.696125182553659183e+00
2.753068288292173982e+00
2.760024275255563708e+00
2.714230093415073597e+00
2.787497982062050017e+00
2.823776372165473170e+00
2.802770236747921473e+00
2.802738125476584852e+00
2.819611675390780281e+00
2.839821297194596639e+00
2.797915474062789176e+00
2.784898382347190893e+00
2.721532288987217107e+00
2.773313541596045262e+00
2.747272465555609777e+00
2.695766495822662812e+00
2.724732096922558355e+00
2.787189265191727383e+00
2.773508067412099987e+00
2.786945281127708007e+00
2.820357778722408781e+00
2.824141816552419915e+00
2.768819423508871669e+00
2.796449892274130988e+00
2.742356103791045108e+00
2.691049423552083208e+00
2.754072802233085593e+00
2.736068347099538389e+00
2.755891325869000763e+00
2.801066582571717589e+00
2.776294652950223263e+00
2.812376930640699157e+00
2.772273615644746947e+00
2.748898870457041621e+00
2.822020729902599445e+00
2.872460269525062948e+00
2.810140743806260666e+00
2.835456047975351890e+00
2.831453337069145704e+00
2.765829351207337528e+00
2.724521976420817726e+00
2.788107063941411834e+00
2.838437950704576718e+00
2.828890595268753305e+00
2.863662165828923634e+00
2.919998116437748426e+00
2.917027425308168276e+00
2.885935723469945646e+00
2.870401539854659401e+00
2.868249814782526830e+00
2.817619740135279827e+00
2.778040676448060964e+00
2.758955961953724056e+00
2.761974112840306805e+00
2.830506845072097821e+00
2.812044096382558145e+00
2.768078394843614287e+00
2.732583759009044044e+00
2.792372647051248880e+00
2.830292387722512348e+00
2.814086707974720714e+00
2.815878015823838787e+00
2.782877287988099635e+00
2.801775330036297085e+00
2.808675488553278754e+00
2.762272434065836446e+00
2.747779831063617006e+00
2.754438236737211998e+00
2.746509603114469567e+00
2.771794725444147733e+00
2.768560275666759107e+00
2.737327346153543228e+00
2.790654761879369783e+00
2.812451066240975628e+00
2.876418954185916199e+00
2.813618311000978700e+00
2.738848845774443319e+00
2.796333671077183336e+00
2.815407075362282185e+00
2.773653727486543819e+00
2.755524813896619296e+00
2.732487694391321220e+00
2.762370358948995186e+00
2.771571756242295237e+00
2.819458990657604858e+00
2.833135365632923452e+00
2.845467624134915496e+00
2.853520457259768772e+00
2.865906313890948187e+00
2.902590739322372659e+00
2.822042877066186506e+00
2.739551970669656722e+00
2.788214303097952040e+00
2.784433335528074593e+00
2.833875967645726135e+00
2.835096118300048040e+00
2.811533033773567336e+00
2.785210045939085166e+00
2.772774242523181165e+00
2.726839929295447273e+00
2.733458615015051052e+00
2.751135401974973416e+00
2.744581206668879059e+00
2.775888326284038143e+00
2.758159712561982779e+00
2.792445702247404515e+00
2.759943658845230630e+00
2.775849059296992660e+00
2.744000364431462557e+00
2.808972765976915031e+00
2.854842202294200160e+00
2.896767854005563692e+00
2.910231090480617233e+00
2.890776712234966350e+00
2.975896167543484960e+00
2.923656101527674522e+00
2.837898518270165038e+00
2.860854942145790947e+00
2.876488831892103804e+00
2.898982752622029757e+00
2.905036316468350144e+00
2.893543847948393921e+00
2.896387577656001966e+00
2.944964685696587647e+00
2.899278875858616100e+00
2.933360018818011117e+00
2.953662302972362319e+00
2.884874693985858496e+00
2.784495825100120392e+00
2.839568100961834762e+00
2.866536760622476532e+00
2.904517343725115719e+00
2.838609871046037902e+00
2.805142955358960410e+00
2.838815598097206294e+00
2.917858118552031588e+00
2.854703662378986984e+00
2.872143624542477625e+00
2.924661518877013311e+00
2.923998119014442842e+00
2.982391657713654443e+00
2.896418823305773049e+00
2.843045374242204826e+00
2.824976814064144026e+00
2.815865763845997183e+00
2.831120096357623961e+00
2.812910592251378183e+00
2.846736728255705895e+00
2.800020892779195414e+00
2.809504938596834478e+00
2.780339008106745169e+00
2.786031945258345299e+00
2.784225924741022151e+00
2.718063465042713123e+00
2.770994586786484692e+00
2.863404093033325104e+00
2.858541411279535982e+00
2.870849003343784123e+00
2.882617387028670652e+00
2.898947912605537525e+00
2.903179291742072010e+00
2.867530470631480366e+00
2.804272811264981069e+00
2.796240690641633719e+00
2.747076627981098529e+00
2.805757473481983233e+00
2.787508923752532120e+00
2.756425402582119766e+00
2.772381106558043040e+00
2.789110969466794376e+00
2.793252763356728341e+00
2.708943890153504341e+00
2.747560736362346212e+00
2.749276268402286671e+00
2.761052154523706559e+00
2.789847666092182710e+00
2.836025035150430362e+00
2.866923786918654571e+00
2.859579514544052792e+00
2.822825711941847615e+00
2.827327006202148052e+00
2.884733609884975181e+00
2.904999311531760497e+00
2.801455693028179983e+00
2.825897910399453927e+00
2.777863207575203663e+00
2.777663406534347956e+00
2.803609994275238382e+00
2.803359413275436474e+00
2.763555137861374522e+00
2.737884584857440462e+00
2.753542264066415335e+00
2.722363311536504238e+00
2.749791810301281725e+00
2.722051248599114626e+00
2.747995087331853270e+00
2.773945024689566274e+00
2.800683488007882804e+00
2.719004597274524482e+00
2.699001667283664752e+00
2.723385760409274159e+00
2.917219223850000542e+00
2.802193069722355823e+00
2.663934496191675994e+00
2.732049230888784930e+00
2.714291988714552240e+00
2.883674218770213571e+00
2.793310222656982145e+00
2.766637128356373321e+00
2.746038237170050689e+00
2.743874997152749184e+00
2.723779359639836972e+00
2.862563536412773058e+00
2.822747066245928860e+00
2.909934019870553445e+00
2.709530771185298725e+00
2.836818288153120093e+00
2.872616055096817611e+00
2.832900104133571073e+00
2.859233113966050954e+00
2.898056245140870235e+00
2.910202398459598605e+00
2.862976073948225952e+00
2.882545056022541630e+00
2.874459949277428983e+00
2.828831914412731408e+00
2.844210611048344273e+00
2.807951032336568620e+00
2.832405514752434073e+00
2.769376825208154980e+00
2.807275191355489419e+00
2.891816902917610843e+00
2.803689176781192227e+00
2.818108053286814574e+00
2.884692184618664612e+00
2.944229780434944210e+00
2.891052576484904435e+00
2.909567837325674144e+00
2.912883966106442735e+00
2.777532358047336558e+00
2.744522909359658147e+00
2.726962412648916256e+00
2.735475278630753682e+00
2.751232087629104761e+00
2.773813800528074136e+00
2.772803815634997449e+00
2.738151566294313000e+00
2.762209984776682781e+00
2.730523942396404724e+00
2.795624080594528049e+00
2.822557882488860859e+00
2.828281810569802879e+00
2.843337651423059498e+00
2.866879837035378298e+00
2.725213753084333668e+00
2.856359571202477188e+00
2.804323982709558294e+00
2.848284220368466180e+00
2.748678227803320162e+00
2.823849500238991173e+00
2.771966089258669275e+00
2.798934440103947985e+00
2.778676843391472584e+00
2.737001461453756779e+00
2.752461262216055360e+00
2.754365807223143836e+00
2.827983734040915742e+00
2.744155607832762911e+00
2.728232761331041978e+00
2.871649177737420455e+00
2.889194178313392758e+00
2.884686118107133268e+00
2.868570898548613801e+00
2.855106652999148231e+00
2.909666303891221162e+00
2.890897438512822770e+00
2.818686928340925490e+00
2.855895481280783965e+00
2.803705048681119472e+00
2.799430477793652727e+00
2.816381011155983938e+00
2.800332837360587579e+00
2.751056887816026642e+00
2.738112123343381388e+00
2.822344238394742355e+00
2.789059518905970148e+00
2.772919580514371596e+00
2.814458740148805038e+00
2.827073575271785710e+00
2.795868559142221432e+00
2.738938845611562645e+00
2.747092462950601277e+00
2.740905872152489486e+00
2.787503183854684430e+00
2.793857011373345411e+00
2.789473068520289534e+00
2.821196554655488242e+00
2.890742465180874632e+00
2.894439323945140252e+00
2.941715995809248696e+00
2.967666086337882092e+00
2.895736348495836499e+00
2.911865724926203214e+00
2.903140713089876979e+00
2.843782516297616247e+00
2.924362836585091774e+00
2.882982483470893253e+00
2.873106332873881286e+00
2.833852677892765737e+00
2.798109004309874859e+00
2.710023062632493485e+00
2.762609092868551830e+00
2.789638686281791013e+00
2.699347513752166083e+00
2.687812865509799476e+00
2.745102730318120798e+00
2.756510112442905669e+00
2.723698037595210231e+00
2.736860062188054332e+00
2.816233832621148014e+00
2.797417559106970320e+00
2.756842215289079689e+00
2.779526218620720357e+00
2.770390766660905779e+00
2.795109479072331649e+00
2.794947405587446809e+00
2.810482876660165275e+00
2.855249551265177654e+00
2.781138076399659820e+00
2.751401279348397733e+00
2.718117363176212109e+00
2.725298148827023592e+00
2.747221505448732781e+00
2.785736706869477164e+00
2.731114973779023902e+00
2.769852162119848416e+00
2.766595922790315853e+00
2.808834633793879654e+00
2.713620644084209665e+00
2.780239737864344640e+00
2.865976098993150423e+00
2.885704420068001763e+00
2.891585897046808906e+00
2.911392450357731754e+00
2.896487182778477720e+00
2.906037508360826305e+00
2.886467737564374136e+00
2.915261051775638546e+00
2.856866815236580148e+00
2.810457080262923846e+00
2.808809890327218284e+00
2.908607398739128769e+00
2.862179589054467233e+00
2.846246826963536591e+00
2.935317018654032495e+00
2.848175029733952535e+00
2.768937341291781262e+00
2.711125780925702333e+00
2.743694407181674233e+00
2.766208596617398818e+00
2.772083873189986836e+00
2.729928387339126239e+00
2.774066509656897495e+00
2.798262496621787498e+00
2.733229957394729848e+00
2.735582936048548852e+00
2.762326917654751579e+00
2.757643377958796549e+00
2.737846233812263996e+00
2.751585361205427294e+00
2.781785218164766871e+00
2.763859620168867881e+00
2.733008598596060157e+00
2.750722632327730732e+00
2.819810454622792673e+00
2.802700305062958197e+00
2.797008759371339526e+00
2.744867209902876581e+00
2.778008459310374434e+00
2.781174032670375329e+00
2.763705664501920456e+00
2.772774422847989140e+00
2.763587161643358936e+00
2.708937245489455581e+00
2.746626294201670593e+00
2.776555059781814716e+00
2.807161377619747711e+00
2.802359363108164469e+00
2.823709262654355179e+00
2.798221042019375382e+00
2.770000361010807044e+00
2.811234248510785072e+00
2.774136442210440645e+00
2.770031407764178777e+00
2.808546421193710785e+00
2.825755297261247190e+00
2.849129867169974961e+00
2.886651347149496338e+00
2.828036244463638216e+00
2.820321081011877062e+00
2.733771387662106811e+00
2.791116443289316074e+00
2.744513982474857006e+00
2.776053853944480121e+00
2.857710447193696712e+00
2.845074515720106501e+00
2.820107444761635218e+00
2.834070394326859699e+00
2.747778921238023919e+00
2.762359498689481274e+00
2.765376104619406306e+00
2.748845939662679427e+00
2.749252443847235661e+00
2.746223224721545009e+00
2.821214100347579468e+00
2.853556027135264905e+00
2.872387508676361723e+00
2.827916901183625598e+00
2.837970049172471310e+00
2.875019826018596181e+00
2.782336607961014341e+00
2.748117901400884300e+00
2.768928673693130893e+00
2.831939441442913097e+00
2.892906842606584927e+00
2.892646711923183123e+00
2.843159158401090458e+00
2.839172238523052005e+00
2.866355351312882327e+00
2.820977312918344193e+00
2.868380030609612330e+00
2.892422168356479695e+00
2.945231739608956456e+00
2.897511691089442731e+00
2.796475281492757592e+00
2.846690885923513825e+00
2.804995900175257351e+00
2.818562399522139383e+00
2.769435682589505454e+00
2.829923497199172910e+00
2.780575120366288289e+00
2.742803857369315867e+00
2.767760647165863563e+00
2.824710427636786925e+00
2.776431342569089633e+00
2.828292948051881250e+00
2.871929838975876059e+00
2.919730980758330041e+00
2.932863106249591123e+00
2.913795806160753621e+00
2.916522072606343219e+00
2.982275305869664273e+00
2.946074337147655875e+00
2.898627778794648613e+00
2.690163935525120120e+00
2.842871435714249273e+00
2.771827736350150229e+00
2.822552745299899524e+00
2.754768411318817112e+00
2.758145391381680245e+00
2.820034574256138793e+00
2.835286581635091174e+00
2.853046617214657132e+00
2.833228017650538444e+00
2.853035751616162408e+00
2.884835523907732124e+00
2.908320993288051159e+00
2.860365186475321231e+00
2.885665607793113541e+00
2.907617065571049597e+00
2.848262277249059782e+00
2.791456429894616953e+00
2.834082214756657336e+00
2.845596246834747323e+00
2.865225296551738854e+00
2.938817619383686353e+00
2.921895788696099228e+00
2.893041479135755267e+00
2.860779963576367102e+00
2.781391917727524810e+00
2.738675774895597215e+00
2.739894341028500602e+00
2.774985765729258702e+00
2.760241656087379702e+00
2.779591696634597042e+00
2.758376515271256491e+00
2.761485288753137812e+00
2.744420886088720923e+00
2.770610402059445310e+00
2.801705373518065034e+00
2.769859563226988008e+00
2.795787187895387937e+00
2.778359407996020991e+00
2.805716307825864231e+00
2.904154782376449084e+00
2.890512411320871777e+00
2.828877692654810261e+00
2.823335970089284608e+00
2.795150979822020432e+00
2.801115849085860088e+00
2.818988471065463575e+00
2.874275386945377431e+00
2.794967262777866335e+00
2.814384657434019221e+00
2.811465987701078806e+00
2.800312482563329652e+00
2.749447035314555698e+00
2.829227809844940378e+00
2.949532335811899220e+00
2.880889445987124375e+00
2.835041622269415917e+00
2.773279286332337890e+00
2.823512882917306843e+00
2.839405923780535801e+00
2.785885855522440391e+00
2.759910324630132195e+00
2.821169438371258220e+00
2.788333731819058414e+00
2.810854140648354704e+00
2.802942025800748027e+00
2.749879451903300964e+00
2.793842873176657360e+00
2.747597859949668653e+00
2.730142487124069373e+00
2.797003038968674193e+00
2.772747554322247066e+00
2.802436796789536722e+00
2.842917691386790402e+00
2.853328056848703831e+00
2.828097947384425215e+00
2.848464147571459382e+00
2.804650780400297805e+00
2.785056911447232775e+00
2.884220691972096073e+00
2.891599730253134659e+00
2.899192301314281295e+00
2.921782161626700791e+00
2.893749298056070174e+00
2.845246210787389707e+00
2.892708073760641430e+00
2.936978379219023161e+00
2.900806784327421894e+00
2.865452320315240886e+00
2.835337898734470397e+00
2.889490612547477966e+00
2.868411058408469660e+00
2.908857679571140498e+00
2.890085984880034431e+00
2.885927580518956592e+00
2.888740556020910066e+00
2.820861038761037332e+00
2.800266773005743559e+00
2.835316737156538647e+00
2.895117441486614318e+00
2.806030826630384833e+00
2.815265884423707288e+00
2.851201325757267924e+00
2.783803692791573692e+00
2.749500500090880095e+00
2.824990796445185470e+00
2.798767228620486769e+00
2.749951272295565463e+00
2.782581714882780943e+00
2.838493438428209448e+00
2.818464830364217910e+00
2.807960647872402404e+00
2.792861972958921690e+00
2.812205540141047067e+00
2.809361671269827720e+00
2.882250683060028518e+00
2.870885925981734310e+00
2.870856492407797500e+00
2.835816989863767734e+00
2.791784733821717879e+00
2.786094937363047030e+00
2.800256773940561050e+00
2.748209053183545691e+00
2.721020764345616350e+00
2.755371662770741636e+00
2.775597052887900595e+00
2.753164724458018853e+00
2.798191380159691377e+00
2.875413013812103014e+00
2.798025196455528718e+00
2.765900576665762944e+00
2.850913713180390108e+00
2.854162574206311476e+00
2.886877551958170418e+00
2.835206341697196208e+00
2.905619727355938764e+00
2.819556880078853744e+00
2.733387092967258791e+00
2.720143746201659773e+00
2.740118610571447899e+00
2.776421437750400401e+00
2.747055696559500326e+00
2.733836315509763359e+00
2.770172738296296622e+00
2.719629570364316962e+00
2.745130962267556374e+00
2.776678951553456454e+00
2.693438508672510778e+00
2.742106124860961724e+00
2.746682362414700318e+00
2.745609039903532889e+00
2.745067758726548846e+00
2.802008922184224371e+00
2.845751394623219799e+00
2.901743441450328920e+00
2.827029182728753032e+00
2.770870982200361876e+00
2.861647252894737647e+00
2.881754500300121258e+00
2.876447287888307613e+00
2.864204427061727731e+00
2.891170005378445484e+00
2.891699500293901437e+00
2.846183058062147886e+00
2.822620413729058253e+00
2.820047871934091788e+00
2.810314039391327956e+00
2.915022469896243695e+00
2.928693394672784667e+00
2.845806388354625849e+00
2.875694524806138297e+00
2.846948717486846636e+00
2.831697900553658886e+00
2.761752523308342422e+00
2.753961691817807367e+00
2.790202501611665831e+00
2.800887716421349261e+00
2.779595294282964257e+00
2.774792604862569068e+00
2.782551706617506948e+00
2.855811268273868109e+00
2.829058147157813341e+00
2.840860433037849742e+00
2.890752497188231906e+00
2.921431498426755979e+00
2.909510268069181116e+00
2.829920670266217630e+00
2.734154531111948838e+00
2.807183820130060514e+00
2.801878298570442904e+00
2.717555887189810893e+00
2.758872595826056262e+00
2.772325197374939876e+00
2.791579123005471619e+00
2.849517327548650503e+00
2.935431143801537246e+00
2.976765022637830160e+00
2.894775638974460996e+00
2.891400179843668816e+00
2.833887965322552827e+00
2.791404843443530126e+00
2.782969277588238199e+00
2.707781564306840583e+00
2.816378703228668900e+00
2.738316453589686894e+00
2.804470359978867400e+00
2.807552314739656385e+00
2.792037607196578897e+00
2.829490943615122767e+00
2.827482625941315941e+00
2.802709581815425732e+00
2.829650508455063385e+00
2.783424868754319270e+00
2.839150577197341985e+00
2.805293032822061772e+00
2.741423352931830593e+00
2.782090760561200860e+00
2.826654205947377818e+00
2.773833087984927559e+00
2.741833328267785141e+00
2.762104632341070065e+00
2.714160459515980506e+00
2.731257219670091718e+00
2.813588811464816875e+00
2.883690864153090949e+00
2.850735343731507943e+00
2.806881009234271307e+00
2.856451995045602210e+00
2.871092300849974244e+00
2.913139543516582108e+00
2.874318875838239418e+00
2.866351862559794128e+00
2.869431476791177715e+00
2.872153373342029248e+00
2.853584763065572627e+00
2.870055574374823948e+00
2.928576104525883572e+00
2.905318915368844568e+00
2.875616803400620203e+00
2.797790914275046337e+00
2.777386001260897963e+00
2.761780041929479790e+00
2.743105174797349832e+00
2.725137978158170160e+00
2.789592443350820350e+00
2.798510496674972536e+00
2.792644982807517273e+00
2.871872908051468887e+00
2.865860254792616413e+00
2.883204120418809691e+00
2.844529838127911603e+00
2.899258353441445113e+00
2.937733139684405970e+00
2.882382001053988674e+00
2.922580708894110479e+00
2.875447269556512087e+00
2.914622102434550222e+00
2.932698416134873920e+00
2.868731078368971232e+00
2.764236422594854581e+00
2.752220013007681043e+00
2.794656866235996517e+00
2.826402129917114259e+00
2.794983541990900822e+00
2.856927895484938418e+00
2.814134680501273245e+00
2.771842347609257740e+00
2.733453493293785730e+00
2.769733200147624252e+00
2.739324551782793105e+00
2.763295315379809214e+00
2.797036109884890376e+00
2.743726298303094335e+00
2.753619073147191898e+00
2.770671037853465801e+00
2.852517134041441249e+00
2.715938327723955936e+00
2.764633429588812419e+00
2.792812560842564018e+00
2.763412564203904687e+00
2.755183115511562253e+00
2.748219241618106601e+00
2.766237336166222693e+00
2.746889513613534284e+00
2.736477480265460116e+00
2.772178565677182238e+00
2.700543093527670191e+00
2.736117504786663712e+00
2.740235026416530051e+00
2.762219940555059594e+00
2.719604015293402899e+00
2.765933838688120261e+00
2.771529722012737285e+00
2.758826924618505316e+00
2.776857216350887558e+00
2.796287181245874276e+00
2.817577328131386061e+00
2.816376750365618076e+00
2.776142827737794860e+00
2.779165522238645103e+00
2.830535108420314749e+00
2.967954682942447242e+00
2.953923831110071063e+00
2.951602446129898638e+00
2.932685799740572641e+00
2.879217254741294862e+00
2.806474300612781470e+00
2.813482717203004135e+00
2.769725798702824981e+00
2.836494667719296370e+00
2.797109043280221918e+00
2.843730120809638162e+00
2.767555238834448428e+00
2.720860158111769067e+00
2.762895944475651344e+00
2.768220547572032064e+00
2.744694882860388319e+00
2.727754571071231648e+00
2.770049277540022281e+00
2.792801102835646088e+00
2.867936017417403782e+00
2.924582363346944547e+00
3.008732291181785978e+00
2.996998998998832153e+00
2.960797527694185138e+00
2.813873131468438871e+00
2.809094160045191746e+00
2.734622643071617620e+00
2.739425852254446347e+00
2.836139806144965192e+00
2.848709532402347033e+00
2.807003028142292855e+00
2.775081620421280704e+00
2.738601650477848981e+00
2.809336576489189330e+00
2.797249541960816988e+00
2.818297713159488183e+00
2.776846052628773265e+00
2.776035662595133235e+00
2.747399679697149377e+00
2.724403420934572218e+00
2.784084948416624794e+00
2.698879952869337906e+00
2.741652968557472203e+00
2.796952984946297072e+00
2.781038115524489207e+00
2.785167140406478392e+00
2.773616592104972245e+00
2.831609612923363439e+00
2.804836715390042201e+00
2.732062956814868659e+00
2.698798621609252102e+00
2.737908873574867563e+00
2.778236491013679643e+00
2.754200791518294444e+00
2.758884194742504903e+00
2.844883301648768903e+00
2.865863569676686762e+00
2.844521928198128879e+00
2.847047066699108786e+00
2.884832924104964835e+00
2.933591143973542703e+00
2.889864183659847985e+00
2.882631263273192523e+00
2.883531515347109941e+00
2.815597627502907319e+00
2.820045035101390152e+00
2.779629651590297623e+00
2.693018195259734515e+00
2.738656604979893938e+00
2.774797470086780571e+00
2.754456026151080650e+00
2.758118742911552346e+00
2.805968460264655295e+00
2.730914132666935945e+00
2.741663181355433743e+00
2.766642007922239355e+00
2.733168490964287045e+00
2.756858538264159719e+00
2.768467626684480543e+00
2.733774314020819496e+00
2.716539526677276051e+00
2.706201212031359660e+00
2.730386053289900694e+00
2.764220143186862266e+00
2.856611629185878964e+00
2.874471081781829085e+00
2.895403944184645084e+00
2.934441002985066049e+00
2.909621453041615347e+00
2.909969931116127562e+00
2.850151048628826622e+00
2.863325514153080675e+00
2.856366573113472196e+00
2.803088475235842481e+00
2.807547150093832489e+00
2.866827340458438123e+00
2.862928919830179719e+00
2.840549594708742021e+00
2.927715491641904588e+00
2.877895932795346834e+00
2.842979423070100431e+00
2.820092374373577293e+00
2.783631800364408271e+00
2.781665867784986368e+00
2.760877396770816450e+00
2.775825823065993347e+00
2.785553266408667739e+00
2.782007368789666035e+00
2.869407952871114276e+00
2.834077451305803574e+00
2.832266406961040150e+00
2.818033534222046832e+00
2.815620890674026988e+00
2.849480128023356151e+00
2.887701681268340259e+00
2.908287124752299668e+00
2.851193785066178155e+00
2.784330619736097745e+00
2.772051586821572489e+00
2.762749717220146284e+00
2.825074866264609241e+00
2.875635755793838566e+00
2.814742261735522000e+00
2.744328150932391797e+00
2.752057048827295294e+00
2.766187809965187760e+00
2.767942737847009838e+00
2.828128886737660608e+00
2.802051748273039600e+00
2.779985791330596090e+00
2.714459614729974657e+00
2.814062188367556061e+00
2.863578181227115937e+00
2.781538243490460971e+00
2.776824985482520436e+00
2.890517081769280683e+00
2.896817046345868008e+00
2.844093001292327560e+00
2.791561211938581089e+00
2.747089550779151956e+00
2.770817568877459891e+00
2.741390340684814131e+00
2.763933971714954030e+00
2.805696704920188189e+00
2.743137984134228269e+00
2.794993202138424060e+00
2.819737221799222926e+00
2.839508936418408513e+00
2.877374323927980093e+00
2.876087272667503747e+00
2.883404064643039444e+00
2.875265205159343473e+00
2.880113886637123866e+00
2.796167555780590064e+00
2.826773956297178092e+00
2.871985724198502954e+00
2.855291403692449936e+00
2.813236747947104099e+00
2.825073804345648920e+00
2.725177792365114815e+00
2.824398520039266725e+00
2.800723835011227791e+00
2.811779152067245491e+00
2.804243035116607441e+00
2.808545174997190585e+00
2.784966427086689400e+00
2.703232324458998193e+00
2.715838544538315968e+00
2.756167810565968157e+00
2.787269272962338285e+00
2.764113239359053509e+00
2.806219164641279296e+00
2.850737097664391317e+00
2.848756921887158899e+00
2.781052678393561184e+00
2.778675043973296788e+00
2.829337201536783919e+00
2.857889780939775637e+00
2.795795951066529561e+00
2.793500671200921825e+00
2.851201501121939152e+00
2.872013579355083834e+00
2.804575725488617000e+00
2.765084627999656597e+00
2.776324368657236086e+00
2.780033453036131696e+00
2.772913449785261442e+00
2.740325528107929287e+00
2.739556350944437391e+00
2.778003239738931374e+00
2.855297882883675697e+00
2.812331417169747549e+00
2.862858361847473887e+00
2.913277364069545516e+00
2.889551176220971129e+00
2.855748938544843352e+00
2.842400042217843925e+00
2.884859268664591525e+00
2.859183624743258711e+00
2.894833155813993031e+00
2.863854395740118353e+00
2.861177729537261349e+00
2.891370782172359100e+00
2.915567869215189400e+00
2.878609907576919369e+00
