4.860134771793885200e+00
4.806518386524699871e+00
4.749331531910569559e+00
4.770079873545096660e+00
4.821771043921518007e+00
4.877691769679588951e+00
4.844980288917592581e+00
4.825172432152036173e+00
4.842499044914721829e+00
4.831951262171421568e+00
4.804603001289493136e+00
4.673140485797532939e+00
4.650151072814732167e+00
4.751574686353988497e+00
4.720008474568663459e+00
4.680794163387234974e+00
4.670693738621705116e+00
4.676311473800692120e+00
4.688094388981518534e+00
4.694248608669975731e+00
4.716913079546834808e+00
4.708908790792193599e+00
4.696035881464280415e+00
4.690997868257882786e+00
4.692994885997639365e+00
4.683739531613601237e+00
4.674968876901749226e+00
4.655991194149748935e+00
4.605461540388758657e+00
4.561800740935535892e+00
4.555426873521295050e+00
4.535740843566792968e+00
4.507843608644824585e+00
4.492520673296896305e+00
4.482594449646320811e+00
4.443227093003462080e+00
4.425708869774423349e+00
4.415951199911519964e+00
4.369161704492064757e+00
4.388264007554695922e+00
4.381545503586605328e+00
4.371741758155438085e+00
4.316104957018537469e+00
4.299135029282052933e+00
4.308969714444510046e+00
4.363663025486729907e+00
4.379548150209105373e+00
4.386386667862285371e+00
4.369724590863822478e+00
4.305890848593354470e+00
4.266872508055519653e+00
4.185104299775574077e+00
4.148376188341650561e+00
4.155155833419487799e+00
4.174613874360118437e+00
4.204088605155700265e+00
4.242667674942264711e+00
4.213288620543340635e+00
4.154760402237413608e+00
4.176888435187130710e+00
4.193658545947678284e+00
4.174607167147586395e+00
4.124888725771883813e+00
4.079639567412788104e+00
4.071614544624774013e+00
4.094687411756848583e+00
4.090336538721477844e+00
4.079458910198753507e+00
4.083677754181883834e+00
4.076737421026769503e+00
4.070707678033390842e+00
4.099060380135915338e+00
4.107396499000309120e+00
4.068444665962657858e+00
4.059399709316637406e+00
4.038583043593384048e+00
4.045577709054665405e+00
4.001301413290430098e+00
3.980449974563177395e+00
3.974027805640016009e+00
3.960601090743676611e+00
3.953958269886013621e+00
3.968617013519949221e+00
3.973309577669477122e+00
3.963891396090463370e+00
3.932447583884621789e+00
3.950638429418718900e+00
3.946965163261515031e+00
3.915976251204799752e+00
3.916409197211139226e+00
3.897387458285357820e+00
3.869361187586395801e+00
3.900815555752412234e+00
3.887236293306595147e+00
3.860761323884189355e+00
3.864253226692060394e+00
3.863004271289380398e+00
3.895708664671936106e+00
3.875608984404902202e+00
3.868090097192669941e+00
3.842880560204805285e+00
3.826992291604465635e+00
3.856143669522700268e+00
3.875418558039892325e+00
3.896656643842256074e+00
3.852575891530237051e+00
3.830761151520673646e+00
3.833504401979995091e+00
3.821384827519992200e+00
3.805442943994824301e+00
3.806709208752357743e+00
3.809734111457123706e+00
3.825045097773358105e+00
3.820880134209918566e+00
3.790250651342203181e+00
3.763293637227900224e+00
3.781687189602016552e+00
3.758057609989501113e+00
3.754063664883695139e+00
3.703690591828642020e+00
3.671242977521373962e+00
3.665977359450001138e+00
3.651470936485733176e+00
3.657009707397561371e+00
3.641162726382878745e+00
3.624141829454250452e+00
3.636709226759819114e+00
3.668988416443966116e+00
3.648540256047616115e+00
3.614985892088653952e+00
3.611373976757322524e+00
3.611263767713457806e+00
3.606327910770178669e+00
3.580995531971521206e+00
3.597382103697075451e+00
3.637055127434832169e+00
3.660953291152456046e+00
3.664321628896677119e+00
3.664058678569435568e+00
3.689650660970493767e+00
3.672770752442902076e+00
3.682085278751702884e+00
3.662731357880345762e+00
3.671685444043375490e+00
3.651997946330200584e+00
3.654793017395102872e+00
3.601538282456539175e+00
3.608883899490256564e+00
3.623574064373460413e+00
3.621203805366386419e+00
3.570732977975250577e+00
3.573050797287942171e+00
3.547646825714194652e+00
3.494202913398133159e+00
3.472914338131593226e+00
3.434380730204500853e+00
3.397965420659839531e+00
3.345340939276593151e+00
3.344614178048044728e+00
3.343559929177283507e+00
3.307916867153708029e+00
3.289454818051161578e+00
3.282757072949504806e+00
3.278912167167642000e+00
3.298633808109048271e+00
3.298929068652431518e+00
3.294726999312689308e+00
3.325929193473607270e+00
3.342176985140074219e+00
3.326245030060172692e+00
3.238599234236925195e+00
3.168681271444005798e+00
3.117379668888600186e+00
3.062026289893670761e+00
3.014375391353903755e+00
2.999321423255600472e+00
2.986015572631864234e+00
2.951684434352696673e+00
2.916746475098581648e+00
2.827905585411224276e+00
2.740830895914594389e+00
2.731266006818083625e+00
2.734377077142068124e+00
2.736292564767151880e+00
2.739552153181245675e+00
2.741301150913558082e+00
2.758220440791489647e+00
2.773050846991450769e+00
2.743881192763272914e+00
2.722896252155047048e+00
2.720903158879418804e+00
2.758647132200855001e+00
2.790041935168717568e+00
2.811691839444713903e+00
2.848776755030130392e+00
2.834271864165468724e+00
2.787903154702473074e+00
2.821653061593504930e+00
2.843285775295898876e+00
2.842400569940837673e+00
2.805130656493561414e+00
2.805965965581193267e+00
2.770411882735128728e+00
2.749591606038976899e+00
2.756459504509362279e+00
2.741338906446993740e+00
2.749777627372802957e+00
2.785122259434942737e+00
2.810956065113789926e+00
2.809106619550066242e+00
2.803411671517402670e+00
2.798983029602001515e+00
2.812208207085670431e+00
2.805259881009244616e+00
2.794111844576018910e+00
2.784612540372537914e+00
2.745083240996527785e+00
2.746043699579451935e+00
2.699494026664996937e+00
2.693387643841858914e+00
2.695496614726125006e+00
2.713878037053249592e+00
2.722916451160410034e+00
2.752628561938569973e+00
2.753656659788942918e+00
2.754751168436088804e+00
2.743269764350564355e+00
2.751866639210555743e+00
2.738175670040182030e+00
2.764858585895488385e+00
2.773861748537586713e+00
2.730297785956689705e+00
2.682050521522664877e+00
2.650307529325606204e+00
2.714388697294475516e+00
2.718788884779397286e+00
2.726773001186567402e+00
2.739128693581227125e+00
2.746013292029009900e+00
2.719268651678241167e+00
2.689995724903666119e+00
2.691805342144932833e+00
2.686593754180188309e+00
2.710898375077900102e+00
2.729945237545984060e+00
2.754680562243107200e+00
2.761591207981369589e+00
2.756950126498482589e+00
2.796977118247483851e+00
2.806760588293914171e+00
2.848862755557031168e+00
2.841602716777980486e+00
2.822717130709345490e+00
2.838593665884569184e+00
2.864762642872878295e+00
2.853334190031024065e+00
2.836395247492845773e+00
2.823341460043400364e+00
2.798386142046876301e+00
2.793252226348347467e+00
2.766293729884807373e+00
2.764007597674072780e+00
2.763648856132051801e+00
2.759838763406297080e+00
2.750899125740527307e+00
2.756631821625803891e+00
2.758341168166113633e+00
2.784857267437597095e+00
2.766197570673504913e+00
2.731110763041293854e+00
2.717376860135523930e+00
2.761379546531045115e+00
2.787432689770283911e+00
2.775882922603184699e+00
2.753085178486129436e+00
2.717343187747914612e+00
2.727647154600462365e+00
2.765494711620327895e+00
2.789690484623696953e+00
2.805901281228546207e+00
2.772785963611328341e+00
2.740112953876172153e+00
2.730240282465995261e+00
2.714386486851126712e+00
2.727691148205749538e+00
2.758409142966285810e+00
2.786660187392786092e+00
2.787594841435892867e+00
2.791427770872819902e+00
2.823327823686084148e+00
2.822873358831387236e+00
2.810823722683441162e+00
2.835222213513430845e+00
2.852260507036480153e+00
2.902257569548229998e+00
2.892114451400566555e+00
2.870607601188292168e+00
2.809111781328752944e+00
2.790053942130868769e+00
2.781796182325369848e+00
2.740921377931151426e+00
2.727191962440488116e+00
2.708236695711805808e+00
2.701141055183900797e+00
2.743351235259531951e+00
2.762246549459334677e+00
2.720101836328926659e+00
2.728727542280467322e+00
2.773211495721161324e+00
2.788287646567333855e+00
2.788450107138372491e+00
2.797935131485360216e+00
2.803273800398384363e+00
2.811250611382770437e+00
2.808260137522875510e+00
2.794058696591751989e+00
2.786366451133087896e+00
2.825654437471078584e+00
2.828705357579682111e+00
2.849121970011111671e+00
2.842639618382885480e+00
2.841327330667834161e+00
2.879089786720796518e+00
2.879832807646999449e+00
2.856534088716604192e+00
2.809211099223410280e+00
2.769061393324459885e+00
2.724231451253729563e+00
2.747474112707888771e+00
2.783111208701513739e+00
2.833308313615022112e+00
2.910503392885842366e+00
2.878385137538060246e+00
2.870544199276507058e+00
2.897264399394711809e+00
2.905932208431573294e+00
2.933767714049631437e+00
2.897512381336790899e+00
2.896144160776531695e+00
2.911418039375314404e+00
2.896323359019154609e+00
2.898339869649520839e+00
2.866841641946760610e+00
2.837038068126686241e+00
2.833689644262405771e+00
2.830779927864404133e+00
2.820607913198855066e+00
2.766737428813944799e+00
2.733429530827527820e+00
2.765202524228560499e+00
2.811933498502409368e+00
2.867903764075775630e+00
2.903578654006121251e+00
2.915455024520186456e+00
2.908385634677767673e+00
2.913987817407615477e+00
2.908439616014057982e+00
2.912021462832992569e+00
2.891078864368801682e+00
2.891892632861738921e+00
2.858735909453687274e+00
2.844302023344215335e+00
2.827493236066179971e+00
2.781786116868081304e+00
2.799480844728178930e+00
2.791816791983313450e+00
2.770672481546673005e+00
2.761592837476227302e+00
2.743221646167148364e+00
2.731265091491486885e+00
2.734429556598596989e+00
2.709968634504835272e+00
2.703602411598273747e+00
2.745291787770473224e+00
2.793134798036070787e+00
2.805407813491650248e+00
2.798572850579380322e+00
2.767750891969868121e+00
2.733343922743714849e+00
2.672416322356979013e+00
2.680443806536521922e+00
2.703820260298380074e+00
2.757926394956906613e+00
2.784061780923692275e+00
2.771127929201393059e+00
2.718668975804152232e+00
2.738147731587906808e+00
2.726760715574434002e+00
2.740079013459283175e+00
2.754295917289933726e+00
2.744932421754677776e+00
2.736688875265143928e+00
2.766806823759114575e+00
2.792903149054760892e+00
2.797808249326604102e+00
2.834020818554443544e+00
2.764687324092907517e+00
2.745172854302621257e+00
2.741772601803439624e+00
2.786630581903528636e+00
2.833060182911757430e+00
2.802117948980734852e+00
2.782800208423163113e+00
2.811108144486796689e+00
2.854756557046502330e+00
2.780864973349119751e+00
2.772975658025147450e+00
2.808658398595315298e+00
2.834198475759945435e+00
2.841571044334453955e+00
2.853022607691710011e+00
2.778988844885851517e+00
2.780460033879286197e+00
2.776658783502214511e+00
2.781056993303085978e+00
2.799858925017472799e+00
2.826112878141989970e+00
2.757647366869085293e+00
2.745174311405379708e+00
2.757082515994035532e+00
2.786792780240397338e+00
2.792520187930608522e+00
2.797596468399258018e+00
2.769605387054263623e+00
2.731889639059382535e+00
2.732586320685953751e+00
2.731954611628824026e+00
2.741604821997509767e+00
2.762821926943537232e+00
2.758199775215711025e+00
2.749809266112833050e+00
2.737897916285411348e+00
2.762339769108788978e+00
2.751043074908134045e+00
2.755427008650383147e+00
2.765540453509946595e+00
2.763050850056871344e+00
2.764446237494952108e+00
2.770351782716411471e+00
2.780784601510875476e+00
2.773948088915868304e+00
2.744258369760398608e+00
2.723214460889923583e+00
2.780567208322791473e+00
2.769205301164939126e+00
2.768630347301712646e+00
2.796612415047891709e+00
2.799715699852397766e+00
2.860819987346285398e+00
2.856424513268291943e+00
2.854157318719484859e+00
2.806243396428755865e+00
2.750744626460260633e+00
2.707412417789354375e+00
2.707537626700688982e+00
2.729220767911602952e+00
2.724260266567789301e+00
2.745795695240270007e+00
2.763288620466562762e+00
2.799400114310206966e+00
2.777095785168383735e+00
2.774102016869603116e+00
2.788258954975308956e+00
2.822780366943201891e+00
2.809214124982287508e+00
2.799897855279724457e+00
2.773990987728691238e+00
2.788238512035869920e+00
2.815326091237035033e+00
2.807595056271470657e+00
2.810782986998462629e+00
2.754309350817369495e+00
2.733730967011933188e+00
2.738408479390903594e+00
2.750177812433225011e+00
2.790977248205366745e+00
2.798463149659112581e+00
2.782870819854921240e+00
2.770832365914618123e+00
2.771349490771599200e+00
2.791670467659103760e+00
2.809292793569228674e+00
2.802721891304950752e+00
2.839224894227295959e+00
2.841404758213795567e+00
2.870809641895470943e+00
2.764091351601824176e+00
2.769960649539989550e+00
2.829028985358757797e+00
2.818099004648346284e+00
2.781607808444605645e+00
2.788413886064979419e+00
2.775250078821726696e+00
2.734748434499963299e+00
2.706887696229749452e+00
2.706909861816606977e+00
2.698802882761169641e+00
2.731807277243400556e+00
2.735334166057229233e+00
2.727089290800724708e+00
2.775869413355030790e+00
2.773835791823301644e+00
2.769370144996873062e+00
2.785695245356174965e+00
2.774620334388112397e+00
2.756067669706243173e+00
2.803518146900426444e+00
2.827390669857988037e+00
2.851215354896925458e+00
2.842533201213311767e+00
2.834257045505929273e+00
2.850958610713246077e+00
2.852136392250552710e+00
2.829981448702447278e+00
2.805973984198713023e+00
2.840157918144693205e+00
2.877349822319142270e+00
2.907216022245337150e+00
2.898415256653193328e+00
2.717144088928667767e+00
2.724075072386956453e+00
2.695899664305034804e+00
2.909263824406442378e+00
2.843536178774590528e+00
2.817372002416436594e+00
2.817819192212304369e+00
2.819017204630010376e+00
2.828648086984310250e+00
2.858223749114124246e+00
2.858661574933276217e+00
2.878445761170427275e+00
2.903404553278787770e+00
2.940410005424413775e+00
2.943409757407214666e+00
2.936472373444027006e+00
2.966760691393898419e+00
2.964688853825979908e+00
2.940316479564742735e+00
2.903763936686313940e+00
2.886469123340834386e+00
2.868416636404133246e+00
2.862342048043873710e+00
2.867127656732430641e+00
2.855014886125815110e+00
2.883884533056064736e+00
2.911950033911983038e+00
2.923870380163936300e+00
2.931934173885901274e+00
2.971926984298234320e+00
2.996431711219195826e+00
2.983006704652203744e+00
2.979254604762741288e+00
2.968764557859043141e+00
2.948646638714106594e+00
2.906137126840369955e+00
2.918948269497080084e+00
2.934698621664582507e+00
2.964799150026860897e+00
2.949943897771617252e+00
2.918621078523212287e+00
2.872183838127357891e+00
2.860886051558153564e+00
2.871655445905723525e+00
2.876804824801293403e+00
2.906468991749267428e+00
2.944905431418808561e+00
2.957641459000735829e+00
2.951011013195307786e+00
2.971209854587858246e+00
2.958642932156565930e+00
2.925513459206776190e+00
2.867906727911491593e+00
2.832585567992607078e+00
2.803755338826838361e+00
2.805417081291122994e+00
2.814068407128725191e+00
2.778866855392679636e+00
2.775113691364733626e+00
2.773003606200322935e+00
2.762435700609156441e+00
2.739833206602182436e+00
2.735194874227428574e+00
2.711413469023121525e+00
2.719651815949975848e+00
2.753491238409884634e+00
2.780563611931940127e+00
2.783147319133502773e+00
2.749828176450303641e+00
2.726526911658859742e+00
2.724016519773696299e+00
2.756300600442556981e+00
2.754284117515838126e+00
2.778164142018969773e+00
2.780658375277337502e+00
2.751312595834940478e+00
2.750861864943421775e+00
2.761999818971753395e+00
2.750384154986353469e+00
2.693633048505307936e+00
2.697826903268628840e+00
2.739884669105617121e+00
2.765143757564875848e+00
2.808757732521621087e+00
2.830901093291674275e+00
2.837854999819405144e+00
2.854818733299892219e+00
2.898226181649734112e+00
2.915585875943289551e+00
2.927489197247361119e+00
2.907894427244565261e+00
2.932648291220752768e+00
2.942947671977876656e+00
2.876683159473770957e+00
2.850547666677405445e+00
2.846861605347193347e+00
2.822984767936235428e+00
2.789246493230743695e+00
2.810819631353104420e+00
2.804002496432555169e+00
2.820185986774631282e+00
2.827387840392612706e+00
2.787832312030262827e+00
2.763678888727849170e+00
2.761873639397718350e+00
2.746271108248418802e+00
2.749772354214072401e+00
2.799412081134180053e+00
2.814066985698812751e+00
2.828860901493744251e+00
2.826252288809334434e+00
2.814251410233279405e+00
2.777855467802455625e+00
2.796409662406422303e+00
2.777018004983043298e+00
2.720102571595416574e+00
2.712871725681108792e+00
2.742289007380512622e+00
2.709164262277206525e+00
2.722172845357178961e+00
2.718007726258333978e+00
2.720683921369771774e+00
2.743048851187306347e+00
2.731076527671826515e+00
2.746646318694855093e+00
2.705390360003524286e+00
2.733019941383524110e+00
2.758302013920883144e+00
2.727869864931243171e+00
2.714377460855434965e+00
2.776632672861140350e+00
2.798423127405861077e+00
2.844786459472837592e+00
2.789743536599735396e+00
2.775209721804822838e+00
2.718897019013408745e+00
2.717475850858660724e+00
2.741147387500350696e+00
2.778206975730930228e+00
2.811717802340768291e+00
2.825055574674593561e+00
2.814697674706823971e+00
2.860581234644455684e+00
2.878060805473018124e+00
2.836433852569102410e+00
2.795373856928621503e+00
2.783390378656935837e+00
2.836191107806383283e+00
2.876377061513319955e+00
2.733663293092256641e+00
2.708664615636273254e+00
2.697338317675407993e+00
2.715074584610890351e+00
2.754032679544671236e+00
2.771293921618563694e+00
2.760154162361225794e+00
2.757260415702513789e+00
2.797835055895897760e+00
2.843129613647608522e+00
2.845900560455337125e+00
2.831634157160843657e+00
2.827535676167499457e+00
2.813041770041817102e+00
2.802835350140996606e+00
2.795211262141021447e+00
2.793831240429528684e+00
2.766680501973438844e+00
2.755077312889785635e+00
2.769044961715140030e+00
2.745127501592594665e+00
2.747250807625689184e+00
2.728011363612695916e+00
2.723551541645577334e+00
2.751894074996346973e+00
2.766821642245846480e+00
2.784952423292003321e+00
2.780986515609164211e+00
2.760328422488889544e+00
2.719929594677038764e+00
2.747721055711441984e+00
2.778848142666309862e+00
2.816738184496386133e+00
2.816945508880141169e+00
2.856225131182764443e+00
2.823520143367140189e+00
2.835879052428012415e+00
2.818611182834553475e+00
2.783142648158732246e+00
2.801877941666981009e+00
2.824460833504335078e+00
2.811609859137643497e+00
2.764619503656877697e+00
2.735317714635723707e+00
2.751401642799538916e+00
2.748166115794313136e+00
2.720829469114152577e+00
2.698307803049904585e+00
2.756579220700903221e+00
2.819218686090172898e+00
2.821715435688013862e+00
2.795668256428147647e+00
2.754705973420757292e+00
2.749723258802601933e+00
2.737541597857464204e+00
2.743347407821328243e+00
2.765306673770560053e+00
2.793644393977157137e+00
2.837650260338647978e+00
2.859549265181490441e+00
2.858185613286862825e+00
2.820508110252477607e+00
2.815123620731423859e+00
2.840125525394960881e+00
2.880610004842724337e+00
2.856745875992472872e+00
2.864500305463415053e+00
2.887814744750777596e+00
2.898371439274131767e+00
2.883450883923636798e+00
2.895089808624250693e+00
2.900798166022586333e+00
2.844939893916917040e+00
2.826630856691406901e+00
2.807953347190796922e+00
2.805721832256362180e+00
2.795023792385316952e+00
2.832737368694810076e+00
2.863026370818124278e+00
2.866995988835701059e+00
2.850072981521701188e+00
2.808421264696591368e+00
2.814347171192637553e+00
2.806523294041936456e+00
2.793640993399116201e+00
2.811414768403979636e+00
2.831909249958409536e+00
2.876861136725232804e+00
2.924207072011145936e+00
2.929678480652782913e+00
2.910327472983065711e+00
2.941295462887059564e+00
2.960735888254810266e+00
2.923773589045499222e+00
2.910606122442540578e+00
2.900035517023886289e+00
2.918778340333503696e+00
2.936186131702143154e+00
2.903338251048265484e+00
2.895278570362444626e+00
2.892552333148010746e+00
2.879509854124483237e+00
2.869856093953143894e+00
2.881354369042447683e+00
2.898473046277987741e+00
2.893795604392265908e+00
2.886836850256695453e+00
2.838325386561590058e+00
2.795621397829112897e+00
2.804662903095485937e+00
2.781678989387524670e+00
2.758115661099077798e+00
2.747054058441515068e+00
2.744439104808120700e+00
2.752635282779031911e+00
2.765130919142889443e+00
2.770863583794770602e+00
2.775868332612337674e+00
2.741680871290457677e+00
2.733578241060606651e+00
2.754514294753251047e+00
2.775955511170883128e+00
2.768841996214302270e+00
2.770465123404371344e+00
2.759190823411820759e+00
2.739835943993727874e+00
2.744257094369986660e+00
2.691174650594048590e+00
2.652987938155769054e+00
2.721640314222288914e+00
2.769706482643964129e+00
2.753514299944709087e+00
2.754205874657884578e+00
2.750261442117821975e+00
2.778676843391472584e+00
2.815112608760083290e+00
2.828155229120211889e+00
2.804567168031459445e+00
2.784705729516136596e+00
2.811509203257211542e+00
2.786363221118165256e+00
2.773608119399710858e+00
2.768919644915684319e+00
2.734758673082508640e+00
2.713141905614227412e+00
2.716342209663576757e+00
2.739667315569537909e+00
2.764122283836227378e+00
2.831891770530788222e+00
2.835959449639575247e+00
2.854164851580931472e+00
2.801301304751061316e+00
2.778491137290165724e+00
2.762196589672791358e+00
2.755364585676458589e+00
2.710377464487188970e+00
2.708875781574342057e+00
2.752008357545449702e+00
2.766508810757703163e+00
2.760784308851381486e+00
2.752812016829337072e+00
2.764864191963142481e+00
2.816194062915409191e+00
2.859151272668167820e+00
2.856705270061998814e+00
2.854332496399114127e+00
2.852623529314725292e+00
2.856004201677581733e+00
2.853078863263334597e+00
2.850856362568974234e+00
2.838981683632354702e+00
2.847776149910663523e+00
2.888765999522980188e+00
2.895772263145015124e+00
2.902728027218533846e+00
2.884614878974314678e+00
2.875993045888671773e+00
2.864787950267873029e+00
2.841960590859767155e+00
2.839353095337034727e+00
2.850859694899066987e+00
2.889969030975938047e+00
2.877710374586018194e+00
2.869130181779836697e+00
2.872863728059511956e+00
2.886024428171043432e+00
2.892797607852993114e+00
2.877549999565602423e+00
2.869417536713679162e+00
2.881730209440155122e+00
2.871940110796184165e+00
2.876228780886528114e+00
2.878476333062338188e+00
2.953465083592491158e+00
2.975898519775161954e+00
2.951730001202684139e+00
2.925752894555519568e+00
2.926072282087372134e+00
2.873654293752121003e+00
2.845783899033797582e+00
2.834268512332591694e+00
2.830295744264192503e+00
2.853656952052927132e+00
2.848143430377059193e+00
2.873253208472932752e+00
2.865037696087086694e+00
2.867880750658925226e+00
2.839960915224009952e+00
2.845983836918263510e+00
2.808100069441969993e+00
2.790718545464591305e+00
2.764105099304293933e+00
2.755354060733393062e+00
2.740458538274206379e+00
2.728397698283738126e+00
2.726652526450702219e+00
2.756980413423352871e+00
2.750617567020177123e+00
2.771738984825230734e+00
2.809192944601705655e+00
2.796764738050021126e+00
2.776438365964567723e+00
2.753268784554097959e+00
2.757864753754251552e+00
2.781067780547608059e+00
2.770467289104854736e+00
2.754154861295929013e+00
2.780438454632650380e+00
2.804968805530642317e+00
2.806775552123824458e+00
2.788343056368782324e+00
2.791510702110954867e+00
2.806731372967495197e+00
2.831149766437656812e+00
2.831271445834891765e+00
2.812843579013948769e+00
2.804157449217143938e+00
2.773005589608502852e+00
2.772376056742663408e+00
2.751457977145935097e+00
2.727403160517344993e+00
2.752517029920069636e+00
2.735785444803740862e+00
2.758022842544999076e+00
2.729058628904846628e+00
2.718693436193202029e+00
2.689082557304628196e+00
2.708282112336157343e+00
2.713191110113698290e+00
2.758275185691231979e+00
2.764432310620030364e+00
2.778576973920283688e+00
2.809497285992638371e+00
2.793729049138444775e+00
2.798836365348999600e+00
2.788110112603158885e+00
2.730673543285612404e+00
2.727751638254479971e+00
2.751624065892722903e+00
2.756762049941924086e+00
2.741381038819667548e+00
2.730565509194020191e+00
2.729217470265057344e+00
2.737665063516719233e+00
2.760645938906327590e+00
2.796142163767786570e+00
2.812224386495501438e+00
2.797499597855199305e+00
2.771007578481156308e+00
2.758273372963600867e+00
2.755705898676417132e+00
2.760595044551084065e+00
2.793547565372746622e+00
2.797743912512366204e+00
2.788989422712105259e+00
2.776694437636233470e+00
2.790006093183310387e+00
2.784253759986686561e+00
2.787123786271431758e+00
2.825070795573095150e+00
2.812603598091989010e+00
2.787201643225692305e+00
2.772396796997139923e+00
2.736614879737373496e+00
2.680922415885994337e+00
2.689615957715896677e+00
2.720683370037755733e+00
2.752557719649126433e+00
2.775271878573341233e+00
2.797031640865008217e+00
2.809786646704691915e+00
2.818009581247019391e+00
2.800902890140963386e+00
2.763823619553172684e+00
2.735586226021764489e+00
2.715158006451926287e+00
2.742173955094753701e+00
2.759490351496086902e+00
2.752971303882406851e+00
2.765216085588972472e+00
2.753576038536070580e+00
2.747015471379802953e+00
2.739366715136913211e+00
2.728473199428574247e+00
2.705820577939343163e+00
2.716297848174975549e+00
2.741143192173659315e+00
2.740531517789933869e+00
2.740728370342453424e+00
2.755561104385094939e+00
2.801746776566361952e+00
2.797434002796133523e+00
2.777350716060180691e+00
2.761252614303878250e+00
2.746586790909764986e+00
2.736731810024504608e+00
2.762654158594593401e+00
2.779354061648137808e+00
2.771643916523188533e+00
2.745505964298748491e+00
2.726239534597060921e+00
2.740971543084677720e+00
2.774024513229831346e+00
2.794850443225898040e+00
2.801997323339192825e+00
2.773919068754530315e+00
2.806206335963198129e+00
2.852180394014375953e+00
2.866291157576284832e+00
2.842685174267456372e+00
2.863402172241964916e+00
2.885522829575257298e+00
2.876396356554499878e+00
2.854395908068815935e+00
2.859362516366191542e+00
2.851648821296198566e+00
2.865210986995547771e+00
2.875762681446436986e+00
2.900103618838471231e+00
2.969983669988776498e+00
2.955063620296524807e+00
2.902152477041824774e+00
2.854767416095399302e+00
2.845086641914443160e+00
2.862980440030982621e+00
2.908973874066248744e+00
2.936752798585540170e+00
