-5.847234734630000048e+02
-5.889504608940000026e+02
-5.862762681819999671e+02
-5.975424651710000035e+02
-5.911982192839999470e+02
-5.972751444420000553e+02
-5.957839291249999860e+02
-5.866143356689999564e+02
-5.928185780490000525e+02
-5.970790791780000291e+02
-5.938049647499999537e+02
-5.914464320060000091e+02
-5.871209664040000007e+02
-5.921087427940000225e+02
-5.925933300799999870e+02
-5.883371139460000450e+02
-5.944434008949999679e+02
-6.030579239009999810e+02
-5.920742564690000336e+02
-6.015746529870000359e+02
-5.903480251180000096e+02
-5.909135607839999693e+02
-5.846925739790000307e+02
-5.798339968609999460e+02
-6.020564125659999490e+02
-5.983212705040000401e+02
-5.968229078279999840e+02
-5.857330013980000558e+02
-5.862860756310000170e+02
-5.829382442050000463e+02
-5.937347805819999849e+02
-5.819827473340000097e+02
-5.977449324020000176e+02
-5.917770945480000364e+02
-5.811468474370000195e+02
-5.904124559639999461e+02
-5.993692683030000126e+02
-5.974278679960000318e+02
-5.834140607660000342e+02
-5.905352554969999801e+02
-5.939408591200000274e+02
-5.984682679879999796e+02
-6.002167491689999679e+02
-5.947343433900000491e+02
-5.924186897949999775e+02
-5.815759637610000254e+02
-5.892364380699999629e+02
-5.923615372689999958e+02
-5.865164412770000126e+02
-5.803871553290000520e+02
-5.986107211659999621e+02
-5.691127668200000471e+02
-5.865935713579999629e+02
-5.879990638650000392e+02
-5.733173500179999564e+02
-5.758345121480000444e+02
-5.637982968669999764e+02
-5.879126888629999712e+02
-5.706947363330000371e+02
-5.901543815320000022e+02
-5.865706814999999779e+02
-5.884203122699999540e+02
-5.961008984699999473e+02
-6.050213174570000092e+02
-5.899885304069999847e+02
-5.821009839670000474e+02
-5.953219697949999727e+02
-5.853196310130000484e+02
-5.664118250630000375e+02
-5.952288067440000532e+02
-5.833180298790000506e+02
-5.843715328089999730e+02
-5.992544714010000462e+02
-5.984326883029999635e+02
-5.998563943230000177e+02
-5.952750400999999556e+02
-5.949001288130000376e+02
-5.980933860300000333e+02
-5.804728933220000044e+02
-5.897882103709999910e+02
-5.923061278909999601e+02
-6.003629143120000435e+02
-6.003906083690000060e+02
-5.885181709219999675e+02
-5.889488061020000487e+02
-5.730609967630000483e+02
-5.913882505980000133e+02
-5.893499690549999741e+02
-5.857938977210000076e+02
-5.779432718970000451e+02
-5.720935312300000533e+02
-5.938027902280000490e+02
-5.952828732819999686e+02
-5.924295790180000267e+02
-6.011791247539999858e+02
-5.851858806879999975e+02
-5.834678362780000498e+02
-5.955953316869999981e+02
-5.943659999740000330e+02
-5.909290803200000255e+02
-6.029169556350000221e+02
-5.878739746989999730e+02
-5.900979797170000438e+02
-5.880673603760000105e+02
-5.933058980160000146e+02
-5.838353077829999620e+02
-5.818610045230000196e+02
-5.808519962960000385e+02
-5.865627155979999543e+02
-5.905360209509999549e+02
-5.914048662459999832e+02
-5.902094203650000281e+02
-5.695560315610000544e+02
-6.020021560620000400e+02
-5.820435575679999829e+02
-5.819676968479999459e+02
-5.811900421120000146e+02
-5.743610941990000356e+02
-5.878950106720000122e+02
-6.028719136219999655e+02
-5.970698319000000538e+02
-5.929913691360000030e+02
-5.806482328659999439e+02
-5.878594666510000479e+02
-5.775918112169999858e+02
-5.943883367409999892e+02
-5.956435249769999700e+02
-6.066512776160000158e+02
-5.960792423689999850e+02
-5.886429714509999940e+02
-5.974411437909999449e+02
-5.790725775820000081e+02
-5.959141663960000415e+02
-5.938753063860000339e+02
-5.857327594639999688e+02
-5.724041472489999478e+02
-5.907683656860000383e+02
-5.711900036639999598e+02
-5.902298674649999839e+02
-5.945706418820000181e+02
-5.851396855389999700e+02
-5.508674931689999994e+02
-6.039560123920000478e+02
-5.974455862129999559e+02
-5.981481616810000332e+02
-5.891062741030000325e+02
-5.874352627759999450e+02
-5.886576534829999900e+02
-5.912424560440000505e+02
-5.940515919709999935e+02
-5.791237028809999856e+02
-5.840988869430000250e+02
-5.959670811380000259e+02
-5.970044226830000298e+02
-5.910348838449999676e+02
-6.015700546580000037e+02
-5.981164591430000428e+02
-5.946091589669999848e+02
-5.976646487550000302e+02
-5.800819186979999813e+02
-5.955563217149999673e+02
-5.939398752820000027e+02
-5.920921494359999997e+02
-5.931195838580000554e+02
-6.033261034759999575e+02
-5.985402742490000492e+02
-5.912533271419999892e+02
-5.867689309139999523e+02
-5.908301615310000443e+02
-5.889248889629999439e+02
-5.700705449209999642e+02
-5.982041976010000326e+02
-5.984457819530000506e+02
-5.899677733050000370e+02
-6.012504591289999780e+02
-5.887325399490000564e+02
-5.867930218850000301e+02
-5.907762498560000495e+02
-5.880264345230000345e+02
-5.841845078300000296e+02
-5.975604439749999983e+02
-6.047360554729999649e+02
-6.009673576599999478e+02
-6.012066024319999542e+02
-5.980078879239999878e+02
-5.912913081950000560e+02
-5.876126550520000364e+02
-6.020489271090000329e+02
-6.013612332659999993e+02
-5.776044507679999924e+02
-6.001356839400000354e+02
-5.811658063510000147e+02
-5.917511909989999594e+02
-5.971056295710000086e+02
-5.870727832799999533e+02
-5.861100400809999655e+02
-5.784032854790000329e+02
-5.966599397700000509e+02
-5.938560336929999721e+02
-5.799587218249999978e+02
-5.950607020969999894e+02
-5.894541695799999843e+02
-5.919698359559999972e+02
-5.864820171300000311e+02
-5.824423892849999902e+02
-5.955374443650000558e+02
-5.954461286509999809e+02
-6.034268402709999464e+02
-5.918707449979999637e+02
-5.922360187980000319e+02
-6.033296850909999876e+02
-5.950771696259999999e+02
-6.002286938810000265e+02
-5.939541624360000469e+02
-5.955665877190000401e+02
-5.928779266620000499e+02
-5.859182808530000557e+02
-5.857666513550000218e+02
-5.975728103379999538e+02
-5.859235199859999739e+02
-5.941081790619999765e+02
-6.000612293650000311e+02
-5.836346154709999610e+02
-6.041782296469999665e+02
-5.892599065050000036e+02
-5.876502517349999835e+02
-5.985938816079999469e+02
-5.918429942819999496e+02
-5.864817956719999756e+02
-5.755773052609999922e+02
-5.638759233140000333e+02
-5.742461439579999478e+02
-5.719043450760000269e+02
-5.766921004289999928e+02
-5.856002554619999501e+02
-5.685690057399999660e+02
-5.904078312139999980e+02
-5.907352942329999905e+02
-5.928307608410000284e+02
-5.947615264419999903e+02
-5.918593783740000163e+02
-5.894784292099999448e+02
-5.898291493579999951e+02
-5.934334506809999539e+02
-6.028569548530000475e+02
-5.853616263280000567e+02
-6.043622445910000351e+02
-5.979751837229999865e+02
-5.449410014940000337e+02
-5.839731217180000158e+02
-5.907623562930000389e+02
-5.744499125050000430e+02
-5.788067151630000353e+02
-5.849283835520000139e+02
-5.934418956639999578e+02
-5.945193368000000191e+02
-5.934503707579999627e+02
-5.897625356239999519e+02
-5.953050617059999468e+02
-5.815494463649999943e+02
-5.725402401439999949e+02
-5.911328187579999849e+02
-5.934586003639999490e+02
-5.904140822110000499e+02
-5.957348637280000503e+02
-5.976493298599999662e+02
-5.927775640439999734e+02
-5.995855889980000484e+02
-5.979699804440000435e+02
-5.986748083539999925e+02
-5.908945626329999641e+02
-5.804423319280000442e+02
-5.980779528159999927e+02
-5.842801828049999813e+02
-5.847575022270000318e+02
-5.834566526459999523e+02
-6.002056198799999720e+02
-5.992673635639999929e+02
-5.898160279469999523e+02
-5.820844168209999907e+02
-6.014806278840000004e+02
-5.843924730659999796e+02
-5.974900410139999849e+02
-6.019889935319999950e+02
-5.895957837639999752e+02
-5.912671434420000196e+02
-5.860754965490000359e+02
-5.813670558139999684e+02
-5.641160615239999743e+02
-5.622242785319999712e+02
-5.754605818640000052e+02
-5.863495612010000286e+02
-5.810703757410000208e+02
-5.754469240979999540e+02
-5.989292623549999917e+02
-5.930105334239999593e+02
-5.947607708250000087e+02
-5.957856319359999588e+02
-5.947571788520000382e+02
-5.952399301579999928e+02
-5.889704525990000548e+02
-5.924879782130000194e+02
-5.889246411770000122e+02
-5.862189837790000411e+02
-5.996506058050000547e+02
-5.930390953270000409e+02
-5.923015812879999658e+02
-5.969547513290000325e+02
-5.994035082279999642e+02
-6.036062864199999467e+02
-5.900255481540000346e+02
-5.876886908029999859e+02
-6.028050201690000449e+02
-5.837177223390000336e+02
-5.904238340870000457e+02
-5.901697338799999670e+02
-5.749590337759999557e+02
-5.933182016920000024e+02
-5.843575721150000390e+02
-5.858525080929999831e+02
-5.857158752960000356e+02
-5.637397271659999660e+02
-5.792989305050000439e+02
-5.773131515960000115e+02
-5.977756005600000435e+02
-6.003572925140000507e+02
-6.024538261659999989e+02
-5.854139199019999751e+02
-5.836438185340000473e+02
-5.980648944109999547e+02
-5.781543055370000275e+02
-6.010439753409999639e+02
-5.943214693840000109e+02
-5.860933394400000225e+02
-5.836285570869999901e+02
-5.853842419239999799e+02
-5.946474999340000522e+02
-5.806922292780000134e+02
-5.948514533210000081e+02
-5.885987469670000110e+02
-5.980127702319999798e+02
-5.944263186980000455e+02
-5.970461912629999688e+02
-5.811209765999999490e+02
-5.888295261389999951e+02
-6.015863166499999579e+02
-5.918079713380000157e+02
-5.941435927989999755e+02
-5.978713848070000267e+02
-5.773130907119999620e+02
-5.893341925009999613e+02
-5.878757630920000565e+02
-5.731205725979999670e+02
-5.894552598100000296e+02
-5.806493172709999726e+02
-5.906311695770000370e+02
-5.949219155309999678e+02
-5.976048898679999866e+02
-5.927302500959999634e+02
-5.973362769110000272e+02
-5.820917879129999619e+02
-5.797267272660000117e+02
-5.762012878369999953e+02
-5.763063892449999912e+02
-5.899159575129999666e+02
-5.855074409039999637e+02
-5.959317160220000460e+02
-5.788890377110000145e+02
-5.831339487139999846e+02
-5.872327242249999699e+02
-5.970435056500000428e+02
-5.911405729550000387e+02
-5.747660614029999806e+02
-5.881201815399999759e+02
-5.901758961340000269e+02
-5.816153430409999601e+02
-5.873573060249999571e+02
-5.875454642849999800e+02
-5.965527945049999516e+02
-6.012187025629999653e+02
-5.858316063620000023e+02
-5.982210085619999518e+02
-5.909124935249999453e+02
-5.891363735149999457e+02
-5.901128828019999446e+02
-5.853836761410000236e+02
-5.975677797590000182e+02
-5.962787940639999533e+02
-5.913023106499999813e+02
-6.008109287620000032e+02
-5.900244044370000438e+02
-6.004030348830000321e+02
-5.974805553109999892e+02
-5.813049855199999456e+02
-5.865854371100000435e+02
-5.913958335070000203e+02
-5.991662800320000315e+02
-5.858573377200000323e+02
-5.956077697890000309e+02
-5.908016444190000129e+02
-5.922116435499999625e+02
-5.773821034220000001e+02
-5.845449344380000412e+02
-5.912855367339999475e+02
-5.878897048930000437e+02
-5.905602087900000470e+02
-5.753514512360000026e+02
-5.909933874150000293e+02
-5.943551760699999704e+02
-5.857675140139999712e+02
-5.724660924800000430e+02
-5.940981131629999936e+02
-5.791612371840000151e+02
-5.838378293829999848e+02
-5.966357599130000153e+02
-5.885918944490000513e+02
-5.875954585299999735e+02
-5.935420466489999853e+02
-5.941122525160000123e+02
-5.911391441460000351e+02
-5.809585400519999894e+02
-5.991379651849999846e+02
-5.805401319659999899e+02
-5.919222625730000118e+02
-5.837016700560000118e+02
-5.996179519590000382e+02
-5.916536363259999689e+02
-5.705627785870000253e+02
-5.944340869359999715e+02
-5.932920186119999926e+02
-5.778342548199999555e+02
-5.888344479080000156e+02
-5.948589432679999618e+02
-5.844981885400000010e+02
-5.872784442900000386e+02
-5.767637426659999846e+02
-5.714262243489999946e+02
-5.843592412279999735e+02
-5.901061604640000269e+02
-5.887700377459999572e+02
-5.861345736299999771e+02
-5.900674818820000382e+02
-5.822806854789999988e+02
-5.903775725499999680e+02
-5.863048916799999688e+02
-5.817428032230000099e+02
-5.811394139499999483e+02
-5.878529875240000138e+02
-5.970637270849999823e+02
-5.778703935600000250e+02
-5.788008910260000448e+02
-5.902533806610000511e+02
-5.890710075289999850e+02
-5.900859729549999884e+02
-5.951615311320000501e+02
-5.796159955599999876e+02
-5.937299078820000204e+02
-5.765978060019999702e+02
-5.748518982450000294e+02
-5.816927657610000324e+02
-5.888547421380000060e+02
-5.900702711709999448e+02
-6.015547341919999553e+02
-5.959295005530000253e+02
-5.835537834379999822e+02
-5.975093322779999880e+02
-5.897358465989999559e+02
-5.869648831819999941e+02
-5.695945710129999497e+02
-5.836427731720000338e+02
-5.825955922020000344e+02
-5.898098189539999794e+02
-6.012731565130000035e+02
-6.032025440249999519e+02
-5.918653036260000135e+02
-6.025391867399999910e+02
-5.884843822349999982e+02
-6.002934660390000090e+02
-6.019618165430000545e+02
-6.004546236300000146e+02
-5.940703591559999950e+02
-6.025565065020000475e+02
-5.907325963869999441e+02
-5.834730522249999467e+02
-5.852079950510000117e+02
-5.800200053549999666e+02
-5.912984425319999673e+02
-5.986889546050000490e+02
-5.878123222210000449e+02
-5.830542521099999931e+02
-5.906635880459999726e+02
-6.003283214159999943e+02
-5.961806578260000151e+02
-5.913606293919999644e+02
-6.021421664020000435e+02
-5.996313724579999871e+02
-5.792430366209999875e+02
-5.864925301910000144e+02
-5.830971748890000299e+02
-5.878239357160000509e+02
-5.901366345540000111e+02
-5.943528079449999950e+02
-5.928734459569999444e+02
-5.942050791899999922e+02
-5.888084474029999456e+02
-5.789473497049999651e+02
-5.861910310089999712e+02
-5.763005298230000335e+02
-6.013750132730000360e+02
-5.971609531459999971e+02
-5.922113302019999992e+02
-5.929679446029999781e+02
-5.712484869549999758e+02
-5.880616816629999448e+02
-5.924616793269999562e+02
-6.008145044970000299e+02
-5.978680562060000057e+02
-5.833429782209999530e+02
-6.018852654209999855e+02
-5.821254501639999717e+02
-5.836869577639999989e+02
-5.896814250239999637e+02
-5.907589124200000015e+02
-5.842740119600000526e+02
-5.800390639439999632e+02
-5.872600465250000070e+02
-5.942758303860000524e+02
-5.981331476190000558e+02
-5.995769309250000560e+02
-6.006143340260000514e+02
-5.888600517280000304e+02
-6.012405417889999626e+02
-5.972966525120000369e+02
-5.776869627429999809e+02
-5.748455907520000210e+02
-5.862911891090000154e+02
-5.924363024049999922e+02
-5.977012098479999622e+02
-5.723283192520000284e+02
-5.969615728329999911e+02
-6.018441477979999945e+02
-5.985504484839999577e+02
-5.858939348469999686e+02
-5.837513490210000100e+02
-5.913153739340000357e+02
-5.976313999259999719e+02
-5.935306371389999640e+02
-5.884143214870000520e+02
-5.919633172830000376e+02
-5.945110217039999725e+02
-5.955572458300000562e+02
-5.876176842989999614e+02
-5.679776372889999720e+02
-5.934795152719999578e+02
-6.034101814230000400e+02
-5.849067472120000275e+02
-5.872879587789999505e+02
-5.967331649069999457e+02
-5.818309686139999712e+02
-5.973516793280000456e+02
-5.956855733679999503e+02
-5.865645476439999584e+02
-5.793185459449999826e+02
-5.930458386650000193e+02
-5.972764024010000412e+02
-5.890428622919999953e+02
-5.894011278039999979e+02
-5.693293354539999882e+02
-5.869498395079999682e+02
-5.796231881149999481e+02
-5.842851612810000006e+02
-5.951049434860000247e+02
-5.870272661640000251e+02
-5.802558165389999658e+02
-5.963648102570000447e+02
-5.787548410839999633e+02
-5.932733404750000545e+02
-5.892867807190000349e+02
-5.828011587040000450e+02
-5.985271604969999544e+02
-5.922025393860000122e+02
-5.792912224359999982e+02
-5.855569058150000501e+02
-5.971242669629999682e+02
-5.745211668120000468e+02
-5.617031822860000148e+02
-6.032763646859999653e+02
-5.880741013650000468e+02
-5.935839173819999814e+02
-5.965984600880000244e+02
-5.890172371449999673e+02
-5.795546750590000329e+02
-5.879870697149999614e+02
-5.746531280289999586e+02
-5.877223055199999635e+02
-5.930895056680000152e+02
-5.987381606449999936e+02
-5.662593742249999877e+02
-5.882220986050000420e+02
-5.810924267999999984e+02
-5.900652113500000269e+02
-5.963679749149999907e+02
-5.716264635119999866e+02
-5.874318670520000296e+02
-5.857205764369999770e+02
-5.713291493650000348e+02
-5.858127145839999912e+02
-5.897192549850000205e+02
-5.945306028170000445e+02
-5.986398906770000394e+02
-5.890525781689999576e+02
-5.917739353069999879e+02
-5.846164904949999936e+02
-5.705305954660000225e+02
-5.939303721810000525e+02
-5.998811862329999940e+02
-5.929190049390000468e+02
-5.881300203089999741e+02
-5.774867559540000457e+02
-5.870767975999999635e+02
-5.920359731490000286e+02
-5.952145769759999894e+02
-5.906903578169999491e+02
-5.923333323949999567e+02
-5.997291638890000058e+02
-5.889118682499999977e+02
-5.925920241329999953e+02
-5.916547133269999676e+02
-5.954410793570000351e+02
-5.881635193070000014e+02
-5.902301043209999989e+02
-5.865142593580000039e+02
-5.988347330530000363e+02
-5.859191917150000108e+02
-5.987597090179999668e+02
-5.877357149270000036e+02
-5.764507485010000210e+02
-5.916336317970000209e+02
-5.962378395709999950e+02
-5.896601821420000533e+02
-5.693784532979999540e+02
-5.846131382669999539e+02
-5.677137554600000158e+02
-5.766164629429999877e+02
-5.886196455120000337e+02
-5.916676417740000034e+02
-5.958365881690000379e+02
-5.870842183199999909e+02
-5.968530362740000328e+02
-5.951622060299999930e+02
-5.991156594230000110e+02
-5.921264483600000403e+02
-5.849860577580000154e+02
-5.859753225220000559e+02
-5.927947730209999690e+02
-6.026792115810000041e+02
-5.890704323310000063e+02
-5.848431677119999677e+02
-5.946435407469999745e+02
-5.766032022460000235e+02
-5.904842001859999527e+02
-5.915263590770000519e+02
-5.976585816040000054e+02
-5.981408920960000160e+02
-5.844893458840000449e+02
-5.967681523100000049e+02
-5.840505531699999437e+02
-5.807893921080000155e+02
-5.804845262310000180e+02
-5.780944319239999913e+02
-5.598580813470000521e+02
-5.738648454950000541e+02
-5.733946597130000100e+02
-5.712780749879999576e+02
-5.811197909090000167e+02
-5.936514656909999985e+02
-5.967424846249999746e+02
-5.894711647120000180e+02
-5.863287708479999765e+02
-5.800893082610000420e+02
-5.956906274860000394e+02
-5.914835897479999858e+02
-6.010137322770000310e+02
-5.922161284349999733e+02
-6.001216521379999449e+02
-5.988284509469999648e+02
-5.869320310750000544e+02
-5.990250356660000080e+02
-5.939491693530000020e+02
-5.991334233720000384e+02
-5.992250701560000152e+02
-5.915028693079999584e+02
-5.863873145759999943e+02
-5.797692349449999938e+02
-5.865566004429999794e+02
-5.887253264160000299e+02
-5.970324162340000385e+02
-5.999915708889999451e+02
-6.027885998870000321e+02
-5.974389789619999647e+02
-5.984311890459999859e+02
-5.802747877919999837e+02
-5.936115560350000351e+02
-5.920843088530000387e+02
-5.917864754119999589e+02
-5.872245567549999805e+02
-5.939092002439999760e+02
-5.933457258629999842e+02
-5.948181027430000540e+02
-5.840702971370000114e+02
-5.725933904180000127e+02
-5.948565349579999975e+02
-5.802453672249999954e+02
-5.940434024170000384e+02
-5.899341736280000532e+02
-5.858854379809999955e+02
-5.932136414159999731e+02
-5.991599114529999497e+02
-5.930192088689999537e+02
-5.842584946069999887e+02
-5.917988522809999949e+02
-5.763970083100000465e+02
-5.881317078929999980e+02
-5.974538213289999931e+02
-6.025802089070000420e+02
-5.948514117590000296e+02
-5.853596134040000152e+02
-5.981758355450000408e+02
-5.954977111480000076e+02
-5.925202890890000162e+02
-5.776237399120000191e+02
-5.876489978329999531e+02
-5.936049535099999730e+02
-5.663094524199999569e+02
-5.828459654770000498e+02
-5.883685413240000344e+02
-5.954743419970000105e+02
-5.841192027380000127e+02
-5.813721740859999727e+02
-5.910163571269999920e+02
-5.798920984269999508e+02
-5.883719099359999518e+02
-6.012440947479999522e+02
-5.977030360679999603e+02
-5.994200284859999783e+02
-5.806218969349999952e+02
-5.821649042520000421e+02
-5.898659800069999619e+02
-5.834538101269999970e+02
-5.823957519849999471e+02
-5.943105805989999908e+02
-5.825879675789999510e+02
-6.032119122860000289e+02
-5.958190292199999476e+02
-5.955178303550000010e+02
-5.930618547379999654e+02
-5.801171806170000309e+02
-5.937796336809999502e+02
-6.003771528769999577e+02
-5.971973594869999715e+02
-5.849318585519999942e+02
-5.996556459150000364e+02
-5.981974513840000327e+02
-6.014028081220000104e+02
-5.950925266980000288e+02
-5.870100862949999510e+02
-5.999718909279999934e+02
-5.994034242149999727e+02
-5.846623161249999612e+02
-5.994947733489999564e+02
-5.973500703160000285e+02
-5.898762100950000331e+02
-5.791385860240000056e+02
-5.899314560049999727e+02
-5.802451126400000021e+02
-5.903875958170000331e+02
-5.972270434429999568e+02
-6.009256662770000048e+02
-5.952458181419999619e+02
-5.807621974139999566e+02
-5.819874030680000487e+02
-5.886690981970000394e+02
-5.858114444819999562e+02
-5.766879718500000536e+02
-5.992721589789999825e+02
-5.876208362869999746e+02
-5.935828022680000231e+02
-5.919693118599999480e+02
-5.912857972900000050e+02
-5.898935065660000419e+02
-5.788689278360000117e+02
-5.952403149489999805e+02
-5.863485595749999675e+02
-5.860046028320000460e+02
-5.921201253220000353e+02
-5.961413045619999593e+02
-5.955137174279999499e+02
-5.959867177810000385e+02
-5.980370986310000490e+02
-5.885295997199999647e+02
-5.749005034519999526e+02
-5.978046520540000301e+02
-5.892239121999999725e+02
-5.746008720280000261e+02
-5.784559989320000568e+02
-5.959168290530000149e+02
-5.928573665489999485e+02
-5.984826903939999738e+02
-5.918564389670000310e+02
-5.936539963310000303e+02
-5.841149395149999464e+02
-5.796392884470000126e+02
-5.830505570589999706e+02
-5.603339265539999587e+02
-5.966560693779999838e+02
-5.918407576189999872e+02
-5.908970797719999837e+02
-6.004347781269999587e+02
-5.816720002729999806e+02
-5.952729985239999451e+02
-5.839541380529999515e+02
-5.935406564820000312e+02
-5.847972625070000277e+02
-5.984023846699999467e+02
-5.987175297070000397e+02
-5.976382557419999557e+02
-5.945846005700000205e+02
-5.898044002210000372e+02
-5.847422117099999923e+02
-5.747781139129999701e+02
-5.793116977040000393e+02
-5.831708543989999498e+02
-5.760022364059999518e+02
-5.965555189220000329e+02
-6.009608654490000390e+02
-5.863459313990000510e+02
-5.863442237020000221e+02
-5.859447453999999880e+02
-5.957453039360000275e+02
-6.024164484729999458e+02
-5.876519784990000517e+02
-5.963825113420000434e+02
-5.927160040630000140e+02
-5.923627518230000533e+02
-5.906257584080000242e+02
-5.868081076539999685e+02
-5.984372681739999962e+02
-6.013093707199999471e+02
-6.000643974150000304e+02
-5.848779134679999743e+02
-6.001496888689999878e+02
-5.695655224649999582e+02
-5.992173987920000400e+02
-6.034749888930000452e+02
-5.914484857310000052e+02
-5.890561198000000331e+02
-5.901714444369999910e+02
-5.884025640889999522e+02
-5.991875887380000449e+02
-5.866088117839999541e+02
-5.770347208309999587e+02
-5.973263822510000409e+02
-6.042645497959999830e+02
-5.695486548640000137e+02
-5.873512895579999622e+02
-5.961605303630000208e+02
-5.954961665079999875e+02
-5.962007105279999450e+02
-5.626844013359999508e+02
-5.970871453580000434e+02
-5.908660267660000045e+02
-5.951651572539999506e+02
-5.893133803949999674e+02
-6.001787839549999717e+02
-5.905456859749999694e+02
-5.917867992479999657e+02
-5.901379850739999711e+02
-5.938932960739999771e+02
-6.046679254959999525e+02
-5.943453058530000135e+02
-5.853615881550000495e+02
-5.836927732000000333e+02
-5.840254550820000077e+02
-5.841138946449999594e+02
-5.775095328329999802e+02
-5.967282679850000022e+02
-5.994584321429999818e+02
-6.041009501219999720e+02
-6.011870997739999893e+02
-5.916442701170000191e+02
-5.772032290070000045e+02
-5.921093166299999666e+02
-5.822682385900000099e+02
-6.040956783289999521e+02
-5.998576850619999732e+02
-5.822385901650000051e+02
-5.986453646639999988e+02
-5.950142839100000174e+02
-5.899906086869999626e+02
-5.837017619340000465e+02
-5.809385443349999605e+02
-5.903023766999999680e+02
-6.000966710610000518e+02
-5.918334315749999632e+02
-5.971918913969999494e+02
-5.999236826659999906e+02
-5.792022016629999825e+02
-5.934142046209999535e+02
-5.900668554630000244e+02
-5.859918772620000027e+02
-5.799698274520000041e+02
-5.903365491030000385e+02
-5.920198341139999911e+02
-6.001762415230000443e+02
-5.916268845710000051e+02
-5.810281780090000439e+02
-5.866616429010000502e+02
-6.024683966119999923e+02
-5.904279959289999624e+02
-5.926321846910000204e+02
-6.001288006879999557e+02
-6.041513625850000153e+02
-5.934492069719999563e+02
-5.803113550880000275e+02
-5.860226102579999861e+02
-5.709294103299999961e+02
-5.760682401300000492e+02
-5.911627301480000369e+02
-5.914482603520000339e+02
-6.002951648929999919e+02
-5.941623559140000452e+02
-5.994630024550000371e+02
-5.974735635009999442e+02
-5.936956363870000359e+02
-5.993269528119999450e+02
-5.861141190519999782e+02
-5.936991837150000038e+02
-5.983946342179999647e+02
-5.762331572220000453e+02
-5.847834755740000219e+02
-5.865492252340000050e+02
-5.916691464379999843e+02
-5.866998991409999462e+02
-5.858876596249999693e+02
-5.667513307899999973e+02
-5.828204512759999716e+02
-5.963373015959999748e+02
-5.676564579719999983e+02
-5.900463833390000445e+02
-5.911679706730000134e+02
-5.915873888669999587e+02
-6.002215630150000152e+02
-5.887876663629999712e+02
-5.991350575550000030e+02
-5.975547309749999840e+02
-6.018032664520000026e+02
-5.933985319250000430e+02
-5.998971453130000100e+02
-5.891106848780000291e+02
-5.851023932489999879e+02
-5.967297332910000023e+02
-5.970342980560000115e+02
-5.915534030119999898e+02
-5.957223912160000054e+02
-5.950698300510000536e+02
-5.882205420249999861e+02
-5.805372246839999661e+02
-6.001727518640000199e+02
-5.999822382029999517e+02
-6.035716312499999958e+02
-5.965865180120000559e+02
-5.728097268300000451e+02
-5.891934263570000212e+02
-5.895406924330000038e+02
-5.832603824169999598e+02
-5.958189952740000308e+02
-5.941233149009999579e+02
-5.972863383840000324e+02
-5.779227212109999527e+02
-5.879350060479999911e+02
-5.710834856669999908e+02
-5.969079214580000325e+02
-5.821446104460000015e+02
-5.873615787830000272e+02
-5.932797295330000225e+02
-5.801605485889999727e+02
-5.854678985640000519e+02
-5.827334731019999481e+02
-5.922770882080000092e+02
-5.956237270679999938e+02
-5.944667675099999542e+02
-5.884119751380000025e+02
-5.916780414309999969e+02
-5.755245089830000325e+02
-5.807930186309999954e+02
-5.861019317210000281e+02
-5.880309678080000140e+02
-5.861037999330000048e+02
-5.973336553030000005e+02
-5.962252139570000509e+02
-5.834781493540000383e+02
-5.975229982199999768e+02
-6.001016033979999520e+02
-5.769282816359999515e+02
-5.913180566989999534e+02
-5.812876571719999674e+02
-5.930622635839999930e+02
-5.842481017830000383e+02
-5.977950177149999718e+02
-5.725778464930000382e+02
-5.847177578499999981e+02
-5.669789497269999856e+02
-5.877970673439999700e+02
-5.895682255829999576e+02
-5.952092669700000442e+02
-5.854892107360000182e+02
-5.904567970370000012e+02
-5.915606537380000418e+02
-5.896468597560000262e+02
-5.912108644950000098e+02
-5.952923491510000531e+02
-5.987438491750000367e+02
-5.927351864570000544e+02
-6.004791302889999542e+02
-6.002065382869999439e+02
-5.934608480990000317e+02
-5.921461316669999633e+02
-5.729581541969999989e+02
-5.957272569960000510e+02
-6.005323438240000087e+02
-5.886029905279999639e+02
-5.999370412949999718e+02
-5.799822482670000454e+02
-5.930661854420000054e+02
-5.953746695249999448e+02
-5.850127610329999470e+02
-5.968947746320000078e+02
-6.037825731660000201e+02
-5.953692507800000158e+02
-5.993957481639999969e+02
-5.985236111179999625e+02
-5.926489192289999437e+02
-5.932883059819999971e+02
-5.992480283569999528e+02
-5.993147838290000209e+02
-5.995766857459999528e+02
-5.923037316339999734e+02
-5.958417078149999497e+02
-6.010615664890000289e+02
-5.705562526920000437e+02
-5.794234930820000500e+02
-5.822271971190000386e+02
-5.850087566350000543e+02
-5.901936942590000399e+02
-5.949504719149999801e+02
-6.015277842159999864e+02
-5.818720496419999790e+02
-5.785714076340000247e+02
-5.959815098709999575e+02
-6.022178181790000053e+02
-5.972896270840000170e+02
-5.980379352160000508e+02
-5.957566103149999890e+02
-5.839113933359999464e+02
-5.961527561499999592e+02
-5.905544084770000381e+02
-6.021750057699999843e+02
-5.979016169889999901e+02
-5.899334871080000084e+02
-5.929260811829999511e+02
-5.972102188349999778e+02
-5.927247620289999759e+02
-5.831317724870000347e+02
-5.975532739200000378e+02
-5.978599647749999804e+02
-5.772105555199999571e+02
-5.987756219780000038e+02
-6.032773509429999876e+02
-5.804293881180000199e+02
-5.918574673670000266e+02
-6.032298390419999805e+02
-5.865412742559999515e+02
-5.921846883480000088e+02
-5.872710336290000441e+02
-5.904700445030000537e+02
-5.458306025929999805e+02
-5.967803917469999533e+02
-5.955800023970000439e+02
-5.933630026020000514e+02
-5.909869021260000181e+02
-6.021834591159999945e+02
-5.920860338359999560e+02
-5.850163288380000495e+02
-5.978164507689999709e+02
-5.847538606099999470e+02
-5.722700282629999720e+02
-5.932187159899999642e+02
-5.849787052379999750e+02
-5.927993284670000094e+02
-5.803326511799999707e+02
-6.024676627669999789e+02
-5.896900592499999902e+02
-5.892585909319999473e+02
-5.924094249969999737e+02
-5.699056989919999978e+02
-5.853013780439999891e+02
-5.940922419710000213e+02
-5.977008116629999677e+02
-5.985015830349999533e+02
-5.898770288460000302e+02
-5.761487504650000346e+02
-5.903749814799999740e+02
-6.010915316849999499e+02
-6.005098401110000168e+02
-5.938265278659999922e+02
-5.504045393049999575e+02
-5.769198344779999843e+02
-5.767606431880000173e+02
-6.001353989890000094e+02
-5.935042121359999783e+02
-5.783416875599999685e+02
-5.839727962120000484e+02
-5.828591593400000193e+02
-5.994484603360000392e+02
-5.753101388300000281e+02
-5.868903170700000373e+02
-5.937142654169999787e+02
-5.943865760999999566e+02
-6.027622259190000022e+02
-5.911647979939999686e+02
-5.764868857489999527e+02
-5.866084416610000289e+02
-5.915583830780000199e+02
-5.906117840890000252e+02
-5.932342712409999876e+02
-5.820536230709999472e+02
-5.842600844649999772e+02
-6.005846260020000500e+02
-5.925499454969999533e+02
-5.985070506280000018e+02
-5.837758619720000297e+02
-5.881340486499999543e+02
-5.822483486339999672e+02
-5.805275241900000083e+02
-5.708568405319999783e+02
-5.665253338029999668e+02
-5.576782626340000206e+02
-5.703374403130000019e+02
-5.787110606249999591e+02
-5.874484783919999700e+02
-5.768283143979999750e+02
-5.951363694689999875e+02
-6.037810377089999747e+02
-5.907909046580000449e+02
-5.855777186149999807e+02
-5.915442037340000070e+02
-5.961170249069999727e+02
-5.887512988050000331e+02
-5.964789000409999744e+02
-5.933574458939999658e+02
-5.821258948229999532e+02
-5.814129156129999956e+02
-5.917505764850000105e+02
-5.812142440000000079e+02
-5.888770765850000544e+02
-5.935197627600000487e+02
-5.913309849720000102e+02
-5.466100353079999650e+02
-5.982519508980000182e+02
-6.009862912749999850e+02
-5.990044654560000481e+02
-5.670438893409999537e+02
-5.907413296360000459e+02
-5.716007027849999531e+02
-5.795647526589999643e+02
-5.924748315110000476e+02
-5.831355556639999804e+02
-5.948619189529999858e+02
-5.879982368199999883e+02
-6.018237860440000304e+02
-5.988851514650000354e+02
-5.955301100630000519e+02
-5.766043681390000302e+02
-5.812310049569999819e+02
-5.874151600369999642e+02
-5.711702842720000035e+02
-5.927806105180000031e+02
-5.886374374859999534e+02
-5.907472340140000142e+02
-5.630120303290000265e+02
-6.005250353610000502e+02
-5.965969889230000263e+02
-5.938008519579999529e+02
-5.994538658850000274e+02
-5.859479211709999618e+02
-5.816228722939999898e+02
-5.842271098950000123e+02
-5.785856789590000062e+02
-5.796400795890000381e+02
-5.956550183130000278e+02
-5.957756917919999751e+02
-5.781527089899999510e+02
-5.821814637410000159e+02
-5.832991883810000218e+02
-5.888804285290000280e+02
-5.898375079390000337e+02
-5.883691703749999533e+02
-5.957299071820000336e+02
-5.867412900880000279e+02
-5.952913396599999487e+02
-5.912662337629999456e+02
-5.985478469849999783e+02
-5.959113485709999622e+02
-5.915763716279999471e+02
-5.870129499319999695e+02
-5.876579285430000255e+02
-5.990416840819999607e+02
-5.939250228030000471e+02
-6.026602205829999548e+02
-5.963812797399999681e+02
-5.885656313189999764e+02
-5.901541851450000422e+02
-5.934577025679999451e+02
-6.001513727110000218e+02
-5.835971386700000494e+02
-5.876989017339999464e+02
-5.987107729970000491e+02
-5.935618836019999662e+02
-5.856385877100000243e+02
-5.954985885339999641e+02
-5.917238937289999967e+02
-5.866916855230000465e+02
-5.989710806529999445e+02
-5.868008912760000158e+02
-5.742120000789999494e+02
-5.938830277450000494e+02
-5.919274069010000403e+02
-5.931414924140000267e+02
-5.804018900080000094e+02
-5.836746440399999756e+02
-5.976867229060000000e+02
-6.003335186450000265e+02
-6.025168025829999578e+02
-5.945634696079999912e+02
-5.807475498109999990e+02
-5.908138140730000032e+02
-6.019692440730000271e+02
-5.907405329299999721e+02
-5.876662716900000305e+02
-5.785753951269999789e+02
-5.962745762949999744e+02
-5.935382447040000216e+02
-5.934071520879999753e+02
-5.993427631880000490e+02
-5.973126168449999795e+02
-5.966488496130000385e+02
-6.014477228939999804e+02
-6.042833358579999867e+02
-5.884025644030000421e+02
-5.765523262870000281e+02
-5.810954945370000360e+02
-5.867363276500000211e+02
-5.820031641629999513e+02
-5.800425390100000413e+02
-5.989769173879999471e+02
-5.941542999580000242e+02
-5.963573291159999599e+02
-5.857561099910000166e+02
-5.897686729749999586e+02
-6.009551355309999963e+02
-5.942997513020000042e+02
-6.005702604320000546e+02
-5.843357004880000432e+02
-5.779174046550000412e+02
-5.906737693200000194e+02
-5.981205746050000016e+02
-5.920690271810000240e+02
-6.034549690149999606e+02
-5.943027236320000384e+02
-5.958569211059999589e+02
-5.893810239230000434e+02
-5.806081360240000322e+02
-5.962834104790000538e+02
-5.994377303349999693e+02
-5.840494946329999948e+02
-5.915975331619999906e+02
-5.887877602720000141e+02
-5.893746839579999914e+02
-6.037523727200000394e+02
-5.975670420879999938e+02
-5.888546638860000257e+02
-5.947006465980000485e+02
-6.006529405999999653e+02
-5.794625847690000455e+02
-6.014204889159999539e+02
-5.808495767739999565e+02
-5.930437070450000192e+02
-5.947424851920000037e+02
-5.991651162809999960e+02
-5.940269178099999863e+02
-5.986992423560000134e+02
-5.979568166069999506e+02
-5.892302062490000480e+02
-5.882796699609999678e+02
-5.970569089919999897e+02
-5.860243003739999494e+02
-5.887368225469999743e+02
-5.978039765849999867e+02
-6.007491233859999511e+02
-6.013529783520000365e+02
-5.935146878960000549e+02
-5.914459398139999848e+02
-5.879519360509999615e+02
-5.926603146219999871e+02
-5.978455263050000212e+02
-5.929949635420000504e+02
-5.993919025080000438e+02
-5.955348720560000402e+02
-5.928257666580000205e+02
-5.838953831110000010e+02
-5.825497213959999954e+02
-5.992390729019999753e+02
-5.911222938920000161e+02
-5.719561374720000231e+02
-5.674181221620000315e+02
-6.022643820490000053e+02
-6.002089047670000355e+02
-6.014469727360000206e+02
-5.915811672160000398e+02
-5.823902784160000010e+02
-5.820674192359999779e+02
-5.816167346449999513e+02
-5.844595165719999841e+02
-6.002414577529999633e+02
-5.997802215069999647e+02
-5.802440656119999858e+02
-5.777406550020000395e+02
-5.897442962650000027e+02
-5.933320122989999845e+02
-5.857325173310000537e+02
-5.963461796450000065e+02
-6.043862408530000039e+02
-5.941167905879999580e+02
-5.996139011290000553e+02
-5.915060840950000056e+02
-5.908566892600000529e+02
-6.004936213839999937e+02
-5.917029078369999979e+02
-5.851911629480000556e+02
-5.745171897349999881e+02
-5.917585676549999789e+02
-5.836223803459999999e+02
-5.926102156299999706e+02
-5.749492401740000105e+02
-5.932978625580000198e+02
-5.879127451949999568e+02
-6.018347456889999876e+02
-5.955015944440000339e+02
-5.912858512210000299e+02
-5.905760978710000018e+02
-5.932963639009999497e+02
-5.882997766219999676e+02
-5.935046065770000041e+02
-6.004669095680000055e+02
-5.851167982650000567e+02
-5.875481271469999456e+02
-5.946821951680000211e+02
-6.002438182329999563e+02
-5.967013977450000084e+02
-5.984325133429999823e+02
-5.865554594080000470e+02
-5.915364782340000147e+02
-5.917747426460000497e+02
-5.925825724569999693e+02
-6.000805462910000188e+02
-5.846021008149999716e+02
-5.869656854940000130e+02
-5.836945044410000492e+02
-5.945077071079999769e+02
-5.917709897329999649e+02
-5.838133677030000399e+02
-5.894411702219999825e+02
-5.949677239850000205e+02
-5.814754047830000445e+02
-5.662316902850000133e+02
-5.993109559130000434e+02
-5.965271031559999528e+02
-5.868701110219999464e+02
-5.958793026119999467e+02
-6.035427353530000119e+02
-6.004489759159999949e+02
-5.872986730059999445e+02
-5.890945884760000126e+02
-5.901991570550000006e+02
-5.937861964349999653e+02
-5.915161735850000468e+02
-5.849786031400000184e+02
-5.968055148830000007e+02
-5.908837295289999929e+02
-6.030249546339999824e+02
-5.907235716730000377e+02
-5.978198886390000553e+02
-5.988551143739999816e+02
-5.788310498140000391e+02
-5.991480812309999919e+02
-5.961292854519999764e+02
-6.020649014279999847e+02
-5.882439364010000418e+02
-5.893525231759999770e+02
-5.629947520880000411e+02
-5.717315108850000342e+02
-5.848103349020000223e+02
-5.713064308289999644e+02
-5.882995010140000431e+02
-5.889189399030000232e+02
-5.854660100040000543e+02
-5.896317675069999495e+02
-5.829798724839999977e+02
-5.984966095480000376e+02
-5.934227816710000525e+02
-5.915828768569999738e+02
-5.998395957499999440e+02
-5.878267233349999970e+02
-5.735593506960000241e+02
-5.886097177990000091e+02
-6.010500648529999808e+02
-5.879824478799999952e+02
-5.997270015889999968e+02
-6.009445095930000207e+02
-5.983815713449999976e+02
-5.935516468450000502e+02
-5.967514024260000269e+02
-6.031433272909999914e+02
-5.963173244609999983e+02
-5.907740351400000236e+02
-5.948044113260000358e+02
-5.933657735870000351e+02
-5.843029162540000243e+02
-5.877255638740000450e+02
-5.917555924179999920e+02
-5.795416650390000086e+02
-5.841642094239999778e+02
-5.933702512659999684e+02
-5.979872038140000541e+02
-6.015594041130000278e+02
-5.935974529359999678e+02
-5.995390337219999992e+02
-5.862372161009999445e+02
-6.008971432529999674e+02
-5.953743234070000199e+02
-5.968773171210000328e+02
-5.848100827660000505e+02
-6.044070074759999898e+02
-5.998521086590000095e+02
-6.002144892989999789e+02
-5.967475215619999744e+02
-5.849259731790000387e+02
-5.971181457489999502e+02
-5.974122011570000268e+02
-5.897329669670000385e+02
-5.924072826689999829e+02
-5.954860840259999577e+02
-5.918732717939999475e+02
-5.879907410890000392e+02
-5.927747174679999489e+02
-5.912892818990000023e+02
-5.989376709460000257e+02
-5.913903302620000204e+02
-5.841815038739999864e+02
-5.967561303219999900e+02
-6.033264801540000235e+02
-5.922644284909999897e+02
-5.858604464669999743e+02
-5.915715960290000339e+02
-5.895627033780000374e+02
-5.790944361660000368e+02
-6.005962039639999830e+02
-6.006992534009999645e+02
-5.900433225369999946e+02
-5.897359888419999834e+02
-5.842123264780000227e+02
-6.001194139970000379e+02
-5.830605108720000089e+02
-5.968877592999999706e+02
-5.958751843960000087e+02
-5.939363228619999973e+02
-5.955177301769999758e+02
-5.949743834089999837e+02
-6.028360260299999709e+02
-5.972983004799999662e+02
-5.897715997410000455e+02
-5.899817691890000333e+02
-5.781808204230000001e+02
-6.008962105780000229e+02
-5.922937472370000478e+02
-5.895442512109999598e+02
-5.913121693519999553e+02
-5.958214048490000323e+02
-5.876687639179999678e+02
-6.031015927370000327e+02
-5.765252249330000041e+02
-5.880498559960000193e+02
-5.962445546229999991e+02
-5.840443112719999590e+02
-6.021024738659999684e+02
-6.010946300509999674e+02
-5.986938712060000398e+02
-5.922987792369999624e+02
-5.824280364649999910e+02
-5.952586383249999926e+02
-5.872501400810000405e+02
-5.902766044620000230e+02
-6.017093828509999867e+02
-5.987789919680000139e+02
-5.872361367869999640e+02
-6.058439242379999996e+02
-5.946984987060000094e+02
-5.856477015650000340e+02
-5.975458872699999802e+02
-5.972117359269999497e+02
-5.988760260560000006e+02
-5.968734475080000266e+02
-5.936751625489999924e+02
-5.877359346389999928e+02
-6.049591833299999735e+02
-6.027738293080000176e+02
-5.824502211190000480e+02
-5.796442905950000295e+02
-5.887911843159999989e+02
-5.858670514860000367e+02
-5.948303669990000344e+02
-6.036485644089999596e+02
-6.047724502419999908e+02
-5.974602257850000342e+02
-5.864761154789999864e+02
-6.015897949840000365e+02
