-5.593456788129999495e+02
-5.990776171039999554e+02
-5.755673055109999723e+02
-5.936996628719999762e+02
-5.936167868080000289e+02
-5.832158613909999758e+02
-5.944327764050000269e+02
-5.921310025300000461e+02
-6.033537567769999441e+02
-5.984137822200000301e+02
-5.859048395050000408e+02
-5.915886977379999507e+02
-6.024805906269999696e+02
-5.933567618160000166e+02
-5.950584587429999601e+02
-6.026162520579999864e+02
-5.776206553419999636e+02
-5.689555710759999556e+02
-5.848454409170000190e+02
-5.759179002800000262e+02
-5.966292839090000371e+02
-5.961780100329999641e+02
-5.917751743989999795e+02
-5.875893437969999695e+02
-5.804684646780000321e+02
-5.947238817960000006e+02
-5.979950276710000026e+02
-5.989294048709999743e+02
-5.921920252029999574e+02
-5.915635697669999900e+02
-5.961257012979999672e+02
-5.942788803119999557e+02
-6.016033303640000440e+02
-6.037746340500000315e+02
-5.888757351860000426e+02
-6.034137136140000166e+02
-5.935390541330000360e+02
-5.970180156549999992e+02
-5.976805243339999834e+02
-5.891660623430000214e+02
-5.982389523210000561e+02
-5.966381064659999538e+02
-5.967774531139999681e+02
-5.863390496120000535e+02
-5.870011593210000456e+02
-6.028075365360000433e+02
-5.889092993169999772e+02
-5.822977918489999638e+02
-5.815983459660000108e+02
-5.990937935890000290e+02
-5.918893062529999725e+02
-5.958326665199999752e+02
-5.769469376690000217e+02
-5.858487539860000197e+02
-5.925191657709999618e+02
-5.843245743930000344e+02
-5.996524619929999744e+02
-5.991445613500000036e+02
-5.806192591249999850e+02
-5.984092813690000412e+02
-5.911282363210000312e+02
-5.824686565069999915e+02
-5.929902843659999689e+02
-5.820676782179999691e+02
-6.003704600490000303e+02
-5.945305703970000195e+02
-5.582330135390000123e+02
-5.802797480750000432e+02
-5.899590990550000242e+02
-5.970345526590000418e+02
-5.686096271469999692e+02
-5.861546197000000120e+02
-5.919643465200000492e+02
-5.931222365580000542e+02
-5.818194844299999886e+02
-5.959010667009999906e+02
-5.789710494150000386e+02
-5.852631333919999861e+02
-5.902377472450000369e+02
-6.000662947160000158e+02
-5.830372314339999775e+02
-5.889074749650000058e+02
-5.880827543980000200e+02
-6.015452276229999597e+02
-6.029291592869999477e+02
-5.795523307270000259e+02
-5.939844597860000022e+02
-5.823143298940000250e+02
-5.797994750029999977e+02
-6.027848990799999456e+02
-5.936881801719999885e+02
-5.863009877780000352e+02
-5.761948171940000520e+02
-5.928311395690000154e+02
-5.647931470779999472e+02
-5.929865695050000340e+02
-5.987184041279999747e+02
-5.734615862980000429e+02
-5.945181322390000105e+02
-5.976278485789999877e+02
-5.942825077730000203e+02
-5.851172411789999614e+02
-6.022612194979999458e+02
-5.781048994640000274e+02
-5.946073671630000490e+02
-5.977135006979999616e+02
-5.819663672819999647e+02
-5.898625657379999438e+02
-5.953013354449999497e+02
-5.928782733499999722e+02
-5.916706040149999808e+02
-5.809211152489999677e+02
-5.549595112759999438e+02
-5.739422432129999834e+02
-5.685597788180000407e+02
-5.847348862630000212e+02
-5.949534112170000526e+02
-6.028573548230000370e+02
-5.985098723390000259e+02
-5.763754824379999491e+02
-5.650604304669999465e+02
-5.895136184530000492e+02
-5.949471386569999822e+02
-5.961023469499999692e+02
-5.872718659619999926e+02
-5.910610738929999570e+02
-5.559800222269999495e+02
-5.856707421090000025e+02
-5.761328086089999942e+02
-5.854310260089999929e+02
-5.773636524559999543e+02
-5.756193454780000138e+02
-5.893570410400000128e+02
-5.678079280040000185e+02
-5.921183522610000409e+02
-5.786971092219999946e+02
-5.857712759889999461e+02
-5.997227290590000166e+02
-5.833901311869999518e+02
-5.842750872950000485e+02
-5.835500333940000246e+02
-5.674642944769999531e+02
-5.810794182729999875e+02
-5.946766258960000187e+02
-5.842713333929999635e+02
-5.779670390960000077e+02
-5.909477134310000110e+02
-5.992034568870000157e+02
-5.861237575019999895e+02
-5.907682456789999605e+02
-5.966583846590000348e+02
-5.977638189479999937e+02
-5.865510358379999616e+02
-5.876582687100000157e+02
-5.896896647759999723e+02
-5.883204309620000458e+02
-5.905339049919999752e+02
-5.781714461850000362e+02
-5.820688945509999712e+02
-5.785497173759999896e+02
-5.956054633239999703e+02
-6.019277524020000101e+02
-5.947186797010000419e+02
-6.000548454800000400e+02
-5.950357695290000493e+02
-5.985325900909999746e+02
-5.998468478490000280e+02
-5.968787116319999768e+02
-5.913612822180000421e+02
-5.966326042350000307e+02
-5.628707238900000220e+02
-5.927138063669999610e+02
-5.835710536059999640e+02
-5.970968672489999562e+02
-5.933379831050000348e+02
-5.841924463990000049e+02
-5.817794547280000188e+02
-5.847495265159999462e+02
-5.989297447840000359e+02
-5.895363003730000173e+02
-5.990280363159999979e+02
-5.996655898770000022e+02
-5.849604593999999906e+02
-5.980265703699999449e+02
-5.934085893630000328e+02
-5.835221527749999950e+02
-5.904115728689999969e+02
-5.760988554970000450e+02
-5.997277017249999744e+02
-5.913137627989999601e+02
-5.815459738859999561e+02
-5.817253957530000434e+02
-5.844785849979999739e+02
-5.747909545310000112e+02
-5.400728026000000455e+02
-5.586568666470000153e+02
-5.894077437509999982e+02
-5.550552581289999807e+02
-5.907076332640000373e+02
-5.983271874749999597e+02
-5.928093481619999920e+02
-5.799084054149999474e+02
-5.837749478399999816e+02
-5.698779055969999945e+02
-5.830506606320000174e+02
-5.788598407529999577e+02
-5.811486100560000523e+02
-5.842620664380000335e+02
-5.585865495570000121e+02
-5.869246388220000199e+02
-5.964683920359999547e+02
-5.896446109669999487e+02
-5.767402352489999657e+02
-5.911687911230000054e+02
-5.906299889629999598e+02
-6.042037980620000326e+02
-5.997735662149999598e+02
-5.903554220930000156e+02
-5.866722686000000522e+02
-5.880358131420000518e+02
-5.969707009380000500e+02
-5.964980930929999658e+02
-5.906745913160000327e+02
-5.994133993899999950e+02
-5.932000091119999752e+02
-5.875237606660000438e+02
-5.747735455490000049e+02
-5.577954450280000174e+02
-5.734694349100000181e+02
-5.531827614410000251e+02
-5.962774969069999997e+02
-5.953646341630000052e+02
-5.758465356850000489e+02
-5.916684837389999529e+02
-5.788472140320000108e+02
-5.891462163259999443e+02
-5.894211960280000540e+02
-5.452621709159999455e+02
-5.816609677720000491e+02
-5.968763235210000175e+02
-5.901998473029999559e+02
-5.881778304109999453e+02
-5.878758229170000504e+02
-5.930437779699999510e+02
-6.030786576299999524e+02
-5.954261616530000083e+02
-5.899207660089999763e+02
-5.889550189909999744e+02
-6.018825012580000475e+02
-5.969864684000000352e+02
-5.863482957789999546e+02
-5.869194008319999512e+02
-5.949545280280000270e+02
-5.908477979189999587e+02
-5.979696686759999693e+02
-5.836880587529999502e+02
-5.968466628710000350e+02
-5.992179081399999632e+02
-5.527303339310000183e+02
-5.787752153659999976e+02
-5.933832784339999762e+02
-5.808508810670000457e+02
-5.975188284959999692e+02
-5.961100411160000476e+02
-5.820473972060000278e+02
-5.935569624160000330e+02
-5.769227072740000040e+02
-5.842621715850000328e+02
-6.018387871999999561e+02
-5.931145664949999627e+02
-5.784141625239999485e+02
-5.946405597819999684e+02
-5.909405923560000247e+02
-5.882338676690000057e+02
-5.813639793480000435e+02
-5.851581606639999791e+02
-5.947836722280000004e+02
-5.875715176779999638e+02
-5.946797740529999601e+02
-6.048782902489999742e+02
-5.952882626330000448e+02
-5.894566839210000353e+02
-5.913628831080000054e+02
-5.951068478490000189e+02
-6.022097607829999788e+02
-5.962609494700000141e+02
-5.996427849259999903e+02
-5.862371745039999951e+02
-5.825589168430000200e+02
-5.919450855840000258e+02
-5.966208523479999712e+02
-5.979654074769999852e+02
-5.859865252590000182e+02
-5.779026080280000315e+02
-5.988652426590000459e+02
-5.972607468109999900e+02
-5.893267590409999457e+02
-5.708433053369999470e+02
-5.811228088620000563e+02
-5.823536767479999980e+02
-5.967356497839999747e+02
-5.919168789200000447e+02
-6.003910078029999795e+02
-5.960358502940000562e+02
-5.861858157240000082e+02
-5.966789134590000003e+02
-5.926243238030000384e+02
-5.814423792930000445e+02
-5.958323539640000490e+02
-5.896063689630000226e+02
-5.936135128790000408e+02
-5.858943994689999499e+02
-5.524939442669999607e+02
-5.636342371150000190e+02
-5.820265504120000060e+02
-5.673579607829999532e+02
-5.918026194609999493e+02
-5.826560516350000398e+02
-5.985318566670000564e+02
-6.027478973779999478e+02
-5.962632222820000152e+02
-5.845756369270000050e+02
-5.969376028359999964e+02
-6.038489110020000226e+02
-5.607929485729999897e+02
-5.965416262029999643e+02
-5.964069381030000159e+02
-5.939830866920000290e+02
-5.867299619609999581e+02
-5.835111937149999903e+02
-5.985244151199999578e+02
-5.941658964240000387e+02
-5.745115221810000321e+02
-5.911043337070000234e+02
-6.013821889480000209e+02
-5.955053690759999654e+02
-5.866516196110000010e+02
-6.026846643930000482e+02
-5.492978957269999682e+02
-5.773715023109999720e+02
-5.767424914270000045e+02
-5.891126924860000145e+02
-5.970218314989999726e+02
-5.978353573849999520e+02
-5.776153816360000519e+02
-5.952029477500000212e+02
-5.872744100080000180e+02
-5.925027752419999842e+02
-5.903795218799999702e+02
-5.604357630209999570e+02
-5.948863990849999936e+02
-5.985250502119999965e+02
-5.914934961210000210e+02
-5.893468909059999987e+02
-5.694208206629999722e+02
-5.914631466629999750e+02
-5.929353571589999774e+02
-5.881485120969999798e+02
-5.976460488879999957e+02
-5.799835452459999487e+02
-5.856614201759999787e+02
-5.744902628280000272e+02
-5.774756202080000094e+02
-5.960816905850000467e+02
-5.674500534090000201e+02
-5.874108939459999874e+02
-5.899969619910000347e+02
-5.985140853799999832e+02
-5.924733821170000283e+02
-5.894053287790000013e+02
-5.887823771189999889e+02
-5.602574779660000104e+02
-5.911490740409999489e+02
-5.797404666879999695e+02
-5.956848390620000373e+02
-5.829719171629999437e+02
-5.980632588989999476e+02
-5.863598206179999579e+02
-5.643961181079999960e+02
-5.493566582060000201e+02
-5.329814026379999632e+02
-5.799922653270000410e+02
-5.552304293619999953e+02
-5.888407909229999859e+02
-5.826224375030000147e+02
-5.541008124359999556e+02
-5.777875514060000341e+02
-5.785367764139999736e+02
-5.830565149999999903e+02
-6.006876336499999525e+02
-5.931027593940000315e+02
-5.905170819060000440e+02
-5.812006575929999599e+02
-5.763294899960000066e+02
-5.979280830300000389e+02
-5.987732154340000079e+02
-5.608215565589999869e+02
-6.015917762469999843e+02
-5.977141263329999674e+02
-5.929280440180000369e+02
-5.896527072699999508e+02
-5.922058292010000287e+02
-5.884109584469999845e+02
-5.873897011540000221e+02
-5.936040358230000038e+02
-5.875038573540000471e+02
-5.660605633010000020e+02
-5.639327535200000057e+02
-5.582212425599999506e+02
-5.826359785030000467e+02
-5.572246189469999536e+02
-5.973047712049999518e+02
-5.991031388899999683e+02
-5.892400022150000041e+02
-5.973764086940000198e+02
-5.917690590160000284e+02
-5.854330519840000306e+02
-5.961545528909999803e+02
-5.924174014750000197e+02
-5.911392410089999885e+02
-6.006365664749999951e+02
-5.906016709760000367e+02
-5.891509347380000463e+02
-5.979513867099999516e+02
-6.023657049350000534e+02
-5.904999282779999703e+02
-5.770572969380000359e+02
-5.836557790729999624e+02
-5.799363908919999631e+02
-5.936964871019999919e+02
-5.954267112559999759e+02
-5.993015820609999764e+02
-5.994541155350000281e+02
-5.762121249719999696e+02
-5.981539749380000330e+02
-5.938973003690000496e+02
-5.989576205590000200e+02
-5.848919737799999439e+02
-5.982228701999999885e+02
-5.671780586309999990e+02
-5.627276797030000353e+02
-5.955550627659999918e+02
-5.826673302430000376e+02
-5.925009328910000477e+02
-6.023059942789999468e+02
-5.958241948200000024e+02
-5.928380563760000541e+02
-5.975501571810000314e+02
-5.976303053149999869e+02
-5.951131371510000463e+02
-5.890663651239999581e+02
-5.981729242280000562e+02
-5.970610273529999859e+02
-5.800697269190000043e+02
-5.903724789039999905e+02
-6.011060728740000059e+02
-5.936371702080000432e+02
-5.981516885749999801e+02
-5.909790442380000286e+02
-5.893415289060000077e+02
-5.846883888559999605e+02
-5.867443917179999744e+02
-5.880956071260000044e+02
-5.851222087239999610e+02
-5.905330465770000501e+02
-5.830069680670000025e+02
-5.896679901859999973e+02
-5.937899904209999704e+02
-5.969865838140000278e+02
-5.842794314450000002e+02
-5.878539742100000467e+02
-5.697062397529999771e+02
-5.817468232329999864e+02
-5.889235598029999892e+02
-5.764572591679999505e+02
-5.818653509020000456e+02
-5.857818333750000193e+02
-5.886071836480000457e+02
-5.770943415450000202e+02
-5.969624935849999474e+02
-6.001400731590000532e+02
-5.821958500140000297e+02
-5.959265221660000407e+02
-5.908216392430000496e+02
-5.862296804459999748e+02
-5.611848942679999936e+02
-5.718784607290000395e+02
-5.782523734679999734e+02
-6.020800037449999991e+02
-5.917566181700000243e+02
-5.813366824720000068e+02
-5.938683095410000305e+02
-5.861785497580000310e+02
-5.915186413960000209e+02
-5.879501940039999681e+02
-5.932382683089999773e+02
-5.819220113220000030e+02
-5.952858301329999904e+02
-5.953396834400000444e+02
-5.801572970790000454e+02
-5.866002756890000001e+02
-5.711736284969999815e+02
-5.921679668949999495e+02
-5.925381082369999604e+02
-5.827352042049999454e+02
-5.942763815810000096e+02
-5.568214285640000298e+02
-5.735745591200000035e+02
-6.003563191279999955e+02
-5.961336919440000202e+02
-5.702304794440000251e+02
-5.865032707359999904e+02
-6.005292354109999451e+02
-5.836064230880000423e+02
-5.860333769439999969e+02
-5.729751313320000463e+02
-5.642865376959999821e+02
-5.862381528560000561e+02
-5.949439106830000128e+02
-5.754393284730000460e+02
-5.976938730320000559e+02
-6.004100251490000346e+02
-5.804141930060000050e+02
-5.812802065180000000e+02
-5.784818670749999683e+02
-5.756998904839999796e+02
-5.949562879190000331e+02
-6.013927364039999475e+02
-5.895781905049999523e+02
-5.940588553159999492e+02
-5.764876176970000188e+02
