4.836805247268077146e+00
4.203155124427363276e+00
4.500917462029269345e+00
5.049360553575075627e+00
3.100339336266273893e+00
2.676789494898693000e+00
2.713475999525331694e+00
3.297249459777042535e+00
2.827750519405840546e+00
6.082609719520067237e+00
2.768564429447145425e+00
2.851636196992876737e+00
2.859331565243877105e+00
2.920447226025493670e+00
2.830800770100220021e+00
2.843753505492344846e+00
2.824891502341284166e+00
6.167491386293133537e+00
2.893338728873617427e+00
5.982184300069666172e+00
2.719001471128693392e+00
3.133242888765568335e+00
2.627712693579722369e+00
2.941225764881030269e+00
6.130929701113853270e+00
5.877080482688662677e+00
5.708607623580377322e+00
2.765817600638191376e+00
2.841454733054883608e+00
2.832391215916332250e+00
2.963484941753543378e+00
2.718439442032873465e+00
2.790121323526989272e+00
2.805612054436607661e+00
5.942178893301681697e+00
2.893077600065369737e+00
2.950486908969433664e+00
2.768707279580128855e+00
6.049871568884747752e+00
2.856909869071826868e+00
2.676799021219188113e+00
2.936284386771826238e+00
2.714336014571519407e+00
3.055203102904943790e+00
2.779652496266395101e+00
2.704115567056999847e+00
2.757817071525956010e+00
2.889319816150507148e+00
2.819574967969463053e+00
2.852362354260061572e+00
2.862329820268796343e+00
2.560697170693949865e+00
2.792483840597829392e+00
2.678526833914494087e+00
2.785361915442946312e+00
2.793189932675542053e+00
2.723548787886862499e+00
2.882360490986511259e+00
2.941341700652951641e+00
2.740032299079702138e+00
2.772461361317773765e+00
2.785733296638427170e+00
2.866698972686180014e+00
2.889836846605704057e+00
2.773378445145919802e+00
2.892106671615001012e+00
3.139121055327430021e+00
2.850402076900730552e+00
3.115924421419749901e+00
2.829637079202914407e+00
2.791632318196649809e+00
2.807172777012487241e+00
2.842651403179785596e+00
3.035517254110080554e+00
2.991617121223904441e+00
4.893733339690670370e+00
2.771845233774786532e+00
2.750545764025750461e+00
2.852078715603761250e+00
5.378517732609980229e+00
5.084260516535319852e+00
5.870268648026255143e+00
5.530551238348669685e+00
2.593893212913746638e+00
6.415154635704426234e+00
4.863697770215579474e+00
3.298109458462529453e+00
3.102271587079377557e+00
2.757612191734000628e+00
2.928115264124689254e+00
2.816953318747046797e+00
2.759597796781263046e+00
2.938350898037877190e+00
2.812592754026078001e+00
2.905377256054710422e+00
2.758586050860114103e+00
2.790879968755374474e+00
2.938221400779729819e+00
2.848535237626524275e+00
2.788605027607890197e+00
2.730470655399907187e+00
2.909785730943088122e+00
2.789976702411688603e+00
2.741632725220502387e+00
2.931490576481528443e+00
2.719130375689992718e+00
5.406053181388433160e+00
6.220551261745216109e+00
2.748714244878866619e+00
2.930662211855880273e+00
3.324893983272248832e+00
2.899634977027280680e+00
2.603040721925033107e+00
2.850208588858015535e+00
2.934731674276202185e+00
2.806372213374412894e+00
2.733735356613729905e+00
2.713185212992285766e+00
3.083463312575650317e+00
5.710496563347184029e+00
5.469627135372209459e+00
5.838990066783810384e+00
2.844450737840260146e+00
5.994715756397462236e+00
5.764599899385906667e+00
6.063947229321838606e+00
2.710922167824078244e+00
2.853469642382760796e+00
2.913202018398312276e+00
2.887657874471974750e+00
5.726280904740877808e+00
5.751541445560485855e+00
2.982402554988175858e+00
2.771368073713774915e+00
2.779864385181406661e+00
2.799964821207580279e+00
2.811239228525384437e+00
3.046679175758419511e+00
2.907013587859540671e+00
2.765071789303128025e+00
3.055485231513973776e+00
2.790179384914166949e+00
2.741681965509493946e+00
2.706629269035565333e+00
2.956132608662879857e+00
5.850503995383645517e+00
2.954613003423629536e+00
2.895207937264610010e+00
5.783279346529959675e+00
2.727771801305967081e+00
5.892565570275820619e+00
3.183264990540373152e+00
2.863340880859280180e+00
3.025458312388389359e+00
2.944257121923966825e+00
2.758609976056781932e+00
2.846482214945317502e+00
2.791694109317853112e+00
2.862195311295160582e+00
2.864186446445133427e+00
2.924177320204778052e+00
2.809542489445568503e+00
2.892036825491681284e+00
2.753128583993126988e+00
2.837326029909146285e+00
2.793892982918279255e+00
2.823403088473199762e+00
2.814678311992330872e+00
2.774327486076580751e+00
2.809990035569521982e+00
2.871266271177231655e+00
2.724864950781964890e+00
2.799732308632380651e+00
2.895747399204565031e+00
2.771513846258033986e+00
2.869788493948639108e+00
2.732051610054246016e+00
2.833265430558880471e+00
2.792904223205658010e+00
3.245679435803850321e+00
2.838255273931504341e+00
2.799958035399816580e+00
2.833942483537730261e+00
2.773085645990761350e+00
2.762932862014566116e+00
2.792990870017300509e+00
2.908698334306945465e+00
2.809010501938360438e+00
2.794066033579020392e+00
2.913878686561950815e+00
2.732681101043441974e+00
2.888293786996052770e+00
2.776276283081350105e+00
2.965010792560458519e+00
2.867881622382626006e+00
2.844756228572142831e+00
2.800005178566639774e+00
2.761243198271387644e+00
2.759928078773068449e+00
2.740475323734917534e+00
2.726667013039912657e+00
2.727231746661805012e+00
2.897330668046020907e+00
2.958054090107210765e+00
2.710789921775570210e+00
2.875075303361635637e+00
2.774840716149307607e+00
3.025769654154129462e+00
3.437923210311713440e+00
2.763788161201940152e+00
2.647823256941444825e+00
2.874788513960635949e+00
2.870314616901778138e+00
3.036315695048853236e+00
2.699014079251903286e+00
2.786087579384395330e+00
2.759239025528596567e+00
2.735599020324433361e+00
3.052983131299614961e+00
2.841170357440749861e+00
2.890064532151488397e+00
2.703248786183025665e+00
2.952802567053882665e+00
2.758516086594385186e+00
2.736562990321984135e+00
2.719365367139913836e+00
2.844713342324671324e+00
2.889912455421443926e+00
2.927323179971763611e+00
3.030235799405716524e+00
2.777612103948281952e+00
2.990121235000346545e+00
2.824203604558283232e+00
2.838800803156150021e+00
2.872206991148095412e+00
2.749704347743589405e+00
2.984804516212074876e+00
2.955920499607525009e+00
2.969124281669596410e+00
2.596275794286885930e+00
2.740151273196426818e+00
3.003595512048851113e+00
2.682309825504876066e+00
2.874557357229109211e+00
2.986845325757596203e+00
3.140072610625429306e+00
2.659378122794876287e+00
2.852043828555234750e+00
2.929067086974963541e+00
3.004838265198311209e+00
2.720827998973841311e+00
2.806016571583282992e+00
2.851370547648972131e+00
3.452708067589844720e+00
3.015464640814081942e+00
2.915601653175550201e+00
3.002242495202544603e+00
2.729696320105956531e+00
2.780061330258740693e+00
2.744237781242726548e+00
2.733675364779073469e+00
2.802247133997998851e+00
3.160591083958821823e+00
2.563213998089117762e+00
2.890756475388406077e+00
2.783704366487217197e+00
2.773797757587961321e+00
2.699291944195736370e+00
2.926195823932499884e+00
2.811007826385405028e+00
2.840398915645476752e+00
2.780023561051237380e+00
2.907545184515624825e+00
2.908690770776432899e+00
2.887000692760568921e+00
2.763247907807042658e+00
2.675359041325107157e+00
3.065295744296135272e+00
2.745345333468997229e+00
2.847383535809673294e+00
2.858498207101064281e+00
2.785774937068678181e+00
2.859247103697055703e+00
3.070477812979602650e+00
2.777939344190221149e+00
2.901672965721671549e+00
2.835335077199871101e+00
2.733768278402541885e+00
2.773883018441837489e+00
2.717784759689405139e+00
2.968176713068142014e+00
2.749054382874227098e+00
2.876909626665391073e+00
2.843305998305493354e+00
2.765901118984552820e+00
2.923444714715843773e+00
2.980264921110201914e+00
2.962866348656314486e+00
2.786808568954817655e+00
2.686503489668308653e+00
2.767315305490142485e+00
2.881951248720213687e+00
2.738178226485631583e+00
2.761537615170215343e+00
2.677442996592084068e+00
3.419215407078062263e+00
2.791602049003403696e+00
2.796213153534615525e+00
2.915645040124054344e+00
2.871438141419730972e+00
2.848385683154583070e+00
2.930402190826372877e+00
3.076584307312250743e+00
2.841833563036371579e+00
2.834933156178466529e+00
2.692292703254978825e+00
3.236626175510542325e+00
3.096785914460346234e+00
2.720802455159138766e+00
2.962913093561807099e+00
2.809305074213193976e+00
2.813274426713469722e+00
2.831493245621469423e+00
2.757256063553039205e+00
2.824688655409654192e+00
2.875365368088027562e+00
2.710284486912767132e+00
2.853095511895807679e+00
2.840221118152598923e+00
2.848159756755227701e+00
2.778428872582488829e+00
2.949172595830904964e+00
3.020115395146351300e+00
2.835533106842520912e+00
2.985145055102013334e+00
2.794766000938182504e+00
2.888742633049888209e+00
2.844622997868083480e+00
2.730178565588705641e+00
2.915174265802989773e+00
2.769561156573365768e+00
2.986141825165040231e+00
