4.839414634023415651e+00
3.964017785025693019e+00
3.767030129956488338e+00
4.581494188580839122e+00
2.672918442451995169e+00
2.812842334721233684e+00
2.861880500649878645e+00
2.860981300183557785e+00
2.747210403300046178e+00
2.889268765622194479e+00
2.637165903010274981e+00
2.700421078276496800e+00
3.178047828463253843e+00
2.779683615090033921e+00
2.735752364524245639e+00
2.917300978644473464e+00
2.910011168363447975e+00
3.178855454404934111e+00
2.715375112208256336e+00
2.707886999119424321e+00
2.807337884900924951e+00
3.020287569090069457e+00
2.727852452021553020e+00
2.769258745585179149e+00
2.905180545164104178e+00
2.794613747908644363e+00
3.052719115804793049e+00
3.076370263801157190e+00
2.783555999077439225e+00
2.927566224699281072e+00
5.500040908938768958e+00
2.760426416334983202e+00
3.069978827288553092e+00
2.865372052631211197e+00
2.928870601443497979e+00
5.973546182963684892e+00
2.868776917085049227e+00
2.821390437355312031e+00
2.859649803734716222e+00
2.919118017484047645e+00
2.791111069090586927e+00
2.988194270792981388e+00
2.766576765607634769e+00
2.799126292256210569e+00
2.931205042299156904e+00
2.797016624905901416e+00
2.749901452779716760e+00
2.750385245742858142e+00
2.811403919752549552e+00
2.781765446618388093e+00
2.825782192597298792e+00
2.866695833184957465e+00
2.889509300902144417e+00
2.774148698249609080e+00
2.853134066250655021e+00
2.757014871196744377e+00
2.854859891483293222e+00
2.984503476292162283e+00
2.942735292206895004e+00
2.850133681075328163e+00
2.753210852804412578e+00
2.876433381811579260e+00
2.788490272530998570e+00
2.935372208085373025e+00
2.751227180732263466e+00
2.813779842134064069e+00
3.029340852396771311e+00
2.688193631418688945e+00
2.772566139878361646e+00
2.760024094097730529e+00
2.773144604956618853e+00
2.852168823895247840e+00
2.909811505922677455e+00
2.733997256765265949e+00
2.794973702917435077e+00
2.833493073928362804e+00
2.756012336692272413e+00
2.912697890272865298e+00
2.903345828522671646e+00
3.018062126597131467e+00
2.722548438503895607e+00
2.880005729160968198e+00
2.809496930057052033e+00
2.982919710619111431e+00
2.743224926979193068e+00
2.840240482776062336e+00
2.923568196570758726e+00
2.749589242050528792e+00
2.901668830173422364e+00
2.949448423010648135e+00
3.083594979889544341e+00
2.698008524819742071e+00
2.871121035414564648e+00
6.227934970758766120e+00
2.939313185082528701e+00
2.857485782991754153e+00
5.592571233341601555e+00
2.731410441511857190e+00
5.918384492410069697e+00
8.181698417810327584e+00
2.911527949376409463e+00
5.817141738001575746e+00
7.777643216296310058e+00
2.957336132400237627e+00
3.272147001587795145e+00
2.648427646736833285e+00
2.573681215690863056e+00
2.775900574588362257e+00
2.887065811511749569e+00
2.746751171839196815e+00
2.902004479665735825e+00
2.810406020488854129e+00
2.844517709559917673e+00
2.729188340880856600e+00
2.907974724786994702e+00
2.774469498841174886e+00
3.011191292495380534e+00
2.870525387450875598e+00
2.827644426019650936e+00
3.150859882635215214e+00
2.744839157400666529e+00
2.807980413037099776e+00
2.804104669943688233e+00
2.937659272277845179e+00
2.980861284930917510e+00
2.847628838173963839e+00
3.168381447995174849e+00
2.894020041395705789e+00
2.784036817285288290e+00
2.767645931111854196e+00
2.765394366089582334e+00
3.106697925450751185e+00
3.016872884295923374e+00
2.682340395997495630e+00
2.722045186987167131e+00
2.875139127068462308e+00
2.958754805657271891e+00
6.035107372698517381e+00
2.764678100611353440e+00
2.943038226051438944e+00
2.990098660579613821e+00
2.672639519276776898e+00
2.762529637850062780e+00
2.867704482682969847e+00
2.720132533535820407e+00
2.599649399438316077e+00
2.676451008331742099e+00
2.851355817852272434e+00
2.951714417080351538e+00
2.964101381532014745e+00
2.716518359960042872e+00
2.714055452639094312e+00
2.733374105386966679e+00
2.927201564634728470e+00
6.002592523235272814e+00
6.178179909973486872e+00
6.083686793384419644e+00
5.971877845368238624e+00
5.464332804652366704e+00
5.139841729080770527e+00
4.736490367350070230e+00
5.411112270134487368e+00
2.785436770059590117e+00
2.808259781430485713e+00
2.709654406008264349e+00
5.906430648031008701e+00
3.054267342588071532e+00
5.715648869551033684e+00
2.908037998376225008e+00
2.888954828307289002e+00
2.704090420085837998e+00
2.867208398425199700e+00
2.933859062736313028e+00
2.735862752405536558e+00
2.916656647601839403e+00
2.892221464549351584e+00
2.895214154427958597e+00
2.737893533357350861e+00
2.855273892291245286e+00
2.785196761451514291e+00
2.859345554493195163e+00
2.805708110263788413e+00
2.816626350796285205e+00
2.719852385700370689e+00
2.948234217290071957e+00
2.800443714842345333e+00
2.738117236350554151e+00
2.829978268467798319e+00
2.658416257849775199e+00
2.789668439080171591e+00
2.977096236267817275e+00
2.902124222013937604e+00
2.949533691958781123e+00
2.977956514121722797e+00
2.789396708967729399e+00
2.940843586456104219e+00
2.728026026268811410e+00
2.925333827104181772e+00
2.828923116664714410e+00
2.932298756948207519e+00
2.754537710760192049e+00
2.961710485513396662e+00
3.033377160855537102e+00
2.660718136142947721e+00
2.796765631939866381e+00
2.762838576536819968e+00
2.774690433183492733e+00
2.960542855626312697e+00
2.878788286762331339e+00
2.807370477867144665e+00
2.785042369516125937e+00
2.848465025237276738e+00
2.926715736111042521e+00
2.839741361462342795e+00
2.978048186312638901e+00
2.892061548446021479e+00
3.167352995799489257e+00
2.940473601309830265e+00
2.853741754258784180e+00
2.783090727949773413e+00
2.728590112127506462e+00
2.697061549167909522e+00
2.900243782856882557e+00
2.659761267482478431e+00
2.844161387825943965e+00
2.901732758198107831e+00
2.606871880242679129e+00
2.801542610777141284e+00
3.114630475674442511e+00
2.775852661796010423e+00
2.774857654006778862e+00
2.813084605908609426e+00
2.904292340657187221e+00
2.955984776686105153e+00
3.087167471971678179e+00
3.010539154370857950e+00
2.749974727156596632e+00
2.859729707507336904e+00
3.023441085915185678e+00
3.020493502724347579e+00
2.682375998997903466e+00
2.945750328863598888e+00
2.898008109029372559e+00
2.813846833073897269e+00
2.744014030576374275e+00
3.264392439643247990e+00
2.863193496779426361e+00
2.835479148221689893e+00
2.696611577517236569e+00
2.854246310324321190e+00
2.807686236031369464e+00
2.855449876989613500e+00
3.001475970251968661e+00
2.769863895573210666e+00
2.758054567988095673e+00
2.814674403905361277e+00
2.748356963714866819e+00
2.737333373924337732e+00
2.986577640042193948e+00
2.770091875732644482e+00
2.936817495180794602e+00
2.843909632882170246e+00
2.720177200110315940e+00
3.317968806363314371e+00
2.930424030750498954e+00
2.792373542347083681e+00
2.911226030386510732e+00
2.756901702999220216e+00
2.871708376559152232e+00
3.025261972127372356e+00
2.927878412776049544e+00
2.666336062839791410e+00
2.934644952971313003e+00
3.005758639678175914e+00
2.734022128659532314e+00
2.873535279059577174e+00
2.918016449576664506e+00
2.778658129385477071e+00
2.771488047962682000e+00
2.731177584852365392e+00
2.851622695939980190e+00
2.716731492069100362e+00
2.871188952333162181e+00
2.689753892087527021e+00
2.793485278285890772e+00
2.802153457610771614e+00
2.900176029140300038e+00
2.781295022107507453e+00
2.922123371796611746e+00
2.941329121332735053e+00
2.744365318247554253e+00
3.063829303339205445e+00
2.772972051788477721e+00
2.880186452297837096e+00
2.704681866689684799e+00
2.828623340071986458e+00
2.906492731798929086e+00
2.560093357672723613e+00
2.940026020293017961e+00
2.883408746605309325e+00
2.822574888289060002e+00
2.790593306091018633e+00
2.630799498251434887e+00
2.987030967365420508e+00
2.818482570462339520e+00
2.769247912340099482e+00
2.690664787742984565e+00
2.908571126859372136e+00
2.910477108654180523e+00
2.847028450858895443e+00
3.023440755166205918e+00
2.901758604708530864e+00
2.827444782838384629e+00
2.719256699909002872e+00
2.893983413912387892e+00
2.942440483680170971e+00
2.796329916157962892e+00
2.721198816698258138e+00
2.922382760693746473e+00
2.748664039128827064e+00
3.013563173387941774e+00
2.978139352011587526e+00
2.818289729605528038e+00
2.956552214996379657e+00
2.949184463542421586e+00
3.011700682338800839e+00
2.880777152089346149e+00
2.820698672315070432e+00
2.860666181154313481e+00
2.853476826609951722e+00
2.770430652443767183e+00
2.764294846791854443e+00
2.855213126896134490e+00
2.685974497272824113e+00
2.969206291250238827e+00
2.739176153517695500e+00
2.771877522546766670e+00
2.786045405229426120e+00
2.900465824656446312e+00
2.849810695467332344e+00
2.954831298060855538e+00
2.904131711889114786e+00
2.823484549275947497e+00
2.830062366803954621e+00
3.292047083502907867e+00
2.752105557568604421e+00
2.878820070792893482e+00
3.011560890966675785e+00
3.056744182950218658e+00
2.774980360290861814e+00
2.784637498849715787e+00
5.583436038856359751e+00
2.963188991610221645e+00
2.719249896570743896e+00
2.929766884924464687e+00
2.833185133379038767e+00
2.729657487671301563e+00
2.720070035863047853e+00
2.753947711921923780e+00
2.904637843174257217e+00
2.893881130938172674e+00
3.020632053064391531e+00
2.837703825278459213e+00
2.704017936331044147e+00
2.768497426402994233e+00
2.731318729112367727e+00
2.897176901744179300e+00
2.731840954374906705e+00
2.794092876051188057e+00
2.711250265099110823e+00
2.740370960289865376e+00
2.682602281367850949e+00
2.747545995975317901e+00
2.948089211675928745e+00
2.863343849418019005e+00
2.767509349577702782e+00
2.745373198674453175e+00
2.825577640058754447e+00
2.989056874667994190e+00
2.812783141303289547e+00
2.801962526516013074e+00
2.960238334999396592e+00
2.585908931111070785e+00
2.956751765028643675e+00
3.228473478286603360e+00
2.872989035830106008e+00
2.853049946986557561e+00
2.726679482447469383e+00
2.789963799048295723e+00
2.947436343672243275e+00
2.791189889634885013e+00
2.855740359346416568e+00
2.838435308404966939e+00
2.696936966263765001e+00
2.827399865600901840e+00
2.742924351855151155e+00
3.157200183707077557e+00
2.925015897392695852e+00
2.743802835482170632e+00
