-5.925891679759999988e+02
-5.931238985310000089e+02
-5.864583091660000491e+02
-5.977090615429999616e+02
-5.962459385199999815e+02
-5.909207864830000290e+02
-5.988586412490000157e+02
-5.970308486489999495e+02
-5.823912962980000430e+02
-5.964951662820000138e+02
-5.943674660499999618e+02
-5.931121824030000198e+02
-5.966515391100000443e+02
-5.992159838420000142e+02
-5.966407032490000120e+02
-5.967760966700000154e+02
-6.028927534590000050e+02
-5.877211741840000059e+02
-5.921385642589999634e+02
-5.957209191109999438e+02
-5.989913910540000188e+02
-5.880433268010000347e+02
-5.905269364649999488e+02
-5.899437729759999911e+02
-5.935486111650000112e+02
-5.825973060689999556e+02
-5.888113481770000135e+02
-6.024804180789999464e+02
-5.958793609460000198e+02
-5.928887323909999623e+02
-5.809468901989999949e+02
-5.951217154659999551e+02
-5.911970884820000265e+02
-5.890704200019999917e+02
-5.777596681750000016e+02
-5.992361114249999900e+02
-6.003835433640000474e+02
-5.894901645449999705e+02
-5.908330024389999835e+02
-5.997860835269999598e+02
-6.015410704209999722e+02
-6.007376625529999501e+02
-5.948557984970000234e+02
-6.001395458360000248e+02
-5.960785139370000252e+02
-5.999035052509999559e+02
-5.916333950340000456e+02
-6.009174913580000066e+02
-5.948327522030000409e+02
-6.016755632629999582e+02
-5.939559124190000148e+02
-5.919208802860000560e+02
-5.903739205159999983e+02
-5.953315752680000514e+02
-5.936088738009999588e+02
-5.995585419989999991e+02
-5.904486341860000493e+02
-5.854617366310000079e+02
-5.981100679380000429e+02
-5.886686959999999544e+02
-5.927596138720000454e+02
-6.017453640620000215e+02
-6.030692799270000251e+02
-5.994307667809999884e+02
-6.004825157169999557e+02
-6.018580954999999904e+02
-6.044641225230000146e+02
-5.973877651010000136e+02
-6.012965255220000245e+02
-5.930969200939999837e+02
-5.887168842989999575e+02
-5.964786753529999714e+02
-6.000508892279999600e+02
-5.967651818890000186e+02
-5.917686215520000133e+02
-5.994608478220000052e+02
-5.968948258369999849e+02
-5.975397489030000315e+02
-5.929934384749999481e+02
-5.829830037660000244e+02
-5.889352942199999461e+02
-5.868590329800000518e+02
-6.006593704220000518e+02
-5.992000990569999885e+02
-5.976816131379999888e+02
-5.930664363450000565e+02
-6.028842816100000164e+02
-5.987886572219999834e+02
-6.029364321780000182e+02
-5.982380883309999717e+02
-5.998521544919999542e+02
-5.986844896940000353e+02
-6.035771426100000099e+02
-6.003725702220000358e+02
-5.956628526980000515e+02
-5.897020860760000005e+02
-5.908516557630000534e+02
-5.939319304319999446e+02
-5.911121992880000562e+02
-6.046104236840000112e+02
-5.818330019070000390e+02
-5.926247919420000017e+02
-5.844197086069999614e+02
-5.865580857459999606e+02
-6.012014551360000496e+02
-5.975529098700000077e+02
-5.921057485369999540e+02
-5.962408064319999994e+02
-5.821384150119999958e+02
-6.012775261780000164e+02
-6.035906306340000356e+02
-5.933691267599999719e+02
-5.915159269539999514e+02
-5.889064091029999872e+02
-5.886689292209999849e+02
-5.927440484989999732e+02
-5.994852998979999938e+02
-5.962797958950000066e+02
-5.914567597359999809e+02
-6.004264192189999676e+02
-5.826903164190000552e+02
-6.009916501830000470e+02
-5.938421034440000312e+02
-5.980977961249999453e+02
-6.053148324019999791e+02
-6.020569576269999743e+02
-6.055677681710000115e+02
-5.939613653280000563e+02
-5.928458640090000245e+02
-5.968993757910000113e+02
-5.975612450419999959e+02
-5.976871294649999982e+02
-5.942569194500000549e+02
-5.966416823739999700e+02
-6.016507847039999888e+02
-5.917936090059999970e+02
-6.018719786430000340e+02
-5.946244223549999788e+02
-5.966722123089999741e+02
-6.002166069810000408e+02
-6.002118864530000337e+02
-5.995758984970000256e+02
-5.858009758109999439e+02
-5.982445575750000444e+02
-5.869915446620000239e+02
-5.924747136189999992e+02
-5.995740628639999841e+02
-5.909775793960000101e+02
-5.976442025469999635e+02
-6.038233229799999435e+02
-5.969628998319999482e+02
-5.965569108749999714e+02
-5.967465337039999440e+02
-5.888942420749999656e+02
-5.835796832610000138e+02
-5.807289200230000006e+02
-5.955675530549999621e+02
-5.972780393919999824e+02
-5.983978134620000446e+02
-5.984117641689999800e+02
-5.976375962419999723e+02
-6.012152472989999978e+02
-5.916460801509999783e+02
-5.952102525259999766e+02
-5.956346244689999594e+02
-5.976522310110000262e+02
-5.962501613519999637e+02
-5.992664097340000353e+02
-6.007314892489999920e+02
-6.010420640160000403e+02
-5.950401797109999507e+02
-5.918389866869999878e+02
-6.011037333409999519e+02
-5.880410361489999786e+02
-6.055864934930000345e+02
-6.042910800339999469e+02
-6.014208749240000316e+02
-5.936251094670000157e+02
-5.954638238000000001e+02
-6.028370483659999763e+02
-6.001222848600000361e+02
-5.881490471590000197e+02
-5.950752471270000115e+02
-5.935743733909999946e+02
-5.971860110809999469e+02
-5.932060637920000090e+02
-6.011648177040000292e+02
-5.952113871789999848e+02
-5.865915570549999529e+02
-5.867345877689999725e+02
-5.905669153740000183e+02
-5.893289321680000512e+02
-5.919968425969999544e+02
-6.013565506639999967e+02
-5.945886733170000298e+02
-5.957337833029999956e+02
-6.008910830559999567e+02
-5.997322353409999778e+02
-5.913678763200000503e+02
-5.788084258510000382e+02
-5.839960324019999689e+02
-5.851481319810000059e+02
-5.939917473719999634e+02
-5.949919034250000323e+02
-5.931834079779999911e+02
-5.930060739419999436e+02
-5.991695320799999536e+02
-5.967058257009999807e+02
-6.001833884119999993e+02
-5.908008822960000543e+02
-6.033144611860000168e+02
-5.947941822660000071e+02
-5.930993170440000313e+02
-5.940843458150000060e+02
-5.885301381680000077e+02
-6.011700494579999940e+02
-6.037711349400000245e+02
-5.976214628469999752e+02
-6.039899179220000178e+02
-5.872594335170000477e+02
-5.966783161219999556e+02
-6.014057110229999807e+02
-5.874493323279999686e+02
-6.000161605980000559e+02
-6.003141934069999479e+02
-6.042733391670000174e+02
-6.007841562309999972e+02
-6.049986181110000416e+02
-5.970259913630000028e+02
-5.950381215840000095e+02
-5.974746612420000247e+02
-5.920066336039999442e+02
-5.824090799919999881e+02
-5.875659425349999765e+02
-5.758290681910000330e+02
-5.922503400819999797e+02
-5.966137973080000165e+02
-5.898069073430000344e+02
-6.048101449719999891e+02
-6.014959140700000262e+02
-6.010105555940000386e+02
-5.987760493929999939e+02
-6.003288923220000015e+02
-5.925459779540000227e+02
-5.821349918829999979e+02
-5.831439733869999600e+02
-6.011806327309999460e+02
-5.962475176420000480e+02
-6.022212267930000280e+02
-5.886713468310000508e+02
-5.942728985200000125e+02
-5.952184277459999748e+02
-5.990899245240000255e+02
-5.865767414289999806e+02
-6.047082494879999786e+02
-5.996026734580000266e+02
-5.995319974310000362e+02
-5.982842975810000326e+02
-5.922141683209999883e+02
-5.963776078910000251e+02
-5.923191439839999930e+02
-6.034407237159999795e+02
-5.932063999340000464e+02
-6.008155213249999633e+02
-5.993096630080000295e+02
-6.040946220170000061e+02
-6.034519492590000027e+02
-6.014844790060000150e+02
-6.009092492510000056e+02
-6.023843224659999578e+02
-6.026916778639999848e+02
-5.956450788600000124e+02
-5.951544364610000457e+02
-5.946799602720000166e+02
-5.914650788210000201e+02
-5.989249688200000037e+02
-6.035279973299999483e+02
-6.004141230010000072e+02
-6.001015407090000053e+02
-5.936701231350000398e+02
-5.978352971049999951e+02
-5.947842092619999903e+02
-6.007728268060000119e+02
-5.986837441080000417e+02
-6.014993862479999507e+02
-6.042423811109999860e+02
-5.962093142180000314e+02
-6.046413563520000025e+02
-5.981031047940000462e+02
-5.957825464879999799e+02
-5.922611598390000154e+02
-5.921859943890000295e+02
-5.977084284019999814e+02
-5.977698792359999516e+02
-5.938461950429999661e+02
-5.964048741609999524e+02
-6.014778339509999796e+02
-5.980880608689999463e+02
-6.003093807919999563e+02
-5.958359461329999931e+02
-6.043216588059999594e+02
-5.995905166190000273e+02
-6.019177359760000172e+02
-5.809328235350000114e+02
-5.932788885840000148e+02
-5.993245147889999771e+02
-5.977126133450000225e+02
-5.927382994289999942e+02
-5.984275609100000111e+02
-5.990517311840000048e+02
-5.755768744270000070e+02
-5.867850843710000390e+02
-5.908061895429999595e+02
-5.961455693489999703e+02
-5.835485225160000482e+02
-5.953224195090000421e+02
-6.018931595100000322e+02
-5.973501598330000206e+02
-6.011401116880000473e+02
-5.938884003540000549e+02
-6.015241495740000346e+02
-5.975949887960000524e+02
-6.030833392969999522e+02
-6.004435252890000356e+02
-5.990679318889999649e+02
-5.938511116539999648e+02
-5.892825813010000502e+02
-6.002989336970000522e+02
-5.938289715109999634e+02
-5.952737063429999580e+02
-5.896048169099999541e+02
-5.916619075830000156e+02
-5.958116836970000350e+02
-5.874337542060000033e+02
-5.913951552800000400e+02
-5.976930119830000194e+02
-5.998772645300000477e+02
-5.987995191229999818e+02
-5.987384116550000499e+02
-5.950529096100000288e+02
-5.956247527470000023e+02
-5.867712501370000382e+02
-5.977791636880000397e+02
-5.938315848449999521e+02
-5.970976442820000329e+02
-6.026940404529999569e+02
-5.909955641289999448e+02
-6.003517169179999655e+02
-5.983232966849999457e+02
-5.927520865430000185e+02
-6.024305023120000442e+02
-5.984704536330000337e+02
-5.945164208840000128e+02
-6.032563348959999985e+02
-5.891436783840000544e+02
-5.990565429140000333e+02
-5.898674309990000211e+02
-5.977663156999999501e+02
-5.943455846350000229e+02
-5.930711117119999471e+02
-5.912917803929999536e+02
-6.027331518700000288e+02
-6.051115078420000373e+02
-6.022475637119999874e+02
-5.908090562319999890e+02
-5.941521799629999805e+02
-5.999243003020000060e+02
-5.925469578219999676e+02
-6.039070936289999736e+02
-6.029103216910000356e+02
-5.960461770199999592e+02
-5.947752382310000030e+02
-5.945686118180000221e+02
-5.975891260969999621e+02
-5.985641949710000063e+02
-5.922075714679999692e+02
-5.908046125209999673e+02
-5.990145154760000423e+02
-5.963741310279999652e+02
-6.007932290590000548e+02
-5.992511011330000201e+02
-5.956533786310000096e+02
-5.876677884179999865e+02
-5.991813873520000016e+02
-5.946155426080000552e+02
-5.950951612579999619e+02
-5.883856147190000456e+02
-5.769742439829999512e+02
-5.959261305769999808e+02
-5.957970615140000064e+02
-5.922972412640000357e+02
-6.003067900830000099e+02
-5.974228994170000533e+02
-5.881430601480000178e+02
-5.950194306280000092e+02
-6.017865866710000091e+02
-5.986281735400000343e+02
-6.046827820859999747e+02
-6.033664510290000180e+02
-5.921636876229999871e+02
-5.990749021719999519e+02
-5.893699452659999451e+02
-5.993949153600000272e+02
-5.907867650150000145e+02
-5.990754249789999903e+02
-6.002851402579999558e+02
-5.876914235890000100e+02
-5.991723842919999470e+02
-6.012094221969999808e+02
-5.936074717269999610e+02
-6.013020393609999701e+02
-5.926547946839999668e+02
-5.942547543330000508e+02
-5.891654702060000091e+02
-5.985605781140000090e+02
-6.002722705959999985e+02
-5.921906573100000060e+02
-5.916101873950000254e+02
-6.046802558870000439e+02
-5.879872046210000462e+02
-5.839692381410000053e+02
-5.814424381349999749e+02
-5.879634258090000003e+02
-6.008418878979999818e+02
-5.998941980749999630e+02
-5.954765066759999854e+02
-6.018230821820000074e+02
-6.016013793099999702e+02
-6.003835216590000528e+02
-5.961055073109999967e+02
-5.920263443779999761e+02
-5.917254216259999566e+02
-6.002468243590000156e+02
-5.963882983510000031e+02
-5.911792517369999587e+02
-5.826514905400000544e+02
-6.005126932450000368e+02
-5.991053796679999550e+02
-5.960351395870000033e+02
-6.016882452150000518e+02
-5.919924550030000319e+02
-5.989775429510000322e+02
-5.994984263540000029e+02
-5.878903338879999865e+02
-5.973063081400000556e+02
-5.848490989350000291e+02
-5.978222233210000240e+02
-6.004620498440000347e+02
-5.978390067029999955e+02
-6.022094083739999633e+02
-5.823395773600000211e+02
-5.993781005450000521e+02
-6.011548386279999932e+02
-5.965373403639999879e+02
-6.065232736369999884e+02
-5.984375338820000252e+02
-6.000408260509999536e+02
-5.940461886059999870e+02
-5.942563488299999790e+02
-5.987154454139999871e+02
-5.992347382230000221e+02
-6.052738474750000250e+02
-5.882997025460000486e+02
-5.990714660889999550e+02
-5.998235083380000106e+02
-5.777887986060000003e+02
-5.986176904169999489e+02
-5.853831585709999672e+02
-5.956355980499999987e+02
-5.955461351010000044e+02
-6.028672261709999702e+02
-5.954207915370000137e+02
-5.960584005350000325e+02
-5.912964012510000202e+02
-5.981673012160000553e+02
-5.984196172609999849e+02
-5.926715018170000349e+02
-5.993086070959999461e+02
-5.856734654120000414e+02
-5.822678077570000141e+02
-5.912923629379999966e+02
-5.907220786289999523e+02
-5.912716369790000499e+02
-6.017797510499999589e+02
-5.971833795769999824e+02
-5.910265464970000266e+02
-5.995999301900000091e+02
-5.977744408150000481e+02
-5.974123181649999879e+02
-5.991196098520000533e+02
-5.995985745479999878e+02
-6.000100264369999650e+02
-5.882260657959999435e+02
-6.043671303160000434e+02
-5.959848048390000486e+02
-5.918611010319999650e+02
-5.970173884230000567e+02
-6.035828435949999857e+02
-5.996992496269999720e+02
-5.954671707769999784e+02
-5.976080801949999568e+02
-5.930336695270000291e+02
-6.024276214879999998e+02
-6.000809292339999956e+02
-5.968934841410000445e+02
-5.997794262959999969e+02
-6.020708814299999858e+02
-5.998062688090000165e+02
-5.878999238159999550e+02
-5.913193486540000094e+02
-6.030833234310000535e+02
-5.966148128390000238e+02
-6.017897722659999999e+02
-5.979433813800000053e+02
-5.980272912140000017e+02
-5.978226064760000327e+02
-5.981538429339999539e+02
-6.004891147900000306e+02
-5.840544445230000292e+02
-5.968433775959999821e+02
-5.907889577099999769e+02
-6.043115760800000089e+02
-5.927817698950000249e+02
-5.952659853330000033e+02
-5.986911429030000136e+02
-6.006195000449999952e+02
-6.021001976830000331e+02
-5.961556140540000115e+02
-5.947677899909999724e+02
-5.994473211260000198e+02
-5.958104555759999812e+02
-5.958384264119999898e+02
-6.012541259969999601e+02
-5.945402248000000327e+02
-5.935273768109999537e+02
-5.886593116840000448e+02
-5.909232716809999602e+02
-5.931245909159999883e+02
-5.899741837870000154e+02
-5.963091389639999989e+02
-5.981803337410000267e+02
-6.043167791360000365e+02
-5.974151502219999657e+02
-5.923570479579999528e+02
-5.977454457259999572e+02
-5.972775655850000476e+02
-5.934742137169999978e+02
-5.964912550459999920e+02
-5.961805735839999443e+02
-5.929001432610000393e+02
-6.050618825020000031e+02
-5.910185000499999433e+02
-5.836821841170000198e+02
-5.957181385999999748e+02
-6.054514150630000131e+02
-6.010804468689999567e+02
-6.005341577599999709e+02
-5.974702895450000142e+02
-6.003259400340000411e+02
-5.996571256339999536e+02
-6.009836124099999779e+02
-5.960809719019999875e+02
-5.932416842300000326e+02
-5.983925892989999511e+02
-5.968252867009999818e+02
-5.971305104550000351e+02
-5.892975470989999849e+02
-5.959463658670000541e+02
-5.989641998260000264e+02
-5.998393589129999555e+02
-5.967470134999999800e+02
-5.891555060270000013e+02
-5.951897582909999755e+02
-5.996736509060000344e+02
-5.932209876450000365e+02
-5.951432467680000400e+02
-5.956707893999999897e+02
-5.941999187139999776e+02
-5.906733655850000559e+02
-5.998439118109999981e+02
-5.845597137439999642e+02
-5.990323277429999962e+02
-5.901895965979999801e+02
-6.022440698689999863e+02
-5.930455437299999630e+02
-6.020070102849999785e+02
-5.943240998459999673e+02
-6.043990036200000304e+02
-5.898984728130000121e+02
-5.964863470110000208e+02
-6.029271693700000014e+02
-5.950561885439999514e+02
-5.960371404659999826e+02
-5.977503113919999578e+02
-6.004060126499999797e+02
-5.983985313880000376e+02
-6.010823764309999433e+02
-5.902660996340000565e+02
-5.987044450319999669e+02
-5.874492124930000045e+02
-5.929474077580000539e+02
-5.933058251859999928e+02
-5.934990266319999819e+02
-5.864189349360000278e+02
-5.904434103910000431e+02
-5.848224159070000496e+02
-5.913631461070000341e+02
-5.926365504709999641e+02
-5.935456583850000243e+02
-6.019282028220000029e+02
-5.921916853730000412e+02
-6.000827467560000059e+02
-5.913995046559999764e+02
-5.957780713600000126e+02
-5.877168610190000209e+02
-5.934415025939999850e+02
-5.986702378559999715e+02
-6.027111873100000139e+02
-6.013773198330000014e+02
-5.992522766690000253e+02
-5.981527286269999877e+02
-6.012496362140000201e+02
-5.994677512179999894e+02
-6.022290183170000546e+02
-6.026444106740000279e+02
-6.009965718429999697e+02
-5.992253151239999625e+02
-5.937643395190000319e+02
-5.968832882409999456e+02
-6.041606259029999819e+02
-5.895112221099999488e+02
-6.028028549050000038e+02
-5.901260809269999754e+02
-5.942392723350000097e+02
-5.919247164460000477e+02
-5.871566065010000557e+02
-6.013539961330000096e+02
-5.934740637580000566e+02
-6.026807179050000514e+02
-5.890855874620000350e+02
-6.019449008990000038e+02
-6.029458143489999884e+02
-5.904059906009999850e+02
-6.002042663099999800e+02
-5.763826285989999860e+02
-5.952777690440000242e+02
-6.012206058919999805e+02
-5.927504612899999756e+02
-6.035064744239999754e+02
-5.841120235639999692e+02
-6.009791404860000057e+02
-5.977284840690000465e+02
-6.008323422040000423e+02
-5.979951290200000358e+02
-5.962958889799999724e+02
-5.935844564489999584e+02
-5.853201000289999456e+02
-5.928278070310000203e+02
-5.945353248549999989e+02
-5.943895848209999713e+02
-6.010620558629999550e+02
-6.069618727719999924e+02
-5.963706294239999579e+02
-5.971924769979999610e+02
-5.955383901809999543e+02
-5.757610486559999572e+02
-5.989542842910000218e+02
-6.008954928430000564e+02
-5.925698917739999843e+02
-5.923915901689999828e+02
-5.833299591439999858e+02
-5.757015518470000188e+02
-5.939088615829999753e+02
-6.008610351800000444e+02
-5.820041413510000439e+02
-6.003655989119999958e+02
-5.950631569559999434e+02
-5.982573924739999711e+02
-5.983655310999999983e+02
-5.990594314869999835e+02
-6.052945349440000200e+02
-5.985219342689999849e+02
-6.045901667690000068e+02
-6.038292889069999774e+02
-6.015202294880000409e+02
-5.932152993549999564e+02
-5.989617560179999600e+02
-5.987258589870000378e+02
-5.962708202730000266e+02
-6.001996103039999753e+02
-5.952947509959999479e+02
-5.986634347440000283e+02
-5.882688195990000395e+02
-6.043665614599999572e+02
-5.951621553620000213e+02
-6.012277401190000319e+02
-5.988058088080000516e+02
-6.003225870810000515e+02
-5.942464261879999867e+02
-5.993792968589999646e+02
-5.896710518309999998e+02
-6.000311898800000563e+02
-5.989289010640000015e+02
-5.807825145629999497e+02
-5.980314276509999445e+02
-5.937063776249999592e+02
-5.983599687339999491e+02
-5.897145755300000474e+02
-5.939419932800000197e+02
-6.040324283630000082e+02
-6.028811381330000359e+02
-5.988798605240000370e+02
-6.000878819079999857e+02
-5.986227858869999636e+02
-5.925912661229999685e+02
-5.900027748329999895e+02
-5.962933090540000194e+02
-5.995090272859999914e+02
-6.034145936769999707e+02
-5.871279319630000373e+02
-5.980192677889999686e+02
-5.908324462000000494e+02
-6.001165269729999636e+02
-5.876691653320000341e+02
-5.971949270999999726e+02
-6.006101141899999902e+02
-5.984401409600000079e+02
-5.965620164729999715e+02
-5.954871669410000550e+02
-5.858641132379999590e+02
-5.943699942299999748e+02
-5.960085274640000534e+02
-5.883191995829999996e+02
-5.972144094679999853e+02
-6.036806051569999454e+02
-6.009533466499999577e+02
-6.024473622069999692e+02
-5.921231537009999784e+02
-6.017217485410000108e+02
-6.003026817559999699e+02
-5.928535903360000248e+02
-6.025518494140000030e+02
-5.994620589649999829e+02
-5.911348095719999947e+02
-5.948575862760000064e+02
-5.995578682359999902e+02
-5.826638496760000407e+02
-5.931863325340000301e+02
-5.903780027999999902e+02
-5.974097952250000390e+02
-5.996341811600000256e+02
-6.000795296600000484e+02
-5.944260483640000530e+02
-6.034220015920000151e+02
-6.027495155259999819e+02
-6.016838826729999710e+02
-5.964139662899999621e+02
-6.009470296279999957e+02
-5.954464491259999477e+02
-5.825359216010000409e+02
-5.954786901759999864e+02
-6.025630561420000504e+02
-5.968489474980000296e+02
-5.981518288050000365e+02
-5.981950176899999860e+02
-5.984805969389999518e+02
-5.907182249720000300e+02
-5.881913374980000526e+02
-5.840942550050000364e+02
-6.011922035100000130e+02
-6.022805245120000563e+02
-5.954199419569999918e+02
-5.935931344230000377e+02
-5.886529638829999840e+02
-5.966685460060000423e+02
-5.919359579839999697e+02
-5.964333358669999825e+02
-5.877076059060000262e+02
-5.977847573440000133e+02
-6.016264531809999880e+02
-5.974559658910000053e+02
-5.951264489909999611e+02
-5.866674052140000413e+02
-5.876882244419999779e+02
-6.041405678590000434e+02
-5.910443388569999570e+02
-5.979409861359999923e+02
-5.929613221580000300e+02
-5.960672926839999946e+02
-5.884114691979999634e+02
-5.860341231830000197e+02
-6.001628717260000485e+02
-5.967141008679999459e+02
-5.994927122020000070e+02
-5.935313863149999634e+02
-5.983502085119999947e+02
-5.922414605830000482e+02
-5.983190796710000541e+02
-6.006969015989999434e+02
-5.989399911519999478e+02
-6.001434752180000487e+02
-5.966856424239999797e+02
-5.862560508249999884e+02
-5.950364998669999750e+02
-5.979649672100000544e+02
-5.984214908249999780e+02
-5.990269967809999798e+02
-6.038376940430000559e+02
-5.986625339949999898e+02
-5.978133665980000160e+02
-5.772086675540000442e+02
-5.965665237929999876e+02
-6.049567110259999936e+02
-5.953640595540000504e+02
-5.999472736760000089e+02
-6.015755032759999494e+02
-6.065234637949999978e+02
-5.970000376299999516e+02
-5.938318805549999979e+02
-5.955840586890000168e+02
-5.929829964609999706e+02
-5.997137035099999594e+02
-6.049365915700000187e+02
-5.904797413479999477e+02
-5.951036516760000268e+02
-6.033981352529999640e+02
-6.009457811600000241e+02
-6.067658457029999681e+02
-5.969826713400000244e+02
-5.867093191640000214e+02
-5.952122809100000040e+02
-5.983183457510000380e+02
-5.995575975000000426e+02
-5.909871568869999692e+02
-5.986326085509999757e+02
-6.031131069100000559e+02
-6.001468205669999634e+02
-6.018295911259999684e+02
-5.833402817329999834e+02
-6.022357970880000266e+02
-5.949762985309999976e+02
-6.009029915679999476e+02
-5.909876273889999538e+02
-5.988240749779999987e+02
-6.051180256500000496e+02
-6.000077442010000368e+02
-5.916425476709999884e+02
-5.900986370169999873e+02
-6.037240245970000387e+02
-5.971660554349999757e+02
-5.996619107379999605e+02
-5.995097293029999719e+02
-6.008419625359999827e+02
-5.999809300379999968e+02
-6.023807928700000502e+02
-6.031182473730000311e+02
-5.971342125940000187e+02
-5.874631633850000298e+02
-5.962772428179999906e+02
-6.022618213590000096e+02
-6.018847419209999998e+02
-5.971337143670000387e+02
-5.887936686460000146e+02
-5.897660762340000247e+02
-5.960393859250000332e+02
-5.896391216619999796e+02
-5.900226307159999806e+02
-5.870396264290000090e+02
-5.888638223200000539e+02
-5.990253330919999826e+02
-5.958990051519999724e+02
-6.008773259390000021e+02
-5.821924640940000018e+02
-5.908412875730000451e+02
-5.988701480900000433e+02
-5.914564059499999757e+02
-5.905723817440000403e+02
-6.043212021849999473e+02
-5.983573883730000489e+02
-6.046794557050000094e+02
-6.039757020140000350e+02
-5.937661629839999478e+02
-5.961788692659999924e+02
-5.891278635099999974e+02
-5.985726355179999700e+02
-6.055157822339999711e+02
-5.968434797810000418e+02
-5.994281865680000010e+02
-5.978873438499999793e+02
-6.024026379120000456e+02
-5.957418112760000213e+02
-5.916745965579999620e+02
-6.015237393039999461e+02
-5.950640388550000353e+02
-5.977298911750000343e+02
-6.042551428750000468e+02
-5.994579359959999465e+02
-5.962828307260000429e+02
-5.962448710060000394e+02
-6.015580754640000123e+02
-5.924290808969999489e+02
-5.972354703429999745e+02
-6.050472704500000418e+02
-6.025694260870000107e+02
-5.947681427080000276e+02
-5.930031955609999841e+02
-5.982714659519999714e+02
-5.977229296330000352e+02
-5.966584388689999514e+02
-5.853773196800000278e+02
-5.966087986000000001e+02
-6.010806015499999830e+02
-5.953246880240000110e+02
-6.014579811060000338e+02
-6.035509690290000435e+02
-5.911413219380000328e+02
-6.009942074680000133e+02
-6.047448837770000409e+02
-5.949252165679999962e+02
-5.941549128379999729e+02
-6.019303376840000510e+02
-6.004394560690000162e+02
-5.930810773890000291e+02
-5.853864293560000078e+02
-5.946712853929999483e+02
-5.930035681489999888e+02
-5.956849728810000215e+02
-5.923692251400000259e+02
-5.929528382239999473e+02
-6.009804013000000396e+02
-5.893855796389999568e+02
-5.989943149309999626e+02
-5.992773554809999723e+02
-6.029651074619999918e+02
-6.029086460199999919e+02
-6.009826486250000244e+02
-6.007802599730000566e+02
-5.984098971370000299e+02
-5.998592291080000223e+02
-5.985925015609999491e+02
-5.920897259150000309e+02
-5.995196030869999504e+02
-6.021296852650000346e+02
-5.919850117390000150e+02
-5.993949355700000297e+02
-6.043136841970000432e+02
-6.052253705900000114e+02
-6.001662570539999706e+02
-6.024190947240000469e+02
-5.906256148869999834e+02
-5.958509011310000005e+02
-5.963571110880000106e+02
-6.003469638020000048e+02
-5.925360531940000328e+02
-5.964708505900000546e+02
-5.999832612389999440e+02
-6.012086516629999551e+02
-5.924380044929999940e+02
-5.976719927750000352e+02
-5.878815750740000112e+02
-5.793334386830000540e+02
-5.942041065290000006e+02
-5.971431851119999692e+02
-5.989631340739999814e+02
-5.960331031279999934e+02
-5.944876886749999585e+02
-5.900779358270000330e+02
-5.910015988620000371e+02
-6.008411418489999960e+02
-6.042049417519999679e+02
-5.987481284719999621e+02
-5.983529034370000090e+02
-5.896734830719999536e+02
-5.970590076349999435e+02
-5.901609567440000319e+02
-6.012320004839999683e+02
-5.987155813589999980e+02
-6.021841816639999934e+02
-6.004183264460000373e+02
-5.921673323359999586e+02
-5.941621336059999976e+02
-5.944630336469999747e+02
-5.924537726710000243e+02
-5.941624805100000231e+02
-6.017606148119999716e+02
-5.954801739429999543e+02
-6.002159804460000032e+02
-5.950253572789999907e+02
-5.972335407540000460e+02
-5.977917449970000234e+02
-5.913269253749999734e+02
-5.998731801940000423e+02
-5.900810255080000388e+02
-5.992682785069999909e+02
-6.011515718220000508e+02
-6.037968962200000078e+02
-6.006616391530000101e+02
-5.883189380510000319e+02
-5.996762319990000378e+02
-5.915436436070000354e+02
-6.004952961709999499e+02
-5.976226047889999791e+02
-5.877374985940000442e+02
-5.959907687600000372e+02
-5.939002390829999740e+02
-5.961170639399999800e+02
-5.997171131149999610e+02
-5.979518876020000562e+02
-5.987628869059999488e+02
-6.025072357269999657e+02
-6.016684741740000391e+02
-5.985571254059999546e+02
-5.983068693660000008e+02
-5.970643438649999553e+02
-5.924420236890000524e+02
-5.883576859839999997e+02
-5.964408453400000099e+02
-6.017176549030000388e+02
-6.009680158840000104e+02
-5.845178633799999943e+02
-5.841004668110000466e+02
-5.908028979800000116e+02
-5.950679730079999672e+02
-6.039885507999999845e+02
-5.960094152289999556e+02
-5.978567002570000568e+02
-5.989813851070000510e+02
-5.973846622290000141e+02
-5.836393728849999434e+02
-5.864242730189999975e+02
-5.987227572220000411e+02
-5.957788615140000275e+02
-5.901956923830000505e+02
-6.003434928809999747e+02
-6.007571828799999594e+02
-5.976981339379999554e+02
-5.932447300400000358e+02
-6.029805242800000542e+02
-5.937395882040000288e+02
-6.049336531389999436e+02
-6.025534681259999843e+02
-6.020372421429999577e+02
-5.978620235480000247e+02
-6.019676654070000268e+02
-5.943140049820000286e+02
-6.007271763799999462e+02
-6.028113655460000473e+02
-6.033221040350000521e+02
-5.984459491229999912e+02
-5.968235677779999833e+02
-6.017281410130000268e+02
-5.848710430319999887e+02
-6.011792259210000111e+02
-6.016842437179999479e+02
-5.972477900159999535e+02
-5.993242328229999885e+02
-5.932294006700000182e+02
-6.024126864730000079e+02
-5.930905839079999851e+02
-5.909410952209999550e+02
-6.001772561190000488e+02
-6.040898891059999869e+02
-5.895423085630000060e+02
-5.916947333860000526e+02
-5.883951194940000278e+02
-5.980659783649999781e+02
-6.040827473240000245e+02
-5.968331686679999848e+02
-5.971653181809999751e+02
-6.043236566089999542e+02
-6.015094928570000548e+02
-6.012175136509999902e+02
-5.948386219569999867e+02
-5.929870348780000313e+02
-5.963717241509999667e+02
-6.004049811840000075e+02
-5.948852383610000061e+02
-6.005899802210000189e+02
-5.891457643300000200e+02
-5.943282722599999488e+02
-5.988515602500000341e+02
-5.983205194019999453e+02
-6.016383669159999954e+02
-5.943730164339999646e+02
-6.025263106419999986e+02
-5.936030885180000496e+02
-6.004839892520000149e+02
-5.806586335040000222e+02
-5.923522107300000243e+02
-5.910326759859999584e+02
-6.046941697250000516e+02
-6.027661205470000141e+02
-6.052221678199999815e+02
-5.996928805320000038e+02
-6.014848761409999724e+02
-5.945429653840000128e+02
-5.942743740859999662e+02
-5.985511134280000078e+02
-5.933526378200000408e+02
-5.960294243670000469e+02
-5.958021230959999457e+02
-5.987944340640000291e+02
-5.961456624480000528e+02
-5.942380511170000545e+02
-6.011197008909999795e+02
-5.983214970799999719e+02
-5.946351386960000127e+02
-6.063517056360000197e+02
-6.029429920369999536e+02
-6.005684839540000439e+02
-5.968627148189999616e+02
-6.017057798020000519e+02
-5.944401836299999786e+02
-5.975738790750000362e+02
-5.990091196329999548e+02
-5.973484908320000386e+02
-5.986504870310000115e+02
-6.056223572330000025e+02
-5.933994709789999433e+02
-5.966372229029999517e+02
-6.004698769760000232e+02
-5.986440195410000342e+02
-5.904209148300000152e+02
-6.052897804049999877e+02
-6.008411825030000273e+02
-6.038921514859999888e+02
-5.911910625670000172e+02
-6.018320814410000139e+02
-6.002379195580000442e+02
-5.983659661320000396e+02
-6.021898683790000177e+02
-5.897558616219999976e+02
-6.005241726680000056e+02
-5.976800525190000144e+02
-5.920888884060000237e+02
-5.991399719459999460e+02
-5.987489819380000426e+02
-5.915829411959999788e+02
-6.016774667890000501e+02
-5.953659941969999636e+02
-5.997133795260000397e+02
-5.888366024489999973e+02
-5.989660741459999826e+02
-5.993837994010000330e+02
-6.007717586149999534e+02
-6.002607900479999898e+02
-5.976297096429999556e+02
-5.959377044469999873e+02
-5.921690342570000212e+02
-5.945195553309999923e+02
-5.988449514249999766e+02
-6.000225830069999802e+02
-5.997667280760000494e+02
-6.025336207799999784e+02
-5.900169756100000313e+02
-5.881523773750000146e+02
-5.998318164600000273e+02
-5.911608909130000029e+02
-6.016743491140000515e+02
-5.996105091660000426e+02
-5.979947167779999972e+02
-6.024908142369999950e+02
-5.867748878529999956e+02
-6.027208370790000345e+02
-5.958103439740000340e+02
-5.850437162120000494e+02
-5.997116653110000470e+02
-5.915633011180000267e+02
-5.824652195639999945e+02
-5.915997295009999561e+02
-5.972949000710000291e+02
-5.711978417239999999e+02
-5.746076014989999976e+02
-5.889390055390000498e+02
-5.855034305140000015e+02
-5.877895969850000029e+02
-5.972439393910000263e+02
-6.043325389789999917e+02
-5.986618206890000238e+02
-5.832435128319999649e+02
-5.961458625779999920e+02
-6.036549875939999765e+02
-6.051083989649999921e+02
-6.042032276119999779e+02
-5.856756812669999590e+02
-6.001404071880000402e+02
-6.002066135759999952e+02
-5.892182527710000386e+02
-6.018143165630000340e+02
-5.907705499549999786e+02
-5.879608635959999674e+02
-5.906688062880000416e+02
-5.796474431210000375e+02
-5.937668097949999719e+02
-5.941238090210000564e+02
-5.973732925750000504e+02
-6.016653718830000344e+02
-6.014536747519999835e+02
-6.013365914629999907e+02
-6.011839942399999472e+02
-5.901826998550000098e+02
-6.000302059330000475e+02
-5.865048198599999978e+02
-5.878717485649999617e+02
-6.014040477859999783e+02
-5.995676597960000436e+02
-5.945509066969999594e+02
-5.987857924769999727e+02
-5.892596244789999673e+02
-6.015521018939999749e+02
-5.970777087689999689e+02
-6.015493184650000558e+02
-6.044463899800000490e+02
-6.029931778709999435e+02
-5.961970365710000124e+02
-5.915463738449999482e+02
-5.917714131819999466e+02
-5.960127137739999625e+02
-5.895735877839999830e+02
-5.816289428779999753e+02
-5.873852663440000015e+02
-5.829506300230000306e+02
-5.888158337009999741e+02
-5.975149907380000514e+02
-6.050039467249999916e+02
-5.989250062410000055e+02
-6.041775613419999900e+02
-5.987066693210000494e+02
-5.893878388800000039e+02
-6.001877546010000515e+02
-5.998926770589999933e+02
-6.034214807680000376e+02
-5.973362167100000306e+02
-5.966285899749999544e+02
-5.915884088899999824e+02
-5.939249559700000418e+02
-6.007726939599999696e+02
-5.931888712500000338e+02
-5.949192688609999777e+02
-5.984255326410000180e+02
-5.973778067910000118e+02
-5.969742219629999909e+02
-6.000434434779999719e+02
-5.988837991950000514e+02
-5.887867282649999652e+02
-5.824130988130000333e+02
-6.020158607179999990e+02
-5.961002475029999914e+02
-6.004566845240000248e+02
-6.021080786889999672e+02
-6.017636325810000244e+02
-5.983976791479999520e+02
-5.942258955930000184e+02
-5.910728523709999536e+02
-5.959890290790000336e+02
-6.019822669740000265e+02
-5.952073711949999506e+02
-5.923915661559999535e+02
-5.856720921889999545e+02
-5.866281998099999555e+02
-5.985270774430000529e+02
-5.678897940629999539e+02
-5.957604631579999932e+02
-5.935683027290000382e+02
-5.895856789599999956e+02
-6.046734450180000522e+02
-5.899991313739999441e+02
-6.040980507379999835e+02
-6.019752270569999837e+02
-5.921563080209999725e+02
-5.994492611990000341e+02
-6.026287434969999595e+02
-5.868371622969999635e+02
-6.005058524969999780e+02
-6.004208806369999820e+02
-5.883269241049999891e+02
-5.860313806609999574e+02
-6.028309383929999967e+02
-5.931727764749999778e+02
-5.997678967299999613e+02
-5.902024884400000246e+02
-5.974407178159999603e+02
-5.898734987300000512e+02
-5.905140958160000082e+02
-5.955148591800000304e+02
-5.962651629819999926e+02
-5.985174779420000277e+02
-6.007216465190000463e+02
-6.048597845220000409e+02
-6.023845708630000217e+02
-5.996829655899999807e+02
-6.017639998470000364e+02
-5.995687978250000469e+02
-5.998037518549999731e+02
-6.018514133999999558e+02
-5.969821522680000498e+02
-5.965847959819999460e+02
-5.914097886439999456e+02
-5.918469216659999574e+02
-5.927733733110000003e+02
-5.788001459609999984e+02
-5.954751535679999961e+02
-6.026670847730000560e+02
-5.858808113640000101e+02
-5.833146372569999585e+02
-5.982485453069999721e+02
-5.948371932940000306e+02
-5.941854207879999876e+02
-5.913823410080000258e+02
-5.920643306650000568e+02
-5.900161630620000324e+02
-5.947563234499999680e+02
-5.891551415889999816e+02
-5.957787397509999892e+02
-5.826276931319999903e+02
-6.005477830529999892e+02
-5.964738240729999461e+02
-5.992119655620000458e+02
-5.956918916529999706e+02
-5.944256380250000120e+02
-6.008598195030000397e+02
-5.978105922129999499e+02
-6.014094842810000046e+02
-5.906447162800000115e+02
-5.964802096070000061e+02
-6.011551647689999527e+02
-5.979765464060000113e+02
-6.018602017299999716e+02
-6.029839970010000343e+02
-5.983955729890000157e+02
-5.965301543320000519e+02
-5.998757630860000063e+02
-5.926787717949999887e+02
-6.016353125660000387e+02
-5.994586012800000390e+02
-5.880042472989999851e+02
-5.924308831600000076e+02
-5.968244939500000328e+02
-6.026748322729999927e+02
-5.915701406849999557e+02
-5.972068291570000156e+02
-6.014588143629999877e+02
-5.978519467869999744e+02
-6.006071410460000379e+02
-5.912351735449999524e+02
-6.037506977489999827e+02
-5.880602010049999535e+02
-6.010363064160000022e+02
-5.785874948059999952e+02
-6.007129785480000237e+02
-5.974859965570000213e+02
-5.911538177840000117e+02
-5.929745745819999456e+02
-5.975034316149999540e+02
-6.002318470699999580e+02
-6.049586518459999525e+02
-5.929806569759999775e+02
-5.955000061660000483e+02
-6.042371353019999560e+02
-5.856269768759999579e+02
-5.959939876030000505e+02
-5.981986876239999447e+02
-5.964629638909999585e+02
-6.004043571380000230e+02
-5.956520658169999933e+02
-5.987004642360000162e+02
-6.016970029740000427e+02
-6.007332532450000144e+02
-6.025262787670000080e+02
-5.997717231670000047e+02
-5.942612464139999702e+02
-6.035104978900000106e+02
-5.943214638700000023e+02
-5.990972639120000167e+02
-5.999224258640000471e+02
-6.035264368550000427e+02
-6.029017801679999593e+02
-6.069496137910000471e+02
-5.960869348869999840e+02
-5.969932647519999591e+02
-5.937841608319999978e+02
-6.002007524809999950e+02
-5.899169826769999645e+02
-5.981377118090000522e+02
-6.011511611500000072e+02
-6.023709978150000097e+02
-5.897723200479999832e+02
-5.870038544410000441e+02
-6.018270870920000561e+02
-5.907887922940000180e+02
-5.993276589319999630e+02
-5.943575996380000106e+02
-5.865435577729999750e+02
-5.967161174330000222e+02
-5.851011469820000457e+02
-5.954258189030000494e+02
-5.994841704069999651e+02
-6.014937927890000537e+02
