4.871686155737045887e+00
4.867804741359291754e+00
4.868837540933154351e+00
4.819469991606961656e+00
4.940698432408114904e+00
4.923873069038234185e+00
4.854391310967833384e+00
4.835038572752031527e+00
4.807389000278633695e+00
4.834350628574638264e+00
4.804917168901041258e+00
4.781752921262243383e+00
4.795018560965119470e+00
4.806188198562349356e+00
4.828736584242300012e+00
4.840088738855930828e+00
4.800832115373333764e+00
4.680089849564856408e+00
4.659351135083081630e+00
4.606527325437243192e+00
4.609190275959541339e+00
4.636475061940913633e+00
4.675132725388660759e+00
4.663778832663487250e+00
4.641224515146837426e+00
4.660846275087819457e+00
4.630758577166380618e+00
4.679030882565320404e+00
4.735452882248962325e+00
5.080157674718374317e+00
5.055351817628522149e+00
5.105114102544623833e+00
4.886581217988707593e+00
4.907290290985443448e+00
4.907299868563159251e+00
5.092791179697043091e+00
4.792331374185220483e+00
4.691239601640487145e+00
4.670800573777476039e+00
4.613024387535794801e+00
4.611912401596543809e+00
4.645171902093613525e+00
4.689286939397076637e+00
4.711798170550177467e+00
4.715259801962135455e+00
4.668659015177698990e+00
4.710143628383320902e+00
4.750807615553380714e+00
4.789692370079731809e+00
4.804352713945969633e+00
4.805589870140813957e+00
4.808557579981756369e+00
4.800007083328106994e+00
4.817050134677860918e+00
4.810086381760726226e+00
4.828613983328962966e+00
4.764920565969593902e+00
4.717793022166191008e+00
4.773514533339141330e+00
4.831372165337710634e+00
4.896627921335253042e+00
4.812008416451492465e+00
4.841421382197587775e+00
4.943101556715176592e+00
4.981526874362920410e+00
4.973616591575993340e+00
4.966064337078205604e+00
4.902574935684308244e+00
4.938706814541636625e+00
4.906462473106260269e+00
4.848023411659642790e+00
4.831023494043472866e+00
4.792415048803682076e+00
4.842726608017430046e+00
4.887815667555395649e+00
4.841585793931571402e+00
4.780163281730028579e+00
4.717166416398725914e+00
4.750195364403447584e+00
4.741749571624381154e+00
4.770956507871351171e+00
4.771080171198132547e+00
4.756891632148035676e+00
3.689898779099502590e+00
3.639165151514835994e+00
3.686733649180531369e+00
3.667345225091305672e+00
3.707720863279758916e+00
3.715332286619865698e+00
3.795473751720593647e+00
3.763424770073130698e+00
3.722185110926107932e+00
3.694358266329891283e+00
3.675496973199678941e+00
3.640948640121142610e+00
3.600445527986779748e+00
3.584241342320575452e+00
3.578301971606085097e+00
3.550170418444726028e+00
3.505458172621661816e+00
3.452295613066760804e+00
3.351691811607982796e+00
3.247941655879920564e+00
3.167408562216121659e+00
3.096856793589267465e+00
3.025551685230314813e+00
3.005044592015233551e+00
2.979398764851727943e+00
2.977165934240145528e+00
2.897994824011940640e+00
2.845191206228502523e+00
2.788673161200502015e+00
2.752455449230740481e+00
2.762399138430216006e+00
2.697333683473366772e+00
2.742431038330772619e+00
2.748196681462227620e+00
2.780710880332581514e+00
2.693879544448860575e+00
2.666183227011977408e+00
2.661061066567244282e+00
2.710576322481992317e+00
2.718276292064513378e+00
2.725879857954124574e+00
2.816719368343250540e+00
2.792044770414686461e+00
2.780655318445635960e+00
2.730759051985363062e+00
2.732864431324759202e+00
2.724733748460571814e+00
2.742315809676194149e+00
2.753998184458370080e+00
2.705355614332430214e+00
2.690114681570285882e+00
2.707549814869524951e+00
2.751629517213391107e+00
2.789121904829547027e+00
2.712311744619338771e+00
2.699179690202191839e+00
2.706682286490233569e+00
2.710563963458526793e+00
2.676553193941790365e+00
2.712464561980488131e+00
2.722195804860480628e+00
2.700750266129765542e+00
2.683462874719901858e+00
2.683178152862756960e+00
2.716615725493761957e+00
2.714322383210955092e+00
2.830121022147285892e+00
2.813411452311943783e+00
2.796995530922421480e+00
2.777893626473123323e+00
2.736899888560047511e+00
2.833599124788120260e+00
2.805406744128202234e+00
2.734708028291136905e+00
2.718995770500572284e+00
2.753875087944258837e+00
2.709611226726077682e+00
2.708442725995881428e+00
2.716694498834935523e+00
2.719825545876058737e+00
2.705787316105979556e+00
2.735834790333656397e+00
2.737146506857095041e+00
2.707800583499456959e+00
2.725201643915547756e+00
2.850265075392111491e+00
2.800342479055017098e+00
2.737340497636346903e+00
2.682724175162254809e+00
2.697822455240522554e+00
2.734026334913400635e+00
2.725456475528457823e+00
2.755163153063716841e+00
2.717271241521538094e+00
2.744360216881158721e+00
2.696387583416004485e+00
2.710899666162509103e+00
2.729050750719011376e+00
2.736098134204985044e+00
2.739635559704976409e+00
2.737732821149645890e+00
2.722739245686226273e+00
2.743225473780819268e+00
2.709590005886499675e+00
2.733085252969617684e+00
2.771149400519575146e+00
2.752579517470839399e+00
2.722685071762799502e+00
2.771442404236465595e+00
2.754397937844130784e+00
2.795687035417233623e+00
2.802262300356624714e+00
2.736489174106120803e+00
2.682578423830326741e+00
2.740516374700213031e+00
2.783485943919961958e+00
2.762160205346532837e+00
2.701989267188158017e+00
2.729904943400044193e+00
2.712405021378629044e+00
2.737425250120996800e+00
2.756462225389638920e+00
2.761503394891992258e+00
2.738317731746993999e+00
2.651517867184756572e+00
2.689190956403059385e+00
2.762150068334448427e+00
2.752449999545859338e+00
2.703542305938636758e+00
2.743447466236596188e+00
2.733623785380863147e+00
2.788987988500487791e+00
2.791909919750277691e+00
2.778252688291689587e+00
2.756958831756469941e+00
2.780305378910740810e+00
2.816384384277117903e+00
2.851978085469802693e+00
2.779128100681938829e+00
2.788219682880099359e+00
2.854416227532347250e+00
2.892161129674486464e+00
2.884329038095342135e+00
2.891741689708816399e+00
2.930155968545019363e+00
2.994828041808076602e+00
2.970439698091849490e+00
2.883879505111127006e+00
2.860563930416518463e+00
2.824218830048408346e+00
2.867769865243722904e+00
2.936242667083223346e+00
2.887552943237578162e+00
2.888985462061032905e+00
2.941103704393981388e+00
2.944494693491567006e+00
2.959469040216505142e+00
2.926677467709758229e+00
2.894807074746087228e+00
2.867238043832426531e+00
2.897552760520504922e+00
2.897503925795442470e+00
2.949733716795467142e+00
2.909511642870672432e+00
2.836093263628683747e+00
2.885232919540465790e+00
2.945283347998966406e+00
2.870171771863140098e+00
2.865932657966686836e+00
2.877173091769071434e+00
2.898933597031846165e+00
2.855043432244069646e+00
2.892645501958371668e+00
2.886182426666755507e+00
2.859484394082261627e+00
2.899611353267882663e+00
2.882171056686261057e+00
2.898655032942002219e+00
2.875361020811125989e+00
2.832981821332428041e+00
2.804040834224780010e+00
2.747000000000000330e+00
2.778194737594900765e+00
2.768747189614826354e+00
2.796604369588233219e+00
2.780195856410120125e+00
2.759256059157975560e+00
2.846098733354132992e+00
2.908943794575618469e+00
2.859301488126077206e+00
2.846910957511667561e+00
2.817508651273319842e+00
2.827300832950041531e+00
2.878293591696302389e+00
2.871979456751040161e+00
2.853445811645982655e+00
2.850846540941830209e+00
2.857663731092236148e+00
2.894308034746819747e+00
2.865227739639555793e+00
2.893013999274804515e+00
2.911011164526855488e+00
2.887221848074719599e+00
2.873553549179134414e+00
2.918453357516614499e+00
2.933838100509297053e+00
2.948707004773448048e+00
2.880542657208881252e+00
2.887083303266464451e+00
2.890911793880954761e+00
2.883761085804439794e+00
2.802067451008273036e+00
2.844431226097758891e+00
2.794897135853124492e+00
2.787434304158575404e+00
2.765795545589007975e+00
2.746266738683626585e+00
2.743964103263743404e+00
2.757549818226318283e+00
2.720622355270940318e+00
2.722209947818132747e+00
2.773654088021792141e+00
2.881822166616115233e+00
2.927382106934452999e+00
2.973578483914624648e+00
3.020882652470962437e+00
2.963326677907786699e+00
2.939009527034575964e+00
2.910424195886228915e+00
2.871206714954532835e+00
2.846317972398726859e+00
2.826816053442459342e+00
2.855061120186396462e+00
2.815645929444964946e+00
2.831919843498399647e+00
2.820608976799158896e+00
2.750943656275060878e+00
2.763768079995136073e+00
2.779693148532765612e+00
2.780512542679856036e+00
2.743799190903007723e+00
2.751034169180746503e+00
2.721072766391961384e+00
2.745921521092691275e+00
2.774860356846808429e+00
2.777379520339271490e+00
2.821891918553933287e+00
2.805190367871670531e+00
2.800315696488522743e+00
2.791447653100448179e+00
2.830436362118039284e+00
2.892838744209569768e+00
2.883068504215604122e+00
2.859838107306075905e+00
2.865530491898489629e+00
2.923481144115692931e+00
2.883153308445459917e+00
2.948012381249441205e+00
2.941779393496392281e+00
2.906194074730729326e+00
2.856131124440893121e+00
2.835910788441695640e+00
2.884111995051509947e+00
2.871569953875406256e+00
2.911863149256846306e+00
2.913821888860058884e+00
2.839545914402512583e+00
2.782382072972725329e+00
2.792052291773920114e+00
2.825696728242434563e+00
2.885671325705684076e+00
2.897818144742695612e+00
2.867774049676857118e+00
2.823989730859515657e+00
2.878927925461142845e+00
2.877883423629247428e+00
2.903601040087980145e+00
2.915012864465609699e+00
2.879820306894164350e+00
2.943655040931257183e+00
2.926784925477101229e+00
2.872914547980848887e+00
2.869643531869420450e+00
2.826739110706893765e+00
2.832931167536549832e+00
2.864048882264406792e+00
2.857450087053140741e+00
2.827195076396391560e+00
2.808400434411018942e+00
2.869994425081693556e+00
2.897777424164941440e+00
2.890585580812303323e+00
2.916420237208622535e+00
2.965553068147659843e+00
2.963568288398295003e+00
2.904579831920616861e+00
2.893838108809820842e+00
2.885575679132328819e+00
2.919262235565691643e+00
2.953530937708288118e+00
2.907390582635914100e+00
2.937370592894263943e+00
2.899040185992598495e+00
2.874879301814251775e+00
2.846023541715704042e+00
2.884537051244098205e+00
2.870974921520562440e+00
2.946825071157091802e+00
2.933537284576420934e+00
2.905641753554625950e+00
2.847651312924389000e+00
2.809527184420894663e+00
2.834236757929724959e+00
2.836701076955412848e+00
2.839330378804129307e+00
2.847351400863616711e+00
2.927066791175083615e+00
2.927294143061130782e+00
2.875939846380657361e+00
2.898047618656394153e+00
2.895489595906018732e+00
2.869768109098712383e+00
2.866785830856570794e+00
2.871680518442119912e+00
2.873024364672183140e+00
2.932837192890188405e+00
2.980096307168612402e+00
3.009838866118915490e+00
2.999114702708117530e+00
3.017857518174110076e+00
2.946592099358172234e+00
2.926919199431374796e+00
2.867894349518476105e+00
2.811493197573132985e+00
2.800294627356200383e+00
2.831168310079780870e+00
2.860789751100209610e+00
2.944578068246789915e+00
2.922999315771388051e+00
2.886050935101458048e+00
2.876342816842248240e+00
2.940415106749385998e+00
2.929424687545321149e+00
2.911529838418283944e+00
2.930448429848237613e+00
2.931933321206333432e+00
2.934794370990921664e+00
2.912754194915870620e+00
2.921045874340216564e+00
2.941708687140859979e+00
2.925096408667584580e+00
2.948307141394871600e+00
2.926911170500396508e+00
2.895864119740427345e+00
2.905659993874025293e+00
2.944786240119985798e+00
2.977091533695261028e+00
2.936363226850520203e+00
2.915669734383508516e+00
2.876112306569408084e+00
2.958908413587686415e+00
2.903684900260357082e+00
2.835662532813099102e+00
2.777144396677998284e+00
2.681648000763709572e+00
2.685997393893002183e+00
2.769449584303711465e+00
2.808950515762070221e+00
2.837495022022065161e+00
2.935087051519937429e+00
2.888448199293177421e+00
2.855328527507825065e+00
2.779449226015830998e+00
2.796038805167052832e+00
2.830355808021316477e+00
2.844266337739839834e+00
2.923759737050909191e+00
2.910367158968091505e+00
2.925998120300147942e+00
2.921414212329364268e+00
2.920659172173295737e+00
2.906718252600344776e+00
2.874123518570487423e+00
2.872899928643530387e+00
2.906744914848910621e+00
2.927452988520909294e+00
2.962233447924049301e+00
2.940465779430191162e+00
2.954287223680189367e+00
2.953522981119327984e+00
2.966504003031177561e+00
3.012152220589125573e+00
2.988972565949711058e+00
3.014217974865122329e+00
3.044618531113544524e+00
3.053339647009484015e+00
3.024059523223708190e+00
3.001705848346902350e+00
3.006238347170762992e+00
2.955165815990703049e+00
2.997653415590268100e+00
3.002652327526448950e+00
3.010758542294615481e+00
2.955805304819652424e+00
2.923173104692911917e+00
2.975490715831591526e+00
3.026526391756727996e+00
2.987499623430938556e+00
2.897771730140247026e+00
2.886472761000872467e+00
2.874362885927940425e+00
2.906995700031219432e+00
2.877113831602775118e+00
2.922331090071760062e+00
2.834923103013554435e+00
2.789330564848849114e+00
2.789595131914306858e+00
2.862538908032517870e+00
2.863641213560106369e+00
2.841221920230800890e+00
2.856216553414673953e+00
2.910968567332873125e+00
2.801773366994554149e+00
2.782388362540355597e+00
2.817517346885374696e+00
2.806836119191856493e+00
2.844676431512027204e+00
2.886062196142002545e+00
2.896366516862117990e+00
2.849054053541280496e+00
2.882252244339485348e+00
2.882267336663967505e+00
2.915805549072159941e+00
2.849728408111902755e+00
2.747536169006697282e+00
2.773541057925770215e+00
2.801842964907205413e+00
2.869277609434123910e+00
2.906351664888473074e+00
2.950080846349808272e+00
2.935408319127000176e+00
2.904777616272887553e+00
2.900523573426011303e+00
2.943504374041254756e+00
2.958738582571971421e+00
2.887716918259128462e+00
2.815260201118184202e+00
2.806613261566330841e+00
2.733042626817225429e+00
2.810399971534300434e+00
2.825591973374783183e+00
2.831585245052671507e+00
2.825575516598344272e+00
2.800783818862141228e+00
2.798340043668746002e+00
2.819870564405394742e+00
2.861981132013277307e+00
2.861506421450072502e+00
2.827458576177554139e+00
2.789996953403353963e+00
2.769644200976002946e+00
2.724016886878640520e+00
2.716930253061347944e+00
2.758106234357190267e+00
2.771856598022343743e+00
2.729611327643552965e+00
2.759878620519387926e+00
2.791731541534751226e+00
2.761811724212930752e+00
2.782184213886635948e+00
2.751111411775247984e+00
2.722764404057023579e+00
2.784513781614305294e+00
2.758790314612547867e+00
2.756279013452738180e+00
2.764904699985155201e+00
2.725992112974650716e+00
2.725627634142272271e+00
2.782113944467408118e+00
2.907710783417085221e+00
2.932774795309043281e+00
2.916452982648614523e+00
2.924699984613805981e+00
2.941703078150478046e+00
2.889773693561487278e+00
2.918022104097225622e+00
2.901345894580651397e+00
2.852631241503184256e+00
2.833486897799247117e+00
2.790258769361723790e+00
2.743338294851730197e+00
2.762422306599771282e+00
2.738622281367038003e+00
2.741390340684813687e+00
2.795496378105326585e+00
2.776669587833597408e+00
2.774965405189765644e+00
2.750165994990120488e+00
2.732249988562539755e+00
2.809071910791889781e+00
2.787003588085239514e+00
2.763228908360651381e+00
2.776682552975763052e+00
2.834675642820533081e+00
2.844505932495132061e+00
2.811324243128138445e+00
2.822525287752086331e+00
2.818457379489709425e+00
2.793930743594049915e+00
2.802639113407217941e+00
2.822225540243018749e+00
2.861881548911485051e+00
2.808720349198189581e+00
2.774812065708234687e+00
2.746162777404136612e+00
2.749949999545446389e+00
2.789121904829547027e+00
2.772121750573015131e+00
2.753562419848150533e+00
2.797524620088266634e+00
2.877292824861592546e+00
2.900887105697151913e+00
2.869687613661110692e+00
2.891280166293125120e+00
2.850559418780812315e+00
2.719773152305169805e+00
2.767810867815934994e+00
2.747528707766308198e+00
2.759047661784769012e+00
2.756364272007602256e+00
2.694125832250602759e+00
2.772243315439681943e+00
2.836220901128824412e+00
2.807169749053306074e+00
2.748589820253287463e+00
2.818539692819669540e+00
2.805370029069248705e+00
2.792505326763048856e+00
2.756192482393057031e+00
2.728388901897968122e+00
2.776102483699043777e+00
2.800161423918270831e+00
2.786887870008407653e+00
2.798146172021754641e+00
2.786794215581767986e+00
2.793529845911798759e+00
2.818896592640460774e+00
2.839760905428483806e+00
2.890305520182944399e+00
2.785936287857279758e+00
2.737889150422273765e+00
2.767102636332812171e+00
2.845811132173040381e+00
2.876206007920851349e+00
2.880024652672265262e+00
2.866789842314919401e+00
2.835197523983117751e+00
2.842665826297562148e+00
2.915617601812693138e+00
2.917662420500356735e+00
2.876790225233671450e+00
2.896328020097171496e+00
2.935650353839843518e+00
2.722818576402034285e+00
2.740268052581717573e+00
2.732658961524470964e+00
2.731510388045412796e+00
2.766342169725213296e+00
2.730277275296411954e+00
2.685421568394802172e+00
2.744761009632715076e+00
2.793123878384200953e+00
2.834458502077601860e+00
2.852665420269261620e+00
2.811186937932090402e+00
2.774281528612407843e+00
2.839357145552492856e+00
2.863479526729674873e+00
2.889973183266584922e+00
2.854630273783279382e+00
2.845995959238172279e+00
2.848829935254121537e+00
2.769417628311050095e+00
2.699833142992359214e+00
2.758094450884523319e+00
2.780007374090939010e+00
2.722147314162111975e+00
2.741245884629833984e+00
2.755773757041749761e+00
2.818736241651566665e+00
2.851400708423844410e+00
2.903503056654151315e+00
2.875267465819484336e+00
2.883345452768363959e+00
2.885785508314850034e+00
2.882293704673415391e+00
2.836666000783313990e+00
2.783286905800406164e+00
2.760554292166702339e+00
2.724655024035152806e+00
2.729507098360434814e+00
2.816881609155770239e+00
2.812818337539770841e+00
2.802554727387138733e+00
2.791986031483681963e+00
2.803359591632867520e+00
2.819748924993145778e+00
2.848935239699211142e+00
2.830778161566179119e+00
2.827598627811238607e+00
2.863321497841273988e+00
2.860038636102666398e+00
2.877276663791648925e+00
2.866491583800657494e+00
2.843234249934394775e+00
2.777486993668917936e+00
2.747093190992980993e+00
2.782299049347499054e+00
2.800123747265466090e+00
2.828378333957464630e+00
2.785993898055054707e+00
2.760172820676270344e+00
2.747114304138071894e+00
2.877367025598228878e+00
2.843429443471387597e+00
2.797820044248735982e+00
2.757327329135951466e+00
2.775411681174524858e+00
2.842238730296947402e+00
2.850115260827183139e+00
2.835110756213943706e+00
2.813283846326210647e+00
2.916992972223278802e+00
2.876737040467898243e+00
2.849877365782604866e+00
2.907478976708171903e+00
2.902097689603159836e+00
2.865844552658081579e+00
2.864012744385052489e+00
2.796646026940127872e+00
2.770386435138607162e+00
2.764443162736394122e+00
2.758774365547135510e+00
2.776791133664899824e+00
2.802180757909810360e+00
2.779098055125079902e+00
2.739371643278801116e+00
2.730465894311810970e+00
2.741053994360563628e+00
2.788470727836316776e+00
2.781863044795699569e+00
2.783851468738948398e+00
2.755863748446210959e+00
2.754685099970593853e+00
2.769630300238643983e+00
2.769927796892908134e+00
2.751512674875403963e+00
2.697519045345185162e+00
2.704302867653695319e+00
2.752060682470500730e+00
2.734719181195758519e+00
2.776440887179123962e+00
2.820373379536829983e+00
2.807207509251854471e+00
2.741725916279743380e+00
2.679354026626567187e+00
2.758503036068657543e+00
2.767112032426587653e+00
2.773756117613803696e+00
2.764004341530599262e+00
2.761634479796339914e+00
2.763753426049436968e+00
2.751917694990168251e+00
2.739387705309345389e+00
2.712737731517737672e+00
2.722980352481449540e+00
2.735568862229572851e+00
2.732382293896665093e+00
2.775441586486734113e+00
2.778293181073588691e+00
2.817505456960110344e+00
2.839095982879057178e+00
2.815798998508238782e+00
2.762238403903616302e+00
2.698769719705629289e+00
2.709234024590714718e+00
2.828003889672006999e+00
2.774589879603830855e+00
2.743724658197320032e+00
2.792530930894051799e+00
2.789687079225912303e+00
2.861373970665142430e+00
2.797512287729938762e+00
2.809004271979663514e+00
2.761746186744900466e+00
2.765664296330991867e+00
2.869627850436359484e+00
2.790340839395789807e+00
2.817778202768982609e+00
2.849540489271910726e+00
2.797252401911561659e+00
2.811990576086627058e+00
2.783698618744493203e+00
2.747508507721132087e+00
2.733025063917270181e+00
2.822000708717132600e+00
2.770286808256502642e+00
2.726775018222075353e+00
2.724272012850405655e+00
2.796305598463801889e+00
2.780195856410119681e+00
2.696870964655150082e+00
2.700458664745676085e+00
2.772047979382752381e+00
2.740709032349110785e+00
2.775608942196288620e+00
2.795130408406734546e+00
2.736472364194456830e+00
2.725638457316010399e+00
2.777362057780727866e+00
2.815520200602368739e+00
2.897371394902627628e+00
2.730234239035178589e+00
2.881852355690694090e+00
2.798378280361681458e+00
2.834086978199505058e+00
2.928012807349038571e+00
2.734121796848121289e+00
2.752046147868890458e+00
2.796792090949915544e+00
2.748714972491691722e+00
2.790106091172878777e+00
2.755772668418060789e+00
2.760119924930799051e+00
2.729248614545769058e+00
2.756370258147478935e+00
2.812050141800462200e+00
2.810119036624605382e+00
2.890764777701568367e+00
2.903469992956703827e+00
2.789269796918182998e+00
2.859644383485471231e+00
2.855732130295136617e+00
2.782799489722534769e+00
2.763902675565838241e+00
2.749646159053924510e+00
2.715180656972938866e+00
2.747515423068631613e+00
2.819399226785734847e+00
2.808745983530728907e+00
2.813387282263144495e+00
2.836637622256321656e+00
2.845910926223798931e+00
2.932555370321249466e+00
2.692391873409218483e+00
2.921413014279220288e+00
2.876712185812129619e+00
2.888425349563322531e+00
2.911557143523032742e+00
2.923940149866272709e+00
2.885352491464431068e+00
2.915343204495826956e+00
2.889271361433536356e+00
2.858850992969028226e+00
2.837324796353071665e+00
2.870994427023501050e+00
2.843169006584026270e+00
2.806822758921553085e+00
2.744704173494841637e+00
2.848281587203063125e+00
2.906588034104592655e+00
2.922085043252506065e+00
2.893177491962772407e+00
2.849415027685507251e+00
2.852713445125535596e+00
2.822005315374158219e+00
2.885347985945543314e+00
2.939025178524335313e+00
2.909417295610927212e+00
2.872950573887410375e+00
2.833207899184244649e+00
2.816579130789688801e+00
2.872888616010025764e+00
2.928246232815812533e+00
2.910693731741627488e+00
2.852535188214161188e+00
2.854528507477198218e+00
2.831762878491064672e+00
2.851591310128434031e+00
2.762604206179379407e+00
2.745722855642935833e+00
2.766439046861506323e+00
2.826340743788688936e+00
2.818150457303512990e+00
2.842602328852912308e+00
2.868535166247748958e+00
2.814925398656241473e+00
2.790086199385244825e+00
2.761414673677244025e+00
2.770567631370871364e+00
2.779064051079068065e+00
2.778273024740369301e+00
2.825211673485723107e+00
2.838076461267384332e+00
2.878784813076517235e+00
2.896143297559703900e+00
2.840853920918849251e+00
2.820985820595346638e+00
2.849236037958244872e+00
2.836827277082621723e+00
2.823547591240494814e+00
2.802954869419056472e+00
2.848559460499289209e+00
2.876445897283659736e+00
2.916459668845088338e+00
2.947178990153125788e+00
2.888948597673554719e+00
2.813156412288516872e+00
2.807406810563798594e+00
2.790280451854257660e+00
2.808036680672102658e+00
2.793222332718969358e+00
2.811961770721643106e+00
2.808650921706006720e+00
2.835779434300206514e+00
2.877595176531959620e+00
2.829075467356783058e+00
2.749671253077356603e+00
2.756320191849995993e+00
2.803734830543002765e+00
2.835423954190977813e+00
2.881907181017459685e+00
2.902815357545153852e+00
2.924798454594778274e+00
2.849902454471029856e+00
2.759068139789229601e+00
2.800672419259346402e+00
2.805929614227698377e+00
2.921831103948344222e+00
2.980533341534699066e+00
2.915544889038753862e+00
2.924656219113624722e+00
2.883691210930878768e+00
2.862545021480011886e+00
2.861970475039880224e+00
2.851893406142663512e+00
2.802266582607728651e+00
2.785715527472250486e+00
2.760199087022528364e+00
2.772073050985489395e+00
2.793170599873914028e+00
2.744695611538737090e+00
2.778618361704247697e+00
2.783961386226468271e+00
2.831752990640250101e+00
2.918776455982883711e+00
2.890542682611692449e+00
2.867486878784277771e+00
2.855278620380155008e+00
2.883742880355320448e+00
2.880034201185812659e+00
2.856440617271782223e+00
2.784914540879127376e+00
2.833032827201266368e+00
2.758236755610366409e+00
2.766639477778049638e+00
2.763087765526097250e+00
2.742452369686664060e+00
2.768133486665699028e+00
2.785799885131737152e+00
2.850965450509703736e+00
2.841349327344316666e+00
2.891620652851961015e+00
2.882669596051548933e+00
2.860369381740756278e+00
2.855983543369954525e+00
2.870524168161626921e+00
2.828305146196216313e+00
2.802303516751888601e+00
2.782920228824390829e+00
2.770713085110040996e+00
2.773951333387087548e+00
2.746989807043338949e+00
2.730814530501842530e+00
2.710763914471343128e+00
2.750247443413046611e+00
2.739414901032700911e+00
2.771670254557709878e+00
2.776311581937445538e+00
2.801679853230914397e+00
2.841212593242540496e+00
2.904959035855755545e+00
2.885167066219910037e+00
2.867957286990167276e+00
2.887682981215216049e+00
2.848193989179810259e+00
2.816123754382963806e+00
2.770040613420676756e+00
2.806503340457658702e+00
2.895753787876310437e+00
2.894517749125059769e+00
2.876814384001860070e+00
2.882451907664723034e+00
2.911350717450579051e+00
2.875069912193441102e+00
2.882041810938904991e+00
2.859311280710793657e+00
2.870937129231498908e+00
2.882293704673415391e+00
2.882955428028675104e+00
2.901329350487462655e+00
2.854316555674930367e+00
2.797865257656272142e+00
2.849528732966207567e+00
2.834765069630991619e+00
2.840718395054321554e+00
2.924962563862997911e+00
2.907315084403477190e+00
2.920489171354689439e+00
2.937925288362520870e+00
2.893195292405958519e+00
2.871993036203256633e+00
2.790867427879726748e+00
2.775170084877681909e+00
2.756632365768058257e+00
2.771216700296099233e+00
2.800373189416010877e+00
2.799433871338989022e+00
2.803778521923584677e+00
2.843228446678176979e+00
2.878994442509398066e+00
2.955846579239186589e+00
3.004556706071629169e+00
2.983581237372295636e+00
2.939543161785517889e+00
2.917102329367277758e+00
2.931530317086964654e+00
2.947970488319040072e+00
2.996348444356897289e+00
3.018062457935554832e+00
2.988953663073417033e+00
2.967892686739195707e+00
2.939263513195099708e+00
2.954861418070228396e+00
3.000444133790863166e+00
3.044339829913868201e+00
3.026178613367029868e+00
3.063261660387502694e+00
3.067983376747664526e+00
2.987230322556330808e+00
3.016963705449569932e+00
2.977689876397473512e+00
2.928989928285858912e+00
2.877370674765418634e+00
2.828743360575504795e+00
2.797215401073002816e+00
2.779744052966028001e+00
2.750953652826597651e+00
2.719421078097322031e+00
2.737048410240491059e+00
2.722658259862960062e+00
2.763138433014169060e+00
2.785381481951799021e+00
2.755366581781814261e+00
2.746283852772688494e+00
2.754114195163301471e+00
2.791021497588293432e+00
2.818740853643697530e+00
2.714033529638129050e+00
2.739534449500498514e+00
2.750204356043383314e+00
2.754161578411840949e+00
2.753911581732427560e+00
2.740543741668794997e+00
2.799182916495454698e+00
2.749593788180356047e+00
2.805689041928915994e+00
2.815039076105338989e+00
2.772396255948993637e+00
2.744084729012571611e+00
2.738306410904375099e+00
2.736620178249074886e+00
2.766399284268270531e+00
2.804072395641738602e+00
2.771370058292468297e+00
2.793657638294284595e+00
2.799230787198511816e+00
2.755315771377211398e+00
2.716087811540709218e+00
2.781238033682122524e+00
2.775872115209920832e+00
2.759729153377193267e+00
2.772205439717626785e+00
2.847020547871054408e+00
2.936587645550529313e+00
2.940723380394694608e+00
2.897541371576944247e+00
2.895356454739208996e+00
2.883772875938741542e+00
2.943087664341651699e+00
2.916231472294337213e+00
2.906503397555213475e+00
2.906793594323477059e+00
2.868618308524157445e+00
2.884871747582550938e+00
2.846249462011367637e+00
2.795177811875301899e+00
2.824072414085729843e+00
2.851044370051087018e+00
2.852767954110533744e+00
2.844802453598491709e+00
2.829209076756258323e+00
2.883273486854827539e+00
2.884324877679350418e+00
2.838828455542884655e+00
2.823001416931985919e+00
2.886084025110842166e+00
2.903229064335089316e+00
2.897349133259573328e+00
2.884469795300342643e+00
2.858207305287704170e+00
2.786949228098710929e+00
2.819616108621881168e+00
2.855884801598271849e+00
2.799725343672125444e+00
2.738676687745379201e+00
2.727305630104554623e+00
2.850946158733973945e+00
2.885947677973389691e+00
2.910165631025148691e+00
2.916016803792460976e+00
2.890210199968161753e+00
2.889496322890894753e+00
2.888268858676422024e+00
2.905782682858441213e+00
2.858461999047739788e+00
2.814874952817620457e+00
2.830811544416194536e+00
2.852796873245622589e+00
2.843443510956389364e+00
2.887895600606088742e+00
2.873816104067899335e+00
2.839671459869961723e+00
2.825354844970804358e+00
2.847452545697645387e+00
2.863530862414442435e+00
2.890833097914855543e+00
2.837880547168960987e+00
2.813989694366346050e+00
2.875562205899917512e+00
2.883086193647355966e+00
2.913100238577450707e+00
2.883795069001956257e+00
2.840110033079704444e+00
2.866552982241912240e+00
2.882589981249501054e+00
2.854291856135247940e+00
2.897227812927384960e+00
2.903922519627546883e+00
2.882832981634558145e+00
2.899109518455623924e+00
2.879590943172311235e+00
2.825396255394984291e+00
2.834689753747312579e+00
2.805355770664391013e+00
2.795237020361600599e+00
2.774288016771149668e+00
2.795336473485795281e+00
2.787661744186335167e+00
2.815603310127334336e+00
2.798832256495555448e+00
2.819098260082468332e+00
2.774070114470793325e+00
2.887288520394177826e+00
2.890039100081519319e+00
2.787794110044714113e+00
2.780323002818197775e+00
2.755977866384271113e+00
2.798006611857805748e+00
2.810773025343740184e+00
2.813022573674090143e+00
2.764862926077891636e+00
2.760522414326679108e+00
2.782070811464007143e+00
2.826087578260801259e+00
2.840969728807400951e+00
2.865211161502760895e+00
2.848165374412097606e+00
2.785881189139264080e+00
2.745118394532374495e+00
2.778287782070100853e+00
2.835034038596362382e+00
6.103008438467048435e+00
6.004779846089280504e+00
6.014000415696693302e+00
5.979043652625393612e+00
5.938627787629058297e+00
5.940963137404573935e+00
5.947756719974347739e+00
5.991674473801126055e+00
5.988734841350050075e+00
6.006964458027033160e+00
6.002137119393390563e+00
5.998125457174099395e+00
5.965431333943925551e+00
6.008015812229524855e+00
6.053236985283163563e+00
6.010447071557988075e+00
5.998640679353949068e+00
5.963742952207112147e+00
5.926182076176870872e+00
6.005206157993245419e+00
6.018457111253679770e+00
5.926797533238334026e+00
5.904671032326864299e+00
5.880147021971474430e+00
5.896320886790338278e+00
5.906634998033990946e+00
5.967678359295178758e+00
2.727299763502354590e+00
2.721401660909319009e+00
2.902200199848384177e+00
2.918135877576642390e+00
2.934498423921879873e+00
2.910521087365628201e+00
2.717126607282038808e+00
2.910794736837346797e+00
2.864853399390621558e+00
2.907333142245655644e+00
2.885088213556042724e+00
2.839848763578793456e+00
2.758583332074635575e+00
2.780665028370012060e+00
2.778748099414554140e+00
6.074124216708117530e+00
6.073487383703040088e+00
2.730202373451462439e+00
2.761934648032063233e+00
6.061161687333542325e+00
6.021260831420608639e+00
6.031307984177230352e+00
2.767772028184402267e+00
5.975525081530492777e+00
5.968307465270200396e+00
2.742272962343463849e+00
5.888970198600091521e+00
5.859900596426529162e+00
5.905172732443988437e+00
5.902389770254079515e+00
5.922924953095387579e+00
5.969603504421378659e+00
2.811847791044173483e+00
2.747637894628766286e+00
5.904115513775115787e+00
2.740474776384559163e+00
5.917031434765240405e+00
2.778197257215548888e+00
6.013485761187100209e+00
2.821972537074023180e+00
5.951664725100028086e+00
2.701753134540608059e+00
5.945514023194294673e+00
5.934405867481595820e+00
5.922581025195012394e+00
2.810406910039896289e+00
2.738166539858377213e+00
2.786267933993427537e+00
2.779783804543079384e+00
2.763227279830596572e+00
2.827729477867357843e+00
2.795102323708382297e+00
2.748004730709173948e+00
2.718404311356204417e+00
5.982642977815071816e+00
5.969964907769558238e+00
5.952141967392914346e+00
2.714429037569411118e+00
2.718588788323824890e+00
2.762389364300405603e+00
6.024312408897798399e+00
6.056888475116576132e+00
2.853531496234096299e+00
2.869161724267212055e+00
2.892623376798300061e+00
2.852448947834123949e+00
2.872108807131094732e+00
2.864837517207563522e+00
2.881492842260760856e+00
2.867670308804691981e+00
2.853757172570924983e+00
2.888195630493198163e+00
6.020675792633248591e+00
5.981501149377136173e+00
5.957578367088426141e+00
5.922465027334479437e+00
6.020639667012136265e+00
6.030188056769041793e+00
6.018239443558224266e+00
5.977531346634662235e+00
5.984554620019772564e+00
5.972659290466851623e+00
6.024950622204301887e+00
6.026203282332915911e+00
6.002425259842890881e+00
5.968996649354060047e+00
5.946838655958306852e+00
5.945427991322407735e+00
5.923738768716932945e+00
5.856934522427239109e+00
5.791382822780756001e+00
5.842285426098248635e+00
5.875636816550185770e+00
5.904647237557888673e+00
5.947680304118573069e+00
2.810136295626957992e+00
2.834119616388835805e+00
2.818601781025478648e+00
5.906249402116371172e+00
5.911828566526604156e+00
5.930423593639833513e+00
5.940907843082570139e+00
5.972164934092159427e+00
2.721525123896525677e+00
2.824476942727626394e+00
2.890022491261962756e+00
2.900888312224378485e+00
2.910460616466060024e+00
2.925675648461393941e+00
2.945219346670124860e+00
2.905421656145627640e+00
2.883210883719746764e+00
2.874957738819824637e+00
2.792967060314174077e+00
2.812310438056226047e+00
2.840969552811153154e+00
2.820199992908304587e+00
2.827307906825855532e+00
2.866529957980555210e+00
2.823906691093032162e+00
2.806218273762752347e+00
2.809378223023735188e+00
2.792044591334458037e+00
2.804645075584431435e+00
2.772574976443378247e+00
2.759468427070692176e+00
2.741785731963750639e+00
2.784582374432475582e+00
2.746751171839196815e+00
2.729182111915582798e+00
2.783901758324097475e+00
2.789708586931617162e+00
2.737945214937654637e+00
2.751087784858927243e+00
2.717632977427232088e+00
2.750960923023080262e+00
2.709586499818745331e+00
2.762199666932136033e+00
2.787630893787769182e+00
2.762586650224748475e+00
2.754730839846245338e+00
2.749759807692301550e+00
2.758339718018794073e+00
2.767622264688589961e+00
2.760420620122954638e+00
2.776202262083942607e+00
2.755975326449785712e+00
2.759079556663780242e+00
2.864109111050066048e+00
2.877536620097127074e+00
2.747070803601538547e+00
2.734051572300712607e+00
2.796184900896219627e+00
2.927039118290016617e+00
2.752176411496908948e+00
2.825797232640728573e+00
2.777943663935610097e+00
2.699174873919805595e+00
2.731700752278696687e+00
2.753984204747732534e+00
2.885373459363623105e+00
2.852266642514335260e+00
2.855870620318784692e+00
2.928440028411031015e+00
2.933376552711908225e+00
2.986556210755123342e+00
2.912222690660863478e+00
2.917149464802925696e+00
2.966967138341777943e+00
2.981536013533963025e+00
2.954964974411709910e+00
2.951301407853830661e+00
2.970586642399106747e+00
2.900301536047587891e+00
2.825899148943570971e+00
2.829132199102756928e+00
2.793059612682837756e+00
2.782421607161646548e+00
2.799332777645415771e+00
2.770566007154494859e+00
2.755272400326327364e+00
2.845938509525460347e+00
2.877078379189555335e+00
2.895334522986937831e+00
2.715761035142819857e+00
2.685930378844544997e+00
2.875463440908264889e+00
2.916778016922096928e+00
2.914797763138979647e+00
2.931447082926792458e+00
2.968740810512093375e+00
2.893870418660794197e+00
2.862207714335212483e+00
2.846068165030486874e+00
2.846174098680542830e+00
2.789170844534267779e+00
