-5.751713286760000301e+02
-5.869879525249999688e+02
-5.874511786330000405e+02
-5.955316534700000375e+02
-6.008611106659999450e+02
-5.935337052109999831e+02
-5.931589062010000362e+02
-5.931817293340000106e+02
-6.007076369290000457e+02
-5.934234643859999778e+02
-5.991724491290000287e+02
-5.954004061719999754e+02
-5.901409554900000103e+02
-5.704495643310000332e+02
-5.918822807359999842e+02
-5.940761109920000536e+02
-6.040011588930000244e+02
-5.936553751779999857e+02
-6.005879827049999449e+02
-5.948110541229999626e+02
-5.792416495879999729e+02
-5.981481689070000130e+02
-5.945281627800000024e+02
-5.948327067960000250e+02
-5.933221385640000562e+02
-5.991224901909999971e+02
-5.987621162379999760e+02
-6.012684116279999671e+02
-5.892365320449999899e+02
-5.860658543250000321e+02
-5.954754293099999813e+02
-6.013014311719999796e+02
-5.960572466060000352e+02
-6.003112425230000326e+02
-5.992812914139999521e+02
-5.876300316739999516e+02
-5.925259998819999510e+02
-5.960298196520000147e+02
-5.804294150919999993e+02
-5.936064941769999450e+02
-6.008458512360000441e+02
-5.996106191070000477e+02
-5.971511505040000429e+02
-5.960324162910000041e+02
-6.046649604499999668e+02
-5.915118921060000048e+02
-5.794556399430000511e+02
-5.847882052090000116e+02
-5.916226892199999838e+02
-5.956570202509999490e+02
-5.997646551589999717e+02
-6.006770479780000187e+02
-5.973457056170000214e+02
-5.867881440559999646e+02
-5.975969525079999585e+02
-5.754608522989999528e+02
-6.005956656619999876e+02
-5.932598437609999564e+02
-5.867906778120000126e+02
-5.958304501540000047e+02
-5.910345152630000030e+02
-6.040521347070000502e+02
-5.943095775839999533e+02
-5.928862725660000024e+02
-6.008077634090000174e+02
-5.983203843950000191e+02
-5.974586213809999435e+02
-5.862544091769999568e+02
-5.876526069069999494e+02
-5.842800196650000544e+02
-5.926117053460000079e+02
-5.913773519190000343e+02
-5.912110211850000496e+02
-6.007414517529999785e+02
-6.014464199200000394e+02
-5.932278750640000453e+02
-5.974659858479999457e+02
-5.959816040429999475e+02
-5.862055924430000005e+02
-5.737219127839999828e+02
-5.722531311449999976e+02
-6.003435938400000396e+02
-6.004087697500000331e+02
-5.937682247359999792e+02
-5.928783423050000465e+02
-5.986809468620000416e+02
-5.865470045470000287e+02
-5.982418251330000203e+02
-5.992360415099999500e+02
-6.032527863450000041e+02
-5.913194425960000444e+02
-5.888585293290000209e+02
-5.943317872070000476e+02
-5.938285684590000528e+02
-5.994891003039999759e+02
-5.993615039139999681e+02
-6.051103939800000262e+02
-6.033234597819999863e+02
-5.842214596459999711e+02
-5.880983555909999723e+02
-5.775698020180000185e+02
-5.795906199749999814e+02
-5.793643614439999965e+02
-5.952515948650000155e+02
-5.969012194680000221e+02
-5.847991128380000418e+02
-5.994950140559999454e+02
-6.013513078009999617e+02
-5.947043125500000542e+02
-5.932898707450000302e+02
-5.993524562119999928e+02
-5.796509540270000116e+02
-5.912204140759999973e+02
-5.760863091539999914e+02
-5.735493459729999586e+02
-5.981342981269999655e+02
-5.952312530750000406e+02
-5.996732489720000103e+02
-6.054115411269999640e+02
-5.932400162010000031e+02
-5.925484138240000220e+02
-5.978281340150000460e+02
-5.975857299189999594e+02
-5.789513317649999635e+02
-5.748674934050000047e+02
-5.876073973920000526e+02
-5.963248712270000169e+02
-5.965829769079999778e+02
-5.937771088060000011e+02
-5.944549647850000156e+02
-5.908709306030000334e+02
-6.003607723730000316e+02
-6.025282421780000277e+02
-5.914404261449999467e+02
-5.933213742069999626e+02
-5.874909915279999950e+02
-5.909510579669999970e+02
-5.897800062390000448e+02
-5.938479202940000050e+02
-5.834002137050000556e+02
-5.889777878219999820e+02
-5.943899056279999513e+02
-5.945138781399999743e+02
-5.844981965189999755e+02
-5.890167083879999836e+02
-5.979681200420000096e+02
-5.995812548440000000e+02
-5.974955779179999809e+02
-5.933375499789999594e+02
-6.004355048420000003e+02
-6.038361106339999651e+02
-5.882706983389999778e+02
-6.028249097760000268e+02
-5.869302020139999740e+02
-5.989276406940000470e+02
-5.965672415340000043e+02
-5.975821170960000472e+02
-5.927596739079999679e+02
-5.916939348070000051e+02
-6.031114443359999768e+02
-5.834352382949999765e+02
-5.963450232879999930e+02
-5.909654186200000368e+02
-5.931552541309999924e+02
-5.818331960340000251e+02
-5.929444294950000085e+02
-5.906465961510000398e+02
-5.948310251569999991e+02
-5.942109836030000452e+02
-5.951094654680000531e+02
-6.020222580380000181e+02
-5.841794323619999432e+02
-5.836295527089999950e+02
-5.838732625129999860e+02
-5.780630979969999999e+02
-6.064680216870000322e+02
-6.014205321990000357e+02
-6.022814452979999942e+02
-6.040615426880000314e+02
-5.817060043489999543e+02
-6.002505566920000319e+02
-5.980967254680000451e+02
-5.903415880820000439e+02
-5.886720565470000111e+02
-5.815130020440000180e+02
-5.909155751150000242e+02
-5.813943495749999784e+02
-5.854344756450000204e+02
-5.727811913360000062e+02
-5.936170444189999671e+02
-5.801209002479999981e+02
-5.914100879479999548e+02
-5.813403522629999998e+02
-5.936209834649999948e+02
-5.971570083230000137e+02
-5.941530849490000037e+02
-5.600308024820000128e+02
-5.805249110590000328e+02
-5.937295284450000281e+02
-5.994669539340000028e+02
-5.724822042690000217e+02
-5.901667933539999922e+02
-5.986951635330000272e+02
-5.960994324770000503e+02
-5.946222553420000168e+02
-6.002120264760000055e+02
-6.047215999239999746e+02
-6.023470957009999438e+02
-5.872468469479999840e+02
-5.858118156560000216e+02
-5.999565222759999870e+02
-6.005117416670000239e+02
-5.667610332369999924e+02
-5.965965765180000062e+02
-5.969238597969999773e+02
-5.946568404939999937e+02
-5.973615551530000403e+02
-5.972802515509999921e+02
-5.889926785080000400e+02
-5.902413977769999747e+02
-5.968074041979999720e+02
-5.904222401170000012e+02
-5.985850309590000506e+02
-5.953714097270000138e+02
-5.684027987450000410e+02
-5.969316092770000068e+02
-5.981416050960000348e+02
-5.989192530889999944e+02
-5.907540259610000248e+02
-5.970660860980000280e+02
-5.846439953469999864e+02
-5.982385799380000435e+02
-5.965538656679999576e+02
-5.987920579789999920e+02
-5.984986030600000504e+02
-5.960610681890000251e+02
-5.955542806009999595e+02
-5.969955865749999475e+02
-6.035836607480000566e+02
-6.009834284089999983e+02
-5.971886610249999876e+02
-5.997293935669999883e+02
-6.053656732020000391e+02
-5.952698369109999703e+02
-5.989297715310000285e+02
-5.933812398840000242e+02
-6.012494707270000163e+02
-5.935502239639999971e+02
-6.023318191399999932e+02
-5.985242972409999993e+02
-5.993005806840000105e+02
-5.946894554230000267e+02
-6.016832394660000318e+02
-5.974573952690000169e+02
-5.893048495699999876e+02
-5.976993818939999983e+02
-5.795355301240000472e+02
-5.860940893440000536e+02
-5.961311708169999974e+02
-5.692844106530000090e+02
-5.925206653879999976e+02
-5.989300664580000557e+02
-6.015370469279999952e+02
-6.059866423839999925e+02
-5.872606111510000346e+02
-5.859011542910000117e+02
-5.921448122750000493e+02
-5.943459334589999798e+02
-5.827396084380000048e+02
-5.969144319639999594e+02
-5.986859222199999522e+02
-5.706418624560000126e+02
-5.855156845479999674e+02
-5.953612486350000381e+02
-5.981418531780000194e+02
-5.735681823610000265e+02
-5.988867809390000048e+02
-5.935646371059999638e+02
-5.911226717360000293e+02
-6.018480984699999681e+02
-5.944596747849999474e+02
-5.991551472959999955e+02
-5.947096330570000191e+02
-5.963909055719999515e+02
-6.068854429059999802e+02
-5.902734727240000439e+02
-5.853364315540000007e+02
-6.024192861709999534e+02
-5.731052405430000363e+02
-5.824270379920000096e+02
-5.887484001940000553e+02
-5.930936038390000249e+02
-5.868500150070000245e+02
-5.982784206430000040e+02
-5.911673217620000287e+02
-5.974100832630000468e+02
-5.819646261630000481e+02
-5.867312495850000005e+02
-5.813388734320000140e+02
-5.988673806210000521e+02
-6.006175780099999884e+02
-5.923490921769999886e+02
-5.946654269699999986e+02
-5.800587312919999476e+02
-5.956568416249999700e+02
-5.969122264889999769e+02
-5.959982054729999845e+02
-5.924086168989999805e+02
-5.978443499859999974e+02
-5.887928967980000152e+02
-5.980604655219999586e+02
-5.994436705499999789e+02
-5.942282598079999616e+02
-5.954046418890000041e+02
-5.977355677860000469e+02
-5.927263205199999447e+02
-5.997401117030000250e+02
-5.866907531880000306e+02
-5.820475586249999651e+02
-5.846154681660000278e+02
-6.055488932900000236e+02
-5.900479368979999890e+02
-5.779697094440000456e+02
-5.671474993829999676e+02
-5.934387801699999727e+02
-6.016764474699999710e+02
-5.979691623940000227e+02
-5.998784841430000370e+02
-5.907143309949999548e+02
-5.907425772650000226e+02
-5.801487125449999667e+02
-5.984128734219999615e+02
-5.921330246950000173e+02
-5.915736949079999931e+02
-6.009366067160000284e+02
-5.975447305779999851e+02
-5.975844549749999715e+02
-6.010905479230000310e+02
-5.958173727260000305e+02
-5.991088596319999624e+02
-5.796377627079999684e+02
-5.909638707870000189e+02
-5.991485127019999481e+02
-5.921310165730000108e+02
-5.935941424869999992e+02
-5.875025806109999849e+02
-5.927279902520000405e+02
-5.935775884959999757e+02
-5.816513951040000165e+02
-6.019805832939999846e+02
-6.003008158809999486e+02
-6.022938131500000054e+02
-6.010018375990000550e+02
-6.022757847509999465e+02
-5.913712119409999559e+02
-5.982855321680000316e+02
-6.021691749740000432e+02
-5.991545703259999982e+02
-5.991454596129999572e+02
-5.995890749420000247e+02
-5.957923073849999582e+02
-5.948607263110000076e+02
-5.880800974859999997e+02
-5.909532549189999600e+02
-5.844337384310000516e+02
-6.007795069769999827e+02
-6.045971354499999961e+02
-6.026797933069999544e+02
-5.932856833549999465e+02
-5.742999805939999760e+02
-5.948692871240000386e+02
-5.984600407000000359e+02
-5.992396992479999653e+02
-5.901032071829999950e+02
-5.953373268970000254e+02
-6.056754210259999809e+02
-5.960690894479999997e+02
-5.987809472249999772e+02
-5.995555289960000209e+02
-5.895974938179999754e+02
-5.875337823349999553e+02
-5.983099161080000385e+02
-5.904693439689999650e+02
-5.939038798660000111e+02
-5.955972307680000313e+02
-5.949375311490000513e+02
-5.967426268210000444e+02
-5.834989072009999518e+02
-5.962214734269999781e+02
-6.032720939419999695e+02
-5.774471268329999702e+02
-5.769455050210000309e+02
-5.952050344949999499e+02
-5.979831799590000401e+02
-6.000193559599999844e+02
-6.000408183209999606e+02
-5.923699493289999509e+02
-5.879634395450000284e+02
-5.791041142679999894e+02
-5.960835698319999665e+02
-5.849708848090000401e+02
-5.983618168540000397e+02
-6.050018133339999622e+02
-6.021382417539999778e+02
-5.998178266260000555e+02
-5.925704819600000519e+02
-5.932223272930000348e+02
-5.808146864469999855e+02
-5.981198998720000191e+02
-5.802464946200000213e+02
-6.022619354700000258e+02
-5.901751484599999458e+02
-5.972584915139999566e+02
-5.974693805550000434e+02
-6.006390280690000054e+02
-5.739116667470000266e+02
-5.798110061209999913e+02
-5.809495782610000560e+02
-5.999755897710000454e+02
-5.945218845140000212e+02
-6.034366799150000134e+02
-6.010770518169999832e+02
-6.019447736109999596e+02
-5.875389858239999512e+02
-5.957914431520000562e+02
-6.026728339070000402e+02
-5.928276860250000482e+02
-5.993944215149999764e+02
-6.019156377560000237e+02
-5.949859084720000055e+02
-5.995287343740000097e+02
-5.952771551590000172e+02
-5.863459539709999717e+02
-6.000054818119999709e+02
-5.959617538469999545e+02
-6.049830794790000255e+02
-5.942322294470000088e+02
-5.987407144530000096e+02
-6.050853946189999988e+02
-5.822084756420000531e+02
-5.708877776540000468e+02
-5.747028039849999459e+02
-6.033751514470000075e+02
-6.003107125940000515e+02
-6.041027436010000429e+02
-5.898880027550000023e+02
-5.923602767730000096e+02
-5.961948679590000211e+02
-5.995422336609999547e+02
-5.831668696499999669e+02
-5.955517896479999536e+02
-5.926926125090000141e+02
-5.780651211299999659e+02
-5.839776521830000320e+02
-5.798469194389999757e+02
-5.987507552199999736e+02
-6.016513710360000005e+02
-5.982077808459999915e+02
-6.013374664880000182e+02
-6.016272196559999657e+02
-5.978532990530000006e+02
-5.913843645230000448e+02
-5.883825470150000001e+02
-5.998949925540000550e+02
-6.008907432510000035e+02
-5.982525983340000266e+02
-6.012067517420000513e+02
-5.992314007109999920e+02
-5.804531425229999968e+02
-5.940089691340000400e+02
-6.017539501920000475e+02
-5.968099555459999692e+02
-5.840638634509999747e+02
-5.847680753839999852e+02
-5.861205750410000519e+02
-5.981934953999999607e+02
-5.956965755969999918e+02
-5.936082842340000525e+02
-5.898140012699999488e+02
-5.987304176339999913e+02
-5.885470028720000073e+02
-5.857965444559999924e+02
-5.914336665900000298e+02
-5.804493535719999500e+02
-5.775877313390000154e+02
-5.886829451869999730e+02
-5.973588556500000095e+02
-6.037961628169999813e+02
-5.871975076050000553e+02
-5.990797422030000234e+02
-5.912312666139999919e+02
-5.672580050090000441e+02
-5.971042438399999810e+02
-5.799341178600000148e+02
-5.894732441580000568e+02
-5.922220619720000059e+02
-5.985202164439999706e+02
-5.955276644140000144e+02
-5.805178041670000084e+02
-5.930554271620000009e+02
-6.000302495509999972e+02
-5.942341151540000510e+02
-5.983709569320000128e+02
-5.876408418109999729e+02
-5.924374353550000478e+02
-6.032394489739999699e+02
-5.992269677719999663e+02
-5.973789304020000372e+02
-5.971912202439999646e+02
-5.927110206080000125e+02
-5.905267988030000197e+02
-5.861698445020000463e+02
-5.901418413469999678e+02
-5.917627048279999826e+02
-5.978697672429999557e+02
-5.991670964359999516e+02
-5.925751937649999945e+02
-5.908538720630000398e+02
-5.987275584169999547e+02
-5.812882439799999474e+02
-5.917324847620000128e+02
-5.977155938429999651e+02
-5.998591628379999747e+02
-5.947826714510000556e+02
-5.890390351839999994e+02
-6.007826614330000439e+02
-5.965230583490000527e+02
-5.734460846499999889e+02
-5.770809725939999453e+02
-6.004405477880000035e+02
-5.960186523889999535e+02
-5.993227016470000308e+02
-6.046995383260000381e+02
-6.021077162300000509e+02
-5.970039517630000319e+02
-5.988941037849999702e+02
-5.966262665790000028e+02
-5.855408379990000185e+02
-5.798688429520000227e+02
-5.905388344740000548e+02
-5.948276846950000163e+02
-5.853761058039999625e+02
-5.782182830269999840e+02
-5.869994210859999839e+02
-5.937453043350000144e+02
-5.869138382009999759e+02
-5.970970132689999446e+02
-5.933744375479999462e+02
-5.891706076210000447e+02
-5.982279373320000104e+02
-5.977077926619999744e+02
-5.959419282300000305e+02
-5.923610259800000222e+02
-5.968885857210000268e+02
-6.015804068239999651e+02
-6.028349423739999793e+02
-6.052156586830000151e+02
-5.962698262950000299e+02
-5.948554014820000475e+02
-5.877311967829999730e+02
-5.928075908519999757e+02
-5.971343647129999681e+02
-5.983645052680000163e+02
-6.002823408189999554e+02
-6.014491788369999767e+02
-6.032117561239999759e+02
-6.002056720389999782e+02
-5.997704692050000403e+02
-5.796981667349999725e+02
-5.736760820120000517e+02
-5.868433423740000308e+02
-5.802624773129999767e+02
-5.844140023480000536e+02
-5.911613137829999687e+02
-5.975873756920000233e+02
-5.744445029099999829e+02
-5.937211531829999558e+02
-5.978550614660000520e+02
-5.924228055869999707e+02
-5.954167951110000558e+02
-5.983584486309999875e+02
-6.016786024580000003e+02
-5.955327778429999626e+02
-5.945902342829999725e+02
-6.022377356900000223e+02
-5.943789524979999896e+02
-5.931884662549999803e+02
-5.846947686659999590e+02
-5.959414985240000533e+02
-6.000518503360000295e+02
-6.020431893459999628e+02
-5.986106870139999501e+02
-5.981064890989999867e+02
-5.888232661009999447e+02
-5.957307781099999602e+02
-5.959661809949999451e+02
-5.763270299509999859e+02
-5.968558961769999769e+02
-5.975624694240000281e+02
-6.008585063609999679e+02
-5.935834061450000263e+02
-5.893472598519999792e+02
-6.018359211120000509e+02
-5.898251130150000563e+02
-5.941795708040000363e+02
-6.039644153360000018e+02
-6.010925728260000369e+02
-5.911076847010000392e+02
-5.910151300320000018e+02
-5.834313222550000546e+02
-5.902907140429999799e+02
-5.793683335639999541e+02
-5.946394468490000236e+02
-5.950925311549999606e+02
-5.754634210289999601e+02
-5.820014687860000322e+02
-5.995240261059999511e+02
-6.025944365569999945e+02
-5.993917528990000392e+02
-5.856345617690000154e+02
-5.916679155770000307e+02
-5.981110289929999908e+02
-5.986351583240000309e+02
-5.553209357299999738e+02
-6.006424978879999799e+02
-5.938751108640000211e+02
-5.964049213639999607e+02
-5.875876009629999999e+02
-5.884420443660000046e+02
-6.004469209650000039e+02
-5.995540433180000264e+02
-5.929923979239999881e+02
-5.958934087809999482e+02
-5.918177550410000549e+02
-5.995242194319999953e+02
-5.945338024599999471e+02
-6.005705145800000082e+02
-5.955086040090000097e+02
-5.897232302080000181e+02
-5.871850450270000010e+02
-5.934699646980000125e+02
-5.987012632209999765e+02
-5.974410364760000220e+02
-5.843678370090000271e+02
-5.979433666810000432e+02
-5.986474482229999694e+02
-5.921442007739999553e+02
-5.943349528149999514e+02
-5.940524390489999860e+02
-5.928362084760000243e+02
-5.997360404250000556e+02
-5.983343659160000243e+02
-6.030929159360000540e+02
-5.902726074470000412e+02
-5.798723551419999467e+02
-5.977243069899999455e+02
-5.848708988089999821e+02
-5.872986787989999584e+02
-5.752669135759999790e+02
-5.759793877519999796e+02
-5.790257756969999718e+02
-5.991431947999999466e+02
-5.935732831840000472e+02
-5.973964108669999860e+02
-5.951273935850000498e+02
-5.977439449859999741e+02
-5.825136568320000379e+02
-5.938068277769999668e+02
-6.014023321959999748e+02
-5.960661476080000512e+02
-5.825341901760000383e+02
-5.816652356219999547e+02
-5.973790936640000382e+02
-6.000662801209999770e+02
-5.850650146440000299e+02
-6.020309759320000467e+02
-6.023788987269999780e+02
-6.012761157119999780e+02
-5.971427972300000420e+02
-5.911268094240000437e+02
-5.999269191020000562e+02
-5.935157221220000565e+02
-5.925986288440000180e+02
-5.938934730680000484e+02
-5.801615209130000039e+02
-5.892181164659999695e+02
-5.974077344830000129e+02
-5.949291443670000490e+02
-5.992667632820000563e+02
-5.782247762739999644e+02
-5.960735871120000411e+02
-5.919556674210000438e+02
-5.999466249439999501e+02
-5.731724986509999553e+02
-5.890295253450000246e+02
-6.026454752829999961e+02
-5.920681109370000286e+02
-5.761132812299999841e+02
-5.960983056100000113e+02
-5.985838989520000268e+02
-6.025550618739999891e+02
-6.047214891989999614e+02
-5.966300752710000097e+02
