4.863031461958683188e+00
4.829360723739737793e+00
4.781166175735790169e+00
4.643180590931177854e+00
4.605998371688812654e+00
4.532338358948942769e+00
4.573134920380110380e+00
4.475770771610181775e+00
4.408691415828511317e+00
4.409287130591519777e+00
4.383748624179995446e+00
4.299029192736425919e+00
4.302112039452249626e+00
4.263584055697741348e+00
4.241187215863029714e+00
4.418287111539945577e+00
4.372220031059735668e+00
4.406572364094341943e+00
4.360967438539296914e+00
4.311266867174890827e+00
4.333064273698233215e+00
4.300864331736121926e+00
4.136145548696274155e+00
4.049963703541057392e+00
4.063541681833717334e+00
4.060598108653453053e+00
3.983802956974654474e+00
3.993091408921163321e+00
4.003370704793649537e+00
3.994839421053117068e+00
3.919516041554110153e+00
3.899859100018871150e+00
3.911431195866801769e+00
3.949656314162030668e+00
3.886645983364062307e+00
3.885426874874883030e+00
3.818851397999141639e+00
3.864295278572795755e+00
3.951004682356122011e+00
3.910262011681570726e+00
3.859246947268339945e+00
3.774336630455741748e+00
3.720692139911604635e+00
3.645955293198203329e+00
3.604218361864330866e+00
3.609734339255452618e+00
3.573292179489385489e+00
3.569115296540586790e+00
3.636948308678582098e+00
3.576385605607986129e+00
3.622444478525516764e+00
3.712746826811653911e+00
3.703809525340092890e+00
3.628502997105004901e+00
3.514563130746124919e+00
3.464692482746484004e+00
3.474902156895931515e+00
3.401404856820192890e+00
3.458150661842251061e+00
3.498148224418170305e+00
3.476130032090284150e+00
3.487360749908159807e+00
3.385606887989212055e+00
3.349860444854382280e+00
3.369724914588726250e+00
3.376632197915550471e+00
3.273905771399048259e+00
3.258114945793042505e+00
3.259632187839604178e+00
3.231582584431349492e+00
3.213036414359475845e+00
3.145996503494560947e+00
3.105022061113253962e+00
3.068317780152505669e+00
3.058287102284545256e+00
2.988188079756694204e+00
2.879465749058321755e+00
2.876530201475382409e+00
2.883310076977500191e+00
2.877167183185572519e+00
2.739203351341407799e+00
2.737464885619540489e+00
2.798824753356308648e+00
2.795514263959316459e+00
2.787152848338246613e+00
2.802460347623137782e+00
2.723252650783617668e+00
2.791942155561250249e+00
2.795983905533077518e+00
2.939862241670517573e+00
2.661136975054083642e+00
2.739477504926806084e+00
2.987854246779785061e+00
2.935971900410492719e+00
3.005899698925431629e+00
3.020932968471826907e+00
2.795246321882921325e+00
2.806807795343314815e+00
2.727943547802996527e+00
2.755457312316777596e+00
2.761223641793616235e+00
2.802372387817150923e+00
2.779472791735871695e+00
2.880955744193235635e+00
2.710024538634290270e+00
2.713016033863419718e+00
2.819337510834770910e+00
2.867216943309312871e+00
2.870104701922910895e+00
2.874952173515239018e+00
2.942890585801653192e+00
2.927043047172351198e+00
2.943282861024403729e+00
2.951190098926194771e+00
2.936743434486574156e+00
2.864761072061682512e+00
2.805819844537421393e+00
2.727416726501470823e+00
2.773032095018014509e+00
2.855438845431643724e+00
2.865298239276323766e+00
2.925386299277413116e+00
2.858277278361915474e+00
2.845477288610822608e+00
2.812199495057205123e+00
2.835042151362127782e+00
2.776580630919980752e+00
2.705108870267516341e+00
2.785418280976844407e+00
2.854582456332273921e+00
2.883667283165655792e+00
2.907750677069820266e+00
2.902033080445500346e+00
2.877258591089789874e+00
2.904989672959268354e+00
2.917996915694052174e+00
2.938174263041591239e+00
2.940106970843067824e+00
2.956903278769869026e+00
2.925402023654184003e+00
2.901155976503159373e+00
2.918750760171207936e+00
2.910748700935894995e+00
2.890898476252668825e+00
2.798635381753042495e+00
2.729976190372362943e+00
2.724283575547890912e+00
2.745763828154199171e+00
2.735170561409288492e+00
2.734737464547556840e+00
2.781477664839321129e+00
2.895749643874621526e+00
2.941962780186044846e+00
2.886352022882863633e+00
2.925950956526783830e+00
2.820033687742045991e+00
2.800966618865709190e+00
2.732200761291161406e+00
2.733737734311761702e+00
2.831048922219465691e+00
2.852831751085226575e+00
2.790046594593001306e+00
2.729269132936508857e+00
2.842216916422812378e+00
2.771386295701124158e+00
2.741313006571850064e+00
2.865786628484403131e+00
2.874947999529730680e+00
2.956640153958543404e+00
2.898743175929872518e+00
2.909860649584443237e+00
2.761062476656404474e+00
2.790006451605443694e+00
2.771155715581497869e+00
2.800089284290770753e+00
2.805391594768901431e+00
2.820621385439739726e+00
2.790144440705534468e+00
2.793591595061812427e+00
2.786646192109790920e+00
2.840467743171888326e+00
2.795193374348186044e+00
2.820499423860958643e+00
2.731191864369839628e+00
2.716254958578078860e+00
2.723006793968755446e+00
2.777340634491923588e+00
2.686957759251156652e+00
2.752634556202476102e+00
2.783471753045106301e+00
2.780323362488615224e+00
2.752347543461763024e+00
2.744824584559093505e+00
2.822062366426369096e+00
2.783212711957172569e+00
2.748173211426091722e+00
2.782213147837527156e+00
2.835387451478192489e+00
2.830343795371862203e+00
2.827474137812758137e+00
2.894783411587126043e+00
2.890278533290520091e+00
2.975994959673151641e+00
3.066246076230673356e+00
2.968289237928137148e+00
2.948086328451051230e+00
2.919305910657532088e+00
2.920412642076458454e+00
2.941195335233618646e+00
2.864147168006560662e+00
2.858720168187156130e+00
2.876809865111005671e+00
2.924728021543200107e+00
2.865125128157581802e+00
2.918592297666804836e+00
2.900905203552849088e+00
2.936539630245095012e+00
2.948630529584878701e+00
2.917004113812663224e+00
2.940943046031323505e+00
2.830044699293635002e+00
2.756264319690692854e+00
2.838871254565801028e+00
2.917468423136743816e+00
2.941202645177649178e+00
2.933885137492604489e+00
2.851595342961550816e+00
2.829663937643479343e+00
2.854565816372079734e+00
2.920570834614356848e+00
2.923182341216503666e+00
2.830564961275398694e+00
2.801583837760348139e+00
2.893108535814029825e+00
2.874347404194558919e+00
2.868869289458827687e+00
2.932403280587443373e+00
2.935357388802937173e+00
2.892505834047703672e+00
2.817750343802657653e+00
2.774538159766414047e+00
2.768530296023505421e+00
2.751839748241164951e+00
2.737427441960791352e+00
2.718083332055880597e+00
2.736090824515882147e+00
2.781170616844641064e+00
2.753828789158832446e+00
2.707749988459052126e+00
2.782876389637168657e+00
2.734975868266483090e+00
2.754684918461637988e+00
2.826484034980562221e+00
2.844654987867597296e+00
2.911319460313484875e+00
3.010159630318631319e+00
2.958947279016643339e+00
2.891967150574155543e+00
2.896793054396534117e+00
2.836192870733583060e+00
2.775585884097265588e+00
2.823971848301607412e+00
2.874819298669049061e+00
2.908077371735490413e+00
2.914189081030947204e+00
2.887239165708307187e+00
3.003864677378127013e+00
2.950978481792097874e+00
2.991991143035018563e+00
2.885909215481318846e+00
2.840023415396429218e+00
2.789453351465121411e+00
2.852923588181078607e+00
2.939798292400347623e+00
2.955169876673758189e+00
2.992311648207786501e+00
2.982157272847962837e+00
2.905670662687015238e+00
2.886559543816825890e+00
2.955535991998744283e+00
2.924209294835101058e+00
2.951818591986981044e+00
2.840270057582553243e+00
2.822703845606195472e+00
2.853148611621904696e+00
2.880666242382133202e+00
2.858229521924367855e+00
2.793168451776584238e+00
2.746117623118135675e+00
2.819367836945012584e+00
2.809789315945236066e+00
2.917403297454776112e+00
2.920463148200983294e+00
2.918462095008259372e+00
2.870211490465467197e+00
2.871523811498000178e+00
2.865364200237031422e+00
2.907570463462580079e+00
2.907917811768414129e+00
2.882974505610481408e+00
2.831856987914466828e+00
2.855292804599906642e+00
2.777988480897644052e+00
2.755759967776584052e+00
2.849638749034691276e+00
2.902744391089232767e+00
2.830033568705502045e+00
2.800832019239997361e+00
2.748216148704464512e+00
2.764349652269046498e+00
2.757099381596535448e+00
2.771951659030150061e+00
2.800415861974788534e+00
2.863604721325902602e+00
2.858094645038893322e+00
2.823926875823805638e+00
2.862421527308653069e+00
2.912901131174897795e+00
2.836598314883516103e+00
2.741779896344707979e+00
2.710887124171716067e+00
2.727492254801102689e+00
2.821893513228307171e+00
2.754226570200788871e+00
2.747086274582580145e+00
2.763751797828451817e+00
2.784461168700329115e+00
2.798870129177128963e+00
2.813765804042688945e+00
2.817810142646236304e+00
2.856768979109091333e+00
2.818469620201715653e+00
2.761971940480207000e+00
2.807333966595353392e+00
2.851439461044193546e+00
2.932967950728408546e+00
2.889439565036790558e+00
2.755438622070903065e+00
2.723549155054852289e+00
2.818080552432808528e+00
2.869031369643768592e+00
2.868392058279341850e+00
2.868001046024914569e+00
2.839028354912997987e+00
2.836163782294668589e+00
2.811772572595443442e+00
2.789533832022833781e+00
2.745013296871255726e+00
2.807278753526268655e+00
2.835735001723538762e+00
2.720860525642577077e+00
2.749318097274304318e+00
2.729604183759982039e+00
2.782993172826695893e+00
2.773476158181281015e+00
2.780637337014663757e+00
2.754726483700332462e+00
2.755417209788745936e+00
2.722838408719841397e+00
2.717812723496599414e+00
2.779499595250914723e+00
2.830542350857871092e+00
2.816353848506966351e+00
2.758207207589741916e+00
2.702304757054614814e+00
2.697513113962562770e+00
2.775038197935300932e+00
2.800345871495162342e+00
2.857127753531507608e+00
2.817423113414099678e+00
2.809915835038480747e+00
2.826877075502222780e+00
2.849010178991995268e+00
2.875843354565752463e+00
2.871388166027017963e+00
2.884389710146671337e+00
2.861259338123687712e+00
2.749724713494061668e+00
2.758077953938212534e+00
2.742837217189529220e+00
2.774220250809225075e+00
2.708940198675489519e+00
2.715005340694562896e+00
2.744239238841978068e+00
2.851209392521004915e+00
2.848202415559680123e+00
2.813425492171420572e+00
2.757429781517564127e+00
2.769527396506486827e+00
2.805405140082266602e+00
2.850483116947021056e+00
2.797630783359376760e+00
2.823849500238990728e+00
2.810699023374790606e+00
2.862652790682097326e+00
2.871506050838131152e+00
2.891940697870549304e+00
2.837944678812468258e+00
2.890819952885339994e+00
2.758789770895926807e+00
2.755218684605633683e+00
2.863446873961520200e+00
2.900240679667810184e+00
2.879671161782192179e+00
2.885227374055639338e+00
2.875215644086543954e+00
2.869640744065361293e+00
2.806489800444676330e+00
2.819630117586347851e+00
2.774242058653137999e+00
2.766639477778050082e+00
2.765437578395144147e+00
2.717977372974249128e+00
2.771930193926246844e+00
2.815351843020690747e+00
2.814877084350220660e+00
2.830313586866302966e+00
2.832182197528965606e+00
2.844263349269894992e+00
2.886150723714892674e+00
2.938694608155124399e+00
2.815853156682713188e+00
2.897705299025420178e+00
2.862964547457756748e+00
2.819055515593831274e+00
2.798458504248365397e+00
2.696559474589796945e+00
2.774256116511235160e+00
2.798028591705238100e+00
2.813378218441310086e+00
2.896202513637469611e+00
2.903344795231871611e+00
2.913697650752390622e+00
2.911307094760015701e+00
2.877517680223703245e+00
2.870388475450666554e+00
2.833824271192552313e+00
2.852969856132377746e+00
2.928335704798888273e+00
2.895768637166995507e+00
2.938231611020478695e+00
2.814153869282915110e+00
2.819579046595431571e+00
2.910698369807493968e+00
2.861704736691051743e+00
2.885187515569828332e+00
2.852664193346283295e+00
2.845779506567576611e+00
2.910495662254111604e+00
2.866580890189565523e+00
2.903031691180790297e+00
2.848498025275776779e+00
2.718087746927976056e+00
2.744189862236212196e+00
2.845558996049810219e+00
2.803041919058649967e+00
2.897318415362729382e+00
2.800264273242795809e+00
2.770605349016709074e+00
2.887749296597611259e+00
2.898720579842079648e+00
2.840167776734324967e+00
2.907875685100723473e+00
2.848219443792911587e+00
2.784472301891329771e+00
2.778532706303814770e+00
2.868225932523448041e+00
2.864342682012750885e+00
2.894473700001435112e+00
2.819216557840138471e+00
2.828874157681815493e+00
2.787469282341959786e+00
2.778566896801298647e+00
2.795718333452066773e+00
2.823333844942889748e+00
2.837687967342428230e+00
2.908868164767870468e+00
2.914484345471768378e+00
2.901907303826226858e+00
2.932684265310536276e+00
2.867343369741405912e+00
2.770334636826388586e+00
2.691932019944040189e+00
2.762146991019848397e+00
2.790948405112498421e+00
2.766682670636443131e+00
2.798737929853383211e+00
2.805803628196385624e+00
2.732257857523700206e+00
2.735815417750254053e+00
2.823236971988005273e+00
2.934755526445090634e+00
2.939904760362144653e+00
2.931318133536514825e+00
2.899862582951130197e+00
2.855269339309340904e+00
2.826013977318583947e+00
2.840337655983879994e+00
2.966429840734481349e+00
2.884008668502922035e+00
2.849483461962886821e+00
2.810332898430361936e+00
2.769345951664399674e+00
2.723426151009055829e+00
2.750294166084784386e+00
2.755553301970404600e+00
2.725837302554941832e+00
2.736017909298109618e+00
2.764540829866688476e+00
2.768249446852649065e+00
2.758963211063170551e+00
2.773326522427534080e+00
2.733049212875610756e+00
2.733190443419558413e+00
2.758891262808303768e+00
2.795609772482561262e+00
2.706543552208239500e+00
2.701161787083476540e+00
2.762109700935138523e+00
2.708154537687979868e+00
2.750920027917932220e+00
2.719403243360572819e+00
2.730849318435567330e+00
2.787530268893954055e+00
2.805828576374543637e+00
2.783190435453528178e+00
2.737675108554702419e+00
2.766616706376219259e+00
2.724226679261473993e+00
2.735928909895138705e+00
2.710246852225826508e+00
2.781037396368484682e+00
2.785946338320248739e+00
2.698635581178014498e+00
2.692040490037250322e+00
2.749707075308204463e+00
2.764034912948821532e+00
2.816439241311625263e+00
2.768932826920869505e+00
2.769309119618104109e+00
2.815975319494117723e+00
2.926229143454079917e+00
2.909475038559361959e+00
2.873869342889478151e+00
2.877150500060781102e+00
2.878226016142582111e+00
2.842944424360068112e+00
2.871279854002393161e+00
2.899345788277072788e+00
2.892795533735490476e+00
2.832136119610072722e+00
2.832954111876858416e+00
2.705978750840442260e+00
2.715855850372033142e+00
2.743640464783970501e+00
2.808882696019896041e+00
2.854984763532022907e+00
2.895830968823974061e+00
2.839030996660656836e+00
2.885320432811580016e+00
2.862434977427435356e+00
2.847031612047888238e+00
2.722915165773623691e+00
2.753105337614237147e+00
2.780005215822445308e+00
2.860159785746243521e+00
2.831926729278142929e+00
2.775878599650928091e+00
2.730286798122131486e+00
2.725884443625591569e+00
2.720337662864666939e+00
2.772091448707997063e+00
2.810660064824630933e+00
2.848795008420226704e+00
2.785672809215037127e+00
2.761381176150804695e+00
2.705214409247445051e+00
2.749046016348216881e+00
2.854575625202457001e+00
2.895451087481879959e+00
2.779240363840451256e+00
2.788922910372389818e+00
2.720033455676603040e+00
2.788597496950752319e+00
2.826906613243528987e+00
2.805517599303201770e+00
2.816524454003551448e+00
2.878797492009467440e+00
2.861285899731098592e+00
2.893004666432462013e+00
2.884960311685413892e+00
2.857023976098205242e+00
2.788133605120098668e+00
2.821332486609828383e+00
2.781272550470378135e+00
2.839245322264351223e+00
2.735877372982933764e+00
2.733083789421759224e+00
2.754464376244499579e+00
2.721619554603472046e+00
2.728140942106913602e+00
2.742109589349046583e+00
2.711795899399510823e+00
2.794159086380015200e+00
2.718762034456122745e+00
2.736538872371448772e+00
2.774696199586542456e+00
2.805356483586355143e+00
2.771826473645130573e+00
2.696846120934599966e+00
2.765129291733028793e+00
2.821498360800516192e+00
2.888371340392367426e+00
2.837597046798575828e+00
2.753816805816974078e+00
2.796413417218563069e+00
2.766302405739474501e+00
2.804726546385583497e+00
2.732760875012667956e+00
2.786281751725765421e+00
2.754531357599691699e+00
2.734189093680245541e+00
2.732142016806593521e+00
2.712338290110582584e+00
2.759636570275151080e+00
2.730674092600579694e+00
2.771236186253348333e+00
2.804346804516160141e+00
2.761724461274151388e+00
2.804866128712740991e+00
2.763818554102276615e+00
2.783538395639621577e+00
2.826735926824435197e+00
2.816792679626954232e+00
2.703772919459028756e+00
2.737759850680844931e+00
2.751863005311129484e+00
2.715777605033224518e+00
2.737160207222077091e+00
2.736892581012269066e+00
2.794346435215218527e+00
2.727293530223690254e+00
2.784165584156229389e+00
2.856664663554334016e+00
2.931089046753783123e+00
2.934878021315366237e+00
2.921210194422852791e+00
2.934026073503777532e+00
2.972256718387562557e+00
2.906346675811404268e+00
2.825284764408713567e+00
2.722421165066125859e+00
2.719703108796987845e+00
2.748690597357220877e+00
2.779962949393390836e+00
2.757699403488349077e+00
2.815941228079875458e+00
2.871435529486950244e+00
2.869429560034538085e+00
2.798967130925263280e+00
2.740597015250509472e+00
2.753421326277545766e+00
2.793304852678990979e+00
2.783679220025180978e+00
2.796429688012913140e+00
2.735698265525640771e+00
2.739038152344724253e+00
2.790343527238178911e+00
2.791451772823596134e+00
2.852424407412052165e+00
2.888021121806417568e+00
2.822109317514117865e+00
2.880666936665882805e+00
2.845275382102758766e+00
2.813795657115135462e+00
2.865244317680430974e+00
2.876127431112884381e+00
2.906274247210679285e+00
2.781016001392297099e+00
2.769659004281935122e+00
2.796303452774751452e+00
2.869939023742490658e+00
2.783966415027308017e+00
2.716336687526051286e+00
2.766179676015280364e+00
2.798820823132484925e+00
2.850304018872372502e+00
2.905803159197125840e+00
2.912631456260815987e+00
2.856927195432183098e+00
2.889298357733240064e+00
2.825356968597065865e+00
2.788753126398965332e+00
2.897751197049187599e+00
2.945696182568732002e+00
2.933144899250632154e+00
2.972202550298347123e+00
2.880005034717821655e+00
2.805365751555401133e+00
2.785121361808134743e+00
2.757443199777648957e+00
2.832513548069981457e+00
2.766845134806066753e+00
2.783835663253130921e+00
2.834941974714826340e+00
2.840166720458501715e+00
2.822136247596845227e+00
2.804351440172932808e+00
2.729665547278640414e+00
2.788102221942373671e+00
2.844384467683649831e+00
2.871676339701255021e+00
2.929465480254033860e+00
2.949280081647045471e+00
2.950431493866617849e+00
2.995125373001938929e+00
2.959085331652333561e+00
2.879371111892317092e+00
2.851106451888459237e+00
2.908588145475395237e+00
2.920456299964099500e+00
2.965514795107250912e+00
2.968519327880483782e+00
3.025727185322562907e+00
2.967798847631018866e+00
2.969657387645921354e+00
2.998313025686277111e+00
3.014045951872665441e+00
3.064950407429131385e+00
2.979186130472549099e+00
3.016849515637132217e+00
3.032048152651933393e+00
3.068228642066950229e+00
3.006487818036188031e+00
3.058172983988969751e+00
3.022752057314659346e+00
2.986204279683491780e+00
3.031073902101365736e+00
3.017971835521332746e+00
3.063619428062172911e+00
3.013882877618172973e+00
2.969274153728483245e+00
2.931612866665719963e+00
2.808171825227224527e+00
2.760699911254390848e+00
2.766053687114550907e+00
2.746498498088065787e+00
2.758592575934329272e+00
2.742567774914596246e+00
2.818761962280604383e+00
2.779994964024215864e+00
2.754992195996206927e+00
2.770402497833121203e+00
2.777580781903562279e+00
2.767011745547893309e+00
2.759439073435034029e+00
2.730227279916453753e+00
2.758489985481187290e+00
2.742473518559477075e+00
2.736919070780134966e+00
2.803651190858092779e+00
2.799800350024979956e+00
2.812494266660822362e+00
2.777747648725492180e+00
2.797236672146280689e+00
2.842801786970031053e+00
2.792505863915061060e+00
2.797464745086164051e+00
2.891487679378904385e+00
2.913700224800073180e+00
2.862568427129734250e+00
2.858386083089547114e+00
2.898207894544488461e+00
2.895037478168460687e+00
2.883641794675614989e+00
2.899438049001909601e+00
2.898129914272305818e+00
2.929942149599544798e+00
2.954658355884822729e+00
2.988937102048151662e+00
2.943570620861676979e+00
2.934297530926269104e+00
2.829515152813287582e+00
2.754255253239976220e+00
2.708728483993920300e+00
2.706048595276884239e+00
2.742827373350353426e+00
2.768287918551825655e+00
2.937566509885350730e+00
3.011958001035206944e+00
2.944833441809569852e+00
2.959909626998770360e+00
2.939983333286091405e+00
2.847367380581578900e+00
2.822611733838007009e+00
2.791372601427477118e+00
2.773566296305173484e+00
2.832928696596509699e+00
2.915981824360365238e+00
2.970499789597703444e+00
2.852981773513458830e+00
2.868590769001392538e+00
2.944710681883705217e+00
2.845196126807429504e+00
2.816270228511461582e+00
2.868625280513298570e+00
2.852705733159310419e+00
2.756017779333072681e+00
2.800096605476317890e+00
2.841652512183711288e+00
2.926799104824245212e+00
2.955289664313805353e+00
2.882991848757120223e+00
2.834452328052105230e+00
2.831639277874213878e+00
2.891402082035634535e+00
2.840493971125445327e+00
2.929681723327638210e+00
2.828108201607569594e+00
2.701822718092362408e+00
2.690516307328390866e+00
2.789801785073627194e+00
2.846126139158276835e+00
2.882654852735581752e+00
2.860492614917927057e+00
2.825300161044840497e+00
2.796490121563099951e+00
2.803481407107955015e+00
2.842231693581648067e+00
2.878164171828980322e+00
2.867666124220181967e+00
2.787418339611045681e+00
2.741635278442411838e+00
2.751835205821744346e+00
2.778265286109301790e+00
2.732018667578974824e+00
2.745414540647732604e+00
2.736976616633762571e+00
2.825638511911953366e+00
2.886763758952228365e+00
2.895894507747131641e+00
2.846043218224206583e+00
2.895350237881421318e+00
2.932964541210820730e+00
2.853183660404636779e+00
2.929683600664072074e+00
2.928211911730433492e+00
2.906057810849605350e+00
2.907267445557769392e+00
2.922654444165440957e+00
2.907622740315531917e+00
2.900648375794625533e+00
2.875654534188695433e+00
2.921711826994578765e+00
2.929131099831483898e+00
2.826240435631759862e+00
2.814204150377154434e+00
2.774133738665098825e+00
2.730974002073252915e+00
2.804472677706095762e+00
2.852600392624245806e+00
2.884139559730076741e+00
2.804478382872651387e+00
2.805096255032970998e+00
2.825947274808926934e+00
2.712165739773290341e+00
2.741330151586998998e+00
2.840854272925663171e+00
2.859710999384378560e+00
2.804192040499365657e+00
2.753651757212592699e+00
2.751416544254976948e+00
2.770878019689787752e+00
2.737225968019447286e+00
2.758325216503666688e+00
2.704688706672174536e+00
2.744675026300928522e+00
2.691961923950634272e+00
2.736955607970287030e+00
2.855145880686308590e+00
2.885945598932869949e+00
3.020786983552464555e+00
3.028564841637041649e+00
3.008249989611901043e+00
2.878268403050695756e+00
2.820437909261609644e+00
2.811761191851115171e+00
2.838549629652439066e+00
2.792709437087933289e+00
2.872110373923676629e+00
2.957259711286785109e+00
2.946599056539589423e+00
2.923799069703662212e+00
2.953903688341920297e+00
2.920354772968516421e+00
2.820630603251691237e+00
2.788876834856642173e+00
2.737093896818302952e+00
2.747650086892433841e+00
2.779281561842916748e+00
2.764566331271506971e+00
2.773206447417862375e+00
2.712708425172155824e+00
2.736507445632114788e+00
2.771693525626525823e+00
2.801645409397841568e+00
2.745924980766953905e+00
2.748960894592718418e+00
2.746358680143582642e+00
2.785834165918711580e+00
2.909284963698125281e+00
2.901963817830953474e+00
2.888226791649160408e+00
2.851539058122823267e+00
2.888091757545109051e+00
2.941133454979559581e+00
2.905086057245120923e+00
2.865659784412657896e+00
2.809004627977675916e+00
2.813748745001941387e+00
2.776123016006315503e+00
2.728174114678167506e+00
2.765777648329670324e+00
2.812634885654375250e+00
2.838520036920649137e+00
2.820563064354349780e+00
2.831652167904808781e+00
2.928958517971874898e+00
2.888771018962907888e+00
2.824714852865683579e+00
2.835465922912846271e+00
2.706035661257995883e+00
2.743860965865435375e+00
2.814969449212549435e+00
2.772558745996196006e+00
2.764873053143670045e+00
2.750120179192174330e+00
2.832283177932601870e+00
2.781765985844243616e+00
2.839329850510503572e+00
2.860478631278339456e+00
2.862408950517028927e+00
2.906214548170867662e+00
2.941225764881030269e+00
2.915932440918342028e+00
2.818430236851712678e+00
2.853923965350162906e+00
2.875157560899923581e+00
2.886481768520286373e+00
2.837035248282967714e+00
2.857755062982130667e+00
2.875285203245061982e+00
2.892700468420468685e+00
2.874471429671896505e+00
2.804830476160725450e+00
2.783664670896981441e+00
2.735334348850246400e+00
2.765025316339797978e+00
2.765731910362969614e+00
2.714243909452501935e+00
2.770849328274635592e+00
2.826247158335590814e+00
2.861057846321880760e+00
2.889435065890908927e+00
2.762812516259473217e+00
2.743495033711561337e+00
2.733116353176352042e+00
2.731272414095671675e+00
2.746400189338763731e+00
2.740814842341598112e+00
2.756585206374002173e+00
2.751470334203150792e+00
2.788743265343728517e+00
2.783806386945758327e+00
2.781776770339417837e+00
2.783432593040470415e+00
2.712069873731132397e+00
2.834928923271269774e+00
2.784565675289415676e+00
2.725913058041286696e+00
6.041661774710662236e+00
6.036530129138758305e+00
6.074720569705243101e+00
2.868055264460572129e+00
2.886438289657341727e+00
2.846419680932521512e+00
2.834505600629499966e+00
2.866646472797090173e+00
2.787029422162600856e+00
2.731685743272823874e+00
6.228257701797510038e+00
6.262793466177853041e+00
6.155626450654718695e+00
6.181883046451137176e+00
6.146194676383102795e+00
6.081655531185566232e+00
6.141533114784938796e+00
6.134564776738444358e+00
6.231104637221236864e+00
2.896698810715397698e+00
2.835876407744173378e+00
2.875604458196572288e+00
2.824269994175485632e+00
2.794933094011375463e+00
2.788125176529920424e+00
2.823726792733319613e+00
2.755500317546706768e+00
2.761554272506698382e+00
2.786580162134224548e+00
2.780973210946124041e+00
2.752324653815389155e+00
2.784379464081719213e+00
2.744320316581138286e+00
2.790421294356821402e+00
2.862833212047114717e+00
2.793003043320934076e+00
2.881660285321640647e+00
2.937702673859285962e+00
2.768451010944567692e+00
2.770145483544141030e+00
2.786932901955121888e+00
2.786169233912398013e+00
2.834074628516334293e+00
2.845110542667894205e+00
2.799008931747091644e+00
2.789395991966720167e+00
2.798614121310760705e+00
2.887056805814530058e+00
2.801550463582621386e+00
2.748616561108514933e+00
2.735453344511655338e+00
2.761021912263645905e+00
2.799607293889627257e+00
2.834935272629694136e+00
2.870599066397117038e+00
2.946383206577175340e+00
2.864809592276596817e+00
2.879632094556524802e+00
2.833301078247774551e+00
2.894341721359106945e+00
2.981705887575097691e+00
2.941461711462517670e+00
2.933231835365217588e+00
2.872557397163718829e+00
2.840921329428183650e+00
2.813343917831590435e+00
