-5.759801106690000552e+02
-5.881746533890000137e+02
-5.872106765639999821e+02
-5.895249764339999956e+02
-5.899673387059999641e+02
-5.862951076970000486e+02
-5.926594830469999806e+02
-5.986591576979999445e+02
-5.908480762579999919e+02
-5.893495713270000351e+02
-5.920802165259999583e+02
-5.981209689979999666e+02
-5.936601708570000255e+02
-5.978074329510000098e+02
-5.973262745140000334e+02
-5.994268339830000514e+02
-5.971963203389999535e+02
-5.883913751280000497e+02
-5.863174124920000168e+02
-5.891000497689999520e+02
-6.019274717340000507e+02
-5.930112935370000287e+02
-6.045188478000000032e+02
-5.975924127060000046e+02
-5.847377541209999663e+02
-5.982850587240000095e+02
-5.851781071909999810e+02
-5.942504216679999445e+02
-5.909564438830000199e+02
-5.871040171979999513e+02
-5.790776318780000338e+02
-5.969482681470000216e+02
-6.043166521350000266e+02
-6.013063786239999899e+02
-5.812601105630000120e+02
-5.976478875430000244e+02
-6.014063031580000143e+02
-5.987429673929999581e+02
-5.960199389770000380e+02
-5.977246512530000473e+02
-5.936392381760000490e+02
-5.921908815790000062e+02
-5.893046608949999836e+02
-5.911735480329999746e+02
-5.959502621049999789e+02
-6.028049542969999948e+02
-5.833293558670000039e+02
-5.909979677029999721e+02
-5.966721754699999565e+02
-5.934565165330000127e+02
-5.967439987489999567e+02
-5.882458132389999719e+02
-5.935900343670000439e+02
-5.952517935419999731e+02
-5.875082257210000307e+02
-5.773468389350000507e+02
-5.829873708190000343e+02
-5.794828209419999894e+02
-5.889413010910000139e+02
-6.008200681179999947e+02
-5.902261958940000568e+02
-5.916702265569999781e+02
-5.879726127430000133e+02
-5.987699263839999730e+02
-5.788953512880000289e+02
-5.859298181630000499e+02
-5.988125798270000359e+02
-5.951402316930000325e+02
-5.944693554479999875e+02
-5.688368806949999907e+02
-5.794239302030000545e+02
-5.998261125479999691e+02
-6.023148637680000093e+02
-5.975242492529999936e+02
-5.840547401170000512e+02
-5.908949243939999860e+02
-5.861227661289999560e+02
-6.009713324519999560e+02
-5.909905786379999881e+02
-6.000137956040000518e+02
-6.016358944979999706e+02
-5.929555985910000118e+02
-5.775039728809999815e+02
-5.904463752719999547e+02
-5.713672770700000001e+02
-6.030187544410000555e+02
-5.854694934079999484e+02
-5.903761320150000529e+02
-5.938973335299999690e+02
-5.981995796100000007e+02
-5.917253785350000044e+02
-5.996952431319999732e+02
-5.867925704750000477e+02
-5.913169701760000407e+02
-5.919664489059999823e+02
-5.844345462530000077e+02
-5.918984296590000440e+02
-5.936988811390000365e+02
-5.809866929559999562e+02
-6.007186848940000345e+02
-5.727577377830000387e+02
-5.993299183399999492e+02
-5.880962961430000178e+02
-5.884070564050000485e+02
-5.898922483579999607e+02
-6.063402249319999555e+02
-5.947204578199999787e+02
-5.992219104790000301e+02
-5.945401286039999604e+02
-5.959354959449999569e+02
-5.850473143089999439e+02
-5.858164830980000488e+02
-6.020227820610000435e+02
-5.782523159820000274e+02
-5.950966664979999905e+02
-5.975498524380000163e+02
-5.942772109799999498e+02
-5.900594005619999507e+02
-5.830662158459999773e+02
-5.938956975930000226e+02
-5.958730694280000080e+02
-5.657508661089999578e+02
-5.982416160300000456e+02
-5.893206669239999655e+02
-5.921323878270000023e+02
-6.008460453139999800e+02
-5.801927731060000042e+02
-5.985609286520000296e+02
-5.995035140730000194e+02
-5.980985097400000541e+02
-5.924921043479999980e+02
-5.939388906619999489e+02
-5.915943620540000438e+02
-5.972297083509999993e+02
-5.741657753680000269e+02
-5.974303507890000446e+02
-5.944004335560000527e+02
-5.937438995820000400e+02
-5.943451632410000229e+02
-5.721197283469999775e+02
-5.822991068500000438e+02
-5.982527013220000072e+02
-6.020701239139999643e+02
-5.971535751989999881e+02
-5.916961704069999541e+02
-5.696631136260000403e+02
-6.009566410620000170e+02
-5.827318080789999613e+02
-5.745954928429999882e+02
-5.838826953210000283e+02
-5.984943350639999835e+02
-5.899018356340000082e+02
-5.877151574370000162e+02
-5.941712748679999549e+02
-5.905061926659999472e+02
-5.923226793049999515e+02
-5.924791506980000122e+02
-6.000142981679999821e+02
-5.954655221570000094e+02
-5.970886060230000112e+02
-5.833495350700000017e+02
-5.919002600799999527e+02
-5.993156470559999889e+02
-5.997671356810000134e+02
-5.940713653159999694e+02
-5.988705715419999933e+02
-5.905436945630000309e+02
-5.944026021529999753e+02
-5.840174002070000370e+02
-5.932284868540000389e+02
-6.010274832559999822e+02
-5.917632827029999589e+02
-5.844109482930000468e+02
-5.966778831189999437e+02
-5.955187603580000086e+02
-6.013514000569999780e+02
-5.942943927989999793e+02
-5.998122349999999869e+02
-5.943726062829999819e+02
-5.948368309449999742e+02
-5.856995476639999652e+02
-5.877001914639999995e+02
-5.937072364379999954e+02
-6.012316303149999612e+02
-5.891619564439999976e+02
-5.950380881529999897e+02
-5.840639737599999535e+02
-5.860592198379999900e+02
-5.919455585360000214e+02
-5.981153013609999789e+02
-5.889396870279999803e+02
-5.939949062739999590e+02
-5.908524828009999510e+02
-6.006122555650000550e+02
-5.880613803090000147e+02
-5.947439973900000041e+02
-5.966055354899999656e+02
-5.816433594549999953e+02
-5.935451251949999687e+02
-5.963855869530000291e+02
-5.994594192700000121e+02
-6.028670418890000064e+02
-5.939368961860000127e+02
-6.033507078909999564e+02
-5.923714239969999653e+02
-5.946300065200000518e+02
-5.933121349489999830e+02
-5.957544858449999765e+02
-6.038486256759999833e+02
-5.865309068840000464e+02
-5.901936436480000339e+02
-5.970863549990000365e+02
-5.990665836189999709e+02
-6.020966782640000474e+02
-5.880021697959999756e+02
-5.992135464030000094e+02
-6.017920090180000443e+02
-5.941320477689999962e+02
-5.886546324800000320e+02
-5.941217172540000320e+02
-5.846958980000000565e+02
-5.868670191229999773e+02
-5.869120803260000230e+02
-5.835596968559999596e+02
-5.956851479729999710e+02
-5.858246915890000537e+02
-6.009525234730000420e+02
-6.018257243479999943e+02
-6.042272392600000330e+02
-5.996512856619999638e+02
-5.974921154539999861e+02
-5.976641046180000103e+02
-6.038794641309999633e+02
-5.990973535370000036e+02
-6.041567859140000110e+02
-5.850115037509999638e+02
-5.954109990709999920e+02
-5.916631006789999674e+02
-5.862168288220000250e+02
-5.966226798579999695e+02
-5.835486312350000162e+02
-5.994032435169999644e+02
-5.997699540869999737e+02
-6.005139048419999881e+02
-5.866599560739999788e+02
-5.864790264680000291e+02
-5.870479640959999870e+02
-5.831993747999999869e+02
-5.960147736709999435e+02
-5.989285103079999999e+02
-5.957180726249999907e+02
-5.895910864080000238e+02
-5.831528136849999555e+02
-5.889749951170000486e+02
-5.969972496660000161e+02
-5.889015404670000180e+02
-5.938621288519999553e+02
-5.882983672489999663e+02
-5.922481470830000490e+02
-5.984039676090000057e+02
-5.997490715029999819e+02
-5.904579031170000007e+02
-5.831625722950000181e+02
-5.807945052430000032e+02
-5.957467127830000209e+02
-5.962962576310000031e+02
-5.796788414090000288e+02
-5.833754777679999961e+02
-5.838370202569999492e+02
-5.909902922740000122e+02
-5.804878398749999633e+02
-6.004843292750000501e+02
-5.869506801620000260e+02
-5.801986593440000206e+02
-5.845396614879999788e+02
-5.927920053020000068e+02
-5.970014875169999868e+02
-5.867288953910000373e+02
-5.705168958689999954e+02
-5.848462841849999450e+02
-5.839145396410000330e+02
-5.940174794749999592e+02
-5.974725336699999616e+02
-5.864888216629999533e+02
-5.947032824489999712e+02
-5.904131496520000155e+02
-5.982008666250000033e+02
-6.016610902310000029e+02
-6.012078397330000143e+02
-5.897419803719999436e+02
-6.000855046950000542e+02
-6.029291608969999743e+02
-5.904239252190000116e+02
-5.983891732700000148e+02
-5.891773317280000128e+02
-5.930352356710000095e+02
-5.993485701089999793e+02
-5.929396443959999488e+02
-5.960370623269999442e+02
-5.709865961780000134e+02
-5.895109861250000449e+02
-5.998790654790000190e+02
-5.993850277310000365e+02
-5.991557343729999729e+02
-5.891010026960000232e+02
-5.940497114439999677e+02
-6.000342378049999752e+02
-5.932574476989999539e+02
-5.804946137900000167e+02
-5.879644692030000215e+02
-5.759246652970000468e+02
-5.941985882499999434e+02
-5.885550875830000450e+02
-5.880449800149999646e+02
-5.944883779640000512e+02
-5.998940810550000151e+02
-5.877249590029999808e+02
-5.736618951369999877e+02
-5.899524253609999960e+02
-5.880890244810000240e+02
-5.904850375370000393e+02
-5.912701862769999934e+02
-5.940470471200000020e+02
-5.982122715670000161e+02
-5.910880941279999661e+02
-5.989468319769999880e+02
-5.767171861430000490e+02
-5.923532038639999655e+02
-6.000729512469999918e+02
-5.914495370959999718e+02
-5.827776063080000313e+02
-5.952962002250000069e+02
-5.682758825570000454e+02
-5.879050945499999443e+02
-5.955196806229999993e+02
-5.956314759939999703e+02
-6.003958401380000396e+02
-6.018650517249999439e+02
-6.020401762440000084e+02
-5.983920809859999963e+02
-5.770076396250000244e+02
-5.968862013740000521e+02
-5.937695550360000425e+02
-5.947171529620000001e+02
-5.843976206439999714e+02
-5.900011360460000560e+02
-6.002874986079999644e+02
-5.897480410150000125e+02
-5.933376671199999919e+02
-6.029919176810000181e+02
-5.890123867559999553e+02
-5.954700630119999687e+02
-5.910248833860000559e+02
-5.797502068349999718e+02
-5.879631592109999474e+02
-6.042395894960000078e+02
-5.971598262500000374e+02
-5.761173530190000065e+02
-5.901595258820000254e+02
-5.889984917860000451e+02
-5.910015900050000255e+02
-5.903609600339999588e+02
-5.994648506380000299e+02
-5.955428288299999622e+02
-5.943319483640000271e+02
-5.930803350800000544e+02
-5.960736983130000226e+02
-6.055632195309999588e+02
-5.842527924070000154e+02
-5.864777784569999994e+02
-6.033009709589999829e+02
-5.998581139130000111e+02
-5.947831338080000023e+02
-5.913857590170000549e+02
-6.026072014390000504e+02
-5.901310216299999638e+02
-5.781357988820000173e+02
-5.946760121300000037e+02
-5.846361997830000519e+02
-5.680419531459999689e+02
-5.716591270279999435e+02
-5.902249026480000111e+02
-6.012933190850000074e+02
-5.956817038090000551e+02
-5.859711327830000300e+02
-5.629266057989999581e+02
-6.012999956029999566e+02
-5.964719816980000360e+02
-5.886696930169999860e+02
-6.059356007129999853e+02
-5.955726088850000224e+02
-5.819045033510000167e+02
-6.022604766089999657e+02
-6.035837778190000336e+02
-5.971485726189999923e+02
-5.926886845709999534e+02
-6.046484804579999945e+02
-6.013545831159999580e+02
-6.050837479860000485e+02
-5.930176011840000001e+02
-5.893208795479999935e+02
-5.944539900380000290e+02
-6.026524777189999895e+02
-5.903889716569999564e+02
-5.838228048859999717e+02
-5.846729984720000175e+02
-5.994446632809999755e+02
-6.019918825280000192e+02
-5.818372469019999471e+02
-5.933318108920000213e+02
-5.909943517939999538e+02
-5.905858495969999922e+02
-5.946534947310000234e+02
-6.044767656640000268e+02
-5.914025728300000537e+02
-5.971328014099999564e+02
-5.980611331789999667e+02
-5.986593803700000080e+02
-5.940302642689999857e+02
-5.877402697229999831e+02
-5.994010306650000075e+02
-6.037790397119999852e+02
-5.947029234860000315e+02
-5.898185600890000160e+02
-5.974244558340000140e+02
-5.994899774240000170e+02
-5.886595276130000229e+02
-6.060520546200000354e+02
-5.934845042550000471e+02
-5.892029978169999822e+02
-5.878781409580000172e+02
-5.963703304110000545e+02
-5.909448470329999736e+02
-5.918835678729999472e+02
-5.902747842500000388e+02
-5.868955679340000415e+02
-5.871291966679999632e+02
-5.912414130959999738e+02
-5.982522454530000005e+02
-6.004217977370000199e+02
-5.849701194360000045e+02
-5.761299146280000514e+02
-5.891677116609999985e+02
-5.932652053890000161e+02
-5.886862679820000039e+02
-5.847235193010000103e+02
-5.874498686709999902e+02
-5.950317527470000414e+02
-5.947862978990000329e+02
-5.873736240709999947e+02
-5.980952673670000195e+02
-6.034628148849999434e+02
-5.740390913369999453e+02
-5.912133453850000251e+02
-6.020768806910000421e+02
-5.961543665589999819e+02
-5.981332267220000176e+02
-5.889601542560000098e+02
-5.809200651879999668e+02
-5.681472356020000234e+02
-5.907098557670000218e+02
-5.769325363839999454e+02
-5.977835244870000224e+02
-6.009257662920000485e+02
-6.053418197859999736e+02
-5.917448918259999573e+02
-5.727909467739999627e+02
-6.039002326239999547e+02
-6.047809108469999728e+02
-5.871777006559999563e+02
-5.925709263300000202e+02
-5.966136387110000214e+02
-5.964674350989999994e+02
-5.836110709549999456e+02
-5.695393776829999979e+02
-5.898322783290000189e+02
-5.813186190830000442e+02
-5.916995448760000045e+02
-5.885626799399999527e+02
-5.886141018380000105e+02
-5.843291761010000300e+02
-5.935725075249999918e+02
-5.855228249189999588e+02
-5.958162144259999877e+02
-5.978607002329999887e+02
-5.891074198049999495e+02
-5.866008034300000418e+02
-6.005363924329999463e+02
-5.908842537030000130e+02
-5.943160985570000321e+02
-5.980194589620000443e+02
-5.970787368139999671e+02
-5.944256492050000134e+02
-5.909507705140000553e+02
-5.932802146129999983e+02
-5.906159767640000382e+02
-5.932989643920000162e+02
-5.997124172329999965e+02
-5.702291851989999714e+02
-6.013971001200000046e+02
-5.901964512880000484e+02
-5.908482857400000512e+02
-6.007121303769999940e+02
-5.916067070010000180e+02
-5.859547068079999690e+02
-6.015392118070000151e+02
-5.942367328149999821e+02
-5.895844411360000095e+02
-5.636561419560000559e+02
-5.779427863869999555e+02
-5.763287354039999855e+02
-5.862589171859999624e+02
-5.868591650790000358e+02
-5.838292088670000339e+02
-5.869243723519999776e+02
-5.900593302800000401e+02
-5.922910734289999937e+02
-5.959994905500000186e+02
-5.918251483389999521e+02
-5.968794885500000191e+02
-5.986381666900000482e+02
-5.812744859590000033e+02
-6.048042980249999800e+02
-5.996310520099999621e+02
-5.880094513799999731e+02
-5.980178660960000343e+02
-5.949392039409999597e+02
-5.971164186080000036e+02
-5.893810035559999960e+02
-5.864805717770000228e+02
-5.923762368540000125e+02
-5.987709187489999749e+02
-5.886913494259999879e+02
-5.989782052230000318e+02
-5.988480226120000225e+02
-5.941338051989999940e+02
-5.979766473710000128e+02
-5.931730678359999729e+02
-5.971733978439999646e+02
-6.011014108020000322e+02
-5.853802559550000524e+02
-5.991802149049999571e+02
-5.968547725360000413e+02
-5.844808751809999876e+02
-5.982456190939999487e+02
-5.702943972670000221e+02
-5.646682689880000225e+02
-5.684031392699999969e+02
-5.970418942420000121e+02
-5.863646736260000125e+02
-5.974512593020000395e+02
-5.963828272319999542e+02
-6.001560496219999550e+02
-5.996736485709999442e+02
-5.890578310270000202e+02
-5.970839297459999671e+02
-5.940878728510000428e+02
-6.037133720640000547e+02
-6.060217019650000339e+02
-5.870755100190000348e+02
-5.990565312200000108e+02
-5.983612571060000391e+02
-5.891879594849999648e+02
-5.976988825319999705e+02
-5.911015878489999977e+02
-5.881540922780000074e+02
-5.840436889390000488e+02
-5.780130912710000075e+02
-5.767656311760000563e+02
-6.000730185730000130e+02
-5.919694013570000379e+02
-5.892756670100000065e+02
-5.903684912969999914e+02
-5.873040028210000401e+02
-5.950928987050000387e+02
-5.968853312219999907e+02
-5.947047050060000402e+02
-5.893092065340000545e+02
-5.829671708509999917e+02
-5.966527071609999666e+02
-5.886763253679999934e+02
-5.966873794399999724e+02
-6.036582544970000299e+02
-5.986224974990000192e+02
-6.009226692119999598e+02
-6.045392400079999788e+02
-5.912070772519999764e+02
-5.998509074400000145e+02
-5.850999624920000315e+02
-5.939838816660000020e+02
-6.049100304859999824e+02
-5.958440005290000272e+02
-5.967782271360000550e+02
-5.999937377530000049e+02
-5.994472773859999961e+02
-6.037068487410000444e+02
-5.954024676459999910e+02
-5.768658632939999507e+02
-6.027990140890000248e+02
-6.030948099859999729e+02
-5.896801944349999758e+02
-5.896511340160000145e+02
-5.935461700160000191e+02
-5.943205249750000121e+02
-5.800049377589999722e+02
-5.934663166750000300e+02
-5.913375407700000324e+02
-5.880276431009999669e+02
-5.945689499210000122e+02
-5.926144121959999893e+02
-5.954974664229999917e+02
-5.941021415469999738e+02
-5.914599925869999879e+02
-5.855842700399999785e+02
-5.678659100050000461e+02
-5.838194937739999659e+02
-6.015906165369999599e+02
-5.999976856729999781e+02
-6.009032473739999887e+02
-5.939459364750000532e+02
-5.984345302850000508e+02
-5.975530018780000319e+02
-5.940221602029999985e+02
-5.756052759909999850e+02
-5.818834388210000270e+02
-5.889639794360000451e+02
-6.056093068489999496e+02
-5.914562503610000022e+02
-6.012138466100000187e+02
-5.855043445190000284e+02
-6.032127522539999518e+02
-5.982633281390000093e+02
-6.045434636810000484e+02
-5.885267691080000532e+02
-5.957248512280000341e+02
-5.912687124919999633e+02
-5.927539169450000145e+02
-5.764491296200000079e+02
-5.781120724490000384e+02
-5.876164239629999884e+02
-5.792755633909999915e+02
-5.661374352909999743e+02
-5.982954328340000529e+02
-6.032498836050000364e+02
-5.746135494579999659e+02
-5.926434507300000405e+02
-5.865019271129999652e+02
-5.975886418970000022e+02
-5.955401782820000562e+02
-5.833638601059999473e+02
-5.846135527310000271e+02
-5.874643250440000202e+02
-5.963081003779999492e+02
-5.871269959740000104e+02
-5.923911590579999711e+02
-5.904464099580000038e+02
-5.911824971680000544e+02
-5.990845731870000463e+02
-5.937570021000000224e+02
-5.991158174749999716e+02
-5.833496353369999952e+02
-6.018415188500000568e+02
-5.738444015200000194e+02
-5.880224640520000321e+02
-5.909353578919999563e+02
-5.922021075950000295e+02
-5.956880708310000045e+02
-5.893131079329999693e+02
-5.819056854850000491e+02
-6.012391512729999477e+02
-5.915903901210000413e+02
-6.023878635539999777e+02
-5.932481469069999775e+02
-6.005495056600000225e+02
-5.966110043139999561e+02
-5.905880621649999966e+02
-5.852997231560000273e+02
-5.985371673509999937e+02
-5.899629023080000252e+02
-5.853528148919999694e+02
-5.750419016790000342e+02
-5.842698821210000233e+02
-5.913277761000000510e+02
-5.960224655800000164e+02
-5.839169551969999929e+02
-5.976532393620000221e+02
-5.929564050510000470e+02
-5.942261020939999980e+02
-5.890133700530000169e+02
-5.928430244950000088e+02
-5.875809769400000278e+02
-5.811948059840000269e+02
-5.827873588769999742e+02
-5.894486698790000219e+02
-5.879451805669999658e+02
-5.956822364590000234e+02
-5.983738585720000174e+02
-5.991571964360000493e+02
-6.039849087239999790e+02
-5.950691210910000564e+02
-5.935120700769999758e+02
-5.855359524179999653e+02
-5.969894347389999893e+02
-6.007592297070000313e+02
-5.879199686199999633e+02
-5.983527194719999898e+02
-5.787292723489999844e+02
-5.999308500639999693e+02
-5.937750920099999803e+02
-6.017592366740000216e+02
-5.843986663560000352e+02
-5.853507374450000498e+02
-5.935357758210000156e+02
-5.926184022070000310e+02
-5.837773622830000022e+02
-5.953560119579999537e+02
-6.000972320419999733e+02
-5.996076971759999878e+02
-5.905508966849999979e+02
-5.909281159199999820e+02
-6.007608374720000484e+02
-5.951591118439999946e+02
-5.940979765560000487e+02
-5.845571941089999655e+02
-6.014399477250000245e+02
-5.942167845850000276e+02
-5.874984837189999780e+02
-6.017712972729999592e+02
-6.006714641869999696e+02
-5.951073869760000434e+02
-5.876489777980000326e+02
-5.912352088549999962e+02
-6.016833740539999553e+02
-5.957240095729999894e+02
-5.998753080960000261e+02
-5.927984516909999684e+02
-5.817349423250000200e+02
-5.858182443299999704e+02
-5.825788443049999614e+02
-5.930510653750000074e+02
-5.743942505490000485e+02
-5.769674297080000542e+02
-5.930207563530000243e+02
-5.960160732900000085e+02
-5.823568281489999663e+02
-5.891914583169999560e+02
-5.982123355429999947e+02
-5.945985416380000288e+02
-5.917646218339999677e+02
-5.900894512009999744e+02
-6.007463270340000463e+02
-5.971446213179999631e+02
-5.830099655400000529e+02
-5.918996865699999717e+02
-5.934919386560000021e+02
-5.952798135900000034e+02
-5.830934230469999875e+02
-5.894914980480000395e+02
-5.866402161119999619e+02
-5.936248904279999579e+02
-5.927366712169999801e+02
-5.848547837730000083e+02
-5.891573660489999611e+02
-5.738277225729999600e+02
-5.819422524169999633e+02
-5.988810460480000302e+02
-6.016748213319999650e+02
-5.948494551469999578e+02
-5.894242953960000477e+02
-5.935331131960000448e+02
-5.975559453959999701e+02
-5.924820659749999550e+02
-6.000342849249999517e+02
-5.974236867390000043e+02
-5.973782794510000258e+02
-5.907106841759999725e+02
-5.992525807460000351e+02
-5.867117534310000337e+02
-6.014440154359999724e+02
-5.895631437639999604e+02
-5.905529456919999802e+02
-5.872462971910000533e+02
-5.946541158950000181e+02
-5.878464786570000342e+02
-5.925740894049999952e+02
-5.784865869059999568e+02
-5.887928252570000041e+02
-6.027289009690000512e+02
-5.863398612009999624e+02
-5.844589782640000521e+02
-5.982827270379999618e+02
-5.927968633619999537e+02
-6.049594544899999846e+02
-5.814019159539999464e+02
-5.753189272939999910e+02
-5.930338217729999997e+02
-5.752207917319999524e+02
-5.879296817130000363e+02
-6.009193895990000556e+02
-5.791087703919999967e+02
-5.953922378099999833e+02
-5.794300300429999879e+02
-5.808381842840000218e+02
-5.807313303460000498e+02
-5.719882761669999809e+02
-6.001289414139999963e+02
-5.956530553830000372e+02
-5.945588077999999541e+02
-5.839450933409999607e+02
-5.905753699760000472e+02
-5.925322987150000245e+02
-5.720750546470000018e+02
-5.684394942139999785e+02
-5.824135805659999505e+02
-5.954271084639999572e+02
-6.026126377370000000e+02
-5.875996530370000528e+02
-5.905479767560000255e+02
-5.901203908349999665e+02
-5.841608067629999823e+02
-5.724050296560000106e+02
-5.765463400710000315e+02
-5.770033336750000217e+02
-5.821467429159999938e+02
-5.798433013940000365e+02
-5.909462075520000326e+02
-5.994214202599999908e+02
-5.837363276559999576e+02
-5.963949638459999960e+02
-5.988378654900000129e+02
-5.740508391309999752e+02
-5.832088610780000408e+02
-5.856977011919999541e+02
-5.942826125029999957e+02
-5.967414952509999466e+02
-5.861632766449999963e+02
-5.969795780870000499e+02
-5.994954749099999844e+02
-6.055190252849999979e+02
-5.965545145199999979e+02
-5.763539301350000414e+02
-5.855466122929999528e+02
-5.884212476479999623e+02
-5.941515917279999712e+02
-5.957255182640000157e+02
-5.976407390550000400e+02
-6.014785072390000096e+02
-5.886129328409999744e+02
-5.962176001850000375e+02
-5.920214792179999677e+02
-6.027020180230000506e+02
-5.993983339180000485e+02
-5.985649322680000068e+02
-5.995151535300000205e+02
-6.006371207339999501e+02
-5.960060518950000414e+02
-5.817648807640000541e+02
-5.824239926459999879e+02
-5.873089406159999726e+02
-5.993514023019999968e+02
-5.872153956490000155e+02
-6.015189139350000005e+02
-6.017531115829999635e+02
-5.934216887750000069e+02
-5.850443472639999527e+02
-5.787638604129999749e+02
-5.975557866049999802e+02
-5.910819953899999746e+02
-5.968872609439999906e+02
-5.856669398410000440e+02
-5.910757172419999961e+02
-5.930992121450000241e+02
-5.718230410930000289e+02
-5.828701073109999697e+02
-5.820408226680000325e+02
-5.978763064800000393e+02
-6.003244356689999677e+02
-5.985636463450000520e+02
-5.857944539960000156e+02
-5.930293760030000385e+02
-6.007885173810000197e+02
-5.930345877409999957e+02
-5.844166138499999761e+02
-5.874692305820000229e+02
-5.811182142809999505e+02
-5.913275066559999686e+02
-6.035468516680000448e+02
-5.961936696970000185e+02
-5.911059803790000160e+02
-5.947739431510000259e+02
-5.893871566799999755e+02
-5.850276228479999645e+02
-5.775629005069999948e+02
-5.895754067039999882e+02
-5.957663522950000470e+02
-5.977195484249999708e+02
-5.852300151790000200e+02
-5.925489786330000470e+02
-5.726859799779999776e+02
-5.938978520529999514e+02
-6.038849500530000114e+02
-5.960624062450000338e+02
-5.947094789899999796e+02
-5.903990788270000394e+02
-5.909302808290000257e+02
-5.958016373680000015e+02
-5.949526340959999970e+02
-5.994121721239999943e+02
-5.889158112439999968e+02
-5.990860178420000466e+02
-5.913567007120000198e+02
-5.972123471310000014e+02
-5.975332047440000451e+02
-5.787305746199999703e+02
-5.776248211979999496e+02
-5.900180696090000083e+02
-5.923644835600000533e+02
-5.991608518000000458e+02
-6.001019062169999643e+02
-6.023069234560000496e+02
-6.034628976090000378e+02
-6.010902857050000421e+02
-5.939410661319999463e+02
-5.933435521960000187e+02
-6.036656651849999662e+02
-5.978128424039999800e+02
-5.949392040879999968e+02
-5.971078763670000171e+02
-5.988441342539999823e+02
-5.978520168779999722e+02
-5.803419076200000291e+02
-6.000821200220000264e+02
-6.043356761149999556e+02
-5.743172529109999687e+02
-5.727230060360000152e+02
-5.878632357019999972e+02
-5.912999484739999616e+02
-5.961705779119999988e+02
-5.946634385070000235e+02
-5.908968425240000215e+02
-5.943812442690000353e+02
-5.971930333369999744e+02
-5.910665408539999817e+02
-5.890535149290000163e+02
-5.955411567349999586e+02
-5.997343797620000032e+02
-5.926665745669999978e+02
-5.929527991109999903e+02
-6.003068605390000130e+02
-5.956928183869999884e+02
-5.956202110340000218e+02
-5.829664655850000372e+02
-5.822005636019999884e+02
-5.969294199089999893e+02
-5.835012159230000179e+02
-5.917612773179999976e+02
-6.012689065040000287e+02
-5.911451513859999523e+02
-5.969380657289999590e+02
-5.934385061000000405e+02
-5.898927070309999863e+02
-5.986799958240000024e+02
-5.661754623900000070e+02
-5.951982085480000251e+02
-5.970788465729999643e+02
-5.959978200929999730e+02
-5.978858682449999833e+02
-5.782725546709999662e+02
-5.958789368530000274e+02
-5.969788851800000202e+02
-5.948754328090000172e+02
-5.933209725269999808e+02
-5.967626247849999572e+02
-5.855147462769999720e+02
-5.925839517020000358e+02
-5.918533852900000056e+02
-6.004153862020000361e+02
-5.956680186790000562e+02
-5.937684447760000239e+02
-5.868793904850000445e+02
-5.903811287519999951e+02
-5.941385661199999504e+02
-5.955626161999999795e+02
-5.887277548890000389e+02
-5.975493939550000277e+02
-5.857180123370000047e+02
-5.957829791569999998e+02
-6.002288618769999857e+02
-5.971947923120000041e+02
-5.984964178669999910e+02
-6.015015098280000529e+02
-5.884496858620000239e+02
-5.864648033910000322e+02
-5.826727711170000248e+02
-5.629237458999999717e+02
-5.667980635100000200e+02
-5.836431489660000125e+02
-5.832973094879999962e+02
-5.872192539730000362e+02
-6.030402906870000379e+02
-5.919022402440000405e+02
-5.922299053389999699e+02
-5.868041037760000336e+02
-5.801576258930000449e+02
-5.861871914089999791e+02
-6.039309370920000219e+02
-6.049118903050000426e+02
-5.953337175689999867e+02
-5.933809437280000338e+02
-5.936083465740000520e+02
-6.022502929449999556e+02
-6.016772499300000163e+02
-5.968116193470000326e+02
-5.831643899629999623e+02
-5.963670549229999551e+02
-5.937329044540000496e+02
-5.885466128299999582e+02
-5.873007453459999851e+02
-5.970812213630000542e+02
-5.954492418459999499e+02
-5.936022387430000435e+02
-5.950599537949999558e+02
-5.771849287249999634e+02
-5.893215783939999710e+02
-5.956519724879999558e+02
-5.914362595559999818e+02
-5.927049564359999749e+02
-5.967871280580000075e+02
-5.955279116899999963e+02
-5.998307813400000441e+02
-5.987851473189999751e+02
-5.944028842359999771e+02
-5.978866726390000395e+02
-5.950421884359999467e+02
-5.822681282019999571e+02
-5.890756228349999901e+02
-5.973854514429999654e+02
-5.916237968619999492e+02
-5.902544928759999721e+02
-5.711074535999999853e+02
-6.059785609069999737e+02
-6.042378534440000521e+02
-5.791579319280000391e+02
-5.960534502169999769e+02
-6.011114696050000248e+02
-5.987592420480000328e+02
-5.989115595929999927e+02
-5.952919521960000111e+02
-5.996801522660000501e+02
-6.018677060659999825e+02
-5.978637598840000464e+02
-5.990933985589999793e+02
-5.976986093000000437e+02
-6.035550947899999983e+02
-6.018032868960000314e+02
-6.009928541819999737e+02
-5.964556092389999549e+02
-5.783370907470000475e+02
-5.801754514110000400e+02
-6.000032666490000111e+02
-5.882761400670000285e+02
-5.889249230570000009e+02
-5.952969260129999611e+02
-5.932748219970000036e+02
-6.011985642480000251e+02
-5.916118787489999704e+02
-5.933614309399999911e+02
-5.915622491509999463e+02
-5.901171613239999942e+02
-5.830343729209999992e+02
-5.815780032479999591e+02
-5.854186812589999818e+02
-5.863943040760000258e+02
-5.892246994150000319e+02
-5.917000134950000074e+02
-6.009906969039999467e+02
-6.017411898139999948e+02
-5.931637303049999446e+02
-5.914206435690000490e+02
-5.961544282989999601e+02
-5.847628607200000488e+02
-6.010703444020000461e+02
-6.014429271709999512e+02
-6.006865600219999806e+02
-5.852159773060000134e+02
-5.928690756839999949e+02
-5.822026258560000542e+02
-5.884512409200000320e+02
-5.917509069000000181e+02
-5.907941478090000373e+02
-5.949974044540000477e+02
-5.981447925610000311e+02
-5.940927143730000353e+02
-6.002244573670000136e+02
-5.845701280590000124e+02
-5.725009468380000044e+02
-5.935639886369999658e+02
-5.889614209029999756e+02
-5.960281184970000368e+02
-5.958726030410000476e+02
-5.898613292620000266e+02
-5.904294542259999616e+02
-5.988001879959999769e+02
-5.770790448400000514e+02
-5.994009277970000085e+02
-5.766623272220000445e+02
-5.971604456259999552e+02
-5.846062894230000211e+02
-5.881270016759999635e+02
-5.818582454200000029e+02
-5.960552460420000216e+02
-5.883876940940000395e+02
-5.985445683540000346e+02
-5.920522854099999677e+02
-5.909175715510000373e+02
-5.917017183780000096e+02
-5.974439022149999801e+02
-5.918475876469999548e+02
-5.821972084320000249e+02
-5.987526092560000279e+02
-6.017874230569999554e+02
-5.991676126329999761e+02
-5.706698413719999508e+02
-5.680127223020000429e+02
-5.755060409750000190e+02
-5.889410703229999626e+02
-5.754506701960000328e+02
-5.929902815430000373e+02
-5.930220386019999523e+02
-5.978983971300000348e+02
-5.971598349160000225e+02
-5.964958147749999853e+02
-5.945709333439999682e+02
-6.008854036459999861e+02
-5.947643249520000381e+02
-5.990540812499999674e+02
-5.970192173709999679e+02
-5.889802336679999826e+02
-5.938589671470000440e+02
-5.966502916350000305e+02
-5.912323739460000525e+02
-5.993939755750000131e+02
-6.020539529339999945e+02
-5.953699743670000544e+02
-5.975931301619999658e+02
-5.988043693560000520e+02
-6.015366150480000442e+02
-6.033392899039999975e+02
-5.946569924709999668e+02
-6.033492823630000430e+02
-5.877486860879999995e+02
-5.915240316910000047e+02
-5.994595557349999808e+02
-5.971843909059999760e+02
-6.054055403050000450e+02
-6.012485521139999491e+02
-5.945318089190000137e+02
-5.874040574209999477e+02
-6.063944810850000522e+02
-5.859223101889999725e+02
-5.855800815339999872e+02
-5.926698326890000317e+02
-5.946424177760000020e+02
-5.848289871089999679e+02
-5.992112228779999441e+02
-5.994655647499999986e+02
-5.923629352409999456e+02
-5.957128809340000544e+02
-6.015198948170000222e+02
-5.832390502480000123e+02
-5.973391799620000029e+02
-6.019007620239999596e+02
-5.913112277090000362e+02
-5.925533938979999675e+02
-5.815193430450000278e+02
-6.030611102230000142e+02
-5.945808516649999547e+02
-6.000048110180000549e+02
-6.009247250299999905e+02
-5.885018976290000410e+02
-5.923779958489999444e+02
-5.937630555859999504e+02
-5.943866532780000398e+02
-5.993708970310000268e+02
-5.975071624749999728e+02
-5.876706752940000342e+02
-5.941123124460000327e+02
-5.981348027909999701e+02
-6.009695766910000430e+02
-5.922695041179999862e+02
-6.027765586110000413e+02
-6.020943324700000403e+02
-6.011869142919999831e+02
-5.855853874880000376e+02
-5.861312152790000027e+02
-5.753939548959999684e+02
-5.780377672060000123e+02
-5.947817725070000279e+02
-5.978659507580000536e+02
-5.935736906920000138e+02
