-5.682992767690000164e+02
-5.833354732679999870e+02
-5.954277784990000555e+02
-5.843756694630000084e+02
-5.728880887719999464e+02
-5.815073739519999663e+02
-5.977472539809999716e+02
-5.944308825849999494e+02
-5.906512747960000524e+02
-5.912674645030000420e+02
-5.772575803009999618e+02
-5.604629875089999587e+02
-5.921741504609999538e+02
-5.899370068800000126e+02
-6.010796748960000286e+02
-6.013839634060000208e+02
-5.957017197599999463e+02
-5.857668447050000395e+02
-5.952674376209999991e+02
-5.891179120919999832e+02
-5.939754960069999470e+02
-5.914283198910000010e+02
-6.031547456329999477e+02
-5.830147967230000177e+02
-5.919865212810000230e+02
-5.929532875400000194e+02
-5.817665078799999492e+02
-5.956198438540000097e+02
-5.952203559050000194e+02
-6.006565629469999976e+02
-5.981517544050000197e+02
-5.733230464450000454e+02
-5.926929605090000450e+02
-5.926689127399999961e+02
-6.015321382209999683e+02
-6.032919516749999502e+02
-5.818671161270000312e+02
-5.909839888269999619e+02
-5.922956981080000105e+02
-5.775259104890000117e+02
-5.870093604779999623e+02
-5.819690761519999569e+02
-5.949476805619999595e+02
-5.780937898350000523e+02
-5.833583049100000153e+02
-5.717527789409999741e+02
-5.909076449520000551e+02
-5.921429465290000280e+02
-6.021504971399999704e+02
-5.812214231279999694e+02
-5.916839001270000153e+02
-5.839759143280000444e+02
-5.684354682729999695e+02
-5.825868682609999496e+02
-5.799892811439999605e+02
-5.962636364439999852e+02
-5.980159630590000006e+02
-5.904395941389999507e+02
-5.914631328189999522e+02
-5.893809456999999838e+02
-5.865011901809999699e+02
-5.912050727609999967e+02
-5.967370789589999731e+02
-5.957296391019999646e+02
-5.842890203760000531e+02
-5.795165566319999471e+02
-5.946970758139999589e+02
-5.928562534349999851e+02
-6.001068081570000459e+02
-5.985345027119999486e+02
-6.005812244339999779e+02
-5.767006473899999719e+02
-5.840319030739999562e+02
-5.934011337179999828e+02
-5.638416204840000319e+02
-5.689773878250000507e+02
-5.953415607480000062e+02
-5.931472570199999836e+02
-5.791824948739999854e+02
-5.885548011700000188e+02
-5.987938757309999573e+02
-5.980235130139999455e+02
-5.898967898009999544e+02
-5.626687848450000047e+02
-5.894646607270000231e+02
-5.811621832069999982e+02
-5.825607056310000189e+02
-5.979669599019999850e+02
-5.865051223880000180e+02
-5.949945138860000498e+02
-6.032397681319999947e+02
-6.068423367560000088e+02
-5.912435985360000359e+02
-5.918593903619999992e+02
-5.979473625540000512e+02
-5.805786512079999966e+02
-5.907159680390000176e+02
-5.892591250790000004e+02
-5.923578817220000019e+02
-5.924395099450000544e+02
-5.905557715579999467e+02
-6.000307627810000213e+02
-5.977673697300000413e+02
-5.971227062420000493e+02
-5.933737980199999811e+02
-5.749956641830000308e+02
-5.939944095289999950e+02
-5.921169377469999517e+02
-5.631220845740000414e+02
-6.034707557409999481e+02
-6.023724635580000495e+02
-5.939485945400000446e+02
-5.998549965329999623e+02
-5.902346943659999852e+02
-5.939678819709999971e+02
-5.917209244590000026e+02
-5.774608029419999866e+02
-5.722306103500000063e+02
-5.850623752210000248e+02
-5.954311711020000075e+02
-5.792222535810000181e+02
-5.847948793709999791e+02
-5.923896766459999981e+02
-5.985527245209999592e+02
-5.929695252879999998e+02
-5.922689866939999774e+02
-6.023980160950000027e+02
-5.922657489929999883e+02
-5.939429460989999825e+02
-5.889585550030000149e+02
-5.847460421629999701e+02
-5.912096171010000489e+02
-5.938561233530000436e+02
-5.914632874779999838e+02
-5.937099489350000567e+02
-5.745422668310000063e+02
-6.018814273100000491e+02
-6.004890130610000369e+02
-5.993645957160000535e+02
-5.930110563560000401e+02
-5.988824976990000550e+02
-5.984970277219999844e+02
-5.932446559229999821e+02
-5.890385167509999746e+02
-5.843771611250000433e+02
-5.814828948650000484e+02
-5.732447197169999527e+02
-5.859809134030000450e+02
-5.935301149780000287e+02
-5.902163825090000273e+02
-5.921398341620000565e+02
-5.912769462249999606e+02
-5.990172662820000369e+02
-6.037948477850000017e+02
-5.912812058099999604e+02
-5.958294704139999567e+02
-5.907071699399999716e+02
-5.865817949480000379e+02
-5.933051372459999584e+02
-5.927870868349999682e+02
-5.968659524160000274e+02
-5.971506272509999462e+02
-5.960043864079999594e+02
-6.045920859010000186e+02
-6.024146210119999978e+02
-5.960622270869999966e+02
-5.812175530099999605e+02
-5.883724250929999471e+02
-5.695274226479999697e+02
-5.698344478699999627e+02
-5.948167658510000138e+02
-5.769620675390000315e+02
-5.974600538570000481e+02
-5.950160200369999757e+02
-5.986551544149999700e+02
-5.943488638019999826e+02
-5.927822353440000143e+02
-5.874644508899999664e+02
-5.875210015789999716e+02
-5.832409447500000397e+02
-5.909463731319999624e+02
-5.875145202400000244e+02
-5.894214200059999484e+02
-5.931636418990000266e+02
-5.925874723199999607e+02
-5.984603953480000200e+02
-6.003778350869999940e+02
-5.924689065810000557e+02
-5.939733209160000342e+02
-5.983361976239999649e+02
-5.893175119210000048e+02
-6.025156907660000343e+02
-5.995976745169999731e+02
-5.924579759800000147e+02
-6.067442434199999752e+02
-5.866629294580000078e+02
-5.873411064030000261e+02
-5.957312941559999899e+02
-5.903084262480000461e+02
-5.894611778480000339e+02
-5.924957080760000281e+02
-5.938083638619999647e+02
-5.926786776039999722e+02
-5.959620470620000106e+02
-5.750209639449999486e+02
-6.014533549789999824e+02
-5.962603762830000278e+02
-5.945179377179999847e+02
-5.981421830259999979e+02
-5.805176551810000092e+02
-6.043017694249999749e+02
-5.843464779729999918e+02
-5.895382232030000296e+02
-5.749463594479999529e+02
-5.954736060569999836e+02
-5.844258227799999759e+02
-6.050867876840000008e+02
-6.033763208819999591e+02
-5.984043048910000380e+02
-5.958624023559999614e+02
-5.882803148159999864e+02
-5.755596911699999509e+02
-5.909894729390000521e+02
-5.704609238220000407e+02
-5.953312789860000294e+02
-5.952456748360000347e+02
-5.887658397220000097e+02
-6.049639872090000381e+02
-5.870949904440000182e+02
-5.897826477620000105e+02
-5.753563142939999580e+02
-5.911325416409999889e+02
-6.015402510809999512e+02
-5.870627416949999997e+02
-5.821304719480000358e+02
-5.900964311499999440e+02
-5.850994447140000148e+02
-5.770098199369999747e+02
-5.998265763099999504e+02
-5.995838795439999558e+02
-5.951085909040000388e+02
-5.928016609579999567e+02
-5.947499086909999733e+02
-5.877820966670000189e+02
-5.961419332530000474e+02
-5.932886203399999658e+02
-5.831428534299999455e+02
-5.661893812140000364e+02
-5.793412467629999583e+02
-5.983928018520000478e+02
-5.748479785780000384e+02
-5.948182269019999922e+02
-6.003736191890000100e+02
-6.022245618040000181e+02
-5.930621515889999955e+02
-5.788620821849999629e+02
-6.006967050399999835e+02
-5.970730594100000417e+02
-5.986693967410000141e+02
-5.924634488939999528e+02
-5.783815534719999505e+02
-5.793305332950000093e+02
-5.868402722790000325e+02
-5.758203842509999504e+02
-5.796284186619999446e+02
-5.785859197680000534e+02
-5.815978585899999871e+02
-5.902390158550000478e+02
-5.942277660109999715e+02
-5.845536752020000222e+02
-5.917752501420000044e+02
-5.922084756310000557e+02
-5.923132452470000544e+02
-5.826827482610000288e+02
-5.664189339790000304e+02
-5.888831717179999714e+02
-5.770507429420000562e+02
-5.748881623080000054e+02
-5.879583307430000332e+02
-5.925215714600000183e+02
-5.913385762210000394e+02
-5.862292487729999948e+02
-5.791598103080000328e+02
-6.018882565459999796e+02
-5.974207368219999807e+02
-5.970828473990000020e+02
-5.952719613320000462e+02
-5.901788833260000047e+02
-5.827203574909999588e+02
-5.894366957629999888e+02
-5.973335609010000553e+02
-5.856576356550000355e+02
-6.005869108050000023e+02
-6.002352155470000525e+02
-5.960118688349999729e+02
-5.966048993590000009e+02
-5.814889652550000392e+02
-5.929743755209999563e+02
-5.940651654020000478e+02
-5.807919454100000394e+02
-5.766514825440000322e+02
-5.836963857409999719e+02
-5.927489429460000565e+02
-5.836692552020000448e+02
-5.953290365860000293e+02
-5.864566957780000394e+02
-5.823689409300000079e+02
-5.820155302529999517e+02
-5.700971154489999435e+02
-5.941205999170000496e+02
-6.047685675809999566e+02
-5.962492321490000222e+02
-5.781890501850000419e+02
-5.946823185859999512e+02
-5.752283264989999907e+02
-5.801852454669999588e+02
-5.913025459709999723e+02
-5.989685288289999789e+02
-5.954363721910000322e+02
-5.943681501769999613e+02
-6.002595387009999968e+02
-5.883164545199999793e+02
-5.942985755949999884e+02
-6.000244815370000424e+02
-5.942068201460000409e+02
-5.884710548870000366e+02
-5.970936604029999444e+02
-5.916942601120000518e+02
-5.994034984380000424e+02
-6.024721681490000265e+02
-5.900522776999999905e+02
-5.979148527260000492e+02
-6.024676181319999841e+02
-5.985473364120000497e+02
-5.951467906730000550e+02
-5.871620578800000203e+02
-5.946108118140000443e+02
-5.894012368449999713e+02
-5.953826758029999837e+02
-5.960532351209999433e+02
-5.879864970060000360e+02
-5.986638042160000168e+02
-5.972468820909999749e+02
-5.891924891390000312e+02
-5.795674504539999816e+02
-5.950195711110000047e+02
-5.929732683429999724e+02
-5.825916133289999834e+02
-5.730173179070000060e+02
-5.789697389030000068e+02
-5.743887759420000521e+02
-5.833268104380000523e+02
-5.900694124670000065e+02
-6.024373923509999713e+02
-5.960692300880000403e+02
-5.990716525589999719e+02
-5.768218676349999896e+02
-5.804938233589999754e+02
-5.934417644659999951e+02
-5.811553316270000096e+02
-5.931478168889999552e+02
-6.005974007649999749e+02
-5.789851620629999616e+02
-5.766866482169999699e+02
-5.808059147689999691e+02
-5.905226004009999770e+02
-5.961698908629999778e+02
-5.865827275679999957e+02
-5.868511589250000497e+02
-5.865677126739999494e+02
-5.931863760259999481e+02
-5.907491646390000142e+02
-5.857962384579999480e+02
-5.950970998689999760e+02
-5.861813896810000415e+02
-5.807585490879999952e+02
-5.726854299350000019e+02
-5.975448117419999789e+02
-5.989326803049999626e+02
-5.933479087719999825e+02
-5.866104233979999663e+02
-5.990325194219999503e+02
-5.981518495469999834e+02
-5.886873932409999952e+02
-5.825967276610000454e+02
-5.939831694440000547e+02
-5.674230014250000522e+02
-5.889225690739999663e+02
-5.985077365040000359e+02
-5.898601408450000463e+02
-5.874826578529999779e+02
-5.918680227359999435e+02
-5.823955906840000125e+02
-5.732070623099999693e+02
-5.863240650760000108e+02
-6.009757161259999521e+02
-5.986500627640000403e+02
-5.893690558089999740e+02
-5.877722003070000483e+02
-6.032094209230000388e+02
-6.001515691209999659e+02
-5.825390909870000087e+02
-5.772397340109999959e+02
-5.806241023679999671e+02
-5.901714099170000054e+02
-6.013296220140000514e+02
-5.976704525599999442e+02
-5.977204539639999439e+02
-5.839806706739999527e+02
-5.958810563219999494e+02
-5.995140914730000077e+02
-5.932427130810000335e+02
-5.896142862890000060e+02
-5.789058887850000019e+02
-5.937670121800000516e+02
-5.808965362459999824e+02
-5.988200599269999884e+02
-5.972535867939999434e+02
-5.971777355990000160e+02
-5.971333301500000061e+02
-6.031604141970000228e+02
-5.996440101509999749e+02
-5.876516715799999702e+02
-6.029160601400000132e+02
-5.875480869330000360e+02
-6.002807797949999440e+02
-5.982430203640000173e+02
-5.749195253269999739e+02
-5.946116972209999858e+02
-5.911549056950000249e+02
-5.958311704720000535e+02
-5.918824228930000118e+02
-5.859776858769999990e+02
-5.804246688749999521e+02
-5.839836260670000456e+02
-5.741765906849999510e+02
-5.835935869339999726e+02
-5.973495048529999849e+02
-5.982497653530000434e+02
-5.895333561720000262e+02
-5.910764285750000226e+02
-5.924723351909999565e+02
-5.738151990540000043e+02
-5.822053997799999934e+02
-5.962407776000000013e+02
-5.841413909619999458e+02
-5.833492075249999971e+02
-5.884110727700000325e+02
-5.597195120300000326e+02
-5.823221160040000086e+02
-5.772426975710000079e+02
-5.872649726610000016e+02
-5.740018658059999552e+02
-5.941780692940000108e+02
-5.929796011419999786e+02
-5.902827409139999872e+02
-6.012543469009999626e+02
-5.722011556390000351e+02
-5.773299289560000034e+02
-6.006975865849999536e+02
-5.990162814950000438e+02
-5.772511033150000230e+02
-5.857743964149999556e+02
-6.025623832859999993e+02
-5.978837730840000404e+02
-5.905339299400000073e+02
-5.914232458129999941e+02
-5.744011400460000232e+02
-5.783640587710000318e+02
-5.866017767670000467e+02
-5.999557820630000151e+02
-5.589743641569999681e+02
-5.968583499410000286e+02
-5.804598639670000466e+02
-5.847144270060000508e+02
-5.905773345359999666e+02
-6.040587888679999651e+02
-5.974995020430000068e+02
-5.872190216169999530e+02
-5.861700980860000527e+02
-6.006205789829999731e+02
-5.963457663110000340e+02
-5.985154149769999776e+02
-5.912460300310000321e+02
-5.867920771020000075e+02
-5.865647256649999690e+02
-5.782697721729999785e+02
-5.924667906539999649e+02
-5.893190625219999674e+02
-5.775198458630000005e+02
-5.962494978820000142e+02
-5.876703118010000253e+02
-5.797369466259999626e+02
-5.939549592600000096e+02
-6.004938344419999794e+02
-5.715769750429999476e+02
-5.887985863210000161e+02
-5.818821314839999559e+02
-5.964816264590000401e+02
-5.954222811529999717e+02
-5.936379663389999450e+02
-5.939611863720000429e+02
-5.878566489950000005e+02
-5.989191993949999642e+02
-6.007111983419999888e+02
-6.021218345879999561e+02
-5.977921873960000312e+02
-5.977594392879999532e+02
-6.024681966550000425e+02
-5.921020683469999994e+02
-5.945176088619999746e+02
-5.873100597840000319e+02
-5.934890252440000040e+02
-5.814498227699999688e+02
-5.811561864049999713e+02
-5.780789492599999448e+02
-5.809027330359999723e+02
-5.862174494920000143e+02
-5.899038775049999686e+02
-5.817006332720000046e+02
-5.954837727530000393e+02
-5.839919212280000238e+02
-5.809558540230000290e+02
-6.008898093650000192e+02
-5.908889768950000416e+02
-5.937183244240000022e+02
-6.026538737759999549e+02
-5.987140982370000302e+02
-5.846627221180000333e+02
-5.952999709919999987e+02
-6.033807562990000406e+02
-5.863354390409999723e+02
-5.752091570320000073e+02
-6.002628759039999977e+02
-5.910360465909999448e+02
-5.774957317719999992e+02
-5.996969247380000070e+02
-6.022079307349999908e+02
-5.866566994060000297e+02
-5.997166791050000256e+02
-5.924282708440000533e+02
-5.962521931229999836e+02
-5.918778243799999927e+02
-5.834973417810000456e+02
-5.873482931759999701e+02
-6.018849360430000388e+02
-5.902771483420000322e+02
-5.986136312700000417e+02
-5.874867850739999540e+02
-5.970493192870000030e+02
-5.628769002489999593e+02
-5.971857907040000555e+02
-5.994002174900000455e+02
-5.911408724399999528e+02
-5.973708457840000392e+02
-5.951308877410000377e+02
-5.919381908179999527e+02
-5.950356978270000354e+02
-5.935145907580000539e+02
-5.764389798549999568e+02
-5.662200820179999710e+02
-5.788801843500000359e+02
-5.972417300089999799e+02
-5.963657802479999646e+02
-5.912072594679999611e+02
-5.946913232870000456e+02
-5.894014375729999529e+02
-5.789207744220000222e+02
-5.871070555679999643e+02
-5.712269490070000302e+02
-5.735819834689999652e+02
-5.655950876059999928e+02
-5.693852844709999772e+02
-5.737421388369999704e+02
-5.875772798509999575e+02
-5.914028852799999640e+02
-5.729002470819999644e+02
-5.750284797159999925e+02
-5.908405895419999752e+02
-5.896447383559999480e+02
-5.686270878569999923e+02
-5.803780082719999882e+02
-5.844126369809999915e+02
-5.921743192610000506e+02
-6.013680999440000505e+02
-6.017602450379999937e+02
-5.954476078750000170e+02
-5.965877348699999629e+02
-6.000973748239999850e+02
-5.816019908490000034e+02
-5.978096863450000455e+02
-5.842404647319999640e+02
-5.925013822879999452e+02
-5.875665459130000272e+02
-5.859894144039999446e+02
-5.960220803099999785e+02
-5.911369537260000016e+02
-5.908444539109999596e+02
-5.884187550770000144e+02
-5.986886577169999555e+02
-5.834616748930000085e+02
-5.917426948920000314e+02
-5.941477116080000087e+02
-5.817027844550000282e+02
-5.978732883379999521e+02
-5.976331331339999906e+02
-5.973599576410000509e+02
-6.019934421299999485e+02
-5.957729399679999460e+02
-5.918763693270000203e+02
-5.904919510539999692e+02
-5.739452276450000454e+02
-5.939074860609999860e+02
-5.760190566390000413e+02
-5.961449932020000233e+02
-5.969652689360000295e+02
-5.899538846789999980e+02
-5.988715136719999919e+02
-5.954558217490000516e+02
-6.010763777790000404e+02
-5.868570516070000167e+02
-5.950861787369999547e+02
-5.882475022580000541e+02
-5.895799189680000154e+02
-5.946093995459999633e+02
-5.878637690000000475e+02
-5.912584011190000410e+02
-5.963509100420000095e+02
-5.819718831279999449e+02
-5.665766213509999716e+02
-5.727313864489999560e+02
-5.765009485189999623e+02
-5.946211642189999793e+02
-6.011712756560000344e+02
-5.710389181470000040e+02
-5.874405386260000341e+02
-6.060021975130000556e+02
-5.957768866799999614e+02
-5.964176906180000515e+02
-5.798340704639999785e+02
-5.897378048629999512e+02
-6.025827797020000389e+02
-5.797963341109999647e+02
-5.842991554870000073e+02
-5.729854858789999525e+02
-5.896143232900000157e+02
-6.037932916180000120e+02
-5.994674062689999801e+02
-5.905545112959999869e+02
-5.830925901900000099e+02
-5.753760397940000075e+02
-5.941702745809999442e+02
-5.943980030989999932e+02
-5.966031802510000261e+02
-5.969605800929999759e+02
-5.716026003460000311e+02
-5.876989250159999756e+02
-5.855964824320000162e+02
-5.968559973239999863e+02
-5.920997477600000138e+02
-6.003065164600000116e+02
-5.779331734510000160e+02
-5.893338808080000035e+02
-5.912549438889999465e+02
-5.870774282390000280e+02
-5.699679486850000103e+02
-5.949662809960000232e+02
-5.917721596650000038e+02
-5.840294439849999435e+02
-5.967306608569999753e+02
-5.894518062890000465e+02
-5.706910356130000537e+02
-6.019617282799999884e+02
-5.837163224949999858e+02
-5.852539452759999676e+02
-6.062491896330000145e+02
-6.021636545559999831e+02
-5.888786766649999436e+02
-5.861818795670000100e+02
-5.872065530129999615e+02
-5.853341161700000157e+02
-6.006265744820000236e+02
-5.637085018459999901e+02
-5.984653697520000151e+02
-5.994636445889999550e+02
-5.996244626049999624e+02
-5.972513090930000317e+02
-5.984425982599999543e+02
-5.902459713360000251e+02
-5.934086870270000418e+02
-5.914915209939999841e+02
-5.845803705079999872e+02
-5.763234062889999905e+02
-5.932022336259999520e+02
-5.996596435999999812e+02
-5.907956258839999464e+02
-5.950492920090000553e+02
-5.973741720179999675e+02
-5.986701430299999629e+02
-5.958277106660000300e+02
-5.918331645749999552e+02
-5.984843371609999849e+02
-5.871233492950000254e+02
-5.705667532689999462e+02
-5.839937654190000558e+02
-5.906898929850000286e+02
-5.871149796690000358e+02
-6.008801098339999953e+02
-6.010249496650000083e+02
-5.979667237800000521e+02
-5.958344572519999929e+02
-5.958724896669999680e+02
-5.899311010149999674e+02
-5.885857154349999973e+02
-5.932131610769999952e+02
-5.990354374080000071e+02
-5.947543992549999530e+02
-5.991082865079999920e+02
-5.955267468869999448e+02
-5.961420322019999958e+02
-5.918070415170000160e+02
-5.944396831340000062e+02
-5.881886649650000436e+02
-5.843328529819999630e+02
-5.679966315809999742e+02
-5.985088926849999780e+02
-5.909081640609999795e+02
-5.875596525500000098e+02
-5.904209387879999440e+02
-5.885538071080000009e+02
-6.010295520409999881e+02
-5.815131176429999869e+02
-5.844444583910000119e+02
-5.901999932539999918e+02
-5.615622694229999752e+02
-5.966458415099999684e+02
-5.798410633290000078e+02
-5.823029294350000100e+02
-5.893939926929999729e+02
-6.008696247410000524e+02
-5.674546897349999881e+02
-5.717087653029999501e+02
-5.907810563320000483e+02
-5.753580002410000134e+02
-5.914389737699999614e+02
-5.822122784700000011e+02
-5.922887513700000000e+02
-5.938216513630000009e+02
-5.869299907780000467e+02
-5.935259499159999450e+02
-5.911791260640000019e+02
-5.927227035590000241e+02
-6.065834970810000186e+02
-5.932098777490000430e+02
-5.935984196770000381e+02
-5.985378306510000357e+02
-5.903434974419999435e+02
-6.037654031770000529e+02
-6.045638315449999709e+02
-5.931337463620000108e+02
-5.925189562799999976e+02
-5.930175845210000034e+02
-5.929176607480000030e+02
-5.991945074359999808e+02
-5.974442380740000544e+02
-5.999939811860000418e+02
-5.910386991459999990e+02
-5.835884203880000314e+02
-5.914806670550000263e+02
-5.877877281119999680e+02
-5.888859348209999780e+02
-5.896587290579999490e+02
-5.960852500360000477e+02
-5.850294150539999691e+02
-5.983357560670000339e+02
-5.645690389159999540e+02
-5.954776759909999555e+02
-5.895750410680000186e+02
-5.981229883229999587e+02
