-5.600675566529999969e+02
-5.888764392289999705e+02
-5.841783532260000129e+02
-6.015473807949999809e+02
-5.912512675960000479e+02
-5.844407627389999789e+02
-5.938594603190000498e+02
-5.825418351299999813e+02
-6.027430325459999949e+02
-5.938753668739999512e+02
-5.891825618269999723e+02
-5.914580555009999898e+02
-5.822558326780000471e+02
-5.927446439289999489e+02
-6.045784585610000477e+02
-5.833345336370000496e+02
-5.938841828910000231e+02
-5.920552896670000109e+02
-5.933238372619999836e+02
-5.971856745830000364e+02
-5.809893160410000519e+02
-5.873662493150000046e+02
-5.864273814079999738e+02
-5.929541410130000259e+02
-5.993446451439999692e+02
-5.874926887909999778e+02
-5.939007077850000087e+02
-5.929463240019999830e+02
-5.934879581129999906e+02
-5.951348020299999462e+02
-5.861555362689999811e+02
-6.041376662750000150e+02
-5.958585943000000498e+02
-5.972475160359999791e+02
-5.887744428910000352e+02
-5.703337941080000064e+02
-5.940319749840000441e+02
-5.987305930850000095e+02
-5.828944771760000094e+02
-6.029496697790000326e+02
-5.971772613319999436e+02
-5.797233837779999703e+02
-5.952426175230000354e+02
-6.018665354329999673e+02
-5.834112934490000271e+02
-5.760753860539999778e+02
-5.934786799930000143e+02
-6.020094579819999581e+02
-5.840258547910000289e+02
-6.013645893169999681e+02
-5.849886144880000529e+02
-5.946865631330000497e+02
-5.948231217779999724e+02
-5.967138182410000127e+02
-5.736268999809999514e+02
-6.015455252100000507e+02
-6.021296943099999908e+02
-5.904144774740000230e+02
-5.989962017650000234e+02
-5.924093620349999583e+02
-5.841001428499999975e+02
-5.998933126929999844e+02
-5.904816032789999554e+02
-5.927363491679999470e+02
-5.699659217580000359e+02
-5.860182707569999820e+02
-5.908474734930000523e+02
-5.973936046210000086e+02
-5.918741960620000100e+02
-6.039248778979999770e+02
-5.800736749669999881e+02
-5.754036428650000516e+02
-5.717190593039999840e+02
-5.728231261759999597e+02
-5.945847105489999649e+02
-6.000081523999999717e+02
-5.791636791500000072e+02
-5.991462727849999510e+02
-5.891351449789999606e+02
-5.942798596600000565e+02
-5.781532140230000323e+02
-5.836376348320000034e+02
-6.061866858270000193e+02
-5.934988044169999739e+02
-6.009666677200000322e+02
-5.898523913489999586e+02
-5.783111739109999689e+02
-5.909945456120000244e+02
-5.885005421959999694e+02
-5.776777019979999750e+02
-5.877018892759999744e+02
-5.802752209210000274e+02
-5.981129527309999503e+02
-5.871839922220000290e+02
-5.949745925539999689e+02
-5.916409398130000454e+02
-5.866190199699999539e+02
-5.841977473700000019e+02
-5.835491947729999538e+02
-5.884754816429999664e+02
-5.925784449740000355e+02
-5.651564044990000184e+02
-5.971596457430000555e+02
-5.871112820810000130e+02
-5.614196977410000500e+02
-5.815401409260000491e+02
-5.770035735359999762e+02
-5.901382845650000490e+02
-5.984164595299999974e+02
-5.999811656309999535e+02
-5.890074915489999512e+02
-5.990400722040000119e+02
-5.979605478309999853e+02
-5.868255987290000348e+02
-5.913360417379999490e+02
-5.979687419599999885e+02
-5.698653031840000267e+02
-5.996236111629999641e+02
-5.819471664489999512e+02
-5.829852025640000193e+02
-5.974482652330000292e+02
-5.989911434499999814e+02
-6.029878850479999528e+02
-5.976985374979999506e+02
-5.977712599640000235e+02
-5.893014292130000058e+02
-6.004979394240000374e+02
-5.870560137200000099e+02
-5.955293095619999804e+02
-5.943033183799999506e+02
-5.930497593510000343e+02
-5.953865295519999563e+02
-5.948350499230000423e+02
-5.701515606709999702e+02
-5.733964275380000117e+02
-5.956542826569999534e+02
-5.992636636869999620e+02
-5.936450100570000359e+02
-5.961791959160000260e+02
-5.927527615809999588e+02
-5.968815241459999470e+02
-5.961614945420000140e+02
-5.904766143059999877e+02
-5.719370783629999551e+02
-5.875857588159999523e+02
-5.896478686230000221e+02
-5.767945463170000266e+02
-5.912485273070000176e+02
-5.899927737289999641e+02
-5.777333104199999525e+02
-5.973450103159999571e+02
-5.808923682729999882e+02
-5.888157553400000097e+02
-5.992320169060000126e+02
-5.903127562290000014e+02
-5.993378889260000051e+02
-5.915146734689999448e+02
-5.910033582710000246e+02
-5.931633787849999635e+02
-6.028427366350000511e+02
-5.999699803649999694e+02
-5.926140412879999531e+02
-5.909790098040000430e+02
-5.898934226009999975e+02
-5.888726558609999984e+02
-5.973620781179999994e+02
-6.020025500199999442e+02
-5.879142337250000310e+02
-5.938298359110000320e+02
-5.909954426360000070e+02
-5.790587324099999478e+02
-5.983296420120000221e+02
-5.822951751990000275e+02
-5.937366821770000342e+02
-6.013680317109999578e+02
-5.985372327219999988e+02
-5.958764729859999534e+02
-5.864414178550000543e+02
-5.974359404509999649e+02
-5.940589137079999773e+02
-5.958736526059999505e+02
-5.978017101560000128e+02
-5.948929325540000264e+02
-5.883081102290000217e+02
-5.953341496499999721e+02
-5.702584300749999784e+02
-5.988483126070000253e+02
-6.012816753600000084e+02
-5.888098801109999840e+02
-5.854302764210000305e+02
-5.846038999549999744e+02
-5.961778524379999453e+02
-5.963085534650000454e+02
-5.920789141760000120e+02
-5.784886840570000004e+02
-5.884458148549999805e+02
-5.942606195450000541e+02
-6.003023209650000354e+02
-5.976004885339999646e+02
-5.952696816850000232e+02
-5.975823386649999520e+02
-5.807280019999999467e+02
-5.813016256900000371e+02
-5.740704214500000262e+02
-5.703002154539999538e+02
-5.601397918459999801e+02
-5.622681730530000550e+02
-5.793038809539999647e+02
-6.007750591010000107e+02
-5.991581695859999854e+02
-5.903033343680000371e+02
-5.994701491770000530e+02
-5.923842917680000255e+02
-5.978346414110000069e+02
-5.995852789919999850e+02
-5.759219296810000515e+02
-5.858093376020000278e+02
-5.978867937620000248e+02
-5.913090189250000321e+02
-5.984724235119999776e+02
-6.006649065640000345e+02
-5.759538110250000500e+02
-5.939462323999999853e+02
-5.967641287059999513e+02
-5.900312256370000341e+02
-5.920356615609999835e+02
-6.012158517829999482e+02
-5.964258343530000275e+02
-6.005168222409999998e+02
-5.758862149029999955e+02
-5.887845936910000546e+02
-5.713230141730000469e+02
-5.881330166430000190e+02
-5.893605829069999800e+02
-5.833353647070000534e+02
-5.831849432640000259e+02
-5.998210429849999628e+02
-6.027616849119999642e+02
-5.949534339509999654e+02
-5.955572502640000039e+02
-6.056240727010000455e+02
-5.924694625050000241e+02
-5.950936236119999876e+02
-5.939128575639999781e+02
-6.012232609520000324e+02
-5.878588971069999616e+02
-5.978095594520000304e+02
-5.875444199319999825e+02
-6.011683122980000462e+02
-5.899406590639999877e+02
-5.882132406370000126e+02
-5.762642216420000523e+02
-5.915487703730000248e+02
-5.944908982230000447e+02
-5.782925754010000219e+02
-5.971979559310000241e+02
-5.867925976010000113e+02
-5.907721061959999815e+02
-5.893809249590000263e+02
-5.849369412400000101e+02
-5.681512835449999557e+02
-5.753880903990000206e+02
-5.818437253969999574e+02
-5.887385956209999449e+02
-5.819379925570000296e+02
-5.956986700530000007e+02
-6.044770178320000014e+02
-5.979889856500000178e+02
-5.862368041449999509e+02
-5.989455266039999515e+02
-5.998387693429999672e+02
-5.938061220690000255e+02
-5.991706470999999965e+02
-5.896170773100000133e+02
-6.005930417150000267e+02
-5.990921970299999657e+02
-6.011881614620000391e+02
-5.518378974529999823e+02
-5.813273381740000332e+02
-5.997606139749999556e+02
-5.873612397040000133e+02
-5.745863616069999580e+02
-5.821558867119999832e+02
-5.786137517270000217e+02
-5.960044574029999467e+02
-5.827238540299999840e+02
-5.789905114099999537e+02
-5.922202907470000355e+02
-5.903107179590000442e+02
-5.945091950519999955e+02
-5.913196880519999468e+02
-5.933086240489999454e+02
-6.016992497559999720e+02
-5.989251582860000553e+02
-5.913703077469999698e+02
-5.927663168970000243e+02
-5.917115268200000173e+02
-5.763603805180000563e+02
-5.826230330600000116e+02
-5.709709346739999773e+02
-5.961509284649999927e+02
-5.992006852289999870e+02
-5.888124279139999544e+02
-5.944300236599999607e+02
-6.002836203470000100e+02
-5.892971810679999862e+02
-5.781011006649999899e+02
-5.945752747909999698e+02
-5.808064898479999556e+02
-5.933525228080000034e+02
-5.900133220809999557e+02
-5.899704083049999781e+02
-6.000147717349999539e+02
-5.742591075960000353e+02
-5.912577549449999879e+02
-5.830833906320000324e+02
-5.994265604610000082e+02
-5.880777041320000080e+02
-5.874271383210000295e+02
-5.748287628470000072e+02
-6.036402863629999729e+02
-5.970335046520000333e+02
-5.982549945150000212e+02
-5.791930285820000108e+02
-6.016645855900000015e+02
-5.993540964699999449e+02
-5.943662456690000226e+02
-5.870805140469999515e+02
-5.800335085829999571e+02
-5.801551759870000069e+02
-5.975467318729999988e+02
-5.984035633219999681e+02
-5.871021310969999831e+02
-5.944819681889999856e+02
-5.827857109389999550e+02
-5.912310244679999869e+02
-5.912427535529999432e+02
-5.847070334439999897e+02
-5.775035525040000266e+02
-5.763638074680000045e+02
-5.884726405789999717e+02
-5.823874109939999926e+02
-5.789625142710000318e+02
-5.837727364690000513e+02
-5.732558456799999931e+02
-5.911428312670000196e+02
-6.018013660340000115e+02
-5.780345963529999835e+02
-5.937135055630000124e+02
-5.949780388420000463e+02
-5.835128718559999470e+02
-5.905025057310000420e+02
-6.018066276529999641e+02
-5.998174961529999791e+02
-5.915292676320000282e+02
-5.995938692329999640e+02
-5.932091789859999835e+02
-5.890720694389999608e+02
-5.867184123370000179e+02
-5.718732932609999580e+02
-5.934682325820000415e+02
-5.893705263399999694e+02
-5.962489459759999590e+02
-5.942764399569999796e+02
-5.598447282040000346e+02
-5.959212410229999932e+02
-5.894451401640000086e+02
-5.935711895450000384e+02
-5.933104037699999935e+02
-6.029967348879999918e+02
-5.743138318899999604e+02
-5.792188265290000118e+02
-5.756457236779999675e+02
-5.968278339659999574e+02
-5.899268202749999546e+02
-5.965619067100000166e+02
-5.959107167449999451e+02
-5.939137592749999612e+02
-5.942872109290000253e+02
-5.809700620040000558e+02
-5.780853681329999745e+02
-5.862062711510000099e+02
-5.900181083620000209e+02
-5.877934987769999680e+02
-6.006056889679999813e+02
-5.902929273590000321e+02
-5.942905843779999486e+02
-5.852328744300000380e+02
-5.838176303919999555e+02
-5.978727994519999811e+02
-6.007042805720000160e+02
-5.937235851929999626e+02
-5.816425529670000287e+02
-5.819619701459999987e+02
-5.862430286390000447e+02
-5.750141876379999530e+02
-5.816993550649999634e+02
-5.882953909679999924e+02
-5.977629441630000429e+02
-5.839818847860000233e+02
-5.856974409230000447e+02
-5.969242051669999682e+02
-5.850852279900000212e+02
-5.979043809129999545e+02
-5.837379052039999578e+02
-5.814727305159999560e+02
-5.894191360610000174e+02
-5.915097228170000108e+02
-5.955614732430000231e+02
-5.979907587850000255e+02
-5.816223074329999463e+02
-5.982844814170000518e+02
-5.899306998979999435e+02
-5.987940695940000069e+02
-5.930138170100000252e+02
-5.854639907690000200e+02
-5.900983355250000386e+02
-5.850495286670000041e+02
-5.806962228050000476e+02
-5.921898681339999939e+02
-6.032264459309999438e+02
-5.964204269949999571e+02
-5.860196244390000402e+02
-6.021729982409999593e+02
-5.797067076800000223e+02
-5.741404264179999473e+02
-5.982381272229999922e+02
-6.039850241670000059e+02
-5.975293435510000108e+02
-5.875998786710000559e+02
-5.837637813369999549e+02
-5.831944682160000184e+02
-5.974328089589999990e+02
-5.791287636209999619e+02
-5.960582702030000064e+02
-5.960747099930000559e+02
-5.987098122160000457e+02
-5.778365191750000349e+02
-5.865038789010000073e+02
-6.009306373110000550e+02
-5.974486831540000367e+02
-5.911376838899999484e+02
-5.915803524550000247e+02
-5.791977754380000079e+02
-5.602243699519999609e+02
-5.733847205350000422e+02
-5.788742761669999481e+02
-6.002651520309999569e+02
-5.906481325659999584e+02
-5.829376448900000014e+02
-6.011135414139999966e+02
-6.007635679530000061e+02
-5.917154718269999876e+02
-5.851991757079999843e+02
-5.978048672779999606e+02
-5.959905588389999593e+02
-5.786014193839999962e+02
-5.791022152609999694e+02
-5.779767771369999991e+02
-5.706771425020000379e+02
-5.899259560540000393e+02
-5.829990897870000026e+02
-5.789930668040000228e+02
-6.023975202789999912e+02
-5.957563332859999718e+02
-5.948276988320000100e+02
-6.016268756030000304e+02
-5.880295919210000193e+02
-5.843608303839999962e+02
-5.929694650059999503e+02
-5.836333542600000328e+02
-5.891937781569999970e+02
-6.000053556379999691e+02
-5.980590191559999766e+02
-5.818744480630000453e+02
-5.861566302080000241e+02
-5.941623205549999511e+02
-5.918994056479999699e+02
-5.911709613699999863e+02
