4.847526998377626128e+00
4.538285359031536181e+00
3.373656473323862759e+00
2.661059563407027539e+00
2.821783478582295057e+00
2.813255942853404523e+00
2.868719052120649593e+00
2.932075885784677372e+00
2.889482652656008010e+00
2.652348393405361549e+00
2.892403325955769766e+00
2.750865681926327522e+00
2.752357898239253142e+00
2.914337489035887518e+00
2.743021326931308845e+00
3.138433526458701106e+00
2.691750359895954237e+00
2.785068401314409581e+00
2.956177768673595718e+00
2.844870823077912725e+00
2.835731651620089444e+00
2.784492952047104897e+00
2.782602199381003505e+00
2.825762551949473345e+00
2.829865191135436664e+00
2.896141571125279590e+00
2.756990750800589751e+00
2.940469690372611300e+00
2.835344423522475843e+00
2.709499215722344534e+00
2.895690763876557217e+00
2.851105048924013730e+00
2.882685206539209233e+00
2.807349105472990214e+00
2.702004626198852399e+00
2.812114329112527233e+00
2.863305956407732555e+00
2.763642162075256259e+00
2.848379539317048348e+00
2.808432658975464680e+00
2.722782767684560845e+00
2.814717570201315855e+00
2.824463311852359659e+00
2.782198591042702507e+00
2.624457658260083814e+00
2.890584369984726898e+00
2.977237309990588887e+00
2.748485764925843622e+00
2.909345115313753727e+00
2.833193427918397678e+00
2.829997526500686256e+00
2.764616067377168473e+00
2.988895782726457728e+00
2.742393297833117138e+00
2.880700435657966185e+00
2.868917740194026678e+00
2.806648178878143440e+00
2.855022591854572855e+00
2.685342063871938745e+00
2.686720677703583249e+00
2.687563394601139688e+00
2.738102627733299155e+00
2.904837516970613542e+00
2.914902571270607812e+00
2.821767885563942091e+00
2.693147972169371851e+00
2.875514910411698821e+00
2.784699624735134105e+00
2.813632705240682430e+00
2.781020496148850718e+00
2.997501292743674828e+00
2.752905919206103391e+00
2.970380110356249048e+00
2.931350883125389384e+00
2.867756265793869996e+00
2.825013097314771127e+00
2.880787739490710653e+00
2.901889901426309759e+00
2.900475478262141582e+00
2.990491765579701422e+00
2.653113265580646196e+00
2.767784131755943289e+00
2.965764319699055296e+00
2.806669556609755478e+00
2.985935364337279019e+00
6.197620914512277146e+00
5.781960913046714445e+00
5.883469129688706722e+00
3.062883608627660958e+00
5.595052904128790416e+00
5.326807111206487200e+00
5.307257107018653386e+00
5.274504147310911328e+00
3.135135882222651382e+00
3.057899115405870116e+00
2.953391440361402331e+00
2.869119377091166712e+00
5.645532835791498449e+00
2.821784187353810314e+00
5.603666745979814401e+00
2.752177319868761352e+00
2.832286355579181070e+00
2.908039201936590157e+00
2.748053856823042373e+00
2.779292895684080555e+00
2.856007528001283546e+00
2.810326315572623912e+00
2.858421592417745405e+00
2.719840804164832093e+00
2.746231235711952934e+00
5.901848862856452271e+00
5.873036863497452131e+00
2.944946179474253078e+00
2.922476005034087887e+00
2.899873273093153792e+00
2.825959306147206362e+00
5.594651463674926717e+00
7.918810832441953274e+00
5.900169573834298298e+00
2.758051848678701123e+00
3.029691238393774189e+00
2.808907972860627655e+00
2.939536017809613266e+00
2.791784196530957107e+00
2.976447714978376791e+00
2.771602063789099901e+00
2.911199065677233744e+00
2.832795262633711619e+00
2.769704857922591135e+00
2.876444506678340396e+00
2.767344936938653799e+00
2.810361008838544450e+00
2.886444179262782406e+00
2.773449837296503073e+00
2.875541688099826576e+00
2.714031871588835632e+00
2.898986202105832799e+00
2.604012480768861160e+00
3.066756266806998532e+00
2.685900407684544078e+00
2.847748584408392070e+00
3.012799694636203451e+00
3.095173662333019937e+00
2.873101634122956050e+00
2.800008928557192966e+00
2.734237736554742337e+00
2.890947768466252121e+00
2.761680104574026018e+00
2.800386759003120396e+00
2.891998789764615552e+00
2.905981073579110951e+00
2.804815323688887752e+00
2.834947794933798004e+00
2.825043893464311839e+00
2.954542604194429156e+00
2.799967678384877257e+00
5.831042788386996634e+00
2.895704577473330321e+00
2.920145544317953590e+00
2.834590799392392224e+00
2.801555996227810930e+00
2.818785908862182943e+00
2.779087799980417550e+00
2.820597454441168050e+00
2.731483113621609782e+00
2.906212311583584285e+00
3.071170623719887693e+00
2.823412651384844985e+00
5.792710419138867195e+00
5.821549965430169671e+00
5.511737747752517791e+00
5.753779453541819855e+00
6.020175744943000673e+00
2.956049559801052773e+00
5.754088372626892323e+00
2.780838362796370866e+00
2.782785115670989295e+00
2.859910837770995862e+00
2.818400965086409027e+00
2.834872307529918256e+00
2.776856856231520343e+00
2.802376848320011771e+00
2.906355793773364393e+00
2.848010709249527928e+00
2.704413060166660276e+00
2.773914922992412713e+00
2.879517320663309121e+00
2.898438545148059653e+00
2.807197534909148473e+00
2.826215490722531420e+00
2.711429696672956080e+00
2.916354230884856236e+00
2.733110133163316302e+00
2.742672601678880717e+00
2.741176024993652316e+00
2.980082045850415806e+00
2.893718887521730121e+00
2.850830931500498266e+00
2.842751132266066350e+00
2.758201406714165582e+00
2.917959903768384766e+00
2.794247304731633630e+00
2.818526210628526041e+00
2.781115064142438698e+00
2.819354536059627936e+00
2.738337086627575800e+00
3.036958676044176908e+00
2.754412641562625552e+00
3.098014041285158449e+00
2.824558549579030853e+00
2.776115451489725050e+00
2.846465527632470849e+00
2.796788336646161000e+00
2.808593598226699850e+00
2.888458758576968322e+00
2.935911102196385958e+00
6.001842550417330280e+00
2.764726026209469278e+00
2.801841537275082672e+00
2.710536109333354648e+00
2.874279561907644442e+00
2.901627474366756054e+00
2.781686718521696022e+00
5.627307437842720361e+00
2.963372065738624439e+00
2.970802753465803470e+00
2.818709279085021002e+00
2.794360213000464555e+00
5.873662315795827205e+00
5.877847054832237461e+00
2.757647548183052244e+00
2.896424865243357072e+00
6.136687705920841118e+00
6.070131300062627133e+00
3.016614824600582168e+00
5.881392607197720501e+00
2.802903851365579513e+00
2.942194589078023892e+00
2.933471833851486021e+00
2.752012536308655832e+00
2.710582409741492782e+00
2.797876694924206209e+00
2.897250765812307005e+00
2.858975515809815349e+00
2.972246456806702852e+00
2.769150230666440393e+00
2.878150795215566937e+00
2.908925059192828400e+00
2.921372451434428363e+00
2.857263901007395468e+00
2.759775353176414203e+00
2.881850967694200794e+00
2.785392970480107699e+00
2.785680886246663768e+00
2.749153506081462250e+00
2.839266454561811592e+00
2.892725012855525968e+00
2.867188518392189689e+00
2.870115154484223385e+00
2.804916219782687126e+00
2.885302930369703756e+00
2.919093352395568886e+00
2.649560340886766951e+00
2.852532033124255850e+00
2.813003554921323257e+00
2.780627806809102598e+00
2.862185353886082417e+00
2.972377836009412633e+00
2.815035878989822216e+00
2.974835289558062090e+00
2.967898414703576293e+00
2.884560798457886488e+00
2.892318965812726628e+00
2.734302287604645443e+00
2.853236232771482417e+00
2.946550016544772888e+00
2.775856264290354591e+00
2.765505197970164808e+00
2.755144097864937525e+00
2.899203511311338577e+00
2.834930157869854472e+00
2.645081851285513874e+00
2.898410253915066459e+00
2.685056982635563916e+00
2.692253145601282593e+00
2.858343926122257184e+00
2.785355632589849417e+00
2.923823011059322408e+00
2.836122881681963026e+00
2.942478886925103509e+00
2.895982044143230016e+00
2.897871805308165349e+00
3.045684652093844313e+00
2.992113634205759709e+00
2.768979234302778814e+00
2.963590221336275921e+00
2.763240308044162763e+00
5.921648250276269287e+00
6.066778140001495068e+00
2.876666299729602194e+00
2.859100732747973606e+00
2.965915204452075127e+00
2.707801506757834265e+00
2.885633032802334963e+00
2.768597840062727578e+00
2.689223865727805141e+00
3.013353779429159385e+00
3.096406142611140222e+00
3.035105434741930619e+00
2.704197847791466547e+00
2.849726653558197320e+00
2.877247643147875067e+00
2.859252699570291156e+00
2.735036562826903328e+00
2.733051591170573058e+00
2.984064677583245562e+00
2.833646590526065268e+00
2.925170935176267140e+00
2.723932084322221225e+00
2.774370198801883181e+00
2.858121585937169140e+00
2.706257009228798527e+00
2.822527059214844591e+00
2.868542835657156509e+00
2.812203939973059175e+00
2.805475717235848432e+00
6.093683368866485317e+00
6.155524510551477313e+00
6.012369416461367244e+00
2.827936703676374730e+00
2.749397388519891017e+00
2.856143728876402221e+00
2.746003095409762729e+00
2.803931703875827353e+00
2.756539497268268857e+00
2.914101062077291360e+00
5.876014465605066128e+00
5.858060685926699485e+00
2.901939696134294255e+00
2.852128152800991856e+00
6.179504915444279156e+00
2.905799201596697134e+00
2.900925541960703402e+00
2.815783549919986140e+00
5.877802395453592510e+00
2.853220285922557498e+00
5.950273523124797848e+00
5.863435938082720789e+00
2.690106875200314551e+00
2.887126599233224233e+00
2.919947259797682992e+00
2.963864706763788881e+00
2.843565543468270729e+00
5.978401542218454878e+00
6.234454106014415409e+00
6.047416803892385673e+00
2.767239960682846167e+00
6.008316735991869884e+00
5.871668757687205087e+00
5.929874703566679450e+00
6.002874478114630818e+00
2.789371613822726026e+00
2.881182222630148004e+00
6.101777937617854697e+00
6.103894740245771722e+00
5.673982816329284695e+00
2.934869673426742764e+00
5.941557371598795712e+00
3.105382585125382455e+00
2.918302417502339541e+00
2.832684239374378521e+00
2.912173243472991224e+00
2.920500813216801550e+00
2.889544946873122910e+00
2.799566573596705688e+00
2.833801157456182995e+00
2.911130708161349556e+00
2.953032678451086745e+00
2.751920056978399920e+00
2.856091560156992060e+00
2.933483253744599395e+00
2.979825162656359439e+00
2.961215122209123862e+00
2.779142673559599874e+00
2.746433687530067225e+00
2.792370140221385633e+00
2.721975385634484379e+00
2.997890758516727150e+00
2.726019442337122900e+00
2.754733743939693280e+00
2.899832581374311324e+00
3.084761579117582198e+00
2.883276261477557778e+00
2.961475476852712063e+00
3.004057589328140487e+00
2.914696896763024014e+00
2.851712117307775518e+00
2.960886016043170699e+00
2.921495165150885143e+00
2.873026801128037100e+00
2.921802183584644830e+00
2.904267205337690783e+00
2.888632894640646764e+00
2.703665844737474178e+00
2.911387641658183423e+00
2.910834072907626080e+00
2.861068856214404210e+00
2.839871299900754487e+00
2.913671395336131731e+00
3.097048433589633554e+00
3.049080845107260185e+00
2.922111736398866899e+00
2.945915816855599889e+00
2.854953940083797548e+00
2.878401466091899952e+00
2.806323929983850274e+00
2.735501782123345826e+00
3.039754759844945031e+00
2.876530027654847554e+00
3.037287111881259882e+00
2.976283252649183364e+00
2.784917233958668525e+00
2.700234989774038308e+00
2.865739171662347928e+00
2.741406390887713762e+00
2.892962668269329463e+00
2.810592997927661596e+00
2.874805036867717600e+00
2.985223107240059903e+00
2.727759153591093444e+00
2.799641762797519196e+00
3.033191223777360612e+00
2.835930182497446328e+00
2.698724513543388603e+00
2.836430327013162778e+00
2.729337282198739167e+00
2.838496080673707400e+00
2.816148078493032614e+00
2.877521676721133126e+00
2.932457842834232498e+00
2.944153528605463421e+00
2.952299781526259270e+00
3.119439212422642882e+00
2.849919647990097449e+00
2.743398986658703187e+00
2.880691930769411435e+00
2.986665866815368720e+00
2.844073662899749610e+00
2.731362663580213734e+00
2.833012883839394203e+00
2.918863820050534574e+00
2.852750427219318041e+00
2.768643891871975349e+00
2.795507288489872622e+00
3.040296696047936287e+00
2.855662094856462829e+00
2.769822015942540183e+00
2.705867698170034696e+00
2.728460005204401462e+00
2.798010364526907878e+00
2.859991608379298000e+00
2.934228518708112077e+00
2.659524393571151890e+00
2.788912691354822559e+00
2.953384160585953655e+00
2.742541522019311007e+00
2.739643954969331219e+00
2.924273243046894066e+00
3.142526690419669588e+00
2.947784591858773950e+00
2.740013321135501556e+00
2.887523679556585066e+00
2.919459025230530802e+00
2.829756880016373266e+00
2.933118647446775640e+00
2.929292406025728823e+00
2.703778467256516826e+00
3.035677683812957106e+00
3.034102668005814518e+00
2.815403523475808800e+00
2.804374796634715228e+00
2.774351275523703197e+00
2.865470467479990901e+00
2.756927456426809808e+00
2.824447733628646873e+00
2.927976263564989967e+00
2.944560069008611336e+00
3.102224202084691296e+00
2.789865408940008340e+00
2.839359082610017904e+00
2.871126085702263797e+00
2.780331634895377046e+00
2.810577698623541121e+00
2.829119474324122585e+00
5.460253290828182671e+00
5.266311802390738706e+00
5.367346178513176191e+00
2.743748712983753002e+00
2.960277182967838261e+00
2.949807620845806611e+00
2.865882237636431462e+00
2.739694326015222003e+00
2.873112075781242503e+00
2.963766185109749873e+00
2.773952595124869802e+00
2.789687079225911859e+00
2.697722372669211666e+00
2.943383936899839792e+00
2.695406091853322028e+00
2.849960350601390413e+00
2.827520645371134567e+00
2.743527838386190520e+00
2.757754340038285790e+00
2.935054684328727070e+00
2.915879627145125497e+00
2.766160154437917296e+00
2.798695767674650892e+00
5.909991370552075907e+00
6.019082488220276694e+00
5.842565617945596479e+00
6.117912552496970413e+00
2.824333903772711096e+00
3.019797840915845022e+00
2.976905776137363180e+00
5.805339955592609513e+00
2.794877814860606602e+00
2.950820394398818269e+00
2.768943661398693301e+00
2.748667677257474296e+00
2.943450186430882631e+00
2.712041481983636260e+00
2.909164828606313424e+00
2.724102237435298335e+00
2.824512170269407818e+00
2.741577100867309547e+00
2.888485589370319406e+00
2.917413580553843477e+00
2.876807431859143893e+00
2.808010505678352864e+00
2.839645928632652971e+00
2.736244506618514816e+00
2.779197546055335533e+00
3.025982319842599466e+00
2.869079643369977894e+00
2.836903241212149318e+00
2.888826924549132702e+00
2.873376237112015286e+00
2.948020522316627812e+00
2.822467891757141079e+00
2.925517731957883782e+00
2.845476937175910770e+00
2.820664815251893831e+00
2.673461613713576490e+00
2.843282258236069282e+00
2.853491545457949918e+00
2.901674688865035545e+00
2.761503032770378674e+00
2.850840402407682550e+00
2.772482100934106963e+00
2.787653134807126509e+00
2.783487560597316612e+00
2.975953796684350561e+00
2.813433667247194681e+00
2.835588827739311313e+00
2.730112268753796201e+00
2.915676422376118015e+00
2.803037994747841655e+00
2.770538395330409465e+00
2.932039733700755768e+00
2.668463602899616038e+00
2.959698802243228233e+00
2.712729437301110824e+00
2.849252182591074156e+00
2.737968955265928539e+00
