4.859595353524817973e+00
2.584644849877832051e+00
2.807683386708693885e+00
2.775554178898333113e+00
2.937985193972223019e+00
2.766489652971794388e+00
2.697971830838861607e+00
2.978987244014314584e+00
2.908754716369188920e+00
3.155332153672573359e+00
2.840602224881195959e+00
2.777729468468806751e+00
2.880994619918614497e+00
5.195076611562143398e+00
3.064304162448629576e+00
2.909804976282774902e+00
3.034684991889603278e+00
2.776335174290020635e+00
3.256904818996097184e+00
2.940721170053360201e+00
2.730241564404146448e+00
2.699648125219284989e+00
2.771689737326312297e+00
5.732529982477196029e+00
2.883186605129817615e+00
2.793047260609816895e+00
2.901026370097314455e+00
2.693447047929474536e+00
2.827832562228535185e+00
2.842625546919607782e+00
2.796165588801922564e+00
2.906892154862302569e+00
2.952974263348734585e+00
2.854547775042484581e+00
3.125236791028801697e+00
2.742754272624508882e+00
2.797369299895886119e+00
2.862496462879910553e+00
2.844631610595650173e+00
2.720906099078026052e+00
2.939885371915034629e+00
2.731270949576405815e+00
2.949754227050111144e+00
2.686962969599692830e+00
2.888363896741544590e+00
2.881773238823623906e+00
2.681911445219621548e+00
2.985216575057830557e+00
2.764501039970865826e+00
2.768381115381334023e+00
2.661524563102883878e+00
2.760737763714619764e+00
2.863656927776090821e+00
2.754871684852127078e+00
2.674248679535992324e+00
3.031315555992149857e+00
2.713354565846490818e+00
2.872213258099057143e+00
2.864404475628398838e+00
2.958582261827445326e+00
2.831566704141013080e+00
2.973202650341883579e+00
2.967349996208738183e+00
2.729644848693690395e+00
2.757779904198302656e+00
2.668115064985016716e+00
2.657900110989876996e+00
2.822873358831387680e+00
2.783067372522627370e+00
2.792761536544070555e+00
2.927742133453695939e+00
3.001822946144558912e+00
2.659881576311245777e+00
5.884741200766606006e+00
2.917117926995753230e+00
2.832404279053398088e+00
2.830413574020588463e+00
2.891947959421123482e+00
2.974130293043665496e+00
2.788283522169149542e+00
2.825409173907382776e+00
3.165221161309269338e+00
3.001023325467498282e+00
2.810299272319586539e+00
6.287465705671880123e+00
5.909736034714240915e+00
5.775138007009009478e+00
2.965312125223920070e+00
3.095535171824090437e+00
2.906554145375585652e+00
2.770919161577977352e+00
2.709688912033999308e+00
2.862248416891867375e+00
2.781742799038041891e+00
2.857987578699389797e+00
2.851887094539333312e+00
5.945682214851379932e+00
5.590352225039134204e+00
2.859203385560391109e+00
2.757464958979533254e+00
2.697862301897559600e+00
6.167580400773061022e+00
2.993670155511458209e+00
2.832149890101158363e+00
2.799639083882064394e+00
2.695061594843427777e+00
5.387179596040955865e+00
2.778096650586511895e+00
2.886074496613002971e+00
2.710317509075274689e+00
2.777458190504404456e+00
2.833629121815344654e+00
2.717158994243804138e+00
3.014443563910262025e+00
3.109137018531026087e+00
2.695523882290787654e+00
2.704077106888780779e+00
2.811281736148122601e+00
2.811434509285250627e+00
3.006099466085578431e+00
2.730361514525137423e+00
3.021525111595136259e+00
2.937535531699999591e+00
2.925320666183452989e+00
2.768527767605013512e+00
2.818144957236941028e+00
3.038698734656004152e+00
3.103464837886841909e+00
2.868850292364521604e+00
2.746018390324434844e+00
2.652610789392216617e+00
2.780072301218081243e+00
5.941202908502620339e+00
2.688831716563905960e+00
6.112330079437791497e+00
5.591447934122252050e+00
6.093255369668990618e+00
2.707405030652044964e+00
2.903513044572040513e+00
2.945779862786762848e+00
2.885240024677322879e+00
2.637047781137080715e+00
5.688646060355663003e+00
3.141393958102039363e+00
2.831034793145432271e+00
5.916864118771023584e+00
5.550859032618284949e+00
7.742530723219637423e+00
2.646583835815521812e+00
2.740013138654630698e+00
2.835319029668443402e+00
2.975272928657133775e+00
2.927377836904556219e+00
2.834577040759344246e+00
2.713492951897977790e+00
2.941934907505602492e+00
2.905601486783760734e+00
2.846883383632002662e+00
2.741594608982152348e+00
2.740006204372537724e+00
2.779716532310444244e+00
2.726786203573723810e+00
5.602744416801466620e+00
5.877829616448575045e+00
5.829854543640004216e+00
6.174549457247873185e+00
2.884797046587505687e+00
2.790707616358259813e+00
2.686221323718505527e+00
2.773923935510849592e+00
2.860851271911911020e+00
5.849344749627944928e+00
2.870129962214254871e+00
2.845502240378664283e+00
2.885843550853025352e+00
3.017570214593191302e+00
2.748007459960762677e+00
2.757058033484243165e+00
3.075463379720200230e+00
2.913743468461147845e+00
2.821000886210423886e+00
2.821392032313127185e+00
2.774911349935345939e+00
2.819276502934751516e+00
2.725838953423330491e+00
2.693340676557646418e+00
2.696977938359896854e+00
2.905271243791188507e+00
5.434784356347545753e+00
3.413383951447595432e+00
4.422835515820139562e+00
4.812589947211376007e+00
2.555493885729331893e+00
2.805446844978531917e+00
2.697479193617626336e+00
2.926826609145133151e+00
2.832693417932834024e+00
2.684865732210830469e+00
2.900358598518465669e+00
3.080116556236143666e+00
2.959046130089897808e+00
3.088095205786246744e+00
2.824639623031582225e+00
5.452178463696873756e+00
4.817035395344318793e+00
3.166159345326763574e+00
2.734010424266886563e+00
2.732700861784911783e+00
5.984501482997560018e+00
5.991981809051159402e+00
2.834175894329778789e+00
2.851859393448421987e+00
2.743800648735253755e+00
2.799697662248550767e+00
2.906936703817267542e+00
2.753846400945412221e+00
2.874923651160148808e+00
2.770428486714645810e+00
2.770621951836806929e+00
3.126064138817372218e+00
5.972611154260754951e+00
3.147285338192265414e+00
5.939678947552637034e+00
2.767324520181903225e+00
2.890072144428231571e+00
3.392621847480205233e+00
2.901296779028302186e+00
2.721757704131651856e+00
2.793998210450393316e+00
2.751295331293970747e+00
2.858255761823983665e+00
2.827976308245880421e+00
2.678088310717180232e+00
2.910357194572514850e+00
2.798931224592701383e+00
5.948664556015913263e+00
2.716841732600558057e+00
2.909614922975203744e+00
2.899979655101049936e+00
2.915114405988210589e+00
2.748818473453640276e+00
2.947054292000742315e+00
2.607528715086374849e+00
3.012332484969081126e+00
3.011988711798237350e+00
2.889473481449518211e+00
2.841492565536640313e+00
2.829568341637996198e+00
2.552016065780151166e+00
