-5.614232775770000217e+02
-5.789387211470000238e+02
-5.525365739449999865e+02
-5.930383722760000182e+02
-5.925267197509999733e+02
-5.874960596309999801e+02
-5.921379155150000315e+02
-6.021687160679999806e+02
-5.827522271909999745e+02
-5.874704064369999514e+02
-6.010749386889999641e+02
-5.814370063730000311e+02
-5.957373322869999583e+02
-5.770397831950000409e+02
-5.745011065270000472e+02
-5.771480761889999940e+02
-5.806198411359999909e+02
-5.890595830080000042e+02
-5.682007374629999958e+02
-5.766415508960000125e+02
-5.845586101620000363e+02
-6.006152575769999657e+02
-5.925474423150000121e+02
-5.949225158340000235e+02
-5.709599298450000333e+02
-5.914393367870000020e+02
-5.656246684310000319e+02
-5.968494090839999444e+02
-5.946537125009999727e+02
-5.881684917039999618e+02
-5.844032969879999655e+02
-5.678264725459999909e+02
-5.978887638600000400e+02
-5.752674213650000183e+02
-5.933793112060000112e+02
-5.778841686819999950e+02
-5.947435797010000442e+02
-5.925666266690000157e+02
-5.779693217239999967e+02
-5.708240255680000246e+02
-5.889259974020000072e+02
-5.920197123330000295e+02
-5.947751071820000561e+02
-5.865472245009999597e+02
-5.574458555679999563e+02
-5.840312439320000522e+02
-5.814651042949999464e+02
-5.732350939839999455e+02
-5.915589249130000553e+02
-5.969087747190000073e+02
-5.910315748530000519e+02
-5.971555763520000255e+02
-5.854383523610000566e+02
-5.865850110310000218e+02
-5.530731916739999861e+02
-5.710914719370000512e+02
-5.963631797799999958e+02
-5.846654028489999746e+02
-5.736731855670000186e+02
-5.909063145699999495e+02
-5.904594809650000116e+02
-5.725847445279999874e+02
-6.000778884920000564e+02
-6.000496895569999651e+02
-5.843204854660000365e+02
-5.961076918789999581e+02
-5.841368629979999696e+02
-5.930746015790000456e+02
-5.902562583100000211e+02
-5.821662690929999826e+02
-5.692359091910000188e+02
-5.836887052170000061e+02
-5.887619459369999504e+02
-5.830710795649999909e+02
-6.008944413760000316e+02
-5.829931575230000362e+02
-5.700514814319999459e+02
-5.981357912969999688e+02
-5.951412722960000110e+02
-5.743925159420000455e+02
-5.821299344100000326e+02
-5.818205825579999555e+02
-5.962704775729999938e+02
-5.684658405139999786e+02
-5.921450716120000379e+02
-5.693019708000000492e+02
-5.999692937060000304e+02
-5.862507811790000005e+02
-5.685395705700000235e+02
-5.793992543000000524e+02
-5.956472910679999586e+02
-5.626908952530000079e+02
-5.868595530830000371e+02
-5.930722383470000523e+02
-5.818472880780000196e+02
-5.999862010880000298e+02
-5.697160457280000401e+02
-5.744263353029999735e+02
-5.985587125069999956e+02
-5.949888926309999988e+02
-5.786834187010000505e+02
-5.910757844629999909e+02
-5.882049591170000440e+02
-5.813624834669999473e+02
-5.756373420480000505e+02
-5.908752384540000548e+02
-5.850990311020000263e+02
-5.879067743919999884e+02
-5.415036546679999674e+02
-5.481138659499999903e+02
-5.683171768759999622e+02
-5.822056762939999999e+02
-5.853662290199999916e+02
-5.927975805669999545e+02
-5.771295501529999683e+02
-5.487972485599999573e+02
-5.617589032829999951e+02
-5.897135767680000527e+02
-5.828313813580000442e+02
-5.861949727769999754e+02
-5.895237978930000509e+02
-5.764247997590000523e+02
-5.733989036899999974e+02
-5.648566781130000436e+02
-5.700993531909999774e+02
-5.943732122310000250e+02
-5.939450217669999574e+02
-5.944167584540000462e+02
-5.739206151930000033e+02
-5.955827561199999991e+02
-5.835791364919999751e+02
-5.952007239030000392e+02
-5.930400813999999627e+02
-5.805911034890000337e+02
-5.814972932629999605e+02
-5.718749269610000283e+02
-5.931890882789999750e+02
-5.925447716700000456e+02
-5.922876289910000196e+02
-5.802880671140000004e+02
-5.944346307719999913e+02
-5.852026833930000294e+02
-5.629128003560000479e+02
-5.674143352730000061e+02
-5.510730351859999701e+02
-5.707229142149999461e+02
-5.893188173170000255e+02
-6.038422059959999615e+02
-5.722921632430000045e+02
-5.811122455109999692e+02
-5.801985571230000005e+02
-5.834864984490000097e+02
-5.953191322379999519e+02
-5.962812391050000542e+02
-5.635060847739999872e+02
-6.028009964870000204e+02
-5.779936419739999565e+02
-5.995839666499999794e+02
-5.773181035679999695e+02
-5.756769933880000281e+02
-5.592907197849999648e+02
-6.015746441589999449e+02
-5.883021047290000070e+02
-5.999532925620000015e+02
-5.884709341090000407e+02
-5.718950033060000351e+02
-5.945076386880000427e+02
-5.681814878070000532e+02
-6.033400439009999445e+02
-5.910224888259999716e+02
-6.011384050130000105e+02
-5.740740777720000096e+02
-5.824830324509999855e+02
-5.820078879930000539e+02
-5.997868603340000391e+02
-5.933320486059999439e+02
-5.987540088829999831e+02
-5.979008216070000117e+02
-5.786556539680000242e+02
-5.786138140489999842e+02
-5.876321344680000038e+02
-5.956203338770000073e+02
-5.921195460720000483e+02
-5.855049001239999598e+02
-5.635717240169999513e+02
-5.986150290890000178e+02
-5.935731794590000163e+02
-5.720722567829999434e+02
-5.802119347589999734e+02
-5.941901463289999583e+02
-5.679049558460000071e+02
-6.017351897329999701e+02
-5.877134376159999647e+02
-5.970383802909999531e+02
-5.929869900480000524e+02
-5.917126429950000102e+02
-5.808280783469999733e+02
-5.867078970559999789e+02
-5.936807531240000344e+02
-5.959422135700000354e+02
-5.774474339339999460e+02
-5.773863114209999594e+02
-6.029741515199999640e+02
-5.964218815519999453e+02
-5.839619254430000410e+02
-5.793883703469999773e+02
-5.879028970430000527e+02
-5.924405745709999564e+02
-5.742689792280000347e+02
-5.611461631610000040e+02
-5.696563081169999805e+02
-5.731384460939999599e+02
-5.884588136989999612e+02
-5.930160605930000202e+02
-5.899748134029999846e+02
-5.890991286449999507e+02
-5.932760750779999626e+02
-5.723367514609999489e+02
-5.749144595069999468e+02
-5.878270142669999814e+02
-5.634938309840000557e+02
-5.926874097740000025e+02
-5.701953653849999455e+02
-5.507131837360000191e+02
-5.594678042010000354e+02
-5.826838758989999860e+02
-5.779042949659999522e+02
-5.744775017450000405e+02
-5.872503555560000450e+02
-5.871827942590000475e+02
-5.817011620179999909e+02
-5.768290584009999975e+02
-5.764083635599999980e+02
-5.680323986509999941e+02
-5.954935930670000062e+02
-5.811917499439999801e+02
-6.030924599520000129e+02
-5.825290179200000011e+02
-5.680825254410000298e+02
-5.515775240169999734e+02
-5.632270524939999632e+02
-5.793514945470000157e+02
-5.933071040859999812e+02
-5.840643766010000490e+02
-5.802308262139999897e+02
-5.568307078840000486e+02
-6.011262545289999935e+02
-5.899538792820000026e+02
-5.735210497739999482e+02
-5.944207060249999586e+02
-5.756398139599999695e+02
-5.819741075350000301e+02
-5.725954769459999625e+02
-5.681841282530000399e+02
-5.913499328200000491e+02
-5.890112234790000230e+02
-5.966948367469999539e+02
-5.796000571959999661e+02
-5.956113553909999609e+02
-6.009405082849999644e+02
-5.809231936469999482e+02
-5.911525508370000352e+02
-5.945624547029999576e+02
-5.898938193579999734e+02
-5.722388529050000443e+02
-5.957940568660000054e+02
-5.687238127379999924e+02
-5.738071967380000160e+02
-5.741908459999999650e+02
-5.972840902399999550e+02
-5.949763521150000543e+02
-5.989624006129999998e+02
-5.965703468189999512e+02
-5.945949232929999653e+02
-5.777888500130000011e+02
-5.886850563049999892e+02
-5.954313794869999583e+02
-5.839900947370000495e+02
-5.937892730989999563e+02
-5.895156057409999448e+02
-5.900261110630000303e+02
-5.826875901050000266e+02
-5.784788190760000361e+02
-5.870016591840000046e+02
-5.834887776990000248e+02
-5.868028223239999761e+02
-5.938698867660000360e+02
-5.815566310750000412e+02
-5.918781644169999936e+02
-5.816736836420000145e+02
-5.993365323970000418e+02
-5.690250761610000154e+02
-5.845508806899999854e+02
-5.716564463600000181e+02
-5.969196069450000550e+02
-5.837712670610000032e+02
-5.899136012569999821e+02
-5.925735804519999874e+02
-5.784574669219999805e+02
-5.829471733399999493e+02
-6.004589332640000521e+02
-5.948947577190000402e+02
-5.856434756160000461e+02
-6.010991542990000198e+02
-5.639470837159999519e+02
-6.008554746089999981e+02
-5.867578064079999649e+02
-5.842684823099999676e+02
-5.625794294949999994e+02
-5.831692691150000201e+02
-5.997274451490000047e+02
-5.965360623269999678e+02
-5.921324845890000006e+02
-5.745078417890000537e+02
-5.582978360519999796e+02
-5.798226748810000117e+02
-6.019212139439999874e+02
-5.771536894299999858e+02
-5.898304243559999804e+02
-5.586328751219999731e+02
-5.714278772119999985e+02
-5.916016759110000294e+02
-5.947513502340000286e+02
-5.825145323699999835e+02
-5.702629988869999806e+02
-5.581223527339999464e+02
-5.637937116199999537e+02
-5.965016941420000194e+02
-6.023377819260000479e+02
-5.934257597990000477e+02
-5.873531216510000377e+02
-5.808997448469999654e+02
-5.910727728570000181e+02
-5.946187874009999632e+02
-5.847196610140000530e+02
-5.856562614719999829e+02
-5.927239536729999827e+02
-5.983006421679999676e+02
-5.918196308090000457e+02
-5.911774514200000112e+02
-5.797308631509999941e+02
-5.646659796200000301e+02
-5.834835429639999802e+02
-5.913056037159999505e+02
-5.760974856430000273e+02
-5.873759567099999686e+02
-5.697050014980000014e+02
-5.791052102720000221e+02
-5.911168487769999729e+02
-5.677883844020000197e+02
-5.775849339850000206e+02
-5.921209435260000191e+02
-5.930746441940000295e+02
-5.905416675919999534e+02
-5.845571343899999874e+02
-5.786145592310000438e+02
-5.593230925359999901e+02
-5.561137382330000491e+02
-5.681761853179999662e+02
-5.755575198740000360e+02
-5.281677555520000169e+02
-5.669454389940000283e+02
-5.857758134839999684e+02
-5.498183867059999557e+02
-5.799388357450000058e+02
-5.951468738209999856e+02
-5.858826701780000121e+02
-5.827286064679999527e+02
-5.976359401429999707e+02
-5.943240793170000416e+02
-5.917317160759999979e+02
-5.847932426500000247e+02
-5.950325950809999540e+02
-5.997424409110000170e+02
-5.671764839789999542e+02
-5.703179426850000482e+02
-5.654847578049999584e+02
-5.976718657510000412e+02
-5.758437191579999990e+02
-5.952251872959999446e+02
-5.954551941859999715e+02
-5.845264756520000446e+02
-5.962165456610000547e+02
-5.794491592719999744e+02
-6.023248909120000008e+02
-5.984365478529999791e+02
-5.858096946340000386e+02
-6.012792447430000493e+02
-5.841570409849999805e+02
-5.972063353409999991e+02
-5.991183691349999663e+02
-5.385059383689999777e+02
-5.823494701460000442e+02
-5.812417051800000536e+02
-5.983339022879999902e+02
-5.912888604669999495e+02
-5.956682016290000092e+02
-5.820792959320000364e+02
-5.912891973590000134e+02
-5.882356371790000367e+02
-6.008759072230000129e+02
-5.992570401059999767e+02
-6.007076791399999820e+02
-5.900946452849999559e+02
-5.766605843380000351e+02
-5.823516349080000509e+02
-5.794014596260000189e+02
-5.746908107360000031e+02
-5.934036237889999938e+02
-5.860049288220000108e+02
-5.694441204800000378e+02
-5.902997785530000101e+02
-6.041734756089999792e+02
-5.897201034539999682e+02
-6.043249756059999527e+02
-5.850168030419999923e+02
-5.667114919550000423e+02
-5.946316040210000438e+02
-5.784848305750000463e+02
-5.942889233900000363e+02
