-5.759523340619999772e+02
-5.748489399569999705e+02
-5.883628867579999451e+02
-6.024300097190000542e+02
-6.047153954220000287e+02
-5.972324918809999872e+02
-5.912768146780000507e+02
-5.887190872380000428e+02
-6.004798199890000205e+02
-5.787710193950000530e+02
-5.875308242139999493e+02
-5.886121904770000128e+02
-5.837742044000000305e+02
-5.865563220039999806e+02
-5.976527445010000292e+02
-5.987196402240000452e+02
-5.863822071810000125e+02
-5.840163581189999604e+02
-5.958915027059999829e+02
-5.875676579050000328e+02
-5.998913262649999751e+02
-6.025121156400000473e+02
-5.939457015509999565e+02
-5.750173807060000399e+02
-5.999680150409999442e+02
-5.909733948599999849e+02
-5.904176349399999708e+02
-5.846192547719999766e+02
-5.887480914579999762e+02
-5.963696453420000125e+02
-5.929932209830000147e+02
-5.894079984689999492e+02
-5.896769992380000076e+02
-6.010312642430000096e+02
-5.924855773150000005e+02
-5.964136574330000258e+02
-5.957847216229999958e+02
-5.889697214689999782e+02
-6.009587110730000177e+02
-5.956050874820000445e+02
-5.821076589350000177e+02
-5.966040912910000316e+02
-5.886393012300000009e+02
-6.002268659520000256e+02
-5.839634589989999540e+02
-5.812441539819999434e+02
-5.968276432899999691e+02
-5.871937632789999952e+02
-6.032065620309999758e+02
-5.929888450229999535e+02
-6.026819985969999607e+02
-5.825066828679999844e+02
-5.774870718890000489e+02
-5.797381971790000534e+02
-5.742604296309999654e+02
-5.889045197420000477e+02
-5.905964351600000555e+02
-5.771549711440000010e+02
-5.877529909060000364e+02
-6.013508066330000474e+02
-5.865090940640000099e+02
-5.841543880970000373e+02
-5.816328384610000057e+02
-5.982104893429999493e+02
-5.933026053639999873e+02
-5.868815995229999771e+02
-5.831021251439999560e+02
-5.937467425270000376e+02
-5.888283082210000430e+02
-6.023035878330000514e+02
-5.993690605719999667e+02
-5.979371981199999482e+02
-5.980115488070000538e+02
-5.824232742929999631e+02
-5.850997253780000165e+02
-5.992907069289999527e+02
-5.956435183769999639e+02
-5.803222733659999903e+02
-5.839397116439999991e+02
-5.848291133809999565e+02
-5.909729717960000244e+02
-5.977460109060000377e+02
-5.908513434630000347e+02
-5.975025686400000495e+02
-5.891975636529999747e+02
-5.847109365109999999e+02
-5.770739182150000488e+02
-5.879018864800000301e+02
-5.979351235450000104e+02
-5.818982889940000405e+02
-5.907535033020000128e+02
-5.922175705560000551e+02
-5.868126334679999445e+02
-5.928117754019999666e+02
-6.025246709799999962e+02
-6.007245581790000415e+02
-5.810495540429999437e+02
-5.852861654639999642e+02
-5.819942504540000527e+02
-6.001054957039999636e+02
-5.981123837479999565e+02
-5.883450638489999847e+02
-6.010586137510000526e+02
-5.964969583859999602e+02
-6.056511159520000547e+02
-5.837814271089999920e+02
-5.978429984120000427e+02
-5.814089630680000482e+02
-5.748354516880000347e+02
-5.763221387710000272e+02
-5.804962210239999649e+02
-5.954284090720000222e+02
-5.910576435259999926e+02
-5.943321934860000511e+02
-5.890766662910000377e+02
-5.939965163169999869e+02
-6.028728677240000025e+02
-5.730492708850000554e+02
-5.956438720510000167e+02
-5.943697994919999701e+02
-5.906214727899999843e+02
-6.015209770349999872e+02
-5.857589963589999797e+02
-5.942110065120000399e+02
-6.024882603109999764e+02
-5.946131557769999745e+02
-5.964730774780000502e+02
-5.965247686850000264e+02
-5.883720551489999480e+02
-6.046027443870000297e+02
-5.988790731069999538e+02
-5.999726226499999484e+02
-5.927587124509999512e+02
-5.839241210760000058e+02
-5.941306323339999835e+02
-5.899843377099999771e+02
-5.959247751289999542e+02
-5.928107816489999777e+02
-5.901473225619999994e+02
-5.883498294610000130e+02
-5.835114022200000363e+02
-5.933360255979999920e+02
-6.012825988639999650e+02
-5.830349172979999821e+02
-5.623277653259999624e+02
-5.917836839459999965e+02
-5.850514499519999845e+02
-6.045333257979999644e+02
-6.012260942980000209e+02
-5.995504883690000497e+02
-5.852346749409999802e+02
-5.787391308500000378e+02
-5.906634535959999539e+02
-5.840140937229999736e+02
-5.964270817440000201e+02
-5.758579302760000473e+02
-5.982835548100000551e+02
-5.947570009410000011e+02
-5.918026656460000368e+02
-5.957270362970000406e+02
-5.911353878139999551e+02
-5.887994536979999793e+02
-5.907851685589999988e+02
-5.718788668189999953e+02
-5.877138039169999502e+02
-5.987764663279999695e+02
-5.897675036690000070e+02
-6.001778841249999914e+02
-5.871573623440000347e+02
-5.905731720759999916e+02
-6.067276547249999794e+02
-5.999969980649999570e+02
-5.970409533800000190e+02
-6.009383314899999959e+02
-5.958131215920000159e+02
-5.873652691629999936e+02
-6.039011577750000015e+02
-6.030873279630000070e+02
-5.789898821309999448e+02
-5.663919298519999757e+02
-5.739283400130000246e+02
-5.936785604970000350e+02
-5.993579398619999665e+02
-5.877201641059999702e+02
-6.022688219740000477e+02
-5.982660048860000188e+02
-5.930513844089999793e+02
-5.974344742099999621e+02
-5.887826773340000273e+02
-5.903521037890000116e+02
-5.990367867689999457e+02
-6.019343333130000246e+02
-6.002612952599999971e+02
-5.902810369549999905e+02
-5.928324372399999902e+02
-5.848892446930000233e+02
-5.961205270069999642e+02
-5.922462225860000444e+02
-5.876175444709999738e+02
-5.673173428549999926e+02
-5.810897838119999506e+02
-5.892718281160000515e+02
-5.906064679590000424e+02
-5.761601105199999893e+02
-5.910434066999999914e+02
-5.863792786310000338e+02
-5.788600120999999490e+02
-5.936445265639999889e+02
-5.832335948219999864e+02
-6.020319342389999520e+02
-5.751134843439999713e+02
-5.829255396720000135e+02
-5.801264145789999702e+02
-5.949666584660000126e+02
-5.962534342310000284e+02
-5.931968956810000009e+02
-5.984807067560000178e+02
-5.985867985749999889e+02
-5.860988319699999920e+02
-5.963710354229999666e+02
-5.768328315730000213e+02
-6.008241520940000555e+02
-5.823295871450000050e+02
-6.011186062250000077e+02
-5.730921682069999861e+02
-5.693955660770000122e+02
-5.817749592220000068e+02
-5.877810088019999739e+02
-5.861521584800000255e+02
-5.808746942559999979e+02
-5.968358254920000263e+02
-5.857852789470000516e+02
-5.812551385309999432e+02
-5.915282645849999881e+02
-5.939992703299999448e+02
-5.760193008740000096e+02
-5.964325673729999835e+02
-5.992306026469999551e+02
-5.896496594709999499e+02
-5.793146515629999840e+02
-5.890484292920000371e+02
-5.870116187270000410e+02
-5.859636170400000310e+02
-5.966699757430000091e+02
-5.723476415650000035e+02
-5.771128459420000354e+02
-5.830330077180000217e+02
-5.949743326049999723e+02
-5.860835657259999607e+02
-5.796091050170000472e+02
-6.016132025670000303e+02
-5.887362397220000503e+02
-5.884176230909999958e+02
-5.956090388400000393e+02
-5.970826239189999569e+02
-5.876173873830000502e+02
-5.926068956530000378e+02
-5.949509962759999553e+02
-5.925030010299999503e+02
-5.939135941790000288e+02
-5.838821380309999540e+02
-5.959732391640000060e+02
-5.939334129759999996e+02
-5.973786610979999523e+02
-5.928526427040000044e+02
-5.932300312739999981e+02
-6.001196423310000228e+02
-5.995892464639999844e+02
-5.869515516779999871e+02
-5.895896586139999727e+02
-5.788230449349999844e+02
-5.972165564350000295e+02
-5.744632426110000551e+02
-5.728603751670000293e+02
-5.786114628679999896e+02
-5.954781185460000188e+02
-5.700271659750000026e+02
-5.962367390580000119e+02
-5.821473551330000191e+02
-5.955325972340000362e+02
-5.869208306770000263e+02
-5.912245279390000405e+02
-5.846603564570000344e+02
-5.939670009379999556e+02
-6.004410562519999530e+02
-5.961031200930000296e+02
-5.870196228869999686e+02
-5.927386211689999982e+02
-6.024480286790000036e+02
-5.875786331059999839e+02
-5.982384613860000400e+02
-6.022821352009999600e+02
-6.062482837630000176e+02
-5.942263315960000227e+02
-5.872990077819999897e+02
-5.948288050400000202e+02
-5.944281494929999781e+02
-5.945054667729999665e+02
-5.919907940169999847e+02
-6.030140779439999505e+02
-5.995343407000000298e+02
-5.878974557369999729e+02
-5.976616186969999944e+02
-5.875487027149999903e+02
-5.877234191860000010e+02
-6.039890446590000010e+02
-5.930024600130000181e+02
-5.933958174209999470e+02
-5.943877857229999790e+02
-5.976899203760000319e+02
-5.841661412539999674e+02
-5.495066303930000231e+02
-5.982641424739999820e+02
-5.865958895830000301e+02
-5.893077155920000223e+02
-5.953058444729999792e+02
-5.817515478340000072e+02
-5.948288780059999681e+02
-5.939506397459999789e+02
-5.812958821370000351e+02
-6.016339283769999611e+02
-5.921252080030000116e+02
-5.907520062129999587e+02
-6.011527657899999895e+02
-6.013045681419999937e+02
-5.925423174740000150e+02
-5.947535259750000023e+02
-5.778003064009999434e+02
-5.890571424849999858e+02
-5.723881856579999976e+02
-5.672494322149999562e+02
-5.842635632369999712e+02
-5.859280695270000479e+02
-5.910954411789999767e+02
-5.726315844040000229e+02
-5.969286462740000161e+02
-5.983370838319999621e+02
-5.857480098700000326e+02
-5.709299058870000181e+02
-5.862800992679999581e+02
-5.987664788759999510e+02
-5.920534616800000549e+02
-5.841695365509999647e+02
-5.876090117160000545e+02
-5.936686274720000256e+02
-5.975330782170000248e+02
-5.929887257939999472e+02
-5.874678891620000059e+02
-6.027411665529999709e+02
-5.897982673430000204e+02
-5.896510089030000472e+02
-5.936221790009999495e+02
-5.857880229359999475e+02
-5.914200878120000198e+02
-5.846289226710000548e+02
-5.866463801190000140e+02
-5.889911133780000227e+02
-5.730821752220000462e+02
-5.970439956730000404e+02
-5.962787364829999888e+02
-6.042921312810000245e+02
-5.976070320740000170e+02
-5.913854323560000239e+02
-5.901778172189999623e+02
-5.895865643800000271e+02
-5.789272317989999692e+02
-5.893487655349999841e+02
-5.895739039029999731e+02
-5.862646985999999742e+02
-5.741174520890000395e+02
-5.940080646659999957e+02
-5.937930199879999691e+02
-5.870051478609999549e+02
-5.898263751330000559e+02
-5.848112271049999435e+02
-5.922130220389999522e+02
-5.977596884140000384e+02
-5.737186527139999725e+02
-5.907279691210000010e+02
-5.914117358040000454e+02
-5.925452327110000397e+02
-5.935531843369999478e+02
-5.825111079729999801e+02
-5.892803097050000360e+02
-5.969414846209999723e+02
-5.992040404880000324e+02
-5.953282107170000472e+02
-5.797402424629999587e+02
-5.963656133660000478e+02
-5.988171319739999490e+02
-5.963170371090000117e+02
-5.935595537450000165e+02
-5.971395911150000302e+02
-5.986492121940000288e+02
-6.023932459610000478e+02
-5.901253203090000170e+02
-5.852532583239999440e+02
-5.923734610520000388e+02
-5.983595139699999663e+02
-5.861646800620000022e+02
-5.810126768100000163e+02
-5.726026919199999838e+02
-5.880338134800000489e+02
-5.928264051139999538e+02
-5.867615955930000382e+02
-5.908357081880000123e+02
-5.816647804630000564e+02
-5.765291284480000513e+02
-5.845886814189999541e+02
-5.809566367170000376e+02
-5.991202483719999918e+02
-5.948539069780000546e+02
-5.995520976440000140e+02
-5.787179290120000132e+02
-5.761841228429999546e+02
-5.854240392230000225e+02
-5.926931593629999497e+02
-6.013453125519999958e+02
-5.947023546890000034e+02
-5.952094268690000263e+02
-5.924934284189999971e+02
-5.892971585210000285e+02
-5.588854013139999779e+02
-5.567213292679999768e+02
-5.812718168789999709e+02
-5.654559156770000072e+02
-5.816556908229999863e+02
-5.962977353779999703e+02
-5.982400874559999693e+02
-5.998949139430000059e+02
-5.681191272999999455e+02
-5.980964623649999794e+02
-5.938050354230000494e+02
-6.002121148210000001e+02
-6.015719437330000119e+02
-5.985084929879999436e+02
-6.007790213869999434e+02
-5.960254889020000064e+02
-5.877184238180000193e+02
-5.929344076510000150e+02
-5.957080973309999763e+02
-5.968446602770000027e+02
-6.034811800640000001e+02
-5.921804011469999978e+02
-5.899527397739999515e+02
-6.017902429380000058e+02
-5.968777403819999563e+02
-5.881112619279999763e+02
-5.964733559200000172e+02
-5.997160261349999928e+02
-5.979091693679999935e+02
-5.959963107820000232e+02
-6.035230517899999541e+02
-5.946208975270000110e+02
-5.978218793879999566e+02
-5.958529894670000431e+02
-5.900883140629999843e+02
-5.873798454540000193e+02
-5.815340042459999950e+02
-5.928231813349999584e+02
-5.976545837419999998e+02
-5.873732319729999745e+02
-5.737803484800000433e+02
-5.869426597789999960e+02
-5.932657360429999471e+02
-5.954250181649999831e+02
-5.955450649450000356e+02
-5.995316718990000027e+02
-5.971406740300000138e+02
-6.052316149539999515e+02
-5.854398429770000121e+02
-5.987417001899999605e+02
-5.875843091790000017e+02
-5.673533909870000116e+02
-5.853516467929999862e+02
-6.005724996080000437e+02
-5.975154416789999914e+02
-5.890447620259999439e+02
-5.779844422830000212e+02
-5.921572493050000503e+02
-5.889133703449999757e+02
-5.962169152330000088e+02
-5.911284116330000415e+02
-6.018690073919999577e+02
-5.895076048629999832e+02
-5.955862475549999999e+02
-5.720841323309999780e+02
-5.831478141860000051e+02
-5.894557586839999885e+02
-5.946429544469999655e+02
-6.037651649230000430e+02
-5.749527789229999826e+02
-5.882577725490000375e+02
-5.884560656950000066e+02
-5.772683162050000192e+02
-5.828189828150000267e+02
-5.799790201079999861e+02
-5.867738801660000263e+02
-5.900560926140000220e+02
-5.949237392329999921e+02
-5.790209289480000052e+02
-6.028524649080000017e+02
-5.954508696230000169e+02
-5.932845071640000469e+02
-5.883702153420000514e+02
-6.003626427699999795e+02
-5.984918747479999865e+02
-5.773085310169999502e+02
-5.839035773550000386e+02
-5.817042096410000340e+02
-5.972736638540000058e+02
-5.769138706559999719e+02
-5.966196233489999941e+02
-5.899253228920000538e+02
-5.937665995500000236e+02
-5.900484163090000038e+02
-5.999800867669999889e+02
-5.902926735920000283e+02
-5.814094030070000372e+02
-5.992707666600000493e+02
-5.929129487620000418e+02
-5.992499766199999840e+02
-5.945842773699999952e+02
-5.876053929790000439e+02
-5.854295458149999831e+02
-5.814202473609999515e+02
-5.952523322710000002e+02
-5.830757040529999813e+02
-5.954740639010000223e+02
-5.878634141420000105e+02
-5.963914504059999899e+02
-5.944957740879999619e+02
-5.851119172679999565e+02
-5.772831155210000134e+02
-5.629549445049999576e+02
-5.896237316409999494e+02
-5.915866280340000003e+02
-5.964027825890000258e+02
-5.954609777130000339e+02
-5.776266861909999761e+02
-6.009558812779999926e+02
-5.822273493500000541e+02
-5.907069046770000114e+02
-6.017047891449999497e+02
-5.874948097860000189e+02
-5.632373974319999661e+02
-5.680083393759999808e+02
-5.933291114039999457e+02
-5.665576626690000239e+02
-5.835653969930000358e+02
-5.909010653819999561e+02
-5.893374608990000070e+02
-6.042252066260000447e+02
-5.619888066260000414e+02
-5.940942524340000546e+02
-5.971166135790000453e+02
-6.013376820460000545e+02
-5.995188197799999443e+02
-5.879776706029999787e+02
-5.933072783190000337e+02
-5.971682277600000361e+02
-5.856692390440000509e+02
-5.878204260009999871e+02
-5.936637294890000476e+02
-5.982494116000000304e+02
-5.980358961719999797e+02
-6.003356010490000472e+02
-5.966005758249999644e+02
-5.927379082490000428e+02
-5.978721141270000317e+02
-5.921750590699999748e+02
-5.804335799709999719e+02
-5.847471416670000508e+02
-5.860083500949999689e+02
-5.915240444500000194e+02
-5.760583254809999971e+02
-5.932558472380000012e+02
-5.943946693249999953e+02
-6.058013649920000034e+02
-6.013435316899999634e+02
-5.964477491469999677e+02
-5.935989190459999918e+02
-6.027278787620000458e+02
-5.981639469039999994e+02
-5.917631264850000434e+02
-5.845003938520000020e+02
-5.719668204810000134e+02
-5.750157928989999618e+02
-5.879503620110000384e+02
-5.950789765440000565e+02
-5.979359205250000286e+02
-5.893578220519999604e+02
-5.788065718709999601e+02
-5.931316576169999735e+02
-6.055523706950000360e+02
-6.033617191380000122e+02
-6.005385147890000326e+02
-5.945780998929999441e+02
-5.999843250989999888e+02
-5.915976767839999866e+02
-5.853689078380000410e+02
-5.880652327980000109e+02
-5.999017222969999921e+02
-6.035803609839999808e+02
-5.763396923010000137e+02
-5.836099172030000091e+02
-5.811080060069999718e+02
-6.011332001519999721e+02
-5.977595801520000123e+02
-6.013303266870000243e+02
-5.794448506940000243e+02
-5.945973041390000162e+02
-5.811994749809999803e+02
-5.968378493679999792e+02
-5.827394226909999588e+02
-5.917244916739999780e+02
-5.904620048040000029e+02
-5.917482969139999796e+02
-5.988900012730000526e+02
-5.756523746090000486e+02
-5.769009795450000411e+02
-5.680884368380000069e+02
-5.676099735779999946e+02
-5.865760354100000313e+02
-5.942763299760000564e+02
-5.880840811760000406e+02
-5.996824750089999725e+02
-6.039033135280000124e+02
-5.916877697810000427e+02
-5.882510656660000450e+02
-5.826265744040000527e+02
-6.011473577619999560e+02
-5.872119234020000249e+02
-5.885045633209999778e+02
-5.790325616659999923e+02
-5.869468320580000409e+02
-5.953413401569999905e+02
-5.731202908410000418e+02
-5.853480534499999521e+02
-5.984928463510000256e+02
-5.991741784539999571e+02
-5.972331124629999977e+02
-5.970438610590000508e+02
-5.909821018540000068e+02
-5.890685020219999615e+02
-6.022991495149999537e+02
-5.996121253940000315e+02
-5.901026808220000248e+02
-5.977660382819999541e+02
-5.887789168770000288e+02
-5.938357479380000541e+02
-5.901345009200000504e+02
-5.932992443919999914e+02
-5.964561684540000215e+02
-5.977689150960000006e+02
-5.806323321490000353e+02
-5.989489086900000530e+02
-5.831218719559999499e+02
-6.013518361579999691e+02
-5.901858318390000022e+02
-5.990993497429999479e+02
-5.897008550629999490e+02
-5.935039901009999994e+02
-5.785553888700000016e+02
-5.938009821160000001e+02
-5.855373454279999805e+02
-5.951074703990000216e+02
-5.953244482850000168e+02
-6.000175175619999663e+02
-6.021496116770000526e+02
-5.907609343929999568e+02
-5.922002836630000502e+02
-5.810613575219999802e+02
-5.728322233869999991e+02
-5.948772598699999890e+02
-5.965901446670000041e+02
-5.971011098799999672e+02
-5.980532829679999622e+02
-5.786812825460000340e+02
-6.037962802710000005e+02
-6.002072961999999734e+02
-6.012628746059999685e+02
-5.843795535650000375e+02
-5.811279366139999638e+02
-5.430651669090000269e+02
-5.816241472960000465e+02
-5.973596883479999633e+02
-5.999562841279999930e+02
-5.985249723949999634e+02
-5.982551682700000129e+02
-5.860467928750000510e+02
-5.888174012389999916e+02
-5.966578356539999959e+02
-5.747496613040000284e+02
-5.901833838090000199e+02
-6.013275353259999747e+02
-5.993215813890000163e+02
-5.923995950549999634e+02
-5.897906108500000073e+02
-5.968953968700000132e+02
-6.016159248750000188e+02
-5.988350354970000353e+02
-5.971300754769999912e+02
-5.962339703169999439e+02
-5.890213589210000009e+02
-5.766152234779999617e+02
-5.946545520260000330e+02
-5.984070044699999471e+02
-5.974253924729999881e+02
-5.919015188089999810e+02
-5.702246287159999838e+02
-5.812510228449999659e+02
-5.942432801300000165e+02
-5.899975400880000507e+02
-5.988465912410000556e+02
-5.792677464610000015e+02
-5.985395527599999923e+02
-5.873916764179999745e+02
-5.692018005410000114e+02
-5.911085120830000506e+02
-5.929728818129999581e+02
-5.923428201960000479e+02
-5.777763688610000372e+02
-5.902475319960000206e+02
-5.969029584439999780e+02
-5.827795403569999735e+02
-5.781004981700000371e+02
-5.987718625100000054e+02
-5.968903196100000059e+02
-5.935292357869999478e+02
-5.966610807150000255e+02
-5.913886631919999672e+02
-5.947776257850000547e+02
-5.900237674319999996e+02
-5.974741803450000361e+02
-5.908342935680000210e+02
-5.940029500529999495e+02
-5.773072587689999864e+02
-5.940999813390000099e+02
-5.834655059240000128e+02
-5.826218850929999462e+02
-5.922268564710000192e+02
-5.944817409470000484e+02
-5.982653468759999669e+02
-5.993847783840000147e+02
-5.958207486579999568e+02
-5.894960987760000535e+02
-5.985683008299999983e+02
-6.011867719480000005e+02
-5.863926152640000282e+02
-6.035341475669999909e+02
-6.008963912079999545e+02
-5.984658734639999693e+02
-5.766946147940000174e+02
-5.892599689769999713e+02
-5.988362280110000029e+02
-5.980129446109999662e+02
-5.898905910830000039e+02
-5.936158845229999770e+02
-5.993350527710000506e+02
-5.936673984650000193e+02
-5.901167792410000175e+02
-5.956676615180000454e+02
-5.919664961890000541e+02
-5.806949137689999816e+02
-5.866730953380000528e+02
-5.795254679250000436e+02
-5.809052062859999523e+02
-5.956648293319999539e+02
-5.856708967040000289e+02
-6.008166415069999857e+02
-6.044504832679999708e+02
-5.891671171919999779e+02
-5.886036133840000275e+02
-5.915106775760000346e+02
-6.003826267340000413e+02
-5.933840181199999506e+02
-5.910102606279999691e+02
-5.911094928280000431e+02
-6.055131010769999875e+02
-5.882248384030000352e+02
-5.809132644600000503e+02
-5.891160031059999937e+02
-5.953209648609999931e+02
-5.823097076269999661e+02
-5.927485916179999776e+02
-5.876669577979999985e+02
-5.862117400560000533e+02
-5.886755587840000317e+02
-5.882663330789999918e+02
-5.968198103920000221e+02
-5.866636172649999708e+02
-5.918670698539999648e+02
-5.910833917820000352e+02
-6.031660722440000200e+02
-5.883010031879999815e+02
-5.946392122299999983e+02
-5.907615536490000068e+02
-5.823545346670000527e+02
-5.844645626410000432e+02
-5.986938041879999446e+02
-5.805329266439999856e+02
-5.899169929219999631e+02
-5.941805587840000271e+02
-5.864053379319999522e+02
-5.890233349710000539e+02
-5.942883106479999924e+02
-5.992787224649999871e+02
-5.775119759200000544e+02
-5.965857659560000457e+02
-6.016854995390000340e+02
-5.880938019379999560e+02
-5.940423931310000398e+02
-5.915693668149999667e+02
-5.762608607539999639e+02
-5.915279735569999957e+02
-5.974810020859999895e+02
-5.913558440460000156e+02
-6.003633922179999445e+02
-5.962965149489999703e+02
-6.005073469540000133e+02
-5.990115667500000427e+02
-5.645685563380000076e+02
-5.842138577660000465e+02
-5.914729939129999821e+02
-5.835191096920000291e+02
-5.945354774050000515e+02
-5.988794554730000073e+02
-5.791931069260000413e+02
-5.884779531780000070e+02
-5.908349350529999811e+02
-5.978079653429999780e+02
-5.969209807009999622e+02
-5.954038071170000421e+02
-5.913731772930000261e+02
-5.854672011710000561e+02
-5.955980041399999436e+02
-5.940352902050000239e+02
-5.915349854380000352e+02
-5.927756529709999995e+02
-5.920618309239999917e+02
-5.952637664789999690e+02
-6.007976838219999536e+02
-5.899364048720000255e+02
-5.732779323610000120e+02
-5.655068988100000524e+02
-5.892338242209999635e+02
-6.030792930669999805e+02
-5.978987329980000140e+02
-5.899558386180000298e+02
-5.955670177130000411e+02
-5.978756008310000425e+02
-6.000341411440000456e+02
-5.892512775879999936e+02
-5.885867291280000018e+02
-5.930682780829999956e+02
-5.701538245420000521e+02
-5.939591598230000500e+02
-5.920637690680000560e+02
-5.876668736169999647e+02
-5.734269502859999648e+02
-5.833251080679999632e+02
-5.748533300919999647e+02
-5.924528268850000359e+02
-5.816284578629999942e+02
-6.004071942770000305e+02
-5.964549516759999506e+02
-5.895648944509999865e+02
-5.964316740719999643e+02
-5.916040069890000268e+02
-5.937907833890000120e+02
-5.981761320780000233e+02
-5.834952490179999813e+02
-5.942251247919999741e+02
-5.946094216860000188e+02
-5.742968586289999848e+02
-5.912976166409999905e+02
-6.027039047060000030e+02
-5.916476288300000306e+02
-5.921832020800000009e+02
-5.980865585120000105e+02
-5.980454023419999885e+02
-5.920802963759999784e+02
-5.864208181479999666e+02
-5.876787468280000439e+02
-5.917994001719999915e+02
-5.662348282680000011e+02
-5.838664795610000056e+02
-5.883364781970000195e+02
-5.779303221659999963e+02
-5.912575600449999911e+02
-5.975777570369999694e+02
-5.995741438469999594e+02
-5.910478907909999862e+02
-6.004036384810000300e+02
-5.800640527619999602e+02
-5.670356049550000535e+02
-5.758945944439999494e+02
-5.995701921500000253e+02
-6.002360763619999489e+02
-5.903394621859999916e+02
-5.920769472409999707e+02
-6.050504733980000083e+02
-5.783205334020000237e+02
-5.741984460099999978e+02
-5.914049762690000307e+02
-5.887013906339999494e+02
-5.874285118069999498e+02
-5.848219902069999989e+02
-5.820523514479999676e+02
-5.923185097489999862e+02
-5.984346464699999615e+02
-6.000798276199999464e+02
-5.993440018009999903e+02
-6.002707518790000449e+02
-5.932668657970000368e+02
-5.969847297579999577e+02
-5.838339192339999499e+02
-6.025652526320000106e+02
-5.916085794230000374e+02
-5.923011330939999652e+02
-5.963672730900000261e+02
-5.936225380480000240e+02
-5.929602207699999781e+02
-5.953013270669999883e+02
-5.972141798589999553e+02
-5.815146598210000093e+02
-5.938816760710000153e+02
-5.901077383890000192e+02
-5.712294044540000186e+02
-5.978951980289999710e+02
-5.982823641720000296e+02
-5.841900875300000280e+02
-5.867508509020000247e+02
-5.963605740079999578e+02
-5.813815137889999960e+02
-5.941568105210000112e+02
-5.842733089949999794e+02
-5.854311309400000027e+02
-5.953023001310000382e+02
-5.940292266630000313e+02
-5.881695782790000067e+02
-5.746468146969999680e+02
-5.950957684259999496e+02
-5.878764434549999578e+02
-5.931951087899999493e+02
-5.876438399060000393e+02
-5.889975689369999827e+02
-5.892283618180000531e+02
-5.792073233260000507e+02
-6.050046725089999882e+02
-5.886418336159999853e+02
-5.968283034739999948e+02
-6.012531970700000556e+02
-5.772780102320000424e+02
-5.803733820779999633e+02
-5.820407230069999969e+02
-5.861013001850000137e+02
-5.824202777609999657e+02
-5.858639963059999900e+02
-6.020112869749999618e+02
-5.853081294139999500e+02
-5.797318763109999509e+02
-5.868524998460000006e+02
-5.855361018959999910e+02
-5.779126856719999523e+02
-5.929752432450000015e+02
-5.858703807980000420e+02
-5.793947755919999736e+02
-5.927480822469999566e+02
-5.933513193469999578e+02
-5.828956297529999802e+02
-5.758698764819999951e+02
-5.624796640660000548e+02
-5.977098428660000309e+02
-5.941019236329999558e+02
-5.947660454690000051e+02
-5.896309949689999712e+02
-5.953476992939999946e+02
-5.949683959799999684e+02
-5.835660781090000455e+02
-5.805098914789999753e+02
-5.733936181919999626e+02
-5.924267738569999437e+02
-5.906982487010000114e+02
-5.989494700650000141e+02
-5.703649640480000471e+02
-5.933345721020000383e+02
-5.963257542029999740e+02
-5.917720235580000008e+02
-5.712977696169999717e+02
-5.895568143399999599e+02
-5.921350936600000523e+02
-5.801464650499999607e+02
-6.017272147850000010e+02
-5.896183005719999528e+02
-5.927497725910000099e+02
-5.888275339599999825e+02
-5.945725878299999749e+02
-5.795129633200000399e+02
-5.909180710910000016e+02
-5.811007526890000463e+02
-5.768327454669999952e+02
-5.843701835560000291e+02
-5.832629520269999830e+02
-5.923786123899999438e+02
-5.880691233539999985e+02
-6.028061989620000531e+02
-6.054486131610000257e+02
-5.910998448740000413e+02
-5.900674377510000568e+02
-6.004853517709999551e+02
-5.998596391339999627e+02
-6.048036919779999607e+02
-5.748226969219999773e+02
-5.891973708919999808e+02
-5.990247109189999719e+02
-5.975840130779999981e+02
-5.922612250460000496e+02
-5.804904514999999492e+02
-5.977146215110000185e+02
-6.026094820329999493e+02
-5.923649682430000212e+02
-5.914074272670000028e+02
-5.894086160829999699e+02
-5.994888315590000047e+02
-5.936516813169999978e+02
-5.986607343399999763e+02
-5.667512715379999690e+02
-5.898902936920000002e+02
-5.892277312610000308e+02
-5.778997583889999987e+02
-5.895255601019999858e+02
-5.746845575060000328e+02
-5.942474796660000038e+02
-6.004511589429999958e+02
-5.830425920019999921e+02
-5.854927335459999540e+02
-5.976686907819999988e+02
-5.989937898120000455e+02
-5.976191736790000277e+02
-5.896818952610000224e+02
-5.893902596079999512e+02
-5.964663145939999822e+02
-5.822153849280000486e+02
-5.862390697429999591e+02
-6.036586527429999478e+02
-5.972824052019999499e+02
-5.927339972620000026e+02
-5.984775593509999680e+02
-5.997840647579999995e+02
-5.969446305999999822e+02
-5.788465226790000315e+02
-5.921821682680000549e+02
-6.064427171349999526e+02
-5.926389648719999741e+02
-6.007721296140000504e+02
-5.865527608310000005e+02
-5.849060611229999722e+02
-5.992176401369999894e+02
-5.965059923430000026e+02
-5.769044731039999760e+02
-5.938328859440000542e+02
-5.870589217829999598e+02
-5.807784372830000166e+02
-5.794258789609999667e+02
-5.901876515100000233e+02
-5.854094707499999686e+02
-6.021139571559999695e+02
-5.660431510979999530e+02
-5.818075851109999803e+02
-6.002193892340000048e+02
-5.812317094909999469e+02
-5.848426587640000207e+02
-5.853892279670000107e+02
-5.938640067710000494e+02
-5.833362279149999949e+02
-5.969976894579999680e+02
-5.846898342189999767e+02
-5.899270434799999521e+02
-5.776010434270000360e+02
-5.967589537039999641e+02
-5.908446883760000219e+02
-5.931667483989999710e+02
-6.001231108590000076e+02
-5.915888931169999978e+02
-5.970806249190000017e+02
-5.988089497209999763e+02
-5.990902534099999457e+02
-5.895322647010000310e+02
-5.996648826050000025e+02
-5.951253634820000116e+02
-5.945678430890000072e+02
-5.776894492510000418e+02
-6.005419036859999551e+02
-5.921266975749999801e+02
-5.868535139800000024e+02
-6.003679847399999971e+02
-6.026858470099999749e+02
-5.942598474520000309e+02
-5.940944327140000496e+02
-5.868092845700000453e+02
-5.984354292929999701e+02
-5.852081746479999538e+02
-5.942478984240000273e+02
-5.996714269479999757e+02
-5.904879161779999777e+02
-5.802060951690000365e+02
-5.712987990640000362e+02
-5.574985550449999891e+02
-5.859766320649999898e+02
-5.802172995780000520e+02
-5.735830938789999891e+02
-5.776777777309999919e+02
-5.508106920200000332e+02
-5.792680644629999733e+02
-5.945643870410000318e+02
-5.851872628500000246e+02
-5.978691887500000348e+02
-5.803033377010000322e+02
-5.811236053940000374e+02
-5.708031946569999491e+02
-5.971007569979999516e+02
-5.929993840539999610e+02
-5.999971632030000137e+02
-5.909550765180000553e+02
-5.856492476559999432e+02
-5.744050890539999727e+02
-6.003525580860000446e+02
-5.954875711299999921e+02
-5.938426074750000225e+02
-6.040280778960000134e+02
-5.809286504660000219e+02
-5.890713168800000403e+02
-5.997958422049999854e+02
-5.839484797479999543e+02
-5.862315929410000308e+02
-5.834273593399999527e+02
-6.028214166200000363e+02
-5.823504906729999675e+02
-5.756742981630000031e+02
-5.912848313309999639e+02
-5.973597810940000272e+02
-6.010433584099999962e+02
-5.960342622230000416e+02
