-5.534742077959999733e+02
-5.633723057949999884e+02
-5.956429279599999518e+02
-5.682513026990000071e+02
-5.994322007870000562e+02
-5.923489670129999922e+02
-5.969150434939999741e+02
-5.834397685500000534e+02
-5.681271979000000556e+02
-5.972365115970000033e+02
-5.957635971480000308e+02
-5.930697564490000104e+02
-6.010851434109999900e+02
-5.780149457039999561e+02
-5.932542970660000492e+02
-5.983678828790000352e+02
-5.926603041329999542e+02
-5.885840353270000378e+02
-5.750919973430000027e+02
-5.730698152710000386e+02
-6.005541108480000503e+02
-5.945387968789999604e+02
-5.977140328499999669e+02
-5.827434841030000143e+02
-5.804560144590000164e+02
-5.867020306209999490e+02
-5.857345370939999611e+02
-5.876409735040000442e+02
-6.030951926960000264e+02
-5.982609047350000537e+02
-5.856380920450000076e+02
-5.973533782199999678e+02
-5.746588996039999984e+02
-5.862522089709999591e+02
-5.731700233950000438e+02
-6.020783057549999739e+02
-5.850819498770000564e+02
-5.882912529520000362e+02
-5.781835092510000322e+02
-5.830538893939999525e+02
-5.880864645689999861e+02
-5.916900410839999722e+02
-5.946755483270000013e+02
-5.943032330839999986e+02
-5.982950670330000094e+02
-5.989024205220000567e+02
-5.954842534890000252e+02
-5.474426557799999955e+02
-5.754943975689999434e+02
-5.891151965510000537e+02
-5.941162735359999942e+02
-5.983291899329999524e+02
-5.919995833110000376e+02
-5.983694845539999960e+02
-5.829283179919999611e+02
-5.899362721420000071e+02
-5.975084214339999562e+02
-5.765582210249999662e+02
-5.938758656109999947e+02
-5.982579289069999504e+02
-5.840749015669999835e+02
-6.018933518320000076e+02
-5.825409120890000167e+02
-5.513425543859999607e+02
-5.517736079359999621e+02
-5.555871183020000217e+02
-5.813518295689999604e+02
-5.812920411019999847e+02
-5.857765583880000122e+02
-5.962086932189999970e+02
-5.876950171250000494e+02
-6.050494652270000415e+02
-5.947531369030000405e+02
-5.774582614240000566e+02
-5.982519049029999678e+02
-5.848131584169999542e+02
-5.820957087030000139e+02
-5.880347712940000520e+02
-6.000003505610000047e+02
-5.899221301410000251e+02
-5.932364202759999898e+02
-5.916196658019999859e+02
-5.839983880429999772e+02
-5.698786197059999949e+02
-5.803011559730000499e+02
-5.869246751990000348e+02
-6.010952062950000254e+02
-5.656649795360000326e+02
-5.673939113210000187e+02
-5.869635513880000417e+02
-5.876182112430000188e+02
-5.927058345909999844e+02
-5.885099345520000043e+02
-5.932559515550000242e+02
-5.974729541650000328e+02
-5.886760087689999636e+02
-5.975477101269999594e+02
-5.792282236510000075e+02
-5.693904310570000007e+02
-5.943857341230000202e+02
-5.954484673880000400e+02
-6.008199222109999482e+02
-5.993464970579999544e+02
-5.823280936290000227e+02
-5.920819437889999790e+02
-5.884110414880000235e+02
-5.981774772810000513e+02
-5.850954450599999745e+02
-5.627692806049999490e+02
-5.846887715159999743e+02
-5.954081262649999644e+02
-5.931482818629999656e+02
-6.006855150500000491e+02
-5.983831735569999637e+02
-5.855083151740000176e+02
-5.856330898810000463e+02
-6.025675882230000298e+02
-5.965887975619999679e+02
-5.951000407730000461e+02
-5.837733096810000006e+02
-5.858323894730000347e+02
-5.728057039479999730e+02
-5.694116240959999686e+02
-5.616209828309999921e+02
-5.908542354439999826e+02
-5.885346107760000223e+02
-5.988658052299999781e+02
-5.661322113879999733e+02
-5.680895942260000311e+02
-5.896962163969999438e+02
-5.674734782399999631e+02
-5.847001255919999494e+02
-5.853465585180000517e+02
-5.924786760240000376e+02
-5.873985638819999622e+02
-5.950727003109999487e+02
-5.828857593459999862e+02
-5.889661125229999925e+02
-6.017694003259999818e+02
-5.686342418210000460e+02
-5.993660699419999673e+02
-5.752732355639999469e+02
-5.951917163379999920e+02
-6.015252751780000153e+02
-6.023595211849999487e+02
-5.976033433899999636e+02
-5.718961709229999997e+02
-5.895639382279999836e+02
-5.901261533780000264e+02
-5.989924012640000228e+02
-5.774152458510000088e+02
-5.810961421480000126e+02
-5.821897486760000220e+02
-5.963763697770000363e+02
-5.960211058600000342e+02
-5.799656977140000436e+02
-5.759706193470000244e+02
-5.897167286300000342e+02
-5.895842113070000323e+02
-5.669487513760000184e+02
-5.920460801660000243e+02
-5.970323987460000126e+02
-5.964970597550000093e+02
-5.903245396470000514e+02
-5.990061252519999471e+02
-5.849764368559999639e+02
-5.918196859759999597e+02
-5.801351457660000506e+02
-5.931267914080000310e+02
-5.681192947170000025e+02
-5.933366118720000486e+02
-5.931994852719999471e+02
-5.668487321080000356e+02
-5.613874071049999657e+02
-5.875567213379999885e+02
-5.724720857270000351e+02
-5.760971970230000352e+02
-5.980653012989999979e+02
-5.916012258069999916e+02
-5.893758116960000280e+02
-6.006863856149999492e+02
-5.986759398149999924e+02
-5.931199967740000147e+02
-5.956690383789999714e+02
-6.015362371549999807e+02
-5.944354567530000395e+02
-5.881361590029999888e+02
-5.926986264270000220e+02
-5.872955384309999545e+02
-6.031286667509999688e+02
-5.838149521289999484e+02
-5.990601982739999585e+02
-5.887596118850000266e+02
-5.980603140509999776e+02
-6.026563860720000321e+02
-5.846045352429999866e+02
-5.777045560919999616e+02
-5.953346492230000422e+02
-5.977398085820000233e+02
-5.990673452959999850e+02
-5.867620914010000206e+02
-5.963573469479999858e+02
-5.866570875600000363e+02
-5.854017569220000041e+02
-5.906054126379999616e+02
-5.931802697760000456e+02
-5.997598246269999436e+02
-5.995718486900000244e+02
-5.895648137199999610e+02
-5.463287692720000450e+02
-5.741806261790000008e+02
-5.860584495949999564e+02
-5.853801047150000159e+02
-5.774579956459999721e+02
-5.969661802560000297e+02
-5.979326051159999906e+02
-5.979388747980000289e+02
-5.706637081650000027e+02
-5.969958848850000095e+02
-5.908068917809999903e+02
-5.952168486919999850e+02
-5.880102024420000362e+02
-5.762513487679999571e+02
-5.887288099569999531e+02
-5.901182431949999909e+02
-5.936832912300000089e+02
-6.012922856120000006e+02
-5.940682257030000528e+02
-6.014996580910000148e+02
-5.847105439680000245e+02
-6.017814365850000513e+02
-5.957788975839999921e+02
-5.853955382589999772e+02
-5.668469325800000433e+02
-5.872982418020000068e+02
-5.862321240830000306e+02
-6.020034345149999808e+02
-6.017718590619999759e+02
-6.040418178969999872e+02
-5.966005437190000293e+02
-6.017244363500000190e+02
-6.006649607609999748e+02
-5.923050033849999636e+02
-5.739281635419999930e+02
-5.630213865969999461e+02
-5.932747067469999820e+02
-5.884192882580000514e+02
-5.888660016820000465e+02
-5.918264102319999438e+02
-5.940925693850000471e+02
-5.899815878509999720e+02
-5.939855087380000214e+02
-6.025457063119999930e+02
-5.916377615180000475e+02
-5.921425361130000056e+02
-5.783715949410000121e+02
-5.855129861719999553e+02
-5.828449408840000387e+02
-6.012473343399999521e+02
-5.973780895899999450e+02
-5.749122147680000126e+02
-5.836214446789999784e+02
-5.902651182780000454e+02
-5.929348006149999719e+02
-5.885974383340000031e+02
-5.842377521800000295e+02
-5.899139235039999676e+02
-5.682643974879999860e+02
-5.713410449890000109e+02
-5.657506207119999999e+02
-6.013829771729999720e+02
-5.923753660889999537e+02
-5.822448441960000309e+02
-5.990697573029999603e+02
-5.973326759420000371e+02
-5.742287502340000174e+02
-5.877204295230000071e+02
-5.895274115910000319e+02
-5.733058195359999445e+02
-5.909275033760000042e+02
-5.665895630710000432e+02
-5.909620003449999786e+02
-5.860020134760000019e+02
-5.932679285220000338e+02
-5.929457858670000405e+02
-5.979272916969999869e+02
-5.925985020699999950e+02
-5.821415332389999548e+02
-5.911984672470000532e+02
-5.962101365480000368e+02
-5.781412576320000198e+02
-5.817867494820000047e+02
-5.844841427349999776e+02
-5.917420141809999450e+02
-5.805326288380000506e+02
-5.869246854159999884e+02
-6.027275867060000110e+02
-6.028057016609999437e+02
-5.964619502089999514e+02
-5.763750425870000527e+02
-5.800630949740000233e+02
-5.787711986230000321e+02
-5.974052603979999958e+02
-5.963007003789999771e+02
-5.980810084890000553e+02
-5.893305140510000228e+02
-5.778688812730000564e+02
-5.887688714219999611e+02
-5.749029149829999596e+02
-5.954640650479999522e+02
-5.930701016540000410e+02
-6.010735060739999653e+02
-5.862351766799999950e+02
-5.924401421100000107e+02
-5.920968303079999941e+02
-5.863175679449999507e+02
-5.639432497789999843e+02
-5.973359464589999561e+02
-5.832508661670000265e+02
-6.000863084210000125e+02
-5.976414620640000521e+02
-5.852330633179999495e+02
-5.555577832940000462e+02
-5.831282677680000006e+02
-5.686491441880000366e+02
-5.856758339790000036e+02
-6.017734751740000547e+02
-5.974984545170000274e+02
-5.796580961060000163e+02
-5.952217319119999956e+02
-5.782906638660000453e+02
-5.959196810710000136e+02
-5.912656115229999614e+02
-5.788810424990000456e+02
-5.848484910370000307e+02
-5.950950001620000194e+02
-5.912055764770000224e+02
-5.949669046630000366e+02
-5.942255039330000272e+02
-5.927207269069999711e+02
-5.893690962959999524e+02
-5.871136482780000279e+02
-5.935742891180000242e+02
-5.806430802390000281e+02
-5.902068426920000093e+02
-5.836795736120000129e+02
-5.973923975730000393e+02
-5.992745291730000190e+02
-5.756242454219999445e+02
-5.983510204279999698e+02
-5.713396929369999953e+02
-5.988197641970000404e+02
-5.968720031609999523e+02
-5.959632194399999889e+02
-6.009291186809999772e+02
-5.929025690920000216e+02
-5.892457971850000149e+02
-5.967634776429999874e+02
-5.796098806789999571e+02
-5.948749611010000535e+02
-5.902585794699999724e+02
-5.982143541550000236e+02
-5.906948353010000119e+02
-5.942744296250000389e+02
-5.988819253509999498e+02
-6.034525868480000099e+02
-5.980246343850000130e+02
-5.878201538710000023e+02
-5.950351864850000538e+02
-5.857619699609999770e+02
-5.679524734049999779e+02
-5.641204747250000082e+02
-5.902240089199999602e+02
-5.854829712450000443e+02
-5.873483096329999853e+02
-5.849201100220000171e+02
-5.992844460009999921e+02
-6.052407446080000000e+02
-5.837091323580000335e+02
-5.826367472319999479e+02
-5.845825770809999540e+02
-5.838113306120000061e+02
-5.914828131379999832e+02
-5.817815329000000020e+02
-5.922491338170000290e+02
-5.669675549150000506e+02
-5.749337470550000262e+02
-5.853602694510000219e+02
-5.973289123810000092e+02
-5.938989492099999552e+02
-5.917187251300000526e+02
-5.952740258799999538e+02
-5.924736926529999437e+02
-5.970813257490000296e+02
-5.998231997049999791e+02
-5.897091680050000377e+02
-6.009928583570000455e+02
-5.934073305289999780e+02
-5.940097541579999643e+02
-5.795699789159999682e+02
-5.901188533060000054e+02
-5.877855499360000522e+02
-5.870756024510000088e+02
-5.904048416040000120e+02
-5.958979298609999660e+02
-5.765548234399999501e+02
-5.845022709170000326e+02
-5.974552830379999477e+02
-5.930187151059999451e+02
-6.051584360179999749e+02
-5.659341843299999937e+02
-5.762027817150000146e+02
-5.808419300550000344e+02
-5.899647247130000096e+02
-5.716011573219999491e+02
-5.945001344930000187e+02
-6.003568097920000355e+02
-5.779614623469999515e+02
-5.947985287620000463e+02
-5.894104304920000459e+02
-5.922819595089999893e+02
-5.871898385599999983e+02
-5.864007156119999991e+02
-5.999642903389999447e+02
-5.932589824039999939e+02
-6.022176310930000227e+02
-6.053404857470000024e+02
-5.964502238200000193e+02
-5.988043188840000539e+02
-5.854836966569999959e+02
-5.959384206900000436e+02
-5.793561411949999638e+02
-5.952881033779999598e+02
-5.945682673589999467e+02
-5.851701024019999977e+02
-5.740038792509999439e+02
-5.820887643629999957e+02
-5.930125185849999525e+02
-5.894558151940000243e+02
-5.885751653820000229e+02
-5.783985063500000479e+02
-5.848360866420000548e+02
-5.965747886960000415e+02
-6.055876782020000064e+02
-5.838098200990000350e+02
-5.746125358179999694e+02
-6.006650156189999734e+02
-5.861516990650000025e+02
-5.991401275969999460e+02
-5.904894067139999834e+02
-5.970671969410000202e+02
-5.621629945820000103e+02
-5.887864848259999917e+02
-5.763961009380000178e+02
-5.865241751239999530e+02
-5.695671955249999883e+02
-5.772913432569999941e+02
-5.934233303810000280e+02
-5.945253358689999459e+02
-5.955174137489999566e+02
-5.907755957670000271e+02
-5.649236524870000267e+02
-6.003330955330000052e+02
-5.974541747230000510e+02
-5.877864183899999944e+02
-5.962989305290000175e+02
-5.976100086290000490e+02
-6.019427631529999871e+02
-5.996497217639999917e+02
-5.936336159579999503e+02
-6.018722993390000511e+02
-5.825871393740000030e+02
-5.896297708829999920e+02
-5.744596369199999799e+02
-5.792778643890000012e+02
-5.756768258770000557e+02
-5.957556745470000124e+02
-5.971871804639999937e+02
-5.794123093209999524e+02
-5.897739639059999490e+02
-5.638255010990000073e+02
-5.863084442209999452e+02
-5.905266967290000366e+02
-5.916047772890000260e+02
-5.896607493290000548e+02
-5.962769925100000137e+02
-5.971868059649999623e+02
-5.808221599390000165e+02
-5.987760016380000252e+02
-5.964521773870000061e+02
-5.879129169469999852e+02
-5.719700296940000044e+02
-5.812295743930000071e+02
-5.500831643059999578e+02
-5.807851976399999785e+02
-5.947363888290000205e+02
-5.952239627740000287e+02
-5.892605467109999609e+02
-6.026036950699999579e+02
-5.821544619349999721e+02
-5.860734242500000164e+02
-5.801984271779999744e+02
-5.860222307730000466e+02
-5.661588225980000288e+02
-5.755009414810000408e+02
-5.945270775210000238e+02
-5.767717566090000219e+02
-5.853331478349999770e+02
-5.836059917930000438e+02
-5.828158086710000134e+02
-5.993736712700000453e+02
-6.018366359890000012e+02
-5.885677250210000011e+02
-6.018411223589999963e+02
-5.984063547360000257e+02
-5.848493156560000443e+02
-5.656427689240000518e+02
-5.825048107249999703e+02
-5.935582975040000520e+02
-5.969632906599999842e+02
-5.896512576210000134e+02
-5.798659097309999879e+02
-5.931020634379999592e+02
-5.992252477460000364e+02
-5.781341062320000219e+02
-5.829879603340000358e+02
-5.962702018390000376e+02
-6.015301342929999464e+02
-5.935585550629999716e+02
-5.962247810200000231e+02
-6.023685398379999469e+02
-6.023275028729999576e+02
-5.956406380780000518e+02
-5.815002216630000476e+02
-5.925744396170000527e+02
-5.996471789879999506e+02
-5.891882362269999476e+02
-5.961486661870000034e+02
-6.015261415410000154e+02
-5.593331512839999959e+02
-5.832982988789999581e+02
-5.947190668859999505e+02
-5.971356824140000299e+02
-5.975379996120000214e+02
-5.986146041690000175e+02
-5.958263363209999852e+02
-5.917001386550000461e+02
-5.919343677470000102e+02
-6.005533195550000300e+02
-5.783136465730000282e+02
-5.939025583110000071e+02
-5.719941880009999977e+02
-5.958486419839999826e+02
-5.959544350339999710e+02
-5.851402657720000207e+02
