4.872271852021395233e+00
4.829724733356965061e+00
4.766405878646929217e+00
4.766207402117537129e+00
4.704833365805850320e+00
4.647391311262695446e+00
4.721643781565907361e+00
4.731041745746913385e+00
4.694704783050794639e+00
4.693591482010337934e+00
4.646184025627912995e+00
4.650393854288043194e+00
4.607617388629399180e+00
4.565822379374826490e+00
4.550911666908071140e+00
4.544372563952036259e+00
4.541156680846852645e+00
4.534377245002890078e+00
4.514933775815543449e+00
4.455308967961705946e+00
4.419222216634959288e+00
4.361084383499131079e+00
4.346804918557997333e+00
4.280543657060396967e+00
4.303140829673135492e+00
4.165801363483382147e+00
4.117346354146077303e+00
4.233113511353080227e+00
4.263442153940873780e+00
4.316531593768311303e+00
4.389104806221879151e+00
4.456925509810546693e+00
4.427335654770259588e+00
4.399568160626675883e+00
4.443825604138847751e+00
4.410673531332828468e+00
4.390420139348853112e+00
4.446643115879663100e+00
4.498789392714444446e+00
4.436376562015447611e+00
4.394479036245365400e+00
4.342028443020612194e+00
4.370549164578749313e+00
4.384826906503835886e+00
4.334419568984987592e+00
4.359397320731387637e+00
4.412097687041844019e+00
4.425246320827801227e+00
4.402596847316365469e+00
4.432185126999999447e+00
4.461404487378385575e+00
4.399166625623539773e+00
4.398600459237005822e+00
4.441055955513283138e+00
4.543980413690182907e+00
4.512737639172036630e+00
4.329970092275465809e+00
4.331242546891133749e+00
4.377625612132677091e+00
4.388213417781773984e+00
4.340991937334139017e+00
4.311915119758273462e+00
4.243028753143207155e+00
4.290262113204740047e+00
4.305083274455907549e+00
4.250782751447077956e+00
4.189780185164849513e+00
4.142102606165134482e+00
4.115140094820588068e+00
4.066984755319350775e+00
4.071897100860973673e+00
4.005742627778275278e+00
3.933339675136130698e+00
3.838667607386708980e+00
3.902340451575182723e+00
3.883285593411847092e+00
3.884825478705574930e+00
3.886399233223472915e+00
3.898179318605033306e+00
3.918489887699086349e+00
3.873609427910873482e+00
3.875192124269454030e+00
3.881795074446872551e+00
3.874293354922933919e+00
3.876384010905008282e+00
3.836632116844146623e+00
3.866090919779305857e+00
3.883274005269264695e+00
3.841972930669866226e+00
3.858230293800513966e+00
3.885162544862183598e+00
3.782210729190006226e+00
3.813712757930256103e+00
3.812485934400283494e+00
3.795706653575852574e+00
3.703439077398196222e+00
3.613960293085689557e+00
3.567620355362941087e+00
3.448753542948523876e+00
3.375542919294613586e+00
3.373302832536681617e+00
3.308765781979740250e+00
3.232487122944188940e+00
3.248882423234180195e+00
3.231749062040553344e+00
3.213088389696119318e+00
3.147539515240436625e+00
3.110465238513364650e+00
3.047426947442711143e+00
3.008971086600866762e+00
2.934570155917217704e+00
2.844449683154897990e+00
2.815219174416088599e+00
2.766369642690579056e+00
2.706165737718220221e+00
2.731220606249154415e+00
2.783989224117076500e+00
2.744200065592885540e+00
2.734877328144719399e+00
2.699367888969563367e+00
2.685326981952105285e+00
2.794189327873112916e+00
2.707542797445683824e+00
2.702766175606021282e+00
2.729649977561225516e+00
2.674590622880443913e+00
2.725312092219898119e+00
2.737240215983975489e+00
2.713446885420829346e+00
2.744161073989644706e+00
2.650759325174581349e+00
2.709122736237691953e+00
2.729598138920819483e+00
2.817398267906048304e+00
2.780132011254141222e+00
2.763396641816009858e+00
2.724434069673920433e+00
2.703397122140954956e+00
2.723267339061664849e+00
2.683048452786493954e+00
2.712688887432541662e+00
2.749173330294035988e+00
2.755893503022204705e+00
2.755657634757989527e+00
2.769066449184634404e+00
2.737215007996265825e+00
2.735319176988309398e+00
2.742905029343889467e+00
2.806388782759794420e+00
2.702106770651374834e+00
2.709811986097928838e+00
2.696191573312252121e+00
2.730327636017333415e+00
2.726548367441883336e+00
2.694588651352929354e+00
2.652117267392224864e+00
2.764412053222167653e+00
2.793850568659676625e+00
2.759426389668693247e+00
2.743544058330392499e+00
2.770084655746101632e+00
2.760854215636892484e+00
2.658393687925097559e+00
2.718703367416166472e+00
2.713521144196227475e+00
2.722942158768709930e+00
2.719910292638343385e+00
2.712351194074984928e+00
2.753454194280340772e+00
2.740786930791958120e+00
2.748824112234174777e+00
2.714105745913375056e+00
2.705677179561523538e+00
2.727941531631497440e+00
2.701645979768629413e+00
2.734415476843268689e+00
2.696899516111047390e+00
2.743898139508826439e+00
2.722505647377062576e+00
2.750880222765069494e+00
2.756893360287989037e+00
2.755972060816291869e+00
2.767144376428523067e+00
2.786120241482768822e+00
2.813371287263733755e+00
2.806283841666769252e+00
2.892916867108351386e+00
2.914504589119735645e+00
2.738523872453917374e+00
2.875925242421993655e+00
2.857577645489270068e+00
2.906131449194960137e+00
2.949327211416190142e+00
2.923081251008941450e+00
2.930918968514824918e+00
2.923306860389446094e+00
2.934814133808135495e+00
2.918762751578140691e+00
2.960367206952542851e+00
2.907147743063636991e+00
2.743425778110280433e+00
2.917629517262258609e+00
2.901598524951376046e+00
2.778667666346589460e+00
2.739322909041575826e+00
2.671671386978570872e+00
2.814715260910062522e+00
2.767114562138691003e+00
2.875829097842915960e+00
2.911739514448364652e+00
2.907119708577547090e+00
2.867704482682969847e+00
2.817763297369031417e+00
2.819929786359936852e+00
2.859590355278181839e+00
2.889543908647176362e+00
2.848774297834070435e+00
2.891267196230745906e+00
2.730381841428044520e+00
2.918043522636357245e+00
2.883329325623418704e+00
2.802449821138640829e+00
2.775690544711352015e+00
2.802505486167689241e+00
2.836454476983545359e+00
2.830496246243757064e+00
2.786827945891170000e+00
2.778791823796809890e+00
2.806534696026400155e+00
2.800842373287008247e+00
2.841474441201258028e+00
2.909106735752402528e+00
2.852589350046725425e+00
2.814229734758695756e+00
2.879156300029575899e+00
2.929714832539167091e+00
2.872161729429594246e+00
2.833265430558880915e+00
2.898558607308121982e+00
2.808243757226213333e+00
2.774880537969157235e+00
2.853634349386759972e+00
2.871552541744622378e+00
2.766364762644290654e+00
2.710722781842510809e+00
2.787203795921640470e+00
2.785701347955304552e+00
2.800727584039547580e+00
2.746455533956448480e+00
2.755501587733166335e+00
2.728390001447739799e+00
2.752885758617672707e+00
2.760231512029380330e+00
2.742450181862926772e+00
2.787859752570060579e+00
2.853769962698465168e+00
2.858518147572269630e+00
2.913599320428256867e+00
2.842134057359011923e+00
2.820252648256889927e+00
2.805886312736137977e+00
2.783556358330113056e+00
2.736072001976556312e+00
2.786374167264690893e+00
2.714548581256191362e+00
2.779277603982732714e+00
2.710362706354999762e+00
2.776768985709830329e+00
2.817254514593951154e+00
2.900671991108267456e+00
2.934768474684161799e+00
2.881461608281464137e+00
2.868080891467324367e+00
2.839438324739595121e+00
2.831521499123748065e+00
2.753765785247539455e+00
2.763969247296358844e+00
2.764814822008880846e+00
2.815787456467550687e+00
2.814052416000810464e+00
2.889674030059445453e+00
2.846234178699988959e+00
2.877974808784816485e+00
2.805307291545794168e+00
2.827599688781988974e+00
2.893718887521730121e+00
2.841150119229886695e+00
2.808001958688775446e+00
2.842371193211752356e+00
2.865256707522033430e+00
2.862542576102580227e+00
2.858965197409720105e+00
2.875291463486788768e+00
2.881038875128206111e+00
2.842842415611529727e+00
2.817553016360118345e+00
2.747517424876501302e+00
2.753217935434825403e+00
2.814086352619620257e+00
2.810951618224689419e+00
2.846343268124911230e+00
2.842965001543283243e+00
2.823249723279893875e+00
2.834970546584214102e+00
2.776036923385566624e+00
2.770960483298165133e+00
2.748410631619663924e+00
2.751527030577747723e+00
2.741049069243379765e+00
2.735185551292635520e+00
2.809912632093745533e+00
2.863737767324375572e+00
2.909162938028738044e+00
2.865353381347578221e+00
2.807863778747110128e+00
2.726165255445825331e+00
2.727441475082462929e+00
2.743237867921773709e+00
2.750288348519114745e+00
2.746763550071247284e+00
2.775310613246740665e+00
2.758006163879986428e+00
2.736527726883102307e+00
2.758971547515487011e+00
2.717456715386649790e+00
2.761515163818587748e+00
2.806243218254611538e+00
2.839957041928627302e+00
2.890467263263848174e+00
2.838208589938378434e+00
2.913982326645101928e+00
2.928757586417831238e+00
2.892883682417943358e+00
2.889707251608716554e+00
2.909922507559264737e+00
2.893289650207873542e+00
2.877996872826654506e+00
2.931145509864701459e+00
2.866438382383266870e+00
2.885674444562310370e+00
2.872801768309118486e+00
2.877449217623136324e+00
2.833325078419347776e+00
2.809348145032935840e+00
2.829013078796208003e+00
2.902000861474717475e+00
2.895718391004208137e+00
2.864781492540050323e+00
2.818198183236942267e+00
2.834692399538263796e+00
2.807120410669980526e+00
2.830347328509347005e+00
2.783403851402092233e+00
2.768841996214301826e+00
2.712256256329774295e+00
2.756910045685205368e+00
2.815820661903026600e+00
2.831782124387397293e+00
2.807461843017638792e+00
2.832308775539842394e+00
2.919967979276484993e+00
2.868481654115988544e+00
2.819790949698222082e+00
2.816176663492544474e+00
2.829406121432552101e+00
2.887819419562102752e+00
2.885489906411041527e+00
2.918852685559858884e+00
2.862042801916141244e+00
2.859957691994761131e+00
2.878083737489234295e+00
2.847315402269302798e+00
2.918433826558347821e+00
2.929164727358296361e+00
2.830926703395903576e+00
2.738298376729606520e+00
2.715494430117654012e+00
2.759969021565278346e+00
2.784623134285858725e+00
2.885510353473021539e+00
2.905665844518257490e+00
2.907888237192069347e+00
2.831021547074483280e+00
2.784268126456214798e+00
2.763814212279834148e+00
2.788632998442068356e+00
2.792333253750347133e+00
2.841989092167666708e+00
2.857459885982653880e+00
2.853322799824793865e+00
2.787030498577293791e+00
2.726114634420203409e+00
2.731517160846697045e+00
2.784664073097507409e+00
2.848515753862000732e+00
2.877630448824171072e+00
2.907249215323653768e+00
2.938400415191912085e+00
2.892435824698622593e+00
2.816257445618209232e+00
2.756862346944439324e+00
2.724755218363660525e+00
2.791629631595136996e+00
2.830125438916091252e+00
2.844477104847215720e+00
2.890529536261478682e+00
2.879889060363263642e+00
2.857417190401149387e+00
2.947924184913852219e+00
2.858630791130606585e+00
2.812771409126593181e+00
2.854513969137303153e+00
2.898943945646414555e+00
2.937248542428781306e+00
2.912689478815069233e+00
2.887375798194617094e+00
2.922226890575063241e+00
2.884308235955373778e+00
2.868205536568116720e+00
2.834556049895644581e+00
2.833701819175758363e+00
2.810296959397707628e+00
2.863616419843970640e+00
2.829508968001338776e+00
2.827289514711926355e+00
2.870322281556550337e+00
2.901149082691201198e+00
2.820047162726183831e+00
2.782887169829204588e+00
2.786160978838085445e+00
2.745774025661980922e+00
2.715124122392934325e+00
2.665108252960843860e+00
2.730396491354323274e+00
2.738222781294465946e+00
2.820658079243210992e+00
2.894893607716870765e+00
2.884288647136413086e+00
2.797037897490843861e+00
2.735088664010729698e+00
2.749507046726740178e+00
2.792062141142277465e+00
2.835895802035046653e+00
2.770994225905207387e+00
2.800530306924029933e+00
2.828820602300541776e+00
2.821982636374646081e+00
2.850445052969798887e+00
2.819984042508042688e+00
2.805343829194560712e+00
2.789962902979177262e+00
2.774313789029640542e+00
2.756251984126270038e+00
2.698515517835685884e+00
2.683134547502231015e+00
2.692543964357871022e+00
2.736215269309050235e+00
2.763642162075256703e+00
2.834958024380608510e+00
2.834148902227968669e+00
2.769975812168762985e+00
2.741600080245111482e+00
2.782100106035007681e+00
2.773237277983980675e+00
2.787043953725882872e+00
2.739936860586389411e+00
2.779046779023339742e+00
2.848910317998795794e+00
2.863055186335045299e+00
2.820466273508690946e+00
2.758584057084358054e+00
2.772719423237771874e+00
2.801467651071487985e+00
2.744653894391786420e+00
2.747875543033199808e+00
2.769414920159129601e+00
2.804851689483777388e+00
2.771137311646609813e+00
2.722422634346107984e+00
2.777507335723885529e+00
2.896881426637963219e+00
2.884719050444947808e+00
2.895351274025312449e+00
2.943780562474044515e+00
2.970771448630809886e+00
2.927918885488462575e+00
2.921330176477831664e+00
2.944715096575558189e+00
2.970608355202684958e+00
2.940061223852319827e+00
3.000040333062207409e+00
2.968735252594949969e+00
2.976824818493691627e+00
2.962789732667507447e+00
2.934334166382554177e+00
2.892414216532618543e+00
2.835431536821159337e+00
2.758364370419542411e+00
2.752500681198825738e+00
2.778187538666170742e+00
2.792432094071402915e+00
2.840707130275840431e+00
2.803799208217307104e+00
2.764297017326466488e+00
2.797402009007643464e+00
2.788411913616781312e+00
2.817082533402242905e+00
2.855685907098327814e+00
2.839668994794992241e+00
2.909612173469172447e+00
2.910805558604009136e+00
2.992365118096385945e+00
2.978210704433116529e+00
2.918794614220055372e+00
2.881732291521889699e+00
2.900137065726377195e+00
3.013543263336366795e+00
2.934646315997891719e+00
2.907710267547301886e+00
2.885023396785544314e+00
2.928165637391436871e+00
2.928886477827366885e+00
2.905260057206583646e+00
2.912003777470077104e+00
2.918666476320992853e+00
2.900719565900847563e+00
2.949128345799822970e+00
2.860460627241703246e+00
2.861077244675508169e+00
2.859063832795623483e+00
2.869392095897665751e+00
2.877011296467220536e+00
2.886449202740280384e+00
2.880405006244781685e+00
2.873941196336487369e+00
2.834578099118103101e+00
2.782248910503875017e+00
2.702522710357861069e+00
2.785195684328122923e+00
2.742770314845922375e+00
2.711770086124559054e+00
2.757590796329288718e+00
2.749895088907938767e+00
2.710991331598092913e+00
2.705124950903377457e+00
2.769271564870444902e+00
2.764030571466241870e+00
2.753948075037000454e+00
2.783199238286759858e+00
2.853421455025527909e+00
2.920274473401430537e+00
2.922142022558110064e+00
2.899359412008108094e+00
2.903306563213743363e+00
2.888029778239829870e+00
2.853155971901991439e+00
2.813287223160834127e+00
2.781621469574895311e+00
2.761007062649423638e+00
2.726481615562444727e+00
2.792223128619917727e+00
2.755528987327115598e+00
2.823860655202377501e+00
2.773824435684421719e+00
2.779136736470518176e+00
2.838549277359827983e+00
2.844931282122645566e+00
2.842566621910557867e+00
2.821856481113099058e+00
2.765493626823247730e+00
2.783981680974211947e+00
2.828270496257385691e+00
2.802264084628713015e+00
2.805453617510009767e+00
2.840730187821433717e+00
2.879633657255728174e+00
2.821158627231017402e+00
2.767021141950310348e+00
2.821577218507408169e+00
2.846585674101519192e+00
2.784174024733367947e+00
2.741177849027676583e+00
2.744044095855604048e+00
2.718431349142369058e+00
2.739442461523877270e+00
2.764698536911393667e+00
2.739613658894260784e+00
2.820878941039476562e+00
2.815461241075785104e+00
2.780339187940924717e+00
2.839653147833375968e+00
2.874235550542091566e+00
2.865400670063438238e+00
2.872263393214486982e+00
2.899030700078907508e+00
2.937559190893010985e+00
2.915209254924936211e+00
2.924724089551012707e+00
2.885953048821133571e+00
2.825619578074868521e+00
2.855138700658866657e+00
2.880633958002994710e+00
2.783831173041928508e+00
2.804506730246872248e+00
2.840032394181446929e+00
2.849499254255035030e+00
2.788446700225772457e+00
2.931789555885619514e+00
2.961948682877540762e+00
2.946366066869491984e+00
2.900527710607157861e+00
2.857359970322255638e+00
2.823878538464428711e+00
2.823524924628787236e+00
2.830412867409982880e+00
2.747041499504512263e+00
2.777770508879378042e+00
2.757306838202814525e+00
2.768897433997871804e+00
2.760715305858247426e+00
2.751185380885846854e+00
2.753589112413106221e+00
2.757304662165572129e+00
2.707486657400179908e+00
2.793210339376539064e+00
2.777182205041649699e+00
2.715290592183459140e+00
2.745536923809257068e+00
2.712620504235710328e+00
2.838332961440570568e+00
2.804264966082913091e+00
2.847455179629699185e+00
2.911114734942612525e+00
2.873541369112336152e+00
2.860832920671880331e+00
2.931027976666207291e+00
2.888350567365395083e+00
2.906196999516722279e+00
2.875116867189923209e+00
2.885538078071402168e+00
2.848281762747499002e+00
2.874769034200834739e+00
2.881395842295883192e+00
2.903360294555259014e+00
2.875061912376844830e+00
2.881007115576079247e+00
2.879078498408822462e+00
2.861242037996786447e+00
2.954891706983523658e+00
2.979475960634688558e+00
2.917222308978182799e+00
2.867446773699557472e+00
2.908087172008431587e+00
2.961521737215514261e+00
2.938045949266280932e+00
2.860285650070635732e+00
2.755704084258685516e+00
2.794924149239116584e+00
2.815051864531096459e+00
2.861891856796829003e+00
2.849457843169468152e+00
2.850715524214929797e+00
2.861081963174071596e+00
2.804808906146726954e+00
2.810498354384859176e+00
2.781004314991258664e+00
2.753583120227170333e+00
2.718836883669191185e+00
2.748850123233349318e+00
2.706231697397693647e+00
2.759300273620107102e+00
2.817967175110454914e+00
2.875189558968243020e+00
2.844015646933047314e+00
2.810295713977445597e+00
2.712719299890794744e+00
2.754202970007838314e+00
2.739257928709890155e+00
2.740133208440787005e+00
2.774120040661542941e+00
2.806060583807840736e+00
2.816179149130964010e+00
2.891629644335525828e+00
2.842524582127655020e+00
2.790268266672579323e+00
2.778491857105217289e+00
2.782059129493835936e+00
2.875899337598588623e+00
2.797421848774331643e+00
2.746051164854726334e+00
2.716097752290959289e+00
2.740519293856549243e+00
2.709359518410209056e+00
2.723647003559749535e+00
2.830700443353199258e+00
2.848659684834255579e+00
2.855923843522442329e+00
2.886398621119404595e+00
2.948096504526268369e+00
2.847007551798905745e+00
2.848517509161563765e+00
2.840448380097762016e+00
2.879431193829781410e+00
2.888681013888518390e+00
2.895758622537452087e+00
2.862397072385311159e+00
2.878409804041113240e+00
2.894022460175456501e+00
2.878871480285287277e+00
2.914253249118889055e+00
2.907231844899886841e+00
2.919946232381685824e+00
2.907516122053324104e+00
2.928563641104628523e+00
2.902400385887515366e+00
2.880034895621926161e+00
2.876164633674505033e+00
2.858189286943745522e+00
2.794127055092520351e+00
2.749766717378039349e+00
2.740027007166170314e+00
2.773450017577385740e+00
2.823564236917587955e+00
2.857936493346204809e+00
2.849752620842728401e+00
2.899481850262215499e+00
2.966351631212995610e+00
2.887800720271397115e+00
2.862229375853724278e+00
2.790000716845785877e+00
2.806752750065456326e+00
2.867899231144636740e+00
2.825555520601214621e+00
2.864573441195040981e+00
2.863806732305795855e+00
2.871907206021810488e+00
2.944362409758690013e+00
2.855225034914060878e+00
2.790945717852642005e+00
2.731678970889515057e+00
2.746266920748964502e+00
2.730687825438858241e+00
2.807094227132392206e+00
2.757210365568793176e+00
2.731013914281653854e+00
2.751354212019964773e+00
2.804009450768667033e+00
2.847986306146853774e+00
2.876405047972207640e+00
2.832181138274880716e+00
2.748060043012161113e+00
2.767099022442095713e+00
2.765738418578300717e+00
2.762533981691447149e+00
2.747192930975180136e+00
2.752218196291856156e+00
2.722747509410301525e+00
2.820301225046714322e+00
2.835269652078969305e+00
2.845087872105183990e+00
2.833599830604172976e+00
2.871146635057150398e+00
2.883698666643240038e+00
2.864168989427823497e+00
2.830642506569842176e+00
2.885419553548495664e+00
2.864387194497280298e+00
2.839329850510503572e+00
2.874769729908814853e+00
2.892014177005361564e+00
2.924196641814636788e+00
2.892756643756954293e+00
2.879093781035970245e+00
2.829352045963881235e+00
2.767221892078768342e+00
2.805919635342394969e+00
2.794412281679279797e+00
2.729573959430299013e+00
2.727711128400513108e+00
2.769792952550786058e+00
2.796576657272244137e+00
2.772362350054552227e+00
2.873023668541559328e+00
2.937295865247489868e+00
2.941909074053785655e+00
2.885528547770754404e+00
2.763867760946605134e+00
2.766889408704294340e+00
2.833639885377109646e+00
2.944093918338883675e+00
2.885614665890094077e+00
2.784738946472362198e+00
2.746791764950521131e+00
2.694707961913498373e+00
2.743022056054234437e+00
2.818636904604777005e+00
2.766018438116420342e+00
2.757889229102576056e+00
2.848990171973220242e+00
2.841820895130444224e+00
2.988034973021567620e+00
2.966530127944093653e+00
2.908664642065152517e+00
2.914426358651046378e+00
2.934281002221839518e+00
2.946360636446258230e+00
2.908088375548445903e+00
2.867481822087107890e+00
2.946965557993510121e+00
2.984830983489684897e+00
2.997604043231861137e+00
2.972331239952909598e+00
2.995705259200243997e+00
2.943846123696005623e+00
2.934766770971758643e+00
2.860591022848251175e+00
2.899315436443575589e+00
2.924145345224823167e+00
2.898479946454693312e+00
2.939211458878043803e+00
2.928618445615611243e+00
2.978350718098861094e+00
2.959942060243747619e+00
2.972786739744376572e+00
2.945748461766550363e+00
2.974092466619019159e+00
2.908801987073028616e+00
2.932650848635069973e+00
2.890073701482368751e+00
2.947639564125844824e+00
2.960968084934385125e+00
2.956232230390569260e+00
2.944529504012483034e+00
2.938137164939717660e+00
2.920526322428886878e+00
2.893789556965053134e+00
2.927474167264333182e+00
2.982566176969088101e+00
2.957862910954461633e+00
2.913656465680194430e+00
2.902785558734919391e+00
2.860029894948652451e+00
2.934108723275264285e+00
2.906541759548622039e+00
2.873158192651424248e+00
2.788726232529826543e+00
2.721298587071988795e+00
2.748362603442275010e+00
2.792447134683126109e+00
2.785014362620056527e+00
2.790645086713822831e+00
2.745723401947107511e+00
2.787559864828017986e+00
2.802417884613213506e+00
2.836720113088353035e+00
2.819161045417590383e+00
2.687224776605038112e+00
2.796051680495194258e+00
2.832972643708371763e+00
2.836885087556420437e+00
2.864579026663429673e+00
2.859172782466985474e+00
2.833778043531285373e+00
2.809309879667958754e+00
2.781169178600971126e+00
2.799288659641945731e+00
2.821168906676805310e+00
2.803205843315827117e+00
2.795721373813921495e+00
2.750241262144105026e+00
2.785280775792631225e+00
2.802337060383707890e+00
2.766963317429415703e+00
2.706819535912950325e+00
2.762302119609655993e+00
2.838771917572808778e+00
2.818704312268315970e+00
2.827571572922602083e+00
2.857255151364679779e+00
2.872146409917154752e+00
2.865421609466920927e+00
2.849644539236428908e+00
2.890164182187579645e+00
2.833646061172778285e+00
2.785389380320101527e+00
2.732317880481698325e+00
2.777332533205197240e+00
2.815286486310052183e+00
2.769664600633080287e+00
2.788168395201408689e+00
2.724625845873153818e+00
2.698714323525185588e+00
2.743401902747754306e+00
2.769221912378998951e+00
2.786064249079694299e+00
2.741106528393232544e+00
2.792136457983384723e+00
2.809249721900849650e+00
2.786379371155335072e+00
2.768273288532041132e+00
2.803452514311594257e+00
2.760943498154209141e+00
2.825474473429197442e+00
2.790851124657136140e+00
2.780594720558895006e+00
2.748483945741724721e+00
2.802163806775042953e+00
2.874275908815992597e+00
2.876659521041724066e+00
2.857138428567996602e+00
2.888087775674416324e+00
2.863349611905608327e+00
2.898108693613819842e+00
2.897778631986922981e+00
2.898435785039923829e+00
2.841471097864625150e+00
2.822020729902599445e+00
2.861918412533801970e+00
2.865936147230080611e+00
2.819415719612842430e+00
2.805040106665143806e+00
2.838252455297097132e+00
2.860778390578340158e+00
2.931580290560024782e+00
2.885782216315015081e+00
2.906752311429372515e+00
2.986349946004319467e+00
2.899524788650719831e+00
2.909618875385572068e+00
2.887552250609501936e+00
2.833453546469396844e+00
2.881381786573934622e+00
2.950608242379865409e+00
2.942392393954279761e+00
2.977634295879868276e+00
3.016880010872159623e+00
2.982074781087824977e+00
2.999019006275218668e+00
2.976583612129852785e+00
2.972107837882064008e+00
2.988087348120867848e+00
3.021196617236290294e+00
2.999790659362749246e+00
3.042198218394061016e+00
3.028837730879618828e+00
2.966127778771507906e+00
2.972893035411802387e+00
2.952749566082433663e+00
2.892077626897314069e+00
2.847837951850491045e+00
2.869991114968825752e+00
2.830760675154295303e+00
2.832845212855796380e+00
2.861440895772617843e+00
2.831591955066972588e+00
2.881091806937085664e+00
2.949506568902670267e+00
2.919077080174485417e+00
2.848648100415353213e+00
2.807314909303906258e+00
2.823273631796960892e+00
2.847659565327288256e+00
2.755339906436227615e+00
2.801323615721682536e+00
2.785422230111621822e+00
2.776674989983523467e+00
2.773476699018760261e+00
2.780378571345995642e+00
2.772464787873779368e+00
2.708658339473622334e+00
2.676733270238182971e+00
2.764593821884147928e+00
2.784107217762993969e+00
2.798045925284286639e+00
2.833010765952010956e+00
2.754310984620291336e+00
2.773469668123305976e+00
2.849925963950642682e+00
2.720489661807226955e+00
2.833079067022310049e+00
2.805175573827777935e+00
2.813118198725393260e+00
2.774589519190181264e+00
2.759657587455371264e+00
2.747043501657736808e+00
2.738329052542809450e+00
2.800412469619431022e+00
2.780993707292412687e+00
2.797276532629550339e+00
2.882385470404678518e+00
2.897701848016803972e+00
2.827703485162473385e+00
2.792627794748165471e+00
2.701368171871431745e+00
2.729979120799278736e+00
2.761932837706231769e+00
2.913548523707817139e+00
2.892646193366897212e+00
2.859632493870497782e+00
2.807444923769654377e+00
2.772679931041446721e+00
2.785880291756987592e+00
2.724387087034440214e+00
2.757623252005247494e+00
2.820308848335586038e+00
2.781498337227617856e+00
2.792910668102364991e+00
2.888901694416062593e+00
2.904584479749212189e+00
2.876931872672691792e+00
2.894196088726539440e+00
2.876577306452930749e+00
2.850042982132023894e+00
2.807885503363696245e+00
2.712620872882902656e+00
2.740994345123681342e+00
2.767135161136875521e+00
2.860802335010232511e+00
2.965457468924482587e+00
2.900976732068011987e+00
2.904904473472406767e+00
2.832977938495109260e+00
2.808520785039697376e+00
2.825828374123241282e+00
2.808157581048470686e+00
2.909645339212324266e+00
2.879498741100610548e+00
2.862157577772405315e+00
2.846117003919550470e+00
2.864387194497280298e+00
2.858249114405531088e+00
2.813041770041817546e+00
2.774570417199750949e+00
2.734869832368627129e+00
2.736386303137771314e+00
2.768953954113358318e+00
2.780903090724306637e+00
2.723628095023254314e+00
2.762403482476808669e+00
2.738617169302785204e+00
2.763827780452320138e+00
2.763105137340959416e+00
2.757949600699766357e+00
2.898317787959077574e+00
2.731099046171705957e+00
2.736098499688927266e+00
2.686548901471923045e+00
2.929435440490197884e+00
2.889608624018138450e+00
2.895808868002168079e+00
2.889229309002662394e+00
2.888956559036497840e+00
2.833550070141694466e+00
2.761210966224782570e+00
2.759131203839353397e+00
2.768130957884760157e+00
2.762147353057037069e+00
2.758203944598731194e+00
2.712868776774874036e+00
2.722840795933541003e+00
2.780971233220509209e+00
2.816130323688873283e+00
2.802264976764331728e+00
2.794735407869589405e+00
2.783306307254018730e+00
2.731775063946517701e+00
2.744944626035286550e+00
2.899213858962460311e+00
2.908818660556205860e+00
2.885132579276036946e+00
2.794182170152834210e+00
2.736981731762198056e+00
2.738394602682381329e+00
2.725327319791147396e+00
2.726379650745655248e+00
2.803858412973094794e+00
2.794728072639626859e+00
2.814463536804127752e+00
2.830761911570805367e+00
2.935799380066696607e+00
2.784398139634488789e+00
2.804198459453253633e+00
2.842412531635758466e+00
2.861431459951469858e+00
2.730655049617215724e+00
2.763559118238652967e+00
2.885127726808641491e+00
2.890531093069229840e+00
2.874103686369021915e+00
2.815660846053729127e+00
2.778605045701889598e+00
2.751049436124331393e+00
2.882373674595297697e+00
2.810678387862973082e+00
2.783230856396932129e+00
2.730383306424209788e+00
2.701274143806954964e+00
2.690243483404429536e+00
2.769217037359116063e+00
2.771427249631496004e+00
2.814162397588312992e+00
2.901892830550432567e+00
2.926294756172042710e+00
2.892159573744159662e+00
2.846145814957483644e+00
2.756557635892998626e+00
2.784773419867404787e+00
2.762075306721378354e+00
2.732937247724506857e+00
2.678642566674397152e+00
2.723544932619985204e+00
2.722689111889200042e+00
2.734821383564198793e+00
2.777576101567695854e+00
2.815613077111271512e+00
2.792369782102649634e+00
2.779449765691043961e+00
2.739486265707495871e+00
2.752861965300839042e+00
2.741248073414736197e+00
2.748702421143474517e+00
2.790992117509470738e+00
2.723321868600918627e+00
2.726926658346351839e+00
2.805163275105390763e+00
2.780107911574656754e+00
2.800310339944485971e+00
2.741547373291222112e+00
2.785119566553651449e+00
2.779256015555241710e+00
2.713538833331854416e+00
2.726264293864408383e+00
2.748254173106992937e+00
2.740963516721811377e+00
2.780741088271254657e+00
2.772215900683061562e+00
2.746947578677103152e+00
2.700352754734092198e+00
2.776524806300134873e+00
2.821389374049600995e+00
2.866023377434315567e+00
2.822334849021285397e+00
2.749255171860189417e+00
2.759776440221199945e+00
2.767956647059343300e+00
2.756468936882837450e+00
2.744635677098146154e+00
2.777987940938549283e+00
2.798098818841106894e+00
2.778666946577081465e+00
2.799532996769283244e+00
2.762866808226556170e+00
2.830784696864104166e+00
2.843601062033842997e+00
2.894738848324663660e+00
2.842877767333658046e+00
2.793158248291707668e+00
2.757356886585412781e+00
2.817814933596597626e+00
2.750676644027792772e+00
2.719751826913625159e+00
2.733724748397322379e+00
2.761952027099674023e+00
2.735166722523510341e+00
2.776102303590413989e+00
2.877516463897296095e+00
2.931237622575147306e+00
2.902218978643755332e+00
2.871477842505492539e+00
2.854637805396685213e+00
2.943942085028168343e+00
2.968189178607051115e+00
2.918193619347420942e+00
2.940254580814389396e+00
2.994333982708007547e+00
3.082652915915121472e+00
3.097393904559121225e+00
3.033882990492546394e+00
3.040963827473125214e+00
3.087291045560816904e+00
3.065978636585714678e+00
3.009521722799156418e+00
3.039622509457383437e+00
3.010951012554007100e+00
2.989645631174370433e+00
2.932456649295945184e+00
2.876396356554499878e+00
2.841171237359691126e+00
2.914691921970484767e+00
2.902977437046316389e+00
2.897133928557670934e+00
2.946338405546789829e+00
2.807399152240379170e+00
2.714274304487297229e+00
2.761945328930317523e+00
2.789093221819593182e+00
2.751676216417912713e+00
2.756086355686266032e+00
2.717839951137668297e+00
2.749653250866370691e+00
2.761992034745937019e+00
2.726135176398998272e+00
2.770458806768294036e+00
2.789136784024763394e+00
2.706448964972368199e+00
2.790915799518143281e+00
2.735667560212680094e+00
2.745885831566928115e+00
2.733508002549105420e+00
2.786973089213457211e+00
2.763099165791919720e+00
2.770071840223642834e+00
2.730046336603098922e+00
2.752495231603498738e+00
2.742457474601931011e+00
2.796576657272244137e+00
2.766196847659255553e+00
2.768843260280364760e+00
2.764767983032210275e+00
2.734484594946549940e+00
2.770875312965200621e+00
2.806546988739009763e+00
2.809911564444689258e+00
2.804785553299931067e+00
2.872260782032160620e+00
2.870876172878238375e+00
2.779455702111476079e+00
2.767745111096757693e+00
2.838926909943262356e+00
2.804948127862616936e+00
2.854326015016504403e+00
2.788219682880098915e+00
2.822228374883931856e+00
2.851100489284795536e+00
2.901988628509767576e+00
2.891485604321764935e+00
2.913122379852929988e+00
2.883473946474981009e+00
2.780191000632870058e+00
2.727528368321766372e+00
2.755450235442476359e+00
2.758309264748969536e+00
2.847859722668938165e+00
2.910483980371649793e+00
2.815226633860940186e+00
2.789591009449234882e+00
2.762052497690802522e+00
2.755808592772726939e+00
2.720866406128754189e+00
2.757297771369642714e+00
2.774605737758069512e+00
2.768081646194707535e+00
2.802798779791371597e+00
2.853361000644678569e+00
2.892094051029461710e+00
2.879052969293896425e+00
2.830251048935412239e+00
2.875126084191787612e+00
2.841978536161031244e+00
2.811367816561895605e+00
2.817160982265656255e+00
2.842278311495902710e+00
2.807414112666672512e+00
2.859488415783494553e+00
