4.836538534944181400e+00
4.699413154852422281e+00
3.861437556144085015e+00
3.210060124047523278e+00
4.662017696234110886e+00
2.733450749510588640e+00
4.000063374497959678e+00
3.478933313531606064e+00
2.922483190712993562e+00
2.887277090963040749e+00
2.786946357574899835e+00
2.910513872153850823e+00
2.816813270346474329e+00
2.990141969873671091e+00
2.981555634228548524e+00
2.864689337432594574e+00
2.809922774739547879e+00
2.772148084067660445e+00
3.018380526043726420e+00
2.800331766059157346e+00
2.827053943595700058e+00
2.850109822445443974e+00
2.784634625942872255e+00
2.809813872839266757e+00
2.832582920233757129e+00
2.779565073891957283e+00
3.027888042844384842e+00
2.742956251929658418e+00
2.990081437018062172e+00
2.862166661814088187e+00
2.783433491211888544e+00
2.930441775569000651e+00
2.824373558862212530e+00
2.723710704168120778e+00
2.674114993787664041e+00
2.913748616473287534e+00
2.972715425330853645e+00
2.541488736941401871e+00
3.283249152897171896e+00
3.021503764684068560e+00
2.832003707624691557e+00
2.995407484800690412e+00
2.810556884320258852e+00
2.980884935719593454e+00
2.813051368176557432e+00
2.900059309738336921e+00
2.831943678818490184e+00
2.918831786862682076e+00
2.737637119853542078e+00
2.932067700446222336e+00
2.852701351351031089e+00
2.897149288524841992e+00
2.809893414348665353e+00
2.723697670447290609e+00
2.987739446471194604e+00
3.330339472185981364e+00
2.959058972038239421e+00
2.764103833071398952e+00
2.957397673631329660e+00
2.992425938933159113e+00
2.960848864768345301e+00
3.191669782417974499e+00
2.789817377535669607e+00
2.940515090932199094e+00
2.830183562951350318e+00
2.809618479438088734e+00
2.741790838120223395e+00
2.750545582243639320e+00
2.849048613133864816e+00
3.039721862276218101e+00
2.763417811334362817e+00
2.862839499517916941e+00
2.625204182535140873e+00
2.739923174105434622e+00
2.862453667747305808e+00
2.764169676412792320e+00
3.086361773998634650e+00
2.690448475626321834e+00
3.008655679867670685e+00
3.343820868407875846e+00
2.793702024196567546e+00
2.751119226787527072e+00
2.813797434073746828e+00
2.786738236720485595e+00
2.691421000141003717e+00
2.651191618876311829e+00
3.025548049527555960e+00
2.758794120625894131e+00
2.915994855962540822e+00
3.022000330906666310e+00
3.105187594977153687e+00
3.264595993381110617e+00
2.779339130081106113e+00
2.782833987143322307e+00
2.800803634673448173e+00
2.842357472240253369e+00
2.865865663285703135e+00
2.869575055648483808e+00
2.864103873814635381e+00
2.829092433979491616e+00
2.720050734820951721e+00
2.726371031242812659e+00
2.898470286202706081e+00
2.948859610086584482e+00
2.922188392284111202e+00
2.924447811126059449e+00
3.072395482355745777e+00
2.887574241469818670e+00
2.823777257504564986e+00
2.986499958144984923e+00
2.838383694992627326e+00
2.870309565186305978e+00
2.832910340974454488e+00
2.882306194698960322e+00
2.859223321113620209e+00
2.981585316572377131e+00
2.913610989820020869e+00
2.781324145079102639e+00
2.971767151039932831e+00
2.721618819746806306e+00
2.697559823247669630e+00
3.007147153033918219e+00
2.966798105702510124e+00
2.891696215026744454e+00
2.861145400010282280e+00
2.806978981039936816e+00
6.164168800414212335e+00
2.779801971364146862e+00
2.895580943437775723e+00
2.991088932144946977e+00
2.870311132961024914e+00
3.007009644148152638e+00
2.965772749217309823e+00
2.897096995269575537e+00
2.796540362662409240e+00
2.678171017690991196e+00
2.893664458778868021e+00
2.747831690624445766e+00
2.785841524566679439e+00
2.704125736721575191e+00
2.711310015472225832e+00
2.817148380898669924e+00
2.927924350115623575e+00
2.763556042493076959e+00
2.800638677159194234e+00
2.694139194622282130e+00
2.842956383766729545e+00
2.906369212608749031e+00
2.754972958124997984e+00
2.695819355965825892e+00
2.733398982951445788e+00
2.915421753366055135e+00
2.780430722028513379e+00
2.718727275767100160e+00
2.834468027690557612e+00
2.906038368638652614e+00
2.779316642629982681e+00
2.812382619772779258e+00
2.905566554047592120e+00
2.850695704560554766e+00
2.889158008832330982e+00
2.711184427515029416e+00
2.756511563552745514e+00
2.852469982313573738e+00
2.745163747392858067e+00
2.758915366588833962e+00
2.889595646452977729e+00
2.641250082820632894e+00
2.782109092037909459e+00
2.744394468730761538e+00
3.055061046853237539e+00
3.013275460358710856e+00
2.792966523250860700e+00
2.945368228252624121e+00
2.908596396889743918e+00
2.966048549838657067e+00
2.840968320837104599e+00
2.873856816196659114e+00
2.762390631319183942e+00
2.721391372074218662e+00
2.869942682354475139e+00
2.984896313107039845e+00
2.589399544295936106e+00
2.814137345617658159e+00
2.832719364850672772e+00
2.709018087794911711e+00
2.723950623634723733e+00
2.777357737130742521e+00
2.991097624618761941e+00
2.859794747879644383e+00
2.751219366026635527e+00
2.954670032338637231e+00
2.811891356364964789e+00
3.043933146440637838e+00
2.962813865230146337e+00
2.714586524684744262e+00
2.979119836461769477e+00
2.921296458766209359e+00
2.968104614059282831e+00
2.788758325850413389e+00
5.806095848330441456e+00
2.801372877715496479e+00
2.919877052206135915e+00
2.675260921854166085e+00
2.747301585192277074e+00
2.683902382725571911e+00
2.815434779922986852e+00
2.869187341391286949e+00
5.604581518721982292e+00
5.599216105849103009e+00
5.758861085318867090e+00
2.677178738896601740e+00
2.832746723588256632e+00
2.870945140541699914e+00
2.750772436971113510e+00
2.722690764666454211e+00
2.758239474737464114e+00
2.782298689932480418e+00
2.870134840038007340e+00
2.884090671251512639e+00
6.184432148548482111e+00
2.788052546133232834e+00
2.932391685979211626e+00
2.928472980923675362e+00
2.859905592847428402e+00
2.789606603089403336e+00
2.892350082545334100e+00
2.907979711070900919e+00
3.011448986783605175e+00
2.762875856784013262e+00
2.849435382667941941e+00
2.969477731857910641e+00
2.818739789338490898e+00
2.843590160343083095e+00
2.718113500205611377e+00
2.767120705715599982e+00
2.915081302468252034e+00
2.839561409795534175e+00
2.838578869786781311e+00
2.766673995974227473e+00
2.777019625425790839e+00
2.726260992641753589e+00
2.860730675893834896e+00
2.995378440197498104e+00
2.959995439185675536e+00
2.784946319051769592e+00
2.993550901521468521e+00
2.746896976590130102e+00
5.850141964089418778e+00
2.797202888601397319e+00
2.795946172586303291e+00
6.132868578406029947e+00
2.795147938839731783e+00
2.966657715342300605e+00
2.662880207594776394e+00
3.108557704145122891e+00
2.810747053720772382e+00
2.862049615223328125e+00
2.728440213748507759e+00
2.717882447789087053e+00
2.704223363555606774e+00
2.815959339195081679e+00
2.728294155695093259e+00
2.870482886205734108e+00
2.649231964173768272e+00
2.932633287678498402e+00
2.887190676072504569e+00
2.838588733860542668e+00
2.661999248685092745e+00
2.783674909180308354e+00
2.737446437832163237e+00
2.800722049757883969e+00
2.926628777279414173e+00
2.940782548914489425e+00
2.747040225406246261e+00
2.762344294254429400e+00
2.990945335508491620e+00
3.105484986278311155e+00
2.733163002822919463e+00
3.189528021510392719e+00
2.893687267138589814e+00
2.989357957823050249e+00
2.714563869206248814e+00
2.922446919962790268e+00
2.903611716466236281e+00
2.921927103813509063e+00
2.911751019575677724e+00
3.045372391022155956e+00
2.976674150793129137e+00
2.909470570395926714e+00
2.946523375098184516e+00
2.771651132447949806e+00
2.821687083997798773e+00
2.773881396166750335e+00
2.786881052359429400e+00
2.876546888197722307e+00
2.876929960913195305e+00
2.934576460070515314e+00
2.994375060008348743e+00
2.753258433202375066e+00
2.889614507161811119e+00
2.915188673139356368e+00
2.889902074465500181e+00
3.082455352474712029e+00
2.720912714513274988e+00
2.702861076711120969e+00
2.764841767624324209e+00
2.910279196228430898e+00
2.952993396538502680e+00
2.802465521643397572e+00
2.776507518448311451e+00
2.771127027041524915e+00
2.774677098330542879e+00
2.819920743567095212e+00
2.824216351485841603e+00
2.851676524432601223e+00
2.813180584320885469e+00
2.920858949007979710e+00
2.958974315535706001e+00
2.774697460985611652e+00
2.711051087677987415e+00
2.826349412227723512e+00
2.843813812470851410e+00
6.017623201896244112e+00
6.104814739203803242e+00
2.720549393045456288e+00
6.125877569785409982e+00
2.972690532161058385e+00
5.728455463735404152e+00
5.697547630340618952e+00
6.229869099748404970e+00
5.959816356231121048e+00
2.734194945500411755e+00
2.780349798136918071e+00
5.911722422441703984e+00
2.654398236889107032e+00
2.980610843434613688e+00
2.755426101349844004e+00
2.862791295222199661e+00
2.878117613997037250e+00
2.894994645936327160e+00
2.909721292495210943e+00
2.853665187088352262e+00
2.796025750954379330e+00
2.668860056278710591e+00
2.725879307673030549e+00
3.015770879891242817e+00
2.968121291322172617e+00
2.853565488997931165e+00
2.878030750356916911e+00
2.810084162440690925e+00
2.865056369428008676e+00
2.773618935614623915e+00
2.847968749828551083e+00
2.875967489385093945e+00
2.890374543203700242e+00
3.048222432828680439e+00
2.895973929440664119e+00
2.719095621709541888e+00
2.810094126537400872e+00
2.829907418980345479e+00
2.916475441350398157e+00
2.911266047615710395e+00
2.731903548809876625e+00
2.792548119549598251e+00
2.835701324187721806e+00
2.917907640759041854e+00
2.808994482016652583e+00
2.863345770248504341e+00
2.766510798822227279e+00
2.774556180725126442e+00
2.859774466631940015e+00
2.779512547192402483e+00
2.762401310454366765e+00
5.938347329013351050e+00
6.016850421940036497e+00
5.588471973625706468e+00
5.726470728118672859e+00
5.776794786038361273e+00
2.691168147849554604e+00
2.966569736244202726e+00
2.877322540140399010e+00
2.739643407452875046e+00
2.859265639985204555e+00
2.753904500885969941e+00
2.802761852173673240e+00
2.898695741191199993e+00
2.802221618644749945e+00
2.799230965819005768e+00
2.858723841157098544e+00
3.186899904295708907e+00
2.727596011142412902e+00
2.855360047349545738e+00
2.904097277985020042e+00
3.055187064649233619e+00
2.769880322324413946e+00
2.748660219088565171e+00
2.924037619457040993e+00
2.734228044622466935e+00
2.863329530459251870e+00
2.772684258980816718e+00
2.887253539265299818e+00
2.840520198836825827e+00
3.108723853931063097e+00
2.919246649394326543e+00
2.771437533122476982e+00
2.884741409554762992e+00
2.761893191272971837e+00
2.809030615710694345e+00
2.941348840243196872e+00
2.892922052181842396e+00
2.769354617957042741e+00
2.491974919616969153e+00
2.893298809317835119e+00
2.813062565959029815e+00
2.691255097533491014e+00
2.876568094101024542e+00
2.898330726469979801e+00
6.016014045861262538e+00
5.957691583155341419e+00
2.983978217078670170e+00
2.890266423705606602e+00
2.710697511711699814e+00
2.754680562243107200e+00
6.124206560853414416e+00
2.873589045079341542e+00
6.256447154735665706e+00
2.854033811993124115e+00
2.764960397546410320e+00
2.824467914492922116e+00
2.848428514110894483e+00
5.767251425072432269e+00
2.886320495024764288e+00
2.945328165077705229e+00
6.131728712198542652e+00
2.869184204612872158e+00
2.784362584147402231e+00
2.773521047333154854e+00
2.676470997414319264e+00
2.780060790702246543e+00
3.150088728909075986e+00
2.960314341417141115e+00
2.861773226515337054e+00
2.745903130119487834e+00
6.080497841460022812e+00
2.781537164950344199e+00
2.739506889934756551e+00
2.815097334018843434e+00
2.919339993902731578e+00
2.908552560982867963e+00
5.915859109208062350e+00
2.873840113854630562e+00
5.806440561996652150e+00
5.782330585499241060e+00
5.727227077740152161e+00
2.727421492912307510e+00
2.858499781353848856e+00
2.813312815880949724e+00
5.569602589054267305e+00
2.767824055101768987e+00
5.928583388972445078e+00
2.924457898483068252e+00
2.816833150898363503e+00
2.882051352769412045e+00
2.775806009071959402e+00
5.746354757583279849e+00
5.648533349463381370e+00
2.960569033142108619e+00
2.989982106969872433e+00
2.697948479863912841e+00
3.113236740114698975e+00
3.254160567642598423e+00
2.753024700216109899e+00
2.902808639920998690e+00
2.850375589286435751e+00
6.144153806668580131e+00
5.885267793397339631e+00
5.875322118828890439e+00
2.768400801907122677e+00
2.988479379216125054e+00
2.707077575541565917e+00
2.900036034258884676e+00
2.931311992947867484e+00
2.759369855601093491e+00
2.787006099742158849e+00
5.416341385104893824e+00
2.709634846247737539e+00
5.872306531508722394e+00
2.982877469826743955e+00
3.010215939098058069e+00
6.054128260947235773e+00
2.980478317317541759e+00
6.253176472801643904e+00
5.777841551998462499e+00
3.064060377995185380e+00
2.829991166063950292e+00
2.796803353830941141e+00
5.484414827490714295e+00
5.967083374647952354e+00
2.689488241283088055e+00
5.968996146757007182e+00
5.735954410558020022e+00
5.853391239273178392e+00
2.826725844506325025e+00
2.745279038640699110e+00
2.944248800628098905e+00
2.759694367135606896e+00
